206	0	0.5927286088473827
206	1	0.25556870197137627
206	2	0.2864430041400501
206	3	0.06227887247230863
206	4	0.9921184555109631
206	5	0.6051904559096739
206	6	0.4137981183966339
206	7	0.9147513118714219
206	8	0.39243070767528415
206	9	0.28621099081689666
206	10	0.5565464752691621
206	11	0.3711717611795652
206	12	0.38773269388096915
207	0	0.9920609903023764
207	1	0.28633767205961
207	2	0.062231705537667055
207	3	0.5926863959122303
207	4	0.41374377900775533
207	5	0.2555272375000811
207	6	0.9146979514614646
207	7	0.6051415319979301
207	8	0.5564973274326762
207	9	0.39238825522796433
207	10	0.3876835963359906
207	11	0.28616797378338094
207	12	0.37112415845231594
208	0	0.9928668855420125
208	1	0.25631991603222504
208	2	0.5934831953635314
208	3	0.06225165476506331
208	4	0.2883460786806998
208	5	0.9154966337703818
208	6	0.605938095224714
208	7	0.41454859019639917
208	8	0.286960548685176
208	9	0.3884805864136864
208	10	0.5572980100742223
208	11	0.3931857702715919
208	12	0.3719189771030095
209	0	0.6050366053173635
209	1	0.4136433005812919
209	2	0.06193683594278451
209	3	0.9145986022455299
209	4	0.2554292335414792
209	5	0.28744569823171134
209	6	0.9919752003090717
209	7	0.5925908380832419
209	8	0.2860684891990663
209	9	0.3710229715218293
209	10	0.5564022744913546
209	11	0.39229077138086194
209	12	0.3875911886768051
210	0	0.28746700082324766
210	1	0.9146264041985208
210	2	0.4136771060296089
210	3	0.9919928542558757
210	4	0.6050731860359081
210	5	0.5926109122340658
210	6	0.25545476015042057
210	7	0.061970795088803626
210	8	0.5564264809031768
210	9	0.2860963953360475
210	10	0.3923149064114167
210	11	0.3876122349352625
210	12	0.37105440954665736
211	0	0.41447614043709996
211	1	0.9154298482923511
211	2	0.2562525866838289
211	3	0.06158090700699384
211	4	0.6058732074833572
211	5	0.992801245116875
211	6	0.28828005495960696
211	7	0.5934186161181148
212	0	0.605114861907902
212	1	0.9146788059640427
212	2	0.2875186477504636
212	3	0.5926606819175076
212	4	0.2555068844577676
212	5	0.41373279883199693
212	6	0.9920488294513344
212	7	0.061401076720720954
212	8	0.3742892814806955
212	9	0.39085287213822156
212	10	0.28933645775694355
212	11	0.3955575410642292
212	12	0.5596722548117988
213	0	0.5926975041406932
213	1	0.41375786646135587
213	2	0.9147159636595978
213	3	0.28755961794282553
213	4	0.25554010646786696
213	5	0.0614289110415536
213	6	0.6051641309923321
213	7	0.9920834443596175
213	8	0.39239835188053
213	9	0.387698121404933
213	10	0.5565110940825847
213	11	0.3711388334753998
213	12	0.2861813792082178
214	0	0.3877691172311166
214	1	0.2862485439159765
214	2	0.9147923401337088
214	3	0.37120725226506546
214	4	0.2876368934640805
214	5	0.9921571531268177
214	6	0.41384403432544375
214	7	0.3924775981380599
214	8	0.556588872974411
214	9	0.05736591791925757
214	10	0.25562372802809397
214	11	0.5927889209592637
214	12	0.6052388330173019
215	0	0.41376710691252633
215	1	0.6051546199852778
215	2	0.3924124727802137
215	3	0.9147242220918641
215	4	0.37114779928662134
215	5	0.3877131995087949
215	6	0.28756979788189957
215	7	0.2861959608298426
215	8	0.05743113927678419
215	9	0.5565284429575618
215	10	0.5927108063121909
215	11	0.9921012546127782
215	12	0.25555551164508294
216	0	0.37210965049497235
216	1	0.2871505195129089
216	2	0.6061316619982723
216	3	0.915689330405322
216	4	0.5574820233428323
216	5	0.05839312720892428
216	6	0.9930502210836177
216	7	0.28853466040205994
216	8	0.4147443033480083
216	9	0.3933884777579065
216	10	0.38867947626087085
216	11	0.5936718409406158
216	12	0.2563127506005748
217	0	0.28611777960580925
217	1	0.41369385932059305
217	2	0.5564509936007438
217	3	0.9920174410201353
217	4	0.387632612514574
217	5	0.5926328172012035
217	6	0.3710805922680276
217	7	0.2874950538798852
217	8	0.3923430232770903
217	9	0.2560633408320312
217	10	0.9146584708675234
217	11	0.057364290226201896
217	12	0.6051026508058474
218	0	0.4137844960222748
218	1	0.05743631188039774
218	2	0.5927209398638589
218	3	0.3877221565503514
218	4	0.3711594213647653
218	5	0.2862085885970656
218	6	0.6051732046086934
218	7	0.2561495782818154
218	8	0.28758279440986173
218	9	0.9147364548601455
218	10	0.39243209426697406
218	11	0.5565454369240188
218	12	0.9921129724187904
219	0	0.2861711658088904
219	1	0.2561180834011799
219	2	0.37113145360750255
219	3	0.6051491182108177
219	4	0.91470513998484
219	5	0.5565046463530184
219	6	0.3923989387235482
219	7	0.28755248807603945
219	8	0.9920741627798589
219	9	0.41376477431658193
219	10	0.05742394170057249
219	11	0.3877016897066016
219	12	0.5927030019499429
220	0	0.9146721788204211
220	1	0.2875143519309791
220	2	0.4137177782781351
220	3	0.9920393038484682
220	4	0.37109984995035983
220	5	0.28614687627246643
220	6	0.6051184868532935
220	7	0.5926555894544817
220	8	0.5564772170752116
220	9	0.05738116626259112
220	10	0.39237088490828936
220	11	0.3876601431340173
220	12	0.25609866640918155
221	0	0.9920999476496638
221	1	0.25671626757784416
221	2	0.37173418977270944
221	3	0.9153143970057716
221	4	0.39299992280736845
221	5	0.5571112748017298
221	6	0.058018117755040254
221	7	0.41436498257113324
221	8	0.5933001383976266
221	9	0.6057572398285537
221	10	0.3882971778320585
221	11	0.28816398210931815
221	12	0.28678474646542035
222	0	0.3877033205704154
222	1	0.5927052051379476
222	2	0.2861846978425658
222	3	0.9920976428876153
222	4	0.4137698895548358
222	5	0.6051630120259313
222	6	0.37115151349645115
222	7	0.5565264724134182
222	8	0.39242092280987556
222	9	0.914729814648005
222	10	0.2561471626582684
222	11	0.05743628608727388
222	12	0.2875708371930652
223	0	0.9922421950891603
223	1	0.41392218761943583
223	2	0.39256499965929187
223	3	0.3712986337625209
223	4	0.28771387591476805
223	5	0.5928650579623632
223	6	0.2562879418862336
223	7	0.5480953048216927
223	8	0.2863491737655634
223	9	0.6053228437503158
223	10	0.38787050671348744
223	11	0.05758456473775372
223	12	0.9148809374910347
224	0	0.2877560684078595
224	1	0.41396382371241075
224	2	0.5928989478508301
224	3	0.9922867174396918
224	4	0.6053524756698123
224	5	0.05761768505066286
224	6	0.39261286806582557
224	7	0.28638221349280585
224	8	0.9149171978185218
224	9	0.3879061113393072
224	10	0.1332974614872748
224	11	0.25634159135818513
224	12	0.3713551535772722
225	0	0.41398238102282586
225	1	0.39262197995716547
225	2	0.9149238127432859
225	3	0.132194361076373
225	4	0.38790985943422124
225	5	0.37134331900425066
225	6	0.2563364783728965
225	7	0.2877848599368015
225	8	0.057644383017548005
225	9	0.5929265423665631
225	10	0.2864027569573058
225	11	0.9923095066760804
225	12	0.6053825930158933
226	0	0.915037643361919
226	1	0.41408780443766174
226	2	0.1322592613587214
226	3	0.3927336817428028
226	4	0.2564521569219185
226	5	0.05774487455538332
226	6	0.593023255687357
226	7	0.2878841929688155
226	8	0.3880290868847025
226	9	0.371467003860551
226	10	0.28650631761380513
226	11	0.9924077779720805
226	12	0.6054811406219996
227	0	0.38910015376551316
227	1	0.3938132315066904
227	2	0.11380351676268881
227	3	0.9934847584777943
227	4	0.41517393428425214
227	5	0.28758543381040375
227	6	0.058830300023086944
227	7	0.2889665720764939
227	8	0.6065619061421968
227	9	0.25824718937968855
227	10	0.37254786985254873
227	11	0.5941124646318335
227	12	0.9161337826763236
228	0	0.2875731327001683
228	1	0.4137807173015304
228	2	0.39242977959201036
228	3	0.37115213253142276
228	4	0.9921043298308566
228	5	0.2568515164506267
228	6	0.592716834509229
228	7	0.9147313260744858
228	8	0.3877290845328343
228	9	0.6051777761414963
228	10	0.2862067405956061
228	11	0.057447916307924195
228	12	0.11384859026284373
229	0	0.05778659798697197
229	1	0.6057255894706814
229	2	0.3717133456413054
229	3	0.3882717048464241
229	4	0.9926589245161638
229	5	0.4143416507297824
229	6	0.25741110473425227
229	7	0.28675515222411446
229	8	0.39298855233861857
229	9	0.5932782336429401
229	10	0.11438809601715023
229	11	0.9152938204148084
229	12	0.2881448314633806
230	0	0.11378410919464872
230	1	0.057810383930541304
230	2	0.3711155632731141
230	3	0.9920595168878766
230	4	0.6051357432117492
230	5	0.9146862294981843
230	6	0.41374022411781836
230	7	0.3876799833565826
230	8	0.28753136604649365
230	9	0.2861587557761011
230	10	0.39238458502210044
230	11	0.29120738137638347
230	12	0.5926791698824025
231	0	0.35869625582808673
231	1	1.0280026390780277
231	2	0.2918512285664961
231	3	0.08572324872690931
231	4	0.04368377376302163
231	5	0.2923594171033629
231	6	0.2776783536157109
231	7	0.6245572783007208
231	8	0.39352484644085584
231	9	0.45080544809470424
231	10	0.39337884231700504
231	11	0.9203955167855304
231	12	0.5983762553937255
231	13	0.37682208732793654
231	14	0.6108391602217483
231	15	0.36810488368613475
231	16	0.4142727040688889
232	0	1.0298414222773993
232	1	0.41608861442386175
232	2	0.594819421911333
232	3	0.9170458674734909
232	4	0.29188288671127316
232	5	0.04117662019347025
232	6	0.5950349578750624
232	7	0.2743423330868338
232	8	0.3771232176488716
232	9	0.3596181732283956
232	10	0.08410230018748253
232	11	0.39003992387505226
232	12	0.3734770640075993
232	13	0.28853095762248565
232	14	0.3901927759214938
233	0	0.3795660770723634
233	1	0.039501709054696424
233	2	0.2895239407019522
233	3	0.5937398024251531
233	4	0.3711103810350721
233	5	0.4137454253951263
233	6	1.0274880209833983
233	7	0.38782208695318565
233	8	0.5926802238252633
233	9	0.08242467235493466
233	10	0.36206974777416956
233	11	0.9147011508861278
233	12	0.3876785689527099
233	13	0.2719857245443523
233	14	0.28616023979619715
234	0	1.0280168605164468
234	1	0.2900639143698295
234	2	0.27251364816863144
234	3	0.38821189312102705
234	4	0.3626039351725967
234	5	0.3883662502519315
234	6	0.3716579758813261
234	7	0.04005127080369776
234	8	0.4142831836297686
234	9	0.9152318112822262
234	10	0.3801228378339022
234	11	0.5942827402672725
234	12	0.5932214931657993
234	13	0.0829681000034823
234	14	0.2867000977168008
235	0	0.5954820072505027
235	1	0.292336843786816
235	2	0.41432717899448906
235	3	0.38238183527310926
235	4	0.04009533399607203
235	5	0.9175045051230546
235	6	0.27474589376392006
235	7	0.3648855251933214
235	8	1.0303029423843675
235	9	0.5965505240582462
236	0	0.5937483484659283
236	1	0.03952271614801885
236	2	0.9147104895141924
236	3	0.27194598994899327
236	4	0.5927042183385562
236	5	0.36208661690197763
236	6	0.4137648498787216
236	7	1.0275004687348
236	8	0.3795982173276311
236	9	0.2895524961593864
237	0	0.2726281130605827
237	1	0.3802701843410731
237	2	0.5944416897150981
237	3	0.2945885101765297
237	4	0.3627692686714412
237	5	0.5933807613456358
237	6	0.4144416708764455
237	7	0.09085767943505883
237	8	1.0281840178015385
237	9	0.377331073660941
237	10	0.3962679212673864
237	11	0.29022713457118476
237	12	0.039600609915253285
237	13	0.9154047376597167
237	14	0.39612448241639836
238	0	0.4144993821185489
238	1	0.5959403417954671
238	2	0.5970010394025447
238	3	0.04276179394920156
238	4	0.38284026767009416
238	5	0.3653339648688573
238	6	0.9179505409806001
238	7	1.0307451156456566
238	8	0.27685602400989967
238	9	0.2927869929890502
239	0	0.362141472382538
239	1	0.3796478448960168
239	2	0.4137870464031273
239	3	0.5927568109022854
239	4	1.0275560153192078
239	5	0.28959788836528955
239	6	0.27184418312074504
239	7	0.9147711518260113
239	8	0.03958657416709267
239	9	0.593820291132397
240	0	0.5191434572822339
240	1	0.4149175253311879
240	2	0.3632795048785391
240	3	0.5938884291948404
240	4	1.0286915059686392
240	5	0.9159006385341111
240	6	0.5949432053985246
240	7	0.3023320079812779
240	8	0.2907362593890589
240	9	0.3807897502346138
240	10	0.04071658412169944
241	0	0.37974622872084146
241	1	0.28969943643069385
241	2	0.9148722750323097
241	3	0.30236841917360335
241	4	0.592860742201146
241	5	0.41389300725337125
241	6	0.5939179817493208
241	7	1.0276647321830208
241	8	0.3622537025631254
241	9	0.04005120699035554
241	10	0.521782748953725
241	11	0.38320098680242987
241	12	0.09451223994519496
241	13	0.3999132049113251
241	14	0.29825130267840166
241	15	0.39976037016139016
242	0	0.41378487939028946
242	1	1.0275571564779773
242	2	0.5938136956789124
242	3	0.5927571349249824
242	4	0.2896064410613325
242	5	0.03994961144623884
242	6	0.30227267130495683
242	7	0.37966041373352916
242	8	0.5216725995094994
242	9	0.3621498748719324
242	10	0.9147787095450806
243	0	0.9147385713175225
243	1	0.3796214018057111
243	2	0.5927313171306763
243	3	0.41376384942661376
243	4	0.03992367450804187
243	5	0.2895790226262901
243	6	0.3022434636367682
243	7	0.5937953512046548
243	8	0.5216474573535398
243	9	1.0275418245898749
243	10	0.3621228999881033
244	0	1.025959659725954
244	1	0.08593676406016025
244	2	0.28802465480508277
244	3	0.30067358339030037
244	4	0.5920664755483761
244	5	0.5200773311595156
245	0	0.3946308177885065
245	1	0.41563793509198105
245	2	0.9166251375430632
245	3	1.0284783978489829
245	4	0.38150648551329647
245	5	0.2931172269805635
245	6	0.29053812549114666
245	7	0.2963579007989174
245	8	0.39478971038230604
245	9	0.08342805199960511
245	10	0.5946184912949684
245	11	0.36400189719617215
245	12	0.3780843906696634
245	13	0.5945854746297001
245	14	0.04181310467053352
246	0	0.36218477220983725
246	1	0.08254452180400638
246	2	0.2962646318014432
246	3	0.28628613181561696
246	4	0.3712354226299034
246	5	0.29016393381693334
246	6	0.3797033281002971
246	7	0.914825014190388
246	8	0.5937044322667767
246	9	0.3879542715642388
246	10	0.4138432796476294
246	11	1.0276153298037467
246	12	0.5928047153586241
246	13	0.3878156245901415
246	14	0.0399966075192076
247	0	0.5929356630327884
247	1	0.3798350056185389
247	2	1.0277406005226013
247	3	0.4139688131929285
247	4	0.914955836408647
247	5	0.040131076308663374
247	6	0.3623393117111946
247	7	0.5278829496793814
247	8	0.2903055294796924
247	9	0.2964139331442132
247	10	0.5938509453020251
248	0	0.29249671019011264
248	1	0.3930041505353853
248	2	0.29134182052097174
248	3	0.2601023355113572
248	4	0.4161761395049122
248	5	0.5960444335979994
248	6	0.38204343108677247
248	7	0.2986056312051606
248	8	0.0808851742541842
248	9	0.9171638092328449
248	10	0.37630369552727716
248	11	0.5951532534145673
248	12	0.0423438839071046
248	13	0.39286158237930846
248	14	1.0046927971794255
248	15	0.3645416365998977
249	0	0.37295470874449643
249	1	0.595425808706687
249	2	0.26439746422571475
249	3	0.04171104787440334
249	4	0.29124300637356565
249	5	1.0053944045586551
249	6	0.9165377731982054
249	7	0.2880104402458918
249	8	0.3814222608490792
249	9	0.3639106720556188
249	10	0.4155599851253508
249	11	0.6318143330519532
249	12	0.08264208481890059
249	13	0.2967515288325631
249	14	0.3895253258484176
249	15	0.37965807067805474
249	16	0.5945292384689668
250	0	0.634528890474678
250	1	0.5935795590458259
250	2	0.2967245459680616
250	3	1.0044643435676146
250	4	0.2912299802227531
250	5	0.036442386632632516
250	6	0.5945012906781587
250	7	0.38048615547715275
250	8	0.3629810637692832
250	9	0.9156080792685808
250	10	0.41462166470351985
250	11	0.26347341258744567
250	12	0.5317240668977109
250	13	0.08170625667760825
250	14	0.2870780911417565
250	15	0.3805441163813708
250	16	0.3720433267493307
250	17	0.38859457356117855
251	0	0.03567057580234919
251	1	0.6344151705542307
251	2	0.2959701732821719
251	3	0.3797186338714623
251	4	0.5937291178035135
251	5	0.3797715385647907
251	6	0.2626974299976048
251	7	0.9148396411674569
251	8	0.0809371560673994
251	9	1.0037081145656561
251	10	0.592834853501097
251	11	0.2904719958196999
251	12	0.37126192128164404
251	13	0.41386017138011894
251	14	0.38782362298726286
251	15	0.28630901858036134
251	16	0.3622226423316991
252	0	0.38765506972771174
252	1	0.2958078798923746
252	2	0.36204618441027614
252	3	0.3710971478981845
252	4	0.2903003304936789
252	5	0.03552008408154036
252	6	0.5926650922333551
252	7	0.2861429678404848
252	8	0.4136937257931275
252	9	0.9146837154930478
252	10	0.26254444440552066
252	11	0.5935766678789758
252	12	0.08078416923119405
252	13	0.3795697739148203
252	14	1.0035463907992825
252	15	0.6342635406993062
252	16	0.3796276684953194
253	0	0.37977455303010993
253	1	0.2905271757485332
253	2	0.36228157220536816
253	3	0.6344683597686505
253	4	0.5928888897417517
253	5	1.003759889477294
253	6	0.9149030961260729
253	7	0.5937925175547326
253	8	0.41392065279800155
253	9	0.03574206095951179
253	10	0.2627662088795089
253	11	0.29604253995727187
253	12	0.37984198184155477
253	13	0.3879030407741207
253	14	0.08100840407951751
253	15	0.2863803810735012
253	16	0.3713419425871335
253	17	0.5268505483803742
254	0	1.0036121015537707
254	1	0.2903807993539041
254	2	0.9147533603866733
254	3	0.4137686598397508
254	4	0.5936439252194484
254	5	0.262610948940801
254	6	0.03558737025981792
254	7	0.29588022689386634
254	8	0.6343319045344487
254	9	0.3621369934015324
254	10	0.37964574225067804
254	11	0.5927468728118389
254	12	0.3877385200115503
254	13	0.2862183104857365
254	14	0.08085313382360418
254	15	0.37117606684602467
254	16	0.37969522543053197
254	17	0.5216540827371688
255	0	0.5928115386919374
255	1	0.41384821474591066
255	2	0.3622041741212547
255	3	0.29595828111460165
255	4	0.6344022532566729
255	5	0.29046249959104614
255	6	0.593725976686547
255	7	0.2626957471227126
255	8	0.9148387779373468
255	9	0.37971402372989044
255	10	0.035670954243084495
255	11	1.0037056258225763
255	12	0.5217321101431615
255	13	0.3712568105309382
255	14	0.08093461240009461
255	15	0.38782281631995913
255	16	0.28630451059978973
255	17	0.3797736732340568
255	18	0.5285494047777168
255	19	0.2976785641822972
256	0	1.0022488402486989
256	1	0.038517750312593156
256	2	0.2890199196016981
256	3	0.9133944150146007
256	4	0.59138707136106
256	5	0.5202930063624996
257	0	0.4571382298982532
257	1	0.3815436710880214
257	2	0.41563522427639515
257	3	0.29774661256925194
257	4	0.5934490893940407
257	5	0.29109098113549753
257	6	0.3639986478492353
257	7	0.381498875530275
257	8	1.004332969801161
257	9	0.9154684686755652
257	10	0.04059999184392089
257	11	0.6361970950879356
257	12	0.2508634299478602
257	13	0.5955141284895378
258	0	0.38211809627547627
258	1	0.45771667357346774
258	2	0.41619637815215754
258	3	0.0414101423822761
258	4	0.6367463592348155
258	5	0.5960640262571508
258	6	0.5951678021529205
258	7	0.2983114205830936
258	8	0.38206075344528034
258	9	0.9171796897051565
258	10	0.3645574209801794
258	11	1.0060425052249407
258	12	0.25325261330414567
258	13	0.29281005128894694
259	0	0.6343385882408765
259	1	0.37964585756111396
259	2	0.5927528965378464
259	3	0.03989808102651867
259	4	1.0036274425754061
259	5	0.29589716507638575
259	6	0.25084091753744914
259	7	0.9147695432960055
259	8	0.36214500899406954
259	9	0.4137911276853225
259	10	0.2903935480163438
259	11	0.5298353593168982
259	12	0.5936659357766042
260	0	0.9166026590885292
260	1	0.2999052266402111
260	2	0.36397918213271285
260	3	0.5954907128039219
260	4	0.3840770687761336
260	5	0.3814921075359674
260	6	0.385227867660956
260	7	0.2901150457425764
260	8	0.09454576435870438
260	9	0.2977400815884531
260	10	0.041743054585656816
260	11	0.41562756180058263
260	12	0.636190848175413
260	13	0.5946040193096338
260	14	0.2526890795717407
260	15	0.38487611364259633
260	16	1.0054790806530844
261	0	0.0807077955893131
261	1	0.2957366607078653
261	2	0.3795529834331393
261	3	0.5925933517444115
261	4	0.6341805851275883
261	5	0.9146207470635517
261	6	0.25068302771160683
261	7	0.37949850776658406
261	8	0.4136279908569827
261	9	0.28608958610821483
261	10	0.36199820700502683
261	11	0.37103593331006746
261	12	0.039744562366491896
261	13	1.0034754093262341
261	14	0.5935157770603158
261	15	0.2900609834262935
261	16	0.38761173896889667
262	0	0.9154749342328523
262	1	0.03989626240010532
262	2	0.635049535997747
262	3	0.3804180354956213
262	4	0.5943608357396487
262	5	0.25155214471982773
262	6	0.28694356432287077
262	7	0.4144933951385949
262	8	0.37189991386549914
262	9	1.004335691430926
262	10	0.08158668425684215
262	11	0.38036234123040247
262	12	0.3628556469805806
262	13	0.2966155794166801
262	14	0.5934722447208468
262	15	0.38846020681138477
262	16	0.2909147767695138
263	0	0.41400113109606856
263	1	0.6374341252952174
263	2	0.25393483847557113
263	3	0.08395822571307723
263	4	0.39084161571553877
263	5	0.3827399697628412
263	6	0.595998533102724
263	7	1.0067235814796465
263	8	0.36523609007891733
263	9	0.2988322318517887
263	10	0.28933297204897696
263	11	0.2932971698599177
263	12	0.9178731530923538
263	13	0.5827560817235751
263	14	0.3828093277785946
263	15	0.3742927731465122
263	16	0.04297141425869673
263	17	0.5347445952013313
264	0	0.28615113490440597
264	1	1.0035480647326258
264	2	0.37956919230516556
264	3	0.4137086005700004
264	4	0.2507660320070442
264	5	0.9146851304937085
264	6	0.37962225289014345
264	7	0.08079303852570155
264	8	0.37110913798857015
264	9	0.5928334068374598
264	10	0.5802348373508373
264	11	0.3876804084373781
264	12	0.29012868041121354
264	13	0.3620705204754724
264	14	0.634272014418185
264	15	0.29566718713335904
264	16	0.039787094895218665
265	0	0.3798118083170768
265	1	0.36224487870512523
265	2	0.03996461311632978
265	3	0.28634767218605733
265	4	0.2903106313794782
265	5	1.0038988336786068
265	6	0.37976282626222807
265	7	0.9148812272692648
265	8	0.5930189132598248
265	9	0.0809803066790046
265	10	0.371304411912902
265	11	0.41390056164432226
265	12	0.29584889454214325
265	13	0.2509597950106425
265	14	0.6344507453409465
265	15	0.3878674808260403
265	16	0.5804299790221911
266	0	0.5829385631182784
266	1	0.36477972475298726
266	2	0.040341055231322545
266	3	0.2983695759572155
266	4	1.0064202726224827
266	5	0.2534727303864851
266	6	0.29284386666936446
266	7	0.3822866100944573
266	8	0.9174061346196227
266	9	0.6369734161037879
266	10	0.5955470610457217
266	11	0.416420353500039
266	12	0.5293858662906777
266	13	0.39038867076012607
266	14	0.08284801748340712
266	15	0.3823552692480467
266	16	0.2888818423023512
266	17	0.37383330109444757
266	18	0.4811609789390939
267	0	0.0398013251538489
267	1	0.3876824175194245
267	2	0.30752158778980915
267	3	0.371119743767061
267	4	0.29567915999795763
267	5	0.3620864619712776
267	6	1.0037244553808131
267	7	0.5802597816583501
267	8	0.4137200851033436
267	9	0.3796394286627855
267	10	0.08080315526650886
267	11	0.634279523757449
267	12	0.37959009704535607
267	13	0.28617090626439107
267	14	0.5928494368895527
267	15	0.25078718439156533
267	16	0.9147113019975928
268	0	0.41391659829939104
268	1	0.30772597317111644
268	2	0.5930403493685599
268	3	0.9148995707320273
268	4	1.0039236974912
268	5	0.25097534952867373
268	6	0.5242688190311183
268	7	0.379785246050049
268	8	0.634477637707012
268	9	0.36228685929000337
268	10	0.2958845747468468
268	11	0.04001500180444391
268	12	0.5804603360116827
269	0	0.37401500555978706
269	1	0.3622977047928214
269	2	0.29589373484603504
269	3	0.39058123817657325
269	4	0.30775023411299324
269	5	0.04002076033674047
269	6	1.003947830610126
269	7	0.5804713224461033
269	8	0.41395312306200577
269	9	0.08369432469184149
269	10	0.9149353900476718
269	11	0.28906133252410576
269	12	0.38253624521444646
269	13	0.2510097030160312
269	14	0.6345060632467026
269	15	0.37981626784466327
269	16	0.5930803707990303
270	0	0.38085974582604026
270	1	0.41494155864478016
270	2	0.04102614559416458
270	3	0.5940626782099672
270	4	0.6354956968558481
270	5	0.2969071833273041
270	6	0.38080545420103895
270	7	0.9159289733730374
270	8	0.3633138421010591
270	9	0.5814794863917223
270	10	0.3078126264030742
270	11	0.25200436931880654
270	12	1.0049533265856894
