206	0	708.147705078125
206	1	5.459710597991943
206	2	997.7049560546875
206	3	882.5557250976562
206	4	988.1697998046875
206	5	999.6278686523438
206	6	0.19793346524238586
206	7	999.587158203125
206	8	996.7904663085938
206	9	999.6027221679688
206	10	972.9533081054688
206	11	999.6648559570312
206	12	999.7263793945312
207	0	988.1697998046875
207	1	995.5565795898438
207	2	882.5557250976562
207	3	708.147705078125
207	4	0.2067691534757614
207	5	6.259459495544434
207	6	999.587158203125
207	7	999.690185546875
207	8	972.9533081054688
207	9	996.7904663085938
207	10	999.6640625
207	11	999.6787109375
207	12	999.6648559570312
208	0	990.2964477539062
208	1	3.5744857788085938
208	2	703.7645874023438
208	3	903.9505615234375
208	4	999.3383178710938
208	5	999.85693359375
208	6	1000.1351318359375
208	7	0.024356162175536156
208	8	998.923583984375
208	9	999.53662109375
208	10	979.5286865234375
208	11	998.4463500976562
208	12	999.5447387695312
209	0	999.690185546875
209	1	0.2067691534757614
209	2	883.9622802734375
209	3	999.6677856445312
209	4	6.259459495544434
209	5	999.0299072265625
209	6	988.1697998046875
209	7	708.147705078125
209	8	999.6787109375
209	9	999.6648559570312
209	10	972.9533081054688
209	11	996.7904663085938
209	12	999.6640625
210	0	999.0299072265625
210	1	999.6677856445312
210	2	0.19793346524238586
210	3	988.1697998046875
210	4	999.690185546875
210	5	708.147705078125
210	6	6.778531074523926
210	7	883.9622802734375
210	8	972.9533081054688
210	9	999.6787109375
210	10	996.7904663085938
210	11	999.7263793945312
210	12	999.6648559570312
211	0	0.024356162175536156
211	1	999.85693359375
211	2	6.381784439086914
211	3	884.1650390625
211	4	1000.12451171875
211	5	990.2964477539062
211	6	999.3383178710938
211	7	703.7645874023438
212	0	999.690185546875
212	1	999.6677856445312
212	2	999.0299072265625
212	3	708.147705078125
212	4	4.717101573944092
212	5	0.19793346524238586
212	6	988.1697998046875
212	7	884.1650390625
212	8	1001.55859375
212	9	1001.5794067382812
212	10	1003.0365600585938
212	11	997.5237426757812
212	12	977.520751953125
213	0	708.147705078125
213	1	0.19793346524238586
213	2	999.587158203125
213	3	999.0299072265625
213	4	6.259459495544434
213	5	884.1650390625
213	6	999.6278686523438
213	7	988.1697998046875
213	8	996.7904663085938
213	9	999.6640625
213	10	972.9533081054688
213	11	999.6648559570312
213	12	999.6787109375
214	0	999.6640625
214	1	999.6787109375
214	2	999.587158203125
214	3	999.6648559570312
214	4	999.0299072265625
214	5	988.1697998046875
214	6	0.19793346524238586
214	7	996.7904663085938
214	8	972.9533081054688
214	9	887.9261474609375
214	10	6.259459495544434
214	11	708.147705078125
214	12	999.690185546875
215	0	0.19793346524238586
215	1	999.690185546875
215	2	996.2493896484375
215	3	999.6677856445312
215	4	999.5674438476562
215	5	999.6640625
215	6	999.0299072265625
215	7	999.6787109375
215	8	887.6281127929688
215	9	972.8757934570312
215	10	708.147705078125
215	11	988.1697998046875
215	12	6.199514389038086
216	0	999.5447387695312
216	1	998.8984985351562
216	2	1000.1351318359375
216	3	999.85693359375
216	4	978.8363647460938
216	5	885.6983642578125
216	6	990.2964477539062
216	7	999.3383178710938
216	8	0.024356162175536156
216	9	998.0760498046875
216	10	999.5472412109375
216	11	703.7645874023438
216	12	5.2159318923950195
217	0	999.6787109375
217	1	0.2067691534757614
217	2	972.8757934570312
217	3	988.1697998046875
217	4	999.7263793945312
217	5	708.147705078125
217	6	999.5674438476562
217	7	999.0299072265625
217	8	996.2493896484375
217	9	3.6735734939575195
217	10	999.6677856445312
217	11	887.6281127929688
217	12	999.6278686523438
218	0	0.19793346524238586
218	1	887.6281127929688
218	2	708.147705078125
218	3	999.6640625
218	4	999.5674438476562
218	5	999.6787109375
218	6	999.6278686523438
218	7	5.2159318923950195
218	8	999.0299072265625
218	9	999.6677856445312
218	10	996.2493896484375
218	11	972.8757934570312
218	12	988.1697998046875
219	0	999.6787109375
219	1	5.2159318923950195
219	2	999.6648559570312
219	3	999.690185546875
219	4	999.6677856445312
219	5	972.8757934570312
219	6	996.2493896484375
219	7	999.0299072265625
219	8	988.1697998046875
219	9	0.19793346524238586
219	10	887.6281127929688
219	11	999.6640625
219	12	708.147705078125
220	0	999.587158203125
220	1	999.0299072265625
220	2	0.19793346524238586
220	3	988.1697998046875
220	4	999.6648559570312
220	5	999.6787109375
220	6	999.690185546875
220	7	708.147705078125
220	8	972.8757934570312
220	9	887.6281127929688
220	10	996.2493896484375
220	11	999.7263793945312
220	12	5.2159318923950195
221	0	988.1697998046875
221	1	5.954497337341309
221	2	999.5341186523438
221	3	999.85693359375
221	4	998.0760498046875
221	5	978.8363647460938
221	6	885.6983642578125
221	7	0.024356162175536156
221	8	703.7645874023438
221	9	1000.12451171875
221	10	999.53662109375
221	11	999.3383178710938
221	12	998.8984985351562
222	0	999.7263793945312
222	1	708.147705078125
222	2	999.6787109375
222	3	988.1697998046875
222	4	0.19793346524238586
222	5	999.6278686523438
222	6	999.5674438476562
222	7	972.8757934570312
222	8	996.2493896484375
222	9	999.6677856445312
222	10	3.6735734939575195
222	11	887.6281127929688
222	12	999.0299072265625
223	0	988.1697998046875
223	1	0.19793346524238586
223	2	996.2493896484375
223	3	999.6648559570312
223	4	999.0299072265625
223	5	708.147705078125
223	6	6.3831095695495605
223	7	970.7249145507812
223	8	999.6787109375
223	9	999.690185546875
223	10	999.6640625
223	11	887.6281127929688
223	12	999.587158203125
224	0	999.0299072265625
224	1	0.19793346524238586
224	2	708.147705078125
224	3	988.1697998046875
224	4	999.6278686523438
224	5	887.6281127929688
224	6	996.2493896484375
224	7	999.6787109375
224	8	999.587158203125
224	9	999.6640625
224	10	1958.891357421875
224	11	5.2159318923950195
224	12	999.6648559570312
225	0	0.2067691534757614
225	1	996.2493896484375
225	2	999.587158203125
225	3	1953.260498046875
225	4	999.6640625
225	5	999.5674438476562
225	6	5.2159318923950195
225	7	999.0299072265625
225	8	887.6281127929688
225	9	708.147705078125
225	10	999.6787109375
225	11	988.1697998046875
225	12	999.690185546875
226	0	999.85693359375
226	1	0.024356162175536156
226	2	1959.2572021484375
226	3	998.0760498046875
226	4	3.4705493450164795
226	5	885.6983642578125
226	6	703.7645874023438
226	7	999.3383178710938
226	8	999.53662109375
226	9	999.5341186523438
226	10	998.923583984375
226	11	990.2964477539062
226	12	1000.12451171875
227	0	1000.2010498046875
227	1	997.6492309570312
227	2	949.3035888671875
227	3	989.691162109375
227	4	0.1901448518037796
227	5	998.76025390625
227	6	890.2236328125
227	7	996.3460083007812
227	8	1000.4346923828125
227	9	9.126298904418945
227	10	999.960693359375
227	11	723.203369140625
227	12	1000.228515625
228	0	999.0299072265625
228	1	0.19793346524238586
228	2	996.2493896484375
228	3	999.5674438476562
228	4	988.1697998046875
228	5	9.542976379394531
228	6	708.147705078125
228	7	999.6677856445312
228	8	999.6640625
228	9	999.690185546875
228	10	999.6787109375
228	11	887.6281127929688
228	12	955.29296875
229	0	887.6281127929688
229	1	1000.1351318359375
229	2	999.5341186523438
229	3	999.53662109375
229	4	990.2964477539062
229	5	0.024356162175536156
229	6	7.440881252288818
229	7	998.923583984375
229	8	998.0760498046875
229	9	703.7645874023438
229	10	977.58349609375
229	11	999.85693359375
229	12	999.3383178710938
230	0	945.037109375
230	1	887.6281127929688
230	2	999.6648559570312
230	3	988.1697998046875
230	4	999.690185546875
230	5	999.587158203125
230	6	0.19793346524238586
230	7	999.7263793945312
230	8	999.0299072265625
230	9	999.6787109375
230	10	996.2493896484375
230	11	9.542976379394531
230	12	708.147705078125
231	0	952.9572143554688
231	1	994.1409912109375
231	2	1000.8800659179688
231	3	943.2921752929688
231	4	873.8565673828125
231	5	-5.166623115539551
231	6	995.1793823242188
231	7	999.0486450195312
231	8	995.26904296875
231	9	1000.3468017578125
231	10	998.6718139648438
231	11	998.9447021484375
231	12	683.1995849609375
231	13	998.6510009765625
231	14	998.5947265625
231	15	1000.3406982421875
231	16	0.024356162175536156
232	0	991.3484497070312
232	1	-3.0602962970733643
232	2	1032.0341796875
232	3	998.9768676757812
232	4	-4.8870530128479
232	5	890.3064575195312
232	6	683.5322875976562
232	7	995.1426391601562
232	8	1000.2049560546875
232	9	993.3408813476562
232	10	953.6851806640625
232	11	998.6129760742188
232	12	998.7052612304688
232	13	1000.2180786132812
232	14	995.2230224609375
233	0	1000.21044921875
233	1	887.825439453125
233	2	5.152808666229248
233	3	1033.920654296875
233	4	999.5674438476562
233	5	0.19793346524238586
233	6	993.3290405273438
233	7	996.124267578125
233	8	709.08837890625
233	9	937.1240844726562
233	10	1001.4456176757812
233	11	999.6677856445312
233	12	999.6640625
233	13	995.5499267578125
233	14	999.6027221679688
234	0	994.1409912109375
234	1	7.440881252288818
234	2	996.0610961914062
234	3	999.53662109375
234	4	1000.457275390625
234	5	998.683349609375
234	6	999.5341186523438
234	7	885.7811889648438
234	8	0.024356162175536156
234	9	999.8675537109375
234	10	1000.0960693359375
234	11	1032.023681640625
234	12	704.7392578125
234	13	954.4385986328125
234	14	998.8984985351562
235	0	683.5322875976562
235	1	-9.259369850158691
235	2	0.024356162175536156
235	3	999.1124267578125
235	4	885.7811889648438
235	5	998.9768676757812
235	6	992.135009765625
235	7	998.3203735351562
235	8	991.3484497070312
235	9	1024.6260986328125
236	0	1033.8583984375
236	1	887.825439453125
236	2	999.6677856445312
236	3	992.6050415039062
236	4	709.08837890625
236	5	1001.38330078125
236	6	0.2067691534757614
236	7	993.3290405273438
236	8	1000.21044921875
236	9	5.152808666229248
237	0	992.8629150390625
237	1	1000.0960693359375
237	2	1032.0341796875
237	3	1001.517333984375
237	4	1000.4678955078125
237	5	704.7392578125
237	6	0.024356162175536156
237	7	934.9136962890625
237	8	994.1409912109375
237	9	1000.12939453125
237	10	995.458984375
237	11	3.068572998046875
237	12	887.825439453125
237	13	999.85693359375
237	14	1000.7874755859375
238	0	0.024356162175536156
238	1	685.2692260742188
238	2	1027.4541015625
238	3	876.7186279296875
238	4	1002.0308227539062
238	5	1001.1161499023438
238	6	1001.8485107421875
238	7	994.8091430664062
238	8	992.6050415039062
238	9	-5.644887924194336
239	0	1001.4456176757812
239	1	1000.2727661132812
239	2	0.19793346524238586
239	3	709.08837890625
239	4	993.3290405273438
239	5	5.152808666229248
239	6	992.6050415039062
239	7	999.587158203125
239	8	887.825439453125
239	9	1033.920654296875
240	0	996.0055541992188
240	1	0.024356162175536156
240	2	1000.457275390625
240	3	704.7392578125
240	4	994.1409912109375
240	5	999.85693359375
240	6	1032.0341796875
240	7	993.9124755859375
240	8	7.440881252288818
240	9	1000.106689453125
240	10	885.7811889648438
241	0	1000.2727661132812
241	1	9.542976379394531
241	2	999.587158203125
241	3	993.9124755859375
241	4	709.08837890625
241	5	0.19793346524238586
241	6	1033.8583984375
241	7	993.3290405273438
241	8	1001.4456176757812
241	9	887.0908813476562
241	10	990.9762573242188
241	11	1001.336181640625
241	12	935.4772338867188
241	13	996.0225219726562
241	14	1002.0808715820312
241	15	1001.3510131835938
242	0	0.19793346524238586
242	1	993.3290405273438
242	2	1033.920654296875
242	3	709.08837890625
242	4	5.152808666229248
242	5	887.0908813476562
242	6	993.9124755859375
242	7	1000.2727661132812
242	8	990.9139404296875
242	9	1001.4456176757812
242	10	999.6677856445312
243	0	999.587158203125
243	1	1000.21044921875
243	2	709.08837890625
243	3	0.19793346524238586
243	4	887.0908813476562
243	5	5.152808666229248
243	6	993.9124755859375
243	7	1033.920654296875
243	8	990.9762573242188
243	9	993.3290405273438
243	10	1001.38330078125
244	0	993.7508544921875
244	1	943.7352294921875
244	2	-0.28981250524520874
244	3	994.8785400390625
244	4	1034.8046875
244	5	991.9674682617188
245	0	1000.387451171875
245	1	0.1901448518037796
245	2	1000.2178955078125
245	3	994.1409912109375
245	4	1000.7005004882812
245	5	1001.1423950195312
245	6	3.068572998046875
245	7	989.5382690429688
245	8	995.0589599609375
245	9	954.4385986328125
245	10	724.1780395507812
245	11	1002.9257202148438
245	12	1000.3726196289062
245	13	1032.3258056640625
245	14	889.5718994140625
246	0	1001.4456176757812
246	1	937.1240844726562
246	2	989.5382690429688
246	3	999.6787109375
246	4	999.6648559570312
246	5	5.097252368927002
246	6	1000.21044921875
246	7	999.587158203125
246	8	1033.8546142578125
246	9	996.124267578125
246	10	0.19793346524238586
246	11	993.3290405273438
246	12	709.08837890625
246	13	999.7263793945312
246	14	887.0908813476562
247	0	709.08837890625
247	1	1000.2727661132812
247	2	993.3290405273438
247	3	0.19793346524238586
247	4	999.587158203125
247	5	887.0908813476562
247	6	1001.4456176757812
247	7	984.71240234375
247	8	5.097252368927002
247	9	989.5382690429688
247	10	1033.8546142578125
248	0	-9.259369850158691
248	1	995.26904296875
248	2	1000.9051513671875
248	3	987.7635498046875
248	4	-3.0602962970733643
248	5	1024.9771728515625
248	6	999.1162109375
248	7	988.7243041992188
248	8	893.3871459960938
248	9	998.9730834960938
248	10	998.647216796875
248	11	670.70751953125
248	12	873.2489013671875
248	13	998.6680297851562
248	14	993.5824584960938
248	15	998.3203735351562
249	0	999.9500732421875
249	1	1032.7265625
249	2	999.5889892578125
249	3	889.5718994140625
249	4	3.068572998046875
249	5	993.27001953125
249	6	1000.2178955078125
249	7	998.76025390625
249	8	1000.7005004882812
249	9	1002.9363403320312
249	10	0.1901448518037796
249	11	768.1533203125
249	12	909.9251708984375
249	13	989.4740600585938
249	14	1000.2010498046875
249	15	992.8321533203125
249	16	724.1780395507812
250	0	896.458740234375
250	1	704.7392578125
250	2	989.4740600585938
250	3	993.5824584960938
250	4	7.440881252288818
250	5	885.4092407226562
250	6	1032.3258056640625
250	7	1000.0960693359375
250	8	1000.457275390625
250	9	999.85693359375
250	10	0.024356162175536156
250	11	999.3483276367188
250	12	982.9929809570312
250	13	910.2172241210938
250	14	998.8984985351562
250	15	998.6475219726562
250	16	999.5447387695312
250	17	999.53662109375
251	0	886.5363159179688
251	1	889.597412109375
251	2	989.5223999023438
251	3	1000.2727661132812
251	4	1033.8546142578125
251	5	992.8321533203125
251	6	1001.1605224609375
251	7	999.587158203125
251	8	893.3871459960938
251	9	992.7705078125
251	10	709.08837890625
251	11	5.097252368927002
251	12	999.6648559570312
251	13	0.19793346524238586
251	14	999.7263793945312
251	15	999.6027221679688
251	16	1001.4456176757812
252	0	999.7263793945312
252	1	989.5223999023438
252	2	1001.38330078125
252	3	999.5674438476562
252	4	5.097252368927002
252	5	886.5363159179688
252	6	709.08837890625
252	7	999.6787109375
252	8	0.19793346524238586
252	9	999.6677856445312
252	10	1001.1605224609375
252	11	1033.9168701171875
252	12	893.3871459960938
252	13	1000.2727661132812
252	14	992.7705078125
252	15	896.458740234375
252	16	992.8321533203125
253	0	1000.21044921875
253	1	9.487420082092285
253	2	1001.38330078125
253	3	889.597412109375
253	4	709.08837890625
253	5	992.7705078125
253	6	999.6677856445312
253	7	1033.8546142578125
253	8	0.19793346524238586
253	9	886.5363159179688
253	10	1001.1605224609375
253	11	989.5223999023438
253	12	992.8321533203125
253	13	999.7263793945312
253	14	893.3871459960938
253	15	999.6027221679688
253	16	999.6648559570312
253	17	983.230224609375
254	0	992.7705078125
254	1	5.097252368927002
254	2	999.587158203125
254	3	0.2067691534757614
254	4	1033.9168701171875
254	5	1001.1605224609375
254	6	886.5363159179688
254	7	989.5223999023438
254	8	889.597412109375
254	9	1001.38330078125
254	10	1000.2727661132812
254	11	709.08837890625
254	12	999.6640625
254	13	999.6027221679688
254	14	893.3871459960938
254	15	999.6648559570312
254	16	992.8321533203125
254	17	990.9762573242188
255	0	709.08837890625
255	1	0.19793346524238586
255	2	1001.38330078125
255	3	989.5223999023438
255	4	889.597412109375
255	5	5.097252368927002
255	6	1033.9168701171875
255	7	1001.1605224609375
255	8	999.6677856445312
255	9	1000.2727661132812
255	10	886.5363159179688
255	11	992.7705078125
255	12	990.9762573242188
255	13	999.6648559570312
255	14	893.3871459960938
255	15	999.7263793945312
255	16	999.6027221679688
255	17	992.8321533203125
255	18	999.9104614257812
255	19	1001.0387573242188
256	0	993.1923217773438
256	1	890.41650390625
256	2	4.0448079109191895
256	3	999.9404296875
256	4	708.2548828125
256	5	991.8362426757812
257	0	1000.0703735351562
257	1	998.2083129882812
257	2	0.1901448518037796
257	3	987.0404052734375
257	4	704.7392578125
257	5	3.068572998046875
257	6	1002.9363403320312
257	7	1000.7005004882812
257	8	993.5824584960938
257	9	999.85693359375
257	10	885.046630859375
257	11	894.2445068359375
257	12	1001.0714721679688
257	13	1032.737060546875
258	0	994.5220947265625
258	1	998.4564208984375
258	2	-3.0602962970733643
258	3	915.3433227539062
258	4	882.0374755859375
258	5	1024.9771728515625
258	6	683.5322875976562
258	7	988.7236328125
258	8	999.1162109375
258	9	998.9730834960938
258	10	998.3203735351562
258	11	990.7899169921875
258	12	999.1744384765625
258	13	-4.8870530128479
259	0	889.597412109375
259	1	1000.2727661132812
259	2	709.08837890625
259	3	887.0908813476562
259	4	992.7705078125
259	5	989.5223999023438
259	6	1001.052001953125
259	7	999.587158203125
259	8	1001.38330078125
259	9	0.19793346524238586
259	10	5.097252368927002
259	11	982.9929809570312
259	12	1033.8546142578125
260	0	1000.2178955078125
260	1	1002.10595703125
260	2	1002.9363403320312
260	3	1032.7265625
260	4	995.94287109375
260	5	1000.6898803710938
260	6	1000.3720092773438
260	7	9.487420082092285
260	8	891.6295166015625
260	9	987.0404052734375
260	10	889.5718994140625
260	11	0.1901448518037796
260	12	901.0541381835938
260	13	724.1780395507812
260	14	999.8895263671875
260	15	1001.336181640625
260	16	993.27001953125
261	0	893.3871459960938
261	1	989.5223999023438
261	2	992.8321533203125
261	3	709.08837890625
261	4	889.597412109375
261	5	999.587158203125
261	6	1001.052001953125
261	7	1000.2727661132812
261	8	0.19793346524238586
261	9	999.6027221679688
261	10	1001.4456176757812
261	11	999.6648559570312
261	12	887.0908813476562
261	13	992.7705078125
261	14	1033.8546142578125
261	15	9.487420082092285
261	16	999.6640625
262	0	999.8675537109375
262	1	887.0908813476562
262	2	885.2989501953125
262	3	998.6475219726562
262	4	1032.3258056640625
262	5	999.5049438476562
262	6	998.8984985351562
262	7	0.024356162175536156
262	8	999.5341186523438
262	9	993.5824584960938
262	10	910.2172241210938
262	11	1000.106689453125
262	12	1000.457275390625
262	13	989.4740600585938
262	14	704.7392578125
262	15	999.53662109375
262	16	7.440881252288818
263	0	0.19793346524238586
263	1	883.1240844726562
263	2	1002.763427734375
263	3	899.8607788085938
263	4	1001.5794067382812
263	5	1002.0270385742188
263	6	861.7404174804688
263	7	994.2506103515625
263	8	1001.1161499023438
263	9	991.0843505859375
263	10	1003.011474609375
263	11	-1.552157998085022
263	12	1001.852294921875
263	13	1025.0179443359375
263	14	998.8504638671875
263	15	1001.55859375
263	16	875.9840698242188
263	17	983.5565185546875
264	0	999.6787109375
264	1	992.7705078125
264	2	1000.2727661132812
264	3	0.19793346524238586
264	4	1001.052001953125
264	5	999.587158203125
264	6	992.8321533203125
264	7	893.3871459960938
264	8	999.6648559570312
264	9	869.2373657226562
264	10	1033.8251953125
264	11	999.7263793945312
264	12	9.487420082092285
264	13	1001.38330078125
264	14	889.597412109375
264	15	989.5223999023438
264	16	887.0908813476562
265	0	992.8321533203125
265	1	1001.38330078125
265	2	887.0908813476562
265	3	999.6787109375
265	4	9.487420082092285
265	5	993.3290405273438
265	6	1000.21044921875
265	7	999.587158203125
265	8	869.2373657226562
265	9	893.3871459960938
265	10	999.6648559570312
265	11	0.19793346524238586
265	12	989.5223999023438
265	13	1001.052001953125
265	14	889.597412109375
265	15	999.6640625
265	16	1033.8251953125
266	0	1025.0142822265625
266	1	998.3165893554688
266	2	907.9550170898438
266	3	988.7236328125
266	4	991.3484497070312
266	5	999.17822265625
266	6	-9.259369850158691
266	7	999.1124267578125
266	8	998.9730834960938
266	9	882.0374755859375
266	10	858.29052734375
266	11	-3.0602962970733643
266	12	982.9395141601562
266	13	998.6167602539062
266	14	909.9251708984375
266	15	994.5220947265625
266	16	1000.2431640625
266	17	998.7090454101562
266	18	1000.5636596679688
267	0	887.0908813476562
267	1	999.7263793945312
267	2	4.546048641204834
267	3	999.6648559570312
267	4	989.5223999023438
267	5	1001.4456176757812
267	6	993.3290405273438
267	7	1033.887451171875
267	8	0.2067691534757614
267	9	992.8321533203125
267	10	893.3871459960938
267	11	889.597412109375
267	12	1000.21044921875
267	13	999.6027221679688
267	14	869.2373657226562
267	15	1001.052001953125
267	16	999.6677856445312
268	0	0.19793346524238586
268	1	8.936214447021484
268	2	869.2373657226562
268	3	999.587158203125
268	4	993.3290405273438
268	5	1001.052001953125
268	6	982.9443969726562
268	7	1000.21044921875
268	8	889.597412109375
268	9	1001.38330078125
268	10	989.5223999023438
268	11	887.0908813476562
268	12	1033.8251953125
269	0	998.7090454101562
269	1	1001.38330078125
269	2	989.5223999023438
269	3	998.6167602539062
269	4	8.936214447021484
269	5	887.0908813476562
269	6	993.3290405273438
269	7	1033.887451171875
269	8	0.19793346524238586
269	9	896.6205444335938
269	10	999.587158203125
269	11	1000.2180786132812
269	12	994.5220947265625
269	13	1001.0714721679688
269	14	889.597412109375
269	15	1000.21044921875
269	16	869.2373657226562
270	0	998.6475219726562
270	1	0.1901448518037796
270	2	889.5718994140625
270	3	876.8794555664062
270	4	885.2989501953125
270	5	987.0404052734375
270	6	1000.106689453125
270	7	1000.228515625
270	8	1002.9257202148438
270	9	1033.548583984375
270	10	4.546048641204834
270	11	999.893310546875
270	12	993.8285522460938
