## RankNet
## Epochs = 50
## No. of features = 48
## No. of hidden layers = 2
## Layer 1: 10 neurons
## Layer 2: 10 neurons
1 2 3 4 5 6 7 8 9 10 11 12 13 14 15 16 17 18 19 20 21 22 23 24 25 26 27 28 29 30 31 32 33 34 35 36 37 38 39 40 41 42 43 44 45 46 47 48
2
10
10
0 0 0.09698883881881981 0.08596803837907858 0.020089800419000804 -0.07917433820935857 0.0035566286619460653 0.025894746065344122 -0.10004234169619103 0.008586189195609424 -0.059191923107865224 0.10397188088746813
0 1 0.015381872653961182 0.029367852956056595 0.007363068871200085 -0.006153696682304144 0.03206714987754822 0.07758067548274994 -0.048935096710920334 -0.026248222216963768 0.01535102166235447 0.018873512744903564
0 2 0.08075518906116486 -0.04700262099504471 -0.07865764945745468 -0.09482474625110626 -0.04509185627102852 0.04106973856687546 0.01588023267686367 -0.017138224095106125 0.08085226267576218 -0.01506354846060276
0 3 -0.08650218695402145 0.00931042991578579 -0.010457617230713367 0.02626589499413967 -0.08281947672367096 0.04787404090166092 0.097511425614357 0.06232047826051712 -0.05813674256205559 0.09891162812709808
0 4 -0.09968999028205872 -0.08805528283119202 -0.05232955887913704 -0.03508444502949715 -0.09411636739969254 0.060938019305467606 -0.024309378117322922 -0.048596687614917755 0.07093630731105804 0.004657334182411432
0 5 0.08970467393416176 -0.04620458636102837 -0.07482627938790042 0.008958286364796954 -0.06635514638695858 -0.024723411644394896 0.024547649197015152 0.09299974276781912 -0.05083785639460407 -0.07433173416234133
0 6 -0.05310695245862007 -0.029350752010941505 -0.08321551233530045 -0.05567999556660652 -0.09919056296348572 0.07722128182649612 -0.011146480217576027 -0.02402780018746853 0.01577174663543701 -0.01171422004699707
0 7 -0.028911184519529343 0.04940482974052429 0.08597271144390106 -0.07198239862918854 -0.05051615834236145 -0.09942367672920227 -0.005694484803825617 -0.06967402249574661 -0.0743287056684494 0.0021051347721368074
0 8 -0.03976500963530499 0.014086071438921972 0.01002614400613414 0.004561353920165597 0.06642916316918762 -0.01359411724358146 0.06834251545881535 -0.07902446652789363 -0.09994301492762721 -0.0066557216329857635
0 9 -0.058801459127282685 0.004629854615612278 0.020963381186903645 -0.06191911410712797 -0.0015478450077805112 -0.07179270800649454 -0.05134137235069954 0.06023836244802253 0.03576901262211697 0.01272651070147898
0 10 0.0797383766833792 -0.040261013396250135 -0.09862246629518202 0.06282713401890119 -0.08436623697348206 -0.04309218865334328 -0.05624186880374634 0.09518031512360325 -0.09869420076203501 -0.04173873009741162
0 11 0.0922438490674877 -0.05152424713224924 -0.037608011615587786 0.07655945480592942 -0.09686570356621901 -0.013913058078680193 0.03323395454999678 -0.04801176766205338 -0.05470548461513881 -0.022493211312902477
0 12 0.030621036863159572 -0.03825080167512822 0.09883204819793029 -0.04705680684592205 0.05812591175746349 -0.033691174817458654 -0.09049063006162622 0.060241881575372705 0.020715928174649265 -0.05075125863869183
0 13 -0.057409611200032566 -0.055520304911281855 -0.05239110492512442 0.004994671265719527 0.009522165895019566 0.04536509868299576 -0.04224295689542558 0.09607176719812185 -0.07379551269778713 0.09189640168247677
0 14 -0.06032188412125712 0.041883717337743154 -0.05570092080704174 0.07187227013886774 -0.009260589498010164 0.0349563423128977 0.006223487869776876 0.06008618497809839 0.08898605153873061 -0.05415172122781969
0 15 0.02617172546730565 -0.09253563468682326 0.09111340542699832 0.06375633097278749 -0.04356746053861848 0.0828169928456051 -0.002218112690043155 -0.054318297850422 0.03445820386620563 -0.06802332143622773
0 16 0.0013335553649927692 0.03853649406260954 -0.05677793532369463 -0.023254250654781403 -0.0053335280647208464 -0.016424582593116348 -0.09782431745649472 0.07112266864494299 -0.04035364367928363 -0.00483591118933038
0 17 0.05230985954403877 0.08107934147119522 -0.052343033254146576 -0.09067780524492264 -0.03317493945360184 0.09122425317764282 0.09428249299526215 0.06321109086275101 0.003329157829284668 0.05433694273233414
0 18 0.010310249793815889 0.06043062780179033 -0.02239517201509626 0.020969120635108536 -0.08697859330320115 0.03159551144284065 -0.021223153951147336 -0.02534359792108993 -0.05690969911941948 -0.07872376624345778
0 19 0.05300933446411912 0.024039230334655746 -0.0265021516837695 0.08979845254015939 0.02089386260674204 0.03419238948622332 -0.0020526808322782765 -0.032863588145486976 -0.06700159675059418 0.07334970105739311
0 20 -0.07037905652399223 0.0202934528021974 0.09164333465615657 -0.02628602066743404 0.07723006619677793 0.07474046447673413 0.03559283655049237 -0.0017039599628374234 -0.09445378995118241 0.004156071043778362
0 21 0.04294854353790109 -0.001432231136514512 0.07910785946170237 0.02091883702468842 -0.05886519314183986 0.08146909126439664 -0.10463660467503648 0.013679885232336849 0.09395430171313186 -0.022789877091329427
0 22 -0.028091024607419968 0.09051118791103363 0.007171803619712591 -0.06308431178331375 -0.06963924318552017 -0.062466710805892944 0.017188388854265213 -0.09277332574129105 0.03098468855023384 0.04658929258584976
0 23 -0.07304161090727013 -0.024858192515476284 0.03274440142432683 0.03532593531799285 1.9657904819460882E-4 -0.030132429065317268 0.08247209083201308 0.0911742848544194 -0.02766382759986009 -0.0052313806459119315
0 24 -0.04243171960115433 -0.023755479604005814 0.0012818872928619385 0.03771466761827469 -0.08588659763336182 -0.009727871045470238 -0.06668423116207123 0.05532855913043022 0.037355937063694 0.029889171943068504
0 25 0.06454604064999836 -0.03296226214490881 0.07863689880046676 -0.009036906214042104 0.03942867608523623 -0.04793299167710487 0.03936677422883183 -0.00935762660439461 -0.036102008200973895 -0.06971269879341124
0 26 -0.004748898558318615 -0.07763786613941193 -0.06434144079685211 0.006627094931900501 0.09388742595911026 -0.07097597420215607 -0.02554536983370781 -0.05494382232427597 -0.08244021981954575 0.05189741775393486
0 27 -0.04415927076989598 0.08559974516344246 0.03092839024907705 0.006192969050659102 0.00419627089807951 0.011285322315066298 -0.08729285628199814 -0.00729405136779545 -0.015224630544072795 0.04753839798422538
0 28 -0.06287750845649014 -0.12281478805925862 0.005964151404075507 -0.03504124006897284 -0.06591855328053864 0.0406056654793992 -0.07550763828541887 -0.1564183203333728 -0.02888254909153458 0.15058434593981532
0 29 -0.034174254785584245 0.07554527005854773 0.05647171958032142 -0.08417387393427561 0.007136900684009221 -0.06943179595195378 0.07791611007737952 0.011290904753740373 0.05062292178001517 0.027188490412137136
0 30 0.05397379456940958 -0.11844587338484659 -0.05364178263683224 -0.10659298573989705 -0.10178723369791062 -0.044411500488610554 -0.09003780165449718 -0.15661125647663157 0.011943813016805267 0.08515109712884734
0 31 -0.07367699401479622 -0.07931448636806275 -0.05718228596843101 -0.08937697391511393 -0.10759209973207785 -0.07270081487441245 0.05061456214562939 -0.05742681025688256 0.0389992787762141 0.10621997445363245
0 32 -0.013603838254434742 -0.18027130100658223 -0.009346236628461034 0.0075260572854626805 -0.07356237660857891 -0.05749351217538992 -0.16547867575052103 -0.14244585064293627 -0.06006072925938041 0.0649064819651119
0 33 -0.02878530357982231 -0.07016452023334266 -0.09944878151395449 -0.05291968877569307 -0.05867111454418139 0.006882083307064777 0.009207544189611023 -0.05192710601463553 -0.01002008158854257 -0.0837447025428754
0 34 0.00913730884028384 -0.1324041873392236 0.02936965654859083 -0.03060343027541026 0.04628842845934145 0.051300219387796615 -0.1367967085227434 -0.127626239024386 -0.1067124481256725 0.16710413452065928
0 35 0.022421423549070497 -0.022400018398770358 -0.053796079992215994 -0.056131597358298695 -0.00832306691786845 0.11034628754584738 -0.15424942340302583 -0.04870271902306984 0.013571828722866906 0.1499489588906347
0 36 -0.05095066127109352 -0.0901027305211515 0.0765504674801261 -0.04831954610662666 -0.045114945740547314 -0.09299318350592574 0.06504156524467537 -0.10435108320940074 -0.07104304730656613 0.07747297160800931
0 37 -0.09369941411029029 -0.11002500578385521 -0.1242055986170239 -0.10939983852221803 -0.1135717899767222 0.06995760885842661 -0.0810707962488247 -0.14443808974321215 -0.09613414544111402 0.03686506932698819
0 38 0.0129824525965255 0.014311468054330012 -0.06525907175867465 0.0167974647901581 -0.07418087331511102 0.07208106306395459 0.09014537164305217 0.08768877689848091 -0.049087646206688686 0.08001910541579722
0 39 -0.058134203468461806 0.026194935490166906 -0.036010979435133296 0.06586257413249436 -0.0014726733502749645 0.07987323788008618 0.002592594617203905 -0.07648548181047295 -0.05759438013083915 -0.07186401988937856
0 40 0.021481097052792927 -0.09544773044737602 0.04377986235292022 0.0702036996207756 -0.05179311914302467 -0.06650234374203753 0.014289779377327418 0.08253912930498268 0.08663571367614324 -0.02464552204682787
0 41 0.06718946131924627 -0.02539183674008381 -0.029065988016440263 -0.08969983398191238 0.08453591425881227 -0.024603204204533324 -0.03445899954322107 -0.0024141741291781992 -0.021079677002004738 0.06317372644065539
0 42 0.08991055325371217 -0.004292176985844839 -0.08035498768590661 0.0036147920676561575 0.06588842438764728 0.047215159680367914 0.0947304824333844 0.024975986833074226 0.0450133291039436 -0.045825861238446494
0 43 -0.09201074568623245 -0.034669044977422465 -0.042769577515352264 -0.049425645931456104 -0.008797022672927745 0.08647302884485336 -0.024093809431730093 -0.0010776699672385807 0.039262300584825216 0.05358075945648066
0 44 -0.06643615122220194 -0.03272559298040866 -0.004582423282316559 -0.050416189557613435 0.026552087229249965 -0.010222960931366765 -0.07179615356638405 -0.0885686303436466 0.004725511330491997 0.013024864178813014
0 45 -0.08372085745713388 -0.09037258094015144 -0.10005440286686153 -0.07522916359335348 0.06830781565284538 -0.06557830396772076 0.04335545293376523 0.0022565846383859486 0.027225877768672184 0.006034651930174725
0 46 0.01497654412606091 -0.0961077920145037 -0.04580916933109474 -0.0709619776669161 0.03376743064498682 -0.0891554576504295 0.04451505012199956 0.029562526667146774 0.09423776125100868 0.08019095861419204
0 47 0.038357793797300505 0.038399274486200445 0.07599093887130168 -0.03644178600716622 -0.07712760554089297 -0.03965238979658498 0.06487130861641784 0.05697715181995166 0.027637529460810762 -0.06878175418524071
0 48 0.09924498829106329 -0.07427020659298426 0.020676973285959372 0.08415994853504395 0.03403802846536493 -0.03415736496338626 0.03050012046214809 0.04529766833137962 0.06427734453839848 -0.04229575371624298 0.03214998544614323 0.09219998133002334 0.011188968897789073 0.08939846992719379 -0.05730380941657238 -0.08717909417585948 0.036742180657880215 -0.09173912624837319 0.09069878996581514 0.014052703394691545 0.07125262281845758
1 0 0.05537196428022533 -0.015133056165561919 0.04181764352804975 -0.0358925908508114 0.07832393915023762 0.03964001095867924 0.033420192879028365 -0.019953564769155302 0.05581962694948149 0.08973752448410803
1 1 -0.054316577525431835 -0.08059515426171882 -0.05788930574430914 -0.05343799221361122 0.0960341374399366 0.09238896145079463 0.037388898529323686 -0.09371512296735394 -0.011068508989048627 -0.03034217097566754
1 2 0.06545660869388435 -0.06764146425452597 -0.09851632654353867 0.02213756539285642 -0.037874576760338764 -0.07283915050739613 -0.09982658691097993 -0.02081039529290915 -0.01642833632500965 -0.01970076279294221
1 3 -0.024496931531508562 0.09562354776755613 0.02370415867315913 -0.0677941412451567 0.04929642743923101 -0.03407179755551718 -0.013410050489545963 -0.0602764458126921 -0.00559471095822138 -0.03072535458430411
1 4 8.923979198293286E-4 0.028606222249475455 0.06086492176812886 0.06467350851313036 0.026495209688346115 0.053133224976789906 -5.28028938806397E-4 0.01791194333969879 0.09728937271590316 -0.031278066837473965
1 5 2.7616959403843237E-4 0.06472607893928958 0.012205223404186248 0.003553092252083997 -0.08574996841827988 0.021109898229170927 0.006878164991752824 0.031012546050992438 0.04370202366948671 -0.036737877516735705
1 6 -0.01841477354650874 0.08510381319013896 -0.04414084071492382 0.052229090066363365 0.017782089731144087 0.030826775264579533 -0.05018469153166229 -0.07888341097673146 -0.08294229554317059 -0.06279765293320094
1 7 -0.027048360385038054 -0.09716365076588337 0.04394721010951413 0.047482792280650464 0.07437305108256007 0.03243930498804567 -0.03139996091948879 0.03079335591162583 -0.05913298399907236 -0.04513385483084163
1 8 0.04337384411081056 0.08505737548413426 -0.027345785107117656 -0.075843152622829 0.04453818899473308 -0.04327579993350344 0.04565761514897522 -0.10010187382451231 -0.016239080481803274 -0.003774161037292621
1 9 -0.07051056173613968 0.09020265192896824 -0.036877110311321924 0.05488196943940611 -0.04126105605303278 -0.035266152202033885 0.09449255033658492 -0.0825002070955745 -0.0089747067129577 0.09022374190962439
2 0 0.07444797950006068
2 1 -0.029787816782591337
2 2 -0.0023308218732715586
2 3 0.02573434385525582
2 4 0.05050936610618243
2 5 0.05306524051578082
2 6 -0.06392402531401369
2 7 -0.08298713715672552
2 8 0.004513811728221735
2 9 -0.09314668212122901
