351	0	0.512149139037659
351	1	0.512149139037659
351	2	0.512149139037659
351	3	0.512149139037659
351	4	0.512149139037659
351	5	0.512149139037659
351	6	0.512149139037659
351	7	0.512149139037659
351	8	0.512149139037659
351	9	0.512149139037659
351	10	0.512149139037659
351	11	0.512149139037659
351	12	0.512149139037659
351	13	0.512149139037659
351	14	0.512149139037659
351	15	0.512149139037659
351	16	0.512149139037659
351	17	0.512149139037659
351	18	0.512149139037659
351	19	0.512149139037659
351	20	0.512149139037659
351	21	0.512149139037659
351	22	0.512149139037659
351	23	0.512149139037659
351	24	0.512149139037659
352	0	0.512149139037659
352	1	0.512149139037659
352	2	0.512149139037659
352	3	0.512149139037659
352	4	0.512149139037659
352	5	0.512149139037659
352	6	0.512149139037659
352	7	0.512149139037659
353	0	0.512149139037659
353	1	0.512149139037659
353	2	0.512149139037659
353	3	0.512149139037659
353	4	0.512149139037659
353	5	0.512149139037659
353	6	0.512149139037659
353	7	0.512149139037659
354	0	0.512149139037659
354	1	0.512149139037659
354	2	0.512149139037659
354	3	0.512149139037659
354	4	0.512149139037659
354	5	0.512149139037659
354	6	0.512149139037659
354	7	0.512149139037659
355	0	0.512149139037659
355	1	0.512149139037659
355	2	0.512149139037659
355	3	0.512149139037659
355	4	0.512149139037659
355	5	0.512149139037659
355	6	0.512149139037659
356	0	0.512149139037659
356	1	0.512149139037659
356	2	0.512149139037659
356	3	0.512149139037659
356	4	0.512149139037659
356	5	0.512149139037659
356	6	0.512149139037659
356	7	0.512149139037659
357	0	0.512149139037659
357	1	0.512149139037659
357	2	0.512149139037659
357	3	0.512149139037659
357	4	0.512149139037659
357	5	0.512149139037659
357	6	0.512149139037659
357	7	0.512149139037659
358	0	0.512149139037659
358	1	0.512149139037659
358	2	0.512149139037659
358	3	0.512149139037659
358	4	0.512149139037659
358	5	0.512149139037659
358	6	0.512149139037659
358	7	0.512149139037659
359	0	0.512149139037659
359	1	0.512149139037659
359	2	0.512149139037659
359	3	0.512149139037659
359	4	0.512149139037659
359	5	0.512149139037659
359	6	0.512149139037659
359	7	0.512149139037659
360	0	0.512149139037659
360	1	0.512149139037659
360	2	0.512149139037659
360	3	0.512149139037659
360	4	0.512149139037659
360	5	0.512149139037659
360	6	0.512149139037659
360	7	0.512149139037659
360	8	0.512149139037659
360	9	0.512149139037659
360	10	0.512149139037659
360	11	0.512149139037659
360	12	0.512149139037659
360	13	0.512149139037659
361	0	0.512149139037659
361	1	0.512149139037659
361	2	0.512149139037659
361	3	0.512149139037659
361	4	0.512149139037659
361	5	0.512149139037659
361	6	0.512149139037659
361	7	0.512149139037659
362	0	0.512149139037659
362	1	0.512149139037659
362	2	0.512149139037659
362	3	0.512149139037659
362	4	0.512149139037659
362	5	0.512149139037659
362	6	0.512149139037659
362	7	0.512149139037659
362	8	0.512149139037659
362	9	0.512149139037659
362	10	0.512149139037659
362	11	0.512149139037659
362	12	0.512149139037659
362	13	0.512149139037659
362	14	0.512149139037659
362	15	0.512149139037659
362	16	0.512149139037659
362	17	0.512149139037659
362	18	0.512149139037659
362	19	0.512149139037659
363	0	0.512149139037659
363	1	0.512149139037659
363	2	0.512149139037659
363	3	0.512149139037659
363	4	0.512149139037659
363	5	0.512149139037659
363	6	0.512149139037659
363	7	0.512149139037659
363	8	0.512149139037659
363	9	0.512149139037659
363	10	0.512149139037659
363	11	0.512149139037659
363	12	0.512149139037659
363	13	0.512149139037659
363	14	0.512149139037659
363	15	0.512149139037659
363	16	0.512149139037659
363	17	0.512149139037659
363	18	0.512149139037659
363	19	0.512149139037659
364	0	0.512149139037659
364	1	0.512149139037659
364	2	0.512149139037659
364	3	0.512149139037659
364	4	0.512149139037659
364	5	0.512149139037659
364	6	0.512149139037659
364	7	0.512149139037659
364	8	0.512149139037659
364	9	0.512149139037659
364	10	0.512149139037659
364	11	0.512149139037659
364	12	0.512149139037659
364	13	0.512149139037659
364	14	0.512149139037659
364	15	0.512149139037659
365	0	0.512149139037659
365	1	0.512149139037659
365	2	0.512149139037659
365	3	0.512149139037659
365	4	0.512149139037659
365	5	0.512149139037659
365	6	0.512149139037659
365	7	0.512149139037659
365	8	0.512149139037659
365	9	0.512149139037659
365	10	0.512149139037659
365	11	0.512149139037659
365	12	0.512149139037659
365	13	0.512149139037659
365	14	0.512149139037659
365	15	0.512149139037659
366	0	0.512149139037659
366	1	0.512149139037659
366	2	0.512149139037659
366	3	0.512149139037659
366	4	0.512149139037659
366	5	0.512149139037659
366	6	0.512149139037659
366	7	0.512149139037659
367	0	0.512149139037659
367	1	0.512149139037659
367	2	0.512149139037659
367	3	0.512149139037659
367	4	0.512149139037659
367	5	0.512149139037659
367	6	0.512149139037659
367	7	0.512149139037659
368	0	0.512149139037659
368	1	0.512149139037659
368	2	0.512149139037659
368	3	0.512149139037659
368	4	0.512149139037659
368	5	0.512149139037659
368	6	0.512149139037659
368	7	0.512149139037659
369	0	0.512149139037659
369	1	0.512149139037659
369	2	0.512149139037659
369	3	0.512149139037659
369	4	0.512149139037659
369	5	0.512149139037659
369	6	0.512149139037659
369	7	0.512149139037659
369	8	0.512149139037659
369	9	0.512149139037659
369	10	0.512149139037659
369	11	0.512149139037659
369	12	0.512149139037659
369	13	0.512149139037659
370	0	0.512149139037659
370	1	0.512149139037659
370	2	0.512149139037659
370	3	0.512149139037659
370	4	0.512149139037659
370	5	0.512149139037659
370	6	0.512149139037659
370	7	0.512149139037659
370	8	0.512149139037659
370	9	0.512149139037659
370	10	0.512149139037659
370	11	0.512149139037659
370	12	0.512149139037659
370	13	0.512149139037659
371	0	0.512149139037659
371	1	0.512149139037659
371	2	0.512149139037659
371	3	0.512149139037659
371	4	0.512149139037659
371	5	0.512149139037659
371	6	0.512149139037659
371	7	0.512149139037659
371	8	0.512149139037659
371	9	0.512149139037659
371	10	0.512149139037659
371	11	0.512149139037659
371	12	0.512149139037659
371	13	0.512149139037659
371	14	0.512149139037659
371	15	0.512149139037659
371	16	0.512149139037659
371	17	0.512149139037659
371	18	0.512149139037659
371	19	0.512149139037659
372	0	0.512149139037659
372	1	0.512149139037659
372	2	0.512149139037659
372	3	0.512149139037659
372	4	0.512149139037659
372	5	0.512149139037659
372	6	0.512149139037659
372	7	0.512149139037659
372	8	0.512149139037659
372	9	0.512149139037659
372	10	0.512149139037659
372	11	0.512149139037659
372	12	0.512149139037659
372	13	0.512149139037659
372	14	0.512149139037659
372	15	0.512149139037659
372	16	0.512149139037659
372	17	0.512149139037659
372	18	0.512149139037659
372	19	0.512149139037659
372	20	0.512149139037659
372	21	0.512149139037659
372	22	0.512149139037659
372	23	0.512149139037659
372	24	0.512149139037659
372	25	0.512149139037659
372	26	0.512149139037659
372	27	0.512149139037659
372	28	0.512149139037659
372	29	0.512149139037659
372	30	0.512149139037659
372	31	0.512149139037659
372	32	0.512149139037659
372	33	0.512149139037659
372	34	0.512149139037659
373	0	0.512149139037659
373	1	0.512149139037659
373	2	0.512149139037659
373	3	0.512149139037659
373	4	0.512149139037659
373	5	0.512149139037659
373	6	0.512149139037659
374	0	0.512149139037659
374	1	0.512149139037659
374	2	0.512149139037659
374	3	0.512149139037659
374	4	0.512149139037659
374	5	0.512149139037659
374	6	0.512149139037659
374	7	0.512149139037659
374	8	0.512149139037659
374	9	0.512149139037659
374	10	0.512149139037659
374	11	0.512149139037659
374	12	0.512149139037659
374	13	0.512149139037659
374	14	0.512149139037659
374	15	0.512149139037659
374	16	0.512149139037659
374	17	0.512149139037659
374	18	0.512149139037659
374	19	0.512149139037659
374	20	0.512149139037659
374	21	0.512149139037659
374	22	0.512149139037659
374	23	0.512149139037659
374	24	0.512149139037659
374	25	0.512149139037659
374	26	0.512149139037659
374	27	0.512149139037659
374	28	0.512149139037659
374	29	0.512149139037659
374	30	0.512149139037659
374	31	0.512149139037659
374	32	0.512149139037659
375	0	0.512149139037659
375	1	0.512149139037659
375	2	0.512149139037659
375	3	0.512149139037659
375	4	0.512149139037659
375	5	0.512149139037659
375	6	0.512149139037659
375	7	0.512149139037659
375	8	0.512149139037659
375	9	0.512149139037659
375	10	0.512149139037659
375	11	0.512149139037659
375	12	0.512149139037659
375	13	0.512149139037659
375	14	0.512149139037659
375	15	0.512149139037659
375	16	0.512149139037659
375	17	0.512149139037659
375	18	0.512149139037659
376	0	0.512149139037659
376	1	0.512149139037659
376	2	0.512149139037659
376	3	0.512149139037659
376	4	0.512149139037659
376	5	0.512149139037659
376	6	0.512149139037659
376	7	0.512149139037659
376	8	0.512149139037659
376	9	0.512149139037659
376	10	0.512149139037659
376	11	0.512149139037659
376	12	0.512149139037659
377	0	0.512149139037659
377	1	0.512149139037659
377	2	0.512149139037659
377	3	0.512149139037659
377	4	0.512149139037659
377	5	0.512149139037659
377	6	0.512149139037659
377	7	0.512149139037659
377	8	0.512149139037659
377	9	0.512149139037659
377	10	0.512149139037659
377	11	0.512149139037659
377	12	0.512149139037659
377	13	0.512149139037659
377	14	0.512149139037659
377	15	0.512149139037659
377	16	0.512149139037659
377	17	0.512149139037659
377	18	0.512149139037659
377	19	0.512149139037659
377	20	0.512149139037659
377	21	0.512149139037659
377	22	0.512149139037659
377	23	0.512149139037659
377	24	0.512149139037659
377	25	0.512149139037659
377	26	0.512149139037659
378	0	0.512149139037659
378	1	0.512149139037659
378	2	0.512149139037659
378	3	0.512149139037659
378	4	0.512149139037659
378	5	0.512149139037659
378	6	0.512149139037659
378	7	0.512149139037659
378	8	0.512149139037659
378	9	0.512149139037659
378	10	0.512149139037659
378	11	0.512149139037659
378	12	0.512149139037659
378	13	0.512149139037659
379	0	0.512149139037659
379	1	0.512149139037659
379	2	0.512149139037659
379	3	0.512149139037659
379	4	0.512149139037659
379	5	0.512149139037659
379	6	0.512149139037659
379	7	0.512149139037659
379	8	0.512149139037659
380	0	0.512149139037659
380	1	0.512149139037659
380	2	0.512149139037659
380	3	0.512149139037659
380	4	0.512149139037659
380	5	0.512149139037659
380	6	0.512149139037659
380	7	0.512149139037659
380	8	0.512149139037659
381	0	0.512149139037659
381	1	0.512149139037659
381	2	0.512149139037659
381	3	0.512149139037659
381	4	0.512149139037659
381	5	0.512149139037659
381	6	0.512149139037659
381	7	0.512149139037659
381	8	0.512149139037659
381	9	0.512149139037659
381	10	0.512149139037659
381	11	0.512149139037659
381	12	0.512149139037659
381	13	0.512149139037659
381	14	0.512149139037659
381	15	0.512149139037659
381	16	0.512149139037659
381	17	0.512149139037659
381	18	0.512149139037659
381	19	0.512149139037659
381	20	0.512149139037659
382	0	0.512149139037659
382	1	0.512149139037659
382	2	0.512149139037659
382	3	0.512149139037659
382	4	0.512149139037659
382	5	0.512149139037659
382	6	0.512149139037659
382	7	0.512149139037659
382	8	0.512149139037659
382	9	0.512149139037659
382	10	0.512149139037659
382	11	0.512149139037659
382	12	0.512149139037659
382	13	0.512149139037659
382	14	0.512149139037659
382	15	0.512149139037659
383	0	0.512149139037659
383	1	0.512149139037659
383	2	0.512149139037659
383	3	0.512149139037659
383	4	0.512149139037659
383	5	0.512149139037659
383	6	0.512149139037659
383	7	0.512149139037659
383	8	0.512149139037659
383	9	0.512149139037659
383	10	0.512149139037659
383	11	0.512149139037659
383	12	0.512149139037659
383	13	0.512149139037659
384	0	0.512149139037659
384	1	0.512149139037659
384	2	0.512149139037659
384	3	0.512149139037659
384	4	0.512149139037659
384	5	0.512149139037659
384	6	0.512149139037659
384	7	0.512149139037659
384	8	0.512149139037659
384	9	0.512149139037659
384	10	0.512149139037659
384	11	0.512149139037659
384	12	0.512149139037659
384	13	0.512149139037659
384	14	0.512149139037659
384	15	0.512149139037659
384	16	0.512149139037659
384	17	0.512149139037659
384	18	0.512149139037659
384	19	0.512149139037659
384	20	0.512149139037659
384	21	0.512149139037659
384	22	0.512149139037659
384	23	0.512149139037659
384	24	0.512149139037659
384	25	0.512149139037659
384	26	0.512149139037659
384	27	0.512149139037659
384	28	0.512149139037659
384	29	0.512149139037659
384	30	0.512149139037659
384	31	0.512149139037659
384	32	0.512149139037659
384	33	0.512149139037659
384	34	0.512149139037659
385	0	0.512149139037659
385	1	0.512149139037659
385	2	0.512149139037659
385	3	0.512149139037659
385	4	0.512149139037659
385	5	0.512149139037659
385	6	0.512149139037659
385	7	0.512149139037659
385	8	0.512149139037659
385	9	0.512149139037659
385	10	0.512149139037659
385	11	0.512149139037659
385	12	0.512149139037659
385	13	0.512149139037659
385	14	0.512149139037659
385	15	0.512149139037659
385	16	0.512149139037659
385	17	0.512149139037659
385	18	0.512149139037659
385	19	0.512149139037659
385	20	0.512149139037659
385	21	0.512149139037659
385	22	0.512149139037659
385	23	0.512149139037659
385	24	0.512149139037659
386	0	0.512149139037659
386	1	0.512149139037659
386	2	0.512149139037659
386	3	0.512149139037659
386	4	0.512149139037659
386	5	0.512149139037659
386	6	0.512149139037659
386	7	0.512149139037659
386	8	0.512149139037659
387	0	0.512149139037659
387	1	0.512149139037659
387	2	0.512149139037659
387	3	0.512149139037659
387	4	0.512149139037659
387	5	0.512149139037659
387	6	0.512149139037659
387	7	0.512149139037659
387	8	0.512149139037659
388	0	0.512149139037659
388	1	0.512149139037659
388	2	0.512149139037659
388	3	0.512149139037659
388	4	0.512149139037659
388	5	0.512149139037659
388	6	0.512149139037659
388	7	0.512149139037659
388	8	0.512149139037659
388	9	0.512149139037659
388	10	0.512149139037659
388	11	0.512149139037659
388	12	0.512149139037659
388	13	0.512149139037659
388	14	0.512149139037659
388	15	0.512149139037659
388	16	0.512149139037659
388	17	0.512149139037659
388	18	0.512149139037659
389	0	0.512149139037659
389	1	0.512149139037659
389	2	0.512149139037659
389	3	0.512149139037659
389	4	0.512149139037659
389	5	0.512149139037659
389	6	0.512149139037659
389	7	0.512149139037659
389	8	0.512149139037659
390	0	0.512149139037659
390	1	0.512149139037659
390	2	0.512149139037659
390	3	0.512149139037659
390	4	0.512149139037659
390	5	0.512149139037659
390	6	0.512149139037659
390	7	0.512149139037659
390	8	0.512149139037659
391	0	0.512149139037659
391	1	0.512149139037659
391	2	0.512149139037659
391	3	0.512149139037659
391	4	0.512149139037659
391	5	0.512149139037659
391	6	0.512149139037659
391	7	0.512149139037659
391	8	0.512149139037659
392	0	0.512149139037659
392	1	0.512149139037659
392	2	0.512149139037659
392	3	0.512149139037659
392	4	0.512149139037659
392	5	0.512149139037659
392	6	0.512149139037659
392	7	0.512149139037659
392	8	0.512149139037659
392	9	0.512149139037659
392	10	0.512149139037659
392	11	0.512149139037659
392	12	0.512149139037659
392	13	0.512149139037659
393	0	0.512149139037659
393	1	0.512149139037659
393	2	0.512149139037659
393	3	0.512149139037659
393	4	0.512149139037659
393	5	0.512149139037659
393	6	0.512149139037659
393	7	0.512149139037659
393	8	0.512149139037659
393	9	0.512149139037659
393	10	0.512149139037659
393	11	0.512149139037659
393	12	0.512149139037659
393	13	0.512149139037659
393	14	0.512149139037659
393	15	0.512149139037659
393	16	0.512149139037659
393	17	0.512149139037659
393	18	0.512149139037659
393	19	0.512149139037659
393	20	0.512149139037659
393	21	0.512149139037659
393	22	0.512149139037659
393	23	0.512149139037659
393	24	0.512149139037659
393	25	0.512149139037659
393	26	0.512149139037659
393	27	0.512149139037659
393	28	0.512149139037659
393	29	0.512149139037659
393	30	0.512149139037659
393	31	0.512149139037659
393	32	0.512149139037659
393	33	0.512149139037659
393	34	0.512149139037659
393	35	0.512149139037659
393	36	0.512149139037659
393	37	0.512149139037659
393	38	0.512149139037659
394	0	0.512149139037659
394	1	0.512149139037659
394	2	0.512149139037659
394	3	0.512149139037659
394	4	0.512149139037659
394	5	0.512149139037659
394	6	0.512149139037659
394	7	0.512149139037659
394	8	0.512149139037659
394	9	0.512149139037659
394	10	0.512149139037659
394	11	0.512149139037659
394	12	0.512149139037659
394	13	0.512149139037659
395	0	0.512149139037659
395	1	0.512149139037659
395	2	0.512149139037659
395	3	0.512149139037659
395	4	0.512149139037659
395	5	0.512149139037659
395	6	0.512149139037659
395	7	0.512149139037659
395	8	0.512149139037659
396	0	0.512149139037659
396	1	0.512149139037659
396	2	0.512149139037659
396	3	0.512149139037659
396	4	0.512149139037659
396	5	0.512149139037659
396	6	0.512149139037659
396	7	0.512149139037659
396	8	0.512149139037659
396	9	0.512149139037659
396	10	0.512149139037659
397	0	0.512149139037659
397	1	0.512149139037659
397	2	0.512149139037659
397	3	0.512149139037659
397	4	0.512149139037659
397	5	0.512149139037659
397	6	0.512149139037659
397	7	0.512149139037659
397	8	0.512149139037659
397	9	0.512149139037659
397	10	0.512149139037659
397	11	0.512149139037659
397	12	0.512149139037659
398	0	0.512149139037659
398	1	0.512149139037659
398	2	0.512149139037659
398	3	0.512149139037659
398	4	0.512149139037659
398	5	0.512149139037659
399	0	0.512149139037659
399	1	0.512149139037659
399	2	0.512149139037659
399	3	0.512149139037659
399	4	0.512149139037659
399	5	0.512149139037659
399	6	0.512149139037659
399	7	0.512149139037659
399	8	0.512149139037659
399	9	0.512149139037659
400	0	0.512149139037659
400	1	0.512149139037659
400	2	0.512149139037659
400	3	0.512149139037659
400	4	0.512149139037659
400	5	0.512149139037659
400	6	0.512149139037659
400	7	0.512149139037659
400	8	0.512149139037659
400	9	0.512149139037659
400	10	0.512149139037659
400	11	0.512149139037659
400	12	0.512149139037659
400	13	0.512149139037659
400	14	0.512149139037659
400	15	0.512149139037659
400	16	0.512149139037659
400	17	0.512149139037659
400	18	0.512149139037659
400	19	0.512149139037659
400	20	0.512149139037659
400	21	0.512149139037659
400	22	0.512149139037659
400	23	0.512149139037659
400	24	0.512149139037659
400	25	0.512149139037659
401	0	0.512149139037659
401	1	0.512149139037659
401	2	0.512149139037659
401	3	0.512149139037659
401	4	0.512149139037659
401	5	0.512149139037659
401	6	0.512149139037659
401	7	0.512149139037659
401	8	0.512149139037659
402	0	0.512149139037659
402	1	0.512149139037659
402	2	0.512149139037659
402	3	0.512149139037659
402	4	0.512149139037659
402	5	0.512149139037659
402	6	0.512149139037659
402	7	0.512149139037659
402	8	0.512149139037659
402	9	0.512149139037659
402	10	0.512149139037659
402	11	0.512149139037659
402	12	0.512149139037659
403	0	0.512149139037659
403	1	0.512149139037659
403	2	0.512149139037659
403	3	0.512149139037659
403	4	0.512149139037659
403	5	0.512149139037659
403	6	0.512149139037659
403	7	0.512149139037659
403	8	0.512149139037659
403	9	0.512149139037659
403	10	0.512149139037659
403	11	0.512149139037659
403	12	0.512149139037659
404	0	0.512149139037659
404	1	0.512149139037659
404	2	0.512149139037659
404	3	0.512149139037659
404	4	0.512149139037659
404	5	0.512149139037659
404	6	0.512149139037659
404	7	0.512149139037659
404	8	0.512149139037659
404	9	0.512149139037659
404	10	0.512149139037659
404	11	0.512149139037659
404	12	0.512149139037659
404	13	0.512149139037659
404	14	0.512149139037659
404	15	0.512149139037659
404	16	0.512149139037659
404	17	0.512149139037659
404	18	0.512149139037659
404	19	0.512149139037659
404	20	0.512149139037659
404	21	0.512149139037659
404	22	0.512149139037659
404	23	0.512149139037659
404	24	0.512149139037659
404	25	0.512149139037659
404	26	0.512149139037659
404	27	0.512149139037659
404	28	0.512149139037659
404	29	0.512149139037659
404	30	0.512149139037659
405	0	0.512149139037659
405	1	0.512149139037659
405	2	0.512149139037659
405	3	0.512149139037659
405	4	0.512149139037659
405	5	0.512149139037659
405	6	0.512149139037659
405	7	0.512149139037659
405	8	0.512149139037659
406	0	0.512149139037659
406	1	0.512149139037659
406	2	0.512149139037659
406	3	0.512149139037659
406	4	0.512149139037659
406	5	0.512149139037659
406	6	0.512149139037659
406	7	0.512149139037659
406	8	0.512149139037659
406	9	0.512149139037659
406	10	0.512149139037659
406	11	0.512149139037659
406	12	0.512149139037659
406	13	0.512149139037659
406	14	0.512149139037659
406	15	0.512149139037659
406	16	0.512149139037659
407	0	0.512149139037659
407	1	0.512149139037659
407	2	0.512149139037659
407	3	0.512149139037659
407	4	0.512149139037659
407	5	0.512149139037659
407	6	0.512149139037659
407	7	0.512149139037659
407	8	0.512149139037659
407	9	0.512149139037659
407	10	0.512149139037659
407	11	0.512149139037659
407	12	0.512149139037659
407	13	0.512149139037659
407	14	0.512149139037659
407	15	0.512149139037659
407	16	0.512149139037659
407	17	0.512149139037659
407	18	0.512149139037659
407	19	0.512149139037659
407	20	0.512149139037659
407	21	0.512149139037659
408	0	0.512149139037659
408	1	0.512149139037659
408	2	0.512149139037659
408	3	0.512149139037659
408	4	0.512149139037659
408	5	0.512149139037659
408	6	0.512149139037659
409	0	0.512149139037659
409	1	0.512149139037659
409	2	0.512149139037659
409	3	0.512149139037659
409	4	0.512149139037659
409	5	0.512149139037659
409	6	0.512149139037659
409	7	0.512149139037659
409	8	0.512149139037659
