351	0	23.728376388549805
351	1	996.2775268554688
351	2	1001.5637817382812
351	3	922.1782836914062
351	4	875.2677612304688
351	5	997.5885009765625
351	6	1000.34033203125
351	7	1000.34033203125
351	8	991.325439453125
351	9	1002.1859741210938
351	10	998.6571655273438
351	11	1002.1405029296875
351	12	978.71044921875
351	13	995.2098388671875
351	14	988.6728515625
351	15	990.8775024414062
351	16	998.2831420898438
351	17	990.931884765625
351	18	989.7486572265625
351	19	998.7774047851562
351	20	1008.1738891601562
351	21	995.4843139648438
351	22	994.0004272460938
351	23	968.8906860351562
351	24	754.67041015625
352	0	956.404296875
352	1	922.1782836914062
352	2	748.89013671875
352	3	992.7120971679688
352	4	968.8906860351562
352	5	23.728376388549805
352	6	998.7740478515625
352	7	996.2775268554688
353	0	989.5918579101562
353	1	1805.87890625
353	2	922.1782836914062
353	3	748.89013671875
353	4	968.8906860351562
353	5	23.728376388549805
353	6	1001.5637817382812
353	7	996.2775268554688
354	0	989.5918579101562
354	1	748.89013671875
354	2	949.790283203125
354	3	910.8629760742188
354	4	968.8906860351562
354	5	23.728376388549805
354	6	1001.5637817382812
354	7	996.2775268554688
355	0	998.7740478515625
355	1	994.6392822265625
355	2	986.3569946289062
355	3	910.8629760742188
355	4	968.8906860351562
355	5	748.89013671875
355	6	989.7786865234375
356	0	748.89013671875
356	1	910.8629760742188
356	2	989.5918579101562
356	3	930.5314331054688
356	4	968.8906860351562
356	5	23.728376388549805
356	6	996.2775268554688
356	7	998.7740478515625
357	0	953.6953125
357	1	755.783935546875
357	2	989.5918579101562
357	3	910.8629760742188
357	4	968.8906860351562
357	5	23.728376388549805
357	6	996.2775268554688
357	7	998.7740478515625
358	0	989.5918579101562
358	1	748.9944458007812
358	2	910.8629760742188
358	3	940.7683715820312
358	4	23.728376388549805
358	5	1001.5637817382812
358	6	996.2775268554688
358	7	968.8906860351562
359	0	910.8629760742188
359	1	748.9944458007812
359	2	989.5918579101562
359	3	937.6670532226562
359	4	968.8906860351562
359	5	23.728376388549805
359	6	996.2775268554688
359	7	998.7740478515625
360	0	985.547607421875
360	1	968.8906860351562
360	2	989.0424194335938
360	3	910.8629760742188
360	4	748.9944458007812
360	5	994.2164916992188
360	6	998.7740478515625
360	7	996.2775268554688
360	8	23.728376388549805
360	9	400.0224609375
360	10	807.7466430664062
360	11	990.0513305664062
360	12	860.3956298828125
360	13	974.0513305664062
361	0	748.9944458007812
361	1	989.5918579101562
361	2	937.6670532226562
361	3	910.8629760742188
361	4	968.8906860351562
361	5	23.728376388549805
361	6	1001.5637817382812
361	7	996.2775268554688
362	0	993.6561889648438
362	1	910.8629760742188
362	2	994.3863525390625
362	3	31.70284652709961
362	4	1007.8378295898438
362	5	997.3507690429688
362	6	843.9132690429688
362	7	992.9819946289062
362	8	996.3160400390625
362	9	1007.99072265625
362	10	1005.764892578125
362	11	1005.3236083984375
362	12	998.1703491210938
362	13	969.4381103515625
362	14	1007.708740234375
362	15	995.6405029296875
362	16	995.480224609375
362	17	996.2363891601562
362	18	1004.5686645507812
362	19	996.6082153320312
363	0	910.8629760742188
363	1	1001.5637817382812
363	2	23.728376388549805
363	3	996.2775268554688
363	4	994.369873046875
363	5	988.6728515625
363	6	997.5885009765625
363	7	875.2677612304688
363	8	991.325439453125
363	9	999.3245849609375
363	10	976.2069702148438
363	11	1002.1859741210938
363	12	1000.3831787109375
363	13	1002.0930786132812
363	14	995.2098388671875
363	15	1002.0930786132812
363	16	998.2831420898438
363	17	990.931884765625
363	18	989.7486572265625
363	19	998.7774047851562
364	0	998.2949829101562
364	1	948.9859008789062
364	2	1001.9241943359375
364	3	910.9054565429688
364	4	779.6292724609375
364	5	984.3717651367188
364	6	989.9300537109375
364	7	419.51324462890625
364	8	31.70284652709961
364	9	993.6561889648438
364	10	997.1890258789062
364	11	952.5210571289062
364	12	832.8363037109375
364	13	886.2015991210938
364	14	999.8829345703125
364	15	983.8086547851562
365	0	948.3163452148438
365	1	997.2660522460938
365	2	998.7740478515625
365	3	748.9944458007812
365	4	910.9054565429688
365	5	968.8906860351562
365	6	988.8037109375
365	7	23.728376388549805
365	8	996.2775268554688
365	9	401.6745300292969
365	10	937.6670532226562
365	11	989.5918579101562
365	12	824.3336181640625
365	13	969.251953125
365	14	995.40185546875
365	15	798.2549438476562
366	0	910.9054565429688
366	1	989.5918579101562
366	2	748.9944458007812
366	3	937.6670532226562
366	4	968.8906860351562
366	5	996.2775268554688
366	6	23.728376388549805
366	7	998.7740478515625
367	0	937.6670532226562
367	1	748.9944458007812
367	2	910.9054565429688
367	3	989.5918579101562
367	4	23.728376388549805
367	5	1001.5637817382812
367	6	996.2775268554688
367	7	968.8906860351562
368	0	989.5918579101562
368	1	748.9944458007812
368	2	910.9054565429688
368	3	937.6670532226562
368	4	968.8906860351562
368	5	23.728376388549805
368	6	1000.4764404296875
368	7	998.7740478515625
369	0	995.29248046875
369	1	942.9364624023438
369	2	1001.5637817382812
369	3	968.8906860351562
369	4	910.9054565429688
369	5	748.9944458007812
369	6	988.7939453125
369	7	398.457275390625
369	8	833.07958984375
369	9	993.416259765625
369	10	972.6000366210938
369	11	807.7466430664062
369	12	1000.4764404296875
369	13	23.728376388549805
370	0	968.8906860351562
370	1	988.8037109375
370	2	997.2660522460938
370	3	944.9100341796875
370	4	998.7740478515625
370	5	910.9054565429688
370	6	748.9944458007812
370	7	23.728376388549805
370	8	1000.4764404296875
370	9	401.6745300292969
370	10	824.3336181640625
370	11	995.40185546875
370	12	969.251953125
370	13	798.2549438476562
371	0	23.728376388549805
371	1	912.5111083984375
371	2	1001.5637817382812
371	3	996.2775268554688
371	4	1000.6250610351562
371	5	998.2440185546875
371	6	995.3513793945312
371	7	1000.5926513671875
371	8	990.2981567382812
371	9	991.0332641601562
371	10	991.8733520507812
371	11	1004.7276611328125
371	12	1001.6611938476562
371	13	972.7371826171875
371	14	999.4620971679688
371	15	1003.1502685546875
371	16	1005.6630249023438
371	17	1002.072998046875
371	18	993.0974731445312
371	19	849.459716796875
372	0	864.0975952148438
372	1	994.8989868164062
372	2	-296.85693359375
372	3	985.511962890625
372	4	994.5105590820312
372	5	984.5794067382812
372	6	958.1411743164062
372	7	993.652587890625
372	8	1001.8287963867188
372	9	983.609130859375
372	10	990.2880859375
372	11	993.243896484375
372	12	983.3104858398438
372	13	984.2447509765625
372	14	995.1710815429688
372	15	995.0380249023438
372	16	995.1710815429688
372	17	997.0425415039062
372	18	990.0673828125
372	19	994.0457763671875
372	20	986.767333984375
372	21	978.1251220703125
372	22	969.4381103515625
372	23	998.9298706054688
372	24	916.230712890625
372	25	28.819011688232422
372	26	943.7299194335938
372	27	994.8026123046875
372	28	994.8416748046875
372	29	785.3588256835938
372	30	975.7561645507812
372	31	988.0576782226562
372	32	992.6527709960938
372	33	943.3466186523438
372	34	409.0226745605469
373	0	977.8817749023438
373	1	916.7276611328125
373	2	998.7740478515625
373	3	912.5111083984375
373	4	968.8906860351562
373	5	748.9944458007812
373	6	991.005126953125
374	0	141.15386962890625
374	1	999.8359375
374	2	998.76611328125
374	3	945.3485107421875
374	4	995.6112060546875
374	5	993.7349243164062
374	6	988.2348022460938
374	7	995.6112060546875
374	8	987.240234375
374	9	869.422119140625
374	10	987.3966064453125
374	11	810.906494140625
374	12	890.1138305664062
374	13	831.234619140625
374	14	879.8605346679688
374	15	955.2470703125
374	16	1001.3551635742188
374	17	408.6540222167969
374	18	980.1194458007812
374	19	937.9368286132812
374	20	434.5107421875
374	21	840.2640991210938
374	22	624.4017333984375
374	23	995.6112060546875
374	24	937.7001953125
374	25	996.2232055664062
374	26	37.10114669799805
374	27	919.6632080078125
374	28	980.6697387695312
374	29	998.9172973632812
374	30	980.98291015625
374	31	790.0197143554688
374	32	994.7337646484375
375	0	997.5885009765625
375	1	981.0037231445312
375	2	834.758056640625
375	3	860.80859375
375	4	1002.1405029296875
375	5	995.3828735351562
375	6	912.5111083984375
375	7	23.728376388549805
375	8	990.7247924804688
375	9	995.40087890625
375	10	966.5035400390625
375	11	942.924560546875
375	12	995.40087890625
375	13	985.112060546875
375	14	887.4656372070312
375	15	843.6419677734375
375	16	941.918701171875
375	17	998.2471923828125
375	18	974.7822265625
376	0	887.4656372070312
376	1	1001.7855224609375
376	2	942.924560546875
376	3	990.7247924804688
376	4	995.40087890625
376	5	993.7581176757812
376	6	1002.1405029296875
376	7	990.1358642578125
376	8	912.5111083984375
376	9	860.80859375
376	10	995.3828735351562
376	11	995.40087890625
376	12	832.3175048828125
377	0	148.66380310058594
377	1	892.4216918945312
377	2	998.76611328125
377	3	995.6569213867188
377	4	980.1194458007812
377	5	-170.42453002929688
377	6	820.0269165039062
377	7	937.9368286132812
377	8	937.616943359375
377	9	624.4017333984375
377	10	810.906494140625
377	11	840.2640991210938
377	12	480.48187255859375
377	13	991.09912109375
377	14	862.7051391601562
377	15	987.3966064453125
377	16	991.5025024414062
377	17	991.09912109375
377	18	991.09912109375
377	19	869.422119140625
377	20	1022.91455078125
377	21	988.2348022460938
377	22	1001.3551635742188
377	23	955.2470703125
377	24	999.1819458007812
377	25	937.7001953125
377	26	845.7979736328125
378	0	997.5885009765625
378	1	588.3880615234375
378	2	860.80859375
378	3	992.5365600585938
378	4	998.2471923828125
378	5	990.7247924804688
378	6	995.40087890625
378	7	985.112060546875
378	8	832.3175048828125
378	9	999.3245849609375
378	10	993.7581176757812
378	11	912.5111083984375
378	12	942.924560546875
378	13	873.8671875
379	0	986.807373046875
379	1	946.7752685546875
379	2	748.9944458007812
379	3	916.230712890625
379	4	984.3717651367188
379	5	837.4078369140625
379	6	839.6256713867188
379	7	1003.0578002929688
379	8	858.3482666015625
380	0	937.6670532226562
380	1	912.5111083984375
380	2	989.5918579101562
380	3	748.9944458007812
380	4	75.2760009765625
380	5	832.3175048828125
380	6	998.7740478515625
380	7	860.80859375
380	8	968.8906860351562
381	0	407.5251770019531
381	1	998.7740478515625
381	2	860.80859375
381	3	911.1454467773438
381	4	832.3175048828125
381	5	810.906494140625
381	6	995.6569213867188
381	7	624.4017333984375
381	8	434.5107421875
381	9	980.1194458007812
381	10	840.2640991210938
381	11	1001.3551635742188
381	12	955.2470703125
381	13	987.3966064453125
381	14	991.09912109375
381	15	987.240234375
381	16	1019.61962890625
381	17	996.2232055664062
381	18	942.8624877929688
381	19	988.2348022460938
381	20	991.09912109375
382	0	911.1454467773438
382	1	745.8224487304688
382	2	941.6517333984375
382	3	992.7120971679688
382	4	998.7740478515625
382	5	832.3175048828125
382	6	860.80859375
382	7	75.2691421508789
382	8	972.0912475585938
382	9	997.5885009765625
382	10	981.0037231445312
382	11	825.291015625
382	12	917.1299438476562
382	13	977.203369140625
382	14	985.6524658203125
382	15	702.2432861328125
383	0	974.7822265625
383	1	990.931884765625
383	2	1001.7855224609375
383	3	995.40087890625
383	4	985.112060546875
383	5	993.7581176757812
383	6	995.40087890625
383	7	832.3175048828125
383	8	942.924560546875
383	9	911.1454467773438
383	10	860.80859375
383	11	990.7247924804688
383	12	999.3245849609375
383	13	992.5365600585938
384	0	995.2828979492188
384	1	399.9527587890625
384	2	864.482177734375
384	3	845.7979736328125
384	4	406.004638671875
384	5	859.2861938476562
384	6	936.3345336914062
384	7	995.9847412109375
384	8	999.8359375
384	9	439.24322509765625
384	10	843.5659790039062
384	11	980.1194458007812
384	12	815.4866943359375
384	13	1019.61962890625
384	14	987.3966064453125
384	15	999.1819458007812
384	16	937.9368286132812
384	17	995.6112060546875
384	18	987.240234375
384	19	992.7468872070312
384	20	991.09912109375
384	21	955.2470703125
384	22	1001.3551635742188
384	23	629.6658325195312
384	24	-174.51010131835938
384	25	1010.2343139648438
384	26	881.9224243164062
384	27	603.3450927734375
384	28	898.0265502929688
384	29	1003.1447143554688
384	30	991.0184326171875
384	31	790.851806640625
384	32	964.0902709960938
384	33	964.2037963867188
384	34	981.1738891601562
385	0	998.7740478515625
385	1	911.1454467773438
385	2	832.3175048828125
385	3	75.2691421508789
385	4	860.80859375
385	5	827.90576171875
385	6	997.5885009765625
385	7	981.0037231445312
385	8	438.7000732421875
385	9	974.7822265625
385	10	990.931884765625
385	11	629.4945678710938
385	12	843.6419677734375
385	13	998.2471923828125
385	14	985.112060546875
385	15	942.924560546875
385	16	995.40087890625
385	17	990.7247924804688
385	18	993.7581176757812
385	19	1002.1405029296875
385	20	995.3828735351562
385	21	1004.4971923828125
385	22	745.8224487304688
385	23	960.1261596679688
385	24	991.053955078125
386	0	937.6670532226562
386	1	989.5918579101562
386	2	911.1454467773438
386	3	745.8224487304688
386	4	832.3175048828125
386	5	860.80859375
386	6	998.7740478515625
386	7	407.5251770019531
386	8	968.8906860351562
387	0	937.6670532226562
387	1	745.8224487304688
387	2	989.5918579101562
387	3	911.1454467773438
387	4	1001.5637817382812
387	5	832.3175048828125
387	6	860.80859375
387	7	407.5251770019531
387	8	968.8906860351562
388	0	977.0338745117188
388	1	409.0226745605469
388	2	901.6796875
388	3	977.19384765625
388	4	851.7141723632812
388	5	981.0139770507812
388	6	796.72021484375
388	7	975.1201171875
388	8	712.50634765625
388	9	968.8906860351562
388	10	745.8224487304688
388	11	911.1454467773438
388	12	937.6670532226562
388	13	989.5918579101562
388	14	832.3175048828125
388	15	407.5251770019531
388	16	998.7740478515625
388	17	860.80859375
388	18	998.0079956054688
389	0	745.8224487304688
389	1	937.6670532226562
389	2	911.1454467773438
389	3	989.5918579101562
389	4	860.80859375
389	5	407.5251770019531
389	6	832.3175048828125
389	7	998.7740478515625
389	8	968.8906860351562
390	0	937.6670532226562
390	1	911.1454467773438
390	2	745.8224487304688
390	3	989.5918579101562
390	4	860.80859375
390	5	407.5251770019531
390	6	832.3175048828125
390	7	1001.5637817382812
390	8	968.8906860351562
391	0	745.8224487304688
391	1	937.6670532226562
391	2	911.1454467773438
391	3	989.5918579101562
391	4	407.5251770019531
391	5	968.8906860351562
391	6	832.3175048828125
391	7	998.7740478515625
391	8	860.80859375
392	0	996.72021484375
392	1	999.3028564453125
392	2	836.5769653320312
392	3	994.067138671875
392	4	991.6041870117188
392	5	1004.2196655273438
392	6	996.4385375976562
392	7	631.2456665039062
392	8	1001.0187377929688
392	9	840.2914428710938
392	10	1000.8285522460938
392	11	858.4513549804688
392	12	911.1454467773438
392	13	938.4873046875
393	0	995.051025390625
393	1	886.82080078125
393	2	864.0308837890625
393	3	960.3473510742188
393	4	801.9796142578125
393	5	966.0827026367188
393	6	988.2340698242188
393	7	994.9384765625
393	8	700.9574584960938
393	9	452.06298828125
393	10	1003.0578002929688
393	11	858.4513549804688
393	12	840.2914428710938
393	13	924.0341186523438
393	14	985.6573486328125
393	15	940.7623901367188
393	16	989.5619506835938
393	17	989.5619506835938
393	18	1016.7626342773438
393	19	994.636474609375
393	20	986.6976318359375
393	21	994.6867065429688
393	22	986.9387817382812
393	23	803.2342529296875
393	24	964.4476928710938
393	25	952.440673828125
393	26	981.829833984375
393	27	825.9387817382812
393	28	436.68121337890625
393	29	622.5101318359375
393	30	984.3717651367188
393	31	791.4004516601562
393	32	952.5210571289062
393	33	997.1890258789062
393	34	980.7514038085938
393	35	973.0130004882812
393	36	911.4599609375
393	37	979.6103515625
393	38	991.39599609375
394	0	1001.7855224609375
394	1	795.0325317382812
394	2	1002.1405029296875
394	3	990.7247924804688
394	4	995.3828735351562
394	5	990.1358642578125
394	6	832.3175048828125
394	7	995.40087890625
394	8	942.924560546875
394	9	995.40087890625
394	10	856.8787231445312
394	11	993.7581176757812
394	12	911.1454467773438
394	13	798.2549438476562
395	0	972.2701416015625
395	1	944.515625
395	2	982.270751953125
395	3	986.57958984375
395	4	1000.279052734375
395	5	1007.1077270507812
395	6	959.9752807617188
395	7	938.3635864257812
395	8	700.9574584960938
396	0	712.5985107421875
396	1	982.616943359375
396	2	946.4146118164062
396	3	1002.4716186523438
396	4	1011.56689453125
396	5	999.2555541992188
396	6	983.1185913085938
396	7	1005.3196411132812
396	8	994.5797119140625
396	9	1004.0578002929688
396	10	978.5372924804688
397	0	712.5985107421875
397	1	1015.957275390625
397	2	1005.7760009765625
397	3	996.352783203125
397	4	988.8497924804688
397	5	971.4187622070312
397	6	946.4146118164062
397	7	1014.1715087890625
397	8	970.4615478515625
397	9	736.4002075195312
397	10	859.814697265625
397	11	1005.138916015625
397	12	952.5485229492188
398	0	986.57958984375
398	1	972.8749389648438
398	2	968.9218139648438
398	3	943.3466186523438
398	4	771.5004272460938
398	5	961.3580932617188
399	0	824.3336181640625
399	1	798.2549438476562
399	2	969.251953125
399	3	964.664306640625
399	4	980.98291015625
399	5	745.8224487304688
399	6	996.4722900390625
399	7	924.0341186523438
399	8	937.6670532226562
399	9	886.5830078125
400	0	1006.8038330078125
400	1	798.2549438476562
400	2	824.3336181640625
400	3	969.251953125
400	4	964.664306640625
400	5	462.5198669433594
400	6	862.7051391601562
400	7	911.1454467773438
400	8	845.7979736328125
400	9	1000.8079833984375
400	10	843.5659790039062
400	11	995.6569213867188
400	12	439.24322509765625
400	13	629.6658325195312
400	14	995.1454467773438
400	15	958.9630126953125
400	16	815.4866943359375
400	17	937.9368286132812
400	18	988.2348022460938
400	19	987.240234375
400	20	999.1819458007812
400	21	991.09912109375
400	22	982.4363403320312
400	23	1019.61962890625
400	24	995.6112060546875
400	25	983.3583984375
401	0	964.664306640625
401	1	824.3336181640625
401	2	798.2549438476562
401	3	969.251953125
401	4	745.8224487304688
401	5	968.8906860351562
401	6	937.6670532226562
401	7	911.1454467773438
401	8	989.5918579101562
402	0	964.664306640625
402	1	824.3336181640625
402	2	798.2549438476562
402	3	969.251953125
402	4	937.6670532226562
402	5	911.1454467773438
402	6	989.5918579101562
402	7	745.8224487304688
402	8	70.9076919555664
402	9	968.8906860351562
402	10	855.7512817382812
402	11	994.8416748046875
402	12	837.4078369140625
403	0	433.6611633300781
403	1	994.8989868164062
403	2	940.351806640625
403	3	992.1722412109375
403	4	995.0365600585938
403	5	911.1454467773438
403	6	986.9252319335938
403	7	993.65087890625
403	8	986.2966918945312
403	9	990.3616333007812
403	10	832.3175048828125
403	11	998.9298706054688
403	12	860.80859375
404	0	992.9364624023438
404	1	967.538818359375
404	2	833.07958984375
404	3	807.7466430664062
404	4	972.6000366210938
404	5	914.8650512695312
404	6	754.9492797851562
404	7	941.6517333984375
404	8	992.7120971679688
404	9	403.21380615234375
404	10	837.4078369140625
404	11	858.3482666015625
404	12	998.3531494140625
404	13	972.0912475585938
404	14	994.8989868164062
404	15	880.8286743164062
404	16	986.2966918945312
404	17	998.9298706054688
404	18	993.65087890625
404	19	987.497314453125
404	20	946.0994262695312
404	21	990.3616333007812
404	22	995.0365600585938
404	23	986.9252319335938
404	24	1001.632080078125
404	25	988.4374389648438
404	26	979.4454956054688
404	27	994.9398193359375
404	28	917.0231323242188
404	29	906.4346923828125
404	30	940.5726928710938
405	0	745.8224487304688
405	1	937.6670532226562
405	2	911.1454467773438
405	3	991.110595703125
405	4	968.8906860351562
405	5	407.5251770019531
405	6	832.3175048828125
405	7	998.7740478515625
405	8	860.80859375
406	0	401.2016906738281
406	1	817.3151245117188
406	2	968.9218139648438
406	3	851.7141723632812
406	4	975.1705932617188
406	5	754.9492797851562
406	6	992.7120971679688
406	7	941.6517333984375
406	8	914.8650512695312
406	9	403.21380615234375
406	10	858.3482666015625
406	11	998.3531494140625
406	12	837.4078369140625
406	13	972.0912475585938
406	14	991.7386474609375
406	15	989.6280517578125
406	16	702.125732421875
407	0	983.5556030273438
407	1	414.74639892578125
407	2	883.7987670898438
407	3	943.9572143554688
407	4	907.6551513671875
407	5	790.851806640625
407	6	972.9413452148438
407	7	932.1448364257812
407	8	613.200439453125
407	9	864.1876831054688
407	10	819.9898071289062
407	11	824.7672729492188
407	12	870.854736328125
407	13	-472.3651123046875
407	14	937.3478393554688
407	15	966.38818359375
407	16	1009.773193359375
407	17	983.32275390625
407	18	873.5075073242188
407	19	873.5075073242188
407	20	968.8138427734375
407	21	899.6657104492188
408	0	400.3080139160156
408	1	863.515869140625
408	2	980.4197998046875
408	3	979.7742919921875
408	4	745.8224487304688
408	5	991.0731811523438
408	6	997.8755493164062
409	0	969.251953125
409	1	863.515869140625
409	2	886.7804565429688
409	3	986.6710205078125
409	4	967.6820678710938
409	5	745.8224487304688
409	6	960.1261596679688
409	7	1004.4971923828125
409	8	946.6966552734375
