66	0	0.4810483686448082
66	1	0.48104737425848426
66	2	0.481107829787083
66	3	0.4810656127305836
66	4	0.4811548976861095
66	5	0.48104768312183976
66	6	0.481047379670572
66	7	0.48104737844030526
66	8	0.48104740589893286
67	0	0.48110728640020967
67	1	0.48104768236748235
67	2	0.481154762538273
67	3	0.48106560398100323
67	4	0.48104836620836866
67	5	0.48104737425846095
68	0	0.48104737809813813
68	1	0.4811074917490627
68	2	0.4810655914306342
68	3	0.4811545455889081
68	4	0.4810483632766815
68	5	0.48104768162751665
68	6	0.48104737425843
69	0	0.48104737425846206
69	1	0.4810656030112404
69	2	0.48104768245214524
69	3	0.4811073424160213
69	4	0.4810483660837426
69	5	0.4811547362980264
69	6	0.4810473784299459
69	7	0.4810473788404247
69	8	0.48106291101492205
70	0	0.48115490338466455
70	1	0.4810483683865063
70	2	0.4810656119038722
70	3	0.4810473742584818
70	4	0.4810476830472635
70	5	0.4811075805499921
70	6	0.48104737844004464
70	7	0.48104737966928496
71	0	0.481154696210765
71	1	0.4810473742584536
71	2	0.48106560014407884
71	3	0.48104768210052046
71	4	0.4811074860150345
71	5	0.48104836528825096
71	6	0.48104737842810846
71	7	0.481047379653857
72	0	0.4810473742584674
72	1	0.48106560586172614
72	2	0.4810483668711302
72	3	0.48115477918501465
72	4	0.48110774544524365
72	5	0.4810476825156982
72	6	0.481047378433825
72	7	0.48104737966116856
73	0	0.4810476840231789
73	1	0.48104737425850674
73	2	0.4810483705591854
73	3	0.48106562121637286
73	4	0.48110775768856184
73	5	0.4811550441598262
73	6	0.48104737968220007
73	7	0.48104737844967815
74	0	0.4810476818169802
74	1	0.4810473742584477
74	2	0.48104836492636355
74	3	0.4811546646427877
74	4	0.4810655980161758
74	5	0.48110715881601535
74	6	0.48104737965110994
74	7	0.48104737842604184
75	0	0.4810483658696945
75	1	0.4810473784303498
75	2	0.4810473742584561
75	3	0.4811074276535951
75	4	0.48115471738956295
75	5	0.48106560150051325
75	6	0.48104757330369285
75	7	0.48104737965526123
76	0	0.48104737827139304
76	1	0.4810473742580622
76	2	0.48104832831250305
76	3	0.4811057356900074
76	4	0.4811521097980304
76	5	0.4810654521519449
76	6	0.48104737945137493
76	7	0.481047564789634
77	0	0.4810483694616826
77	1	0.4810475668080551
77	2	0.4810473742584939
77	3	0.48106561666470815
77	4	0.4811549640189673
77	5	0.4810473784438131
77	6	0.48104737967499966
77	7	0.48110829203470795
78	0	0.4810483588405785
78	1	0.4810473796192365
78	2	0.48106557343886597
78	3	0.4810473784006071
78	4	0.48110694009832156
78	5	0.4810473742583819
78	6	0.48115423315673084
78	7	0.48104753657270377
79	0	0.48104753219687985
79	1	0.48104737947008497
79	2	0.48110594888078945
79	3	0.48104737828608435
79	4	0.48104737425809974
79	5	0.48104833173019523
79	6	0.48106546520792
79	7	0.4811523609468327
80	0	0.48104753782438
80	1	0.4810473796611688
80	2	0.4810483669170718
80	3	0.4810473742584672
80	4	0.48110688045580163
80	5	0.4810656060182231
80	6	0.4810473784333268
80	7	0.4811547880323066
81	0	0.48104836587403194
81	1	0.4810473742584571
81	2	0.481047537711716
81	3	0.4810656019123185
81	4	0.48110737799312875
81	5	0.48104737965490424
81	6	0.48104737842966805
81	7	0.4811547222004286
82	0	0.4811547008616787
82	1	0.4810483651962619
82	2	0.4810473742584501
82	3	0.4810475376667122
82	4	0.4811075214054679
82	5	0.4810655991455988
82	6	0.4810473796524989
82	7	0.4810473784270136
83	0	0.4811547006797511
83	1	0.48113290662368796
83	2	0.4810475376432718
83	3	0.481107349320672
83	4	0.481065600693553
83	5	0.48104836536424567
83	6	0.4810473784285411
83	7	0.4810473796539899
83	8	0.48104737425845057
84	0	0.481117398006102
84	1	0.4810475377796798
84	2	0.4810473742584647
84	3	0.481107333718476
84	4	0.48115474987456147
84	5	0.48104836636751475
84	6	0.4810656038265137
84	7	0.4810473784318845
84	8	0.48104737965872546
85	0	0.48104753744669154
85	1	0.48104737425843863
85	2	0.48115460877042726
85	3	0.48104737964719424
85	4	0.48110735280696015
85	5	0.48106559486712963
85	6	0.4811174439572084
85	7	0.48104836406266516
85	8	0.4810473784223162
86	0	0.48104738148120074
86	1	0.4810483177220678
86	2	0.4810474640681472
86	3	0.4810473742579456
86	4	0.48110534674066663
86	5	0.48111834541158877
86	6	0.4810654103211749
86	7	0.4810473782249931
86	8	0.48115132096802443
87	0	0.4810473784267985
87	1	0.48104746860330777
87	2	0.4811075874917734
87	3	0.48115466970540793
87	4	0.4810483647255624
87	5	0.4810473814851354
87	6	0.4810473742585338
87	7	0.4810655976403386
87	8	0.48111742842360466
88	0	0.48169912457079245
88	1	0.48110640544267047
88	2	0.4810655302148558
88	3	0.4810473742587421
88	4	0.4810483480066333
88	5	0.48115348256192203
88	6	0.48104746696085593
88	7	0.481047381362919
89	0	0.48110726019106503
89	1	0.4810473780244387
89	2	0.4810473742586949
89	3	0.4811545359184133
89	4	0.4810655900440092
89	5	0.48104746841162455
89	6	0.48104836299416315
90	0	0.4810473742586744
90	1	0.48110700622777053
90	2	0.48104836122078204
90	3	0.48104746825142
90	4	0.4811511583296862
90	5	0.4811543911219361
90	6	0.48106558208482564
91	0	0.4811074700598391
91	1	0.4811463738822416
91	2	0.48104746830860945
91	3	0.4811544853008645
91	4	0.4810473803446385
91	5	0.48104836221498637
91	6	0.48104737425868443
91	7	0.4811231551338943
91	8	0.4810473780719539
91	9	0.48106558690996254
92	0	0.48104746871660015
92	1	0.4810483338594711
92	2	0.48110623348335463
92	3	0.48116267817036446
92	4	0.4810654735074394
92	5	0.481047374258728
92	6	0.48114473822545967
92	7	0.48104737829380034
92	8	0.4811180210495361
92	9	0.4810473812570031
93	0	0.48104737425873606
93	1	0.48104737843414613
93	2	0.48104737942421977
93	3	0.48104746880243526
93	4	0.4810473815018794
93	5	0.4810656051716365
93	6	0.4810483665182225
93	7	0.48110753948672624
93	8	0.48114661048875756
93	9	0.4811639643494491
93	10	0.4811173925396509
94	0	0.48104737440844186
94	1	0.4810473783344509
94	2	0.4810473813292834
94	3	0.4810483434268693
94	4	0.48104737425847977
94	5	0.4811452988923428
94	6	0.48116230949302474
94	7	0.4810655104349964
94	8	0.4811063107473427
94	9	0.4811178302617356
95	0	0.48104737450164
95	1	0.48115963879793466
95	2	0.4811765550780944
95	3	0.48110496111101764
95	4	0.48104737425808614
95	5	0.4810483068216499
95	6	0.48106537089336904
96	0	0.48104737445154166
96	1	0.4811064992752489
96	2	0.48104737425846966
96	3	0.4811762059063452
96	4	0.4810483422760726
96	5	0.48116221625496064
96	6	0.4810655063622535
97	0	0.48110611465185166
97	1	0.4811613008663106
97	2	0.481047374528872
97	3	0.481048329421517
97	4	0.4810473742583293
97	5	0.48104737739202247
97	6	0.48117592117818647
97	7	0.4810654556177399
97	8	0.48104737969550304
97	9	0.481123477483829
98	0	0.4810483651312756
98	1	0.4810655995022034
98	2	0.48116385480121154
98	3	0.4810473745321068
98	4	0.4811767715735442
98	5	0.4811080310815701
98	6	0.4810473814886041
98	7	0.48104737842586714
98	8	0.4811174232753579
98	9	0.4810473742587134
99	0	0.48104740351560954
99	1	0.48104737841502376
99	2	0.4810473742586873
99	3	0.4810473745304977
99	4	0.4810473814669254
99	5	0.4810483618579676
99	6	0.4811636386772985
99	7	0.4810655854357082
99	8	0.48110699458005357
99	9	0.48117653082976986
99	10	0.4811174777796299
100	0	0.4810473745287782
100	1	0.48104738142914155
100	2	0.48104742476671536
100	3	0.4810473742586269
100	4	0.4810473783911176
100	5	0.4811070418133865
100	6	0.48104835684883557
100	7	0.48111757201121585
100	8	0.4811761470443064
100	9	0.4811632729746952
100	10	0.4810655648045345
101	0	0.4810473745292461
101	1	0.4810473742586436
101	2	0.48104737839783157
101	3	0.48104738143751896
101	4	0.48104742483961727
101	5	0.4811077380899562
101	6	0.4811633825298873
101	7	0.48111754773866633
101	8	0.48106557094447505
101	9	0.48117624793464847
101	10	0.4810483581367335
102	0	0.48116225095870563
102	1	0.4810473783306351
102	2	0.48110656401277924
102	3	0.48104738132204256
102	4	0.48104834255780854
102	5	0.48106550724835023
102	6	0.4810473744204053
102	7	0.4811750368243507
102	8	0.4811178498976076
102	9	0.4810473742580206
103	0	0.48116164557495456
103	1	0.4810483343764035
103	2	0.4811060722302497
103	3	0.48104737829572103
103	4	0.48106547506705344
103	5	0.4811180052831547
103	6	0.4810473744190753
103	7	0.4810473742577877
103	8	0.4810473812610119
103	9	0.48117439651978544
104	0	0.4811086949811516
104	1	0.4811634236405028
104	2	0.48104737840073314
104	3	0.48104737442334505
104	4	0.48104738144488496
104	5	0.48117631414442646
104	6	0.48104737425804217
104	7	0.4810483587187124
104	8	0.48111754033664256
104	9	0.48106557333870753
105	0	0.481117597276462
105	1	0.481107111480631
105	2	0.48104738141749626
105	3	0.48106555957640934
105	4	0.48104737425800526
105	5	0.48104835536826
105	6	0.4811631561632819
105	7	0.48104737838432815
105	8	0.48104737442241874
105	9	0.4811760132928924
106	0	0.4811074345361693
106	1	0.48104835619023734
106	2	0.48116323080753526
106	3	0.4810473783888795
106	4	0.4810473744229666
106	5	0.4810655616399986
106	6	0.4811760884656019
106	7	0.4811175948810269
106	8	0.4810473742580104
106	9	0.48104737926141894
107	0	0.48104737927604874
107	1	0.48110735472169214
107	2	0.4811175460894771
107	3	0.4810473742580364
107	4	0.48104835798608947
107	5	0.4810655702679728
107	6	0.4810473744233379
107	7	0.48117623606228815
107	8	0.4811633503661284
107	9	0.4810473783959892
108	0	0.4810473782431275
108	1	0.48104737832499594
108	2	0.48110652404357196
108	3	0.48104737442004736
108	4	0.48111788475760603
108	5	0.48116213637798777
108	6	0.4810473742578547
108	7	0.4811875729674226
108	8	0.4810655003004791
108	9	0.4812953978292603
108	10	0.4810483406499726
109	0	0.4812872751731399
109	1	0.4810655762987754
109	2	0.4811074068024845
109	3	0.4811634647115664
109	4	0.4810473776572201
109	5	0.48104737840189954
109	6	0.48104737425804667
109	7	0.48104835945030355
109	8	0.48104737442320267
109	9	0.481117531305644
109	10	0.48118089001771525
110	0	0.48190518416635536
110	1	0.4810473744116584
110	2	0.4811452757989585
110	3	0.48104737425738486
110	4	0.4810482945887159
110	5	0.4810653251123813
110	6	0.4811586919876647
110	7	0.48112890865176516
110	8	0.4811039584197455
110	9	0.48104737812689596
110	10	0.4811188305847652
110	11	0.4810473785793641
110	12	0.4810473961214462
111	0	0.4810483568418258
111	1	0.4810473744231196
111	2	0.48110726161540585
111	3	0.4810655646582072
111	4	0.4811289836770437
111	5	0.48114580584231825
111	6	0.4810473783916026
111	7	0.48111757511066855
111	8	0.4811632665248515
111	9	0.48104737425801647
111	10	0.48104737872450376
112	0	0.48104737872125175
112	1	0.4810473742580103
112	2	0.48112891947280273
112	3	0.4810483555804454
112	4	0.4811457691364567
112	5	0.48104737838691897
112	6	0.4811631993962401
112	7	0.4810473744230893
112	8	0.4811071640316705
112	9	0.4810655594348242
112	10	0.4811176003163231
113	0	0.48116345229930996
113	1	0.48112912117294115
113	2	0.48106557551942664
113	3	0.48110755102838393
113	4	0.4810473744232929
113	5	0.4810473742580424
113	6	0.4810483589781561
113	7	0.48111753063108087
113	8	0.4810473784006484
113	9	0.4810473787335296
113	10	0.48114590927699413
114	0	0.4811294306495783
114	1	0.481163804406945
114	2	0.48106559534174764
114	3	0.48110758387871816
114	4	0.48104737442428824
114	5	0.48104737425809685
114	6	0.4810483642537191
114	7	0.48104737842322176
114	8	0.4811174370067296
114	9	0.4811461481977039
114	10	0.48104737875876113
115	0	0.481047374423155
115	1	0.48114589664262464
115	2	0.481047374258037
115	3	0.4810483585056918
115	4	0.48106557089935176
115	5	0.4811290678537111
115	6	0.48111754752475366
115	7	0.48104737873232706
115	8	0.4811068596377362
115	9	0.4810473783979321
115	10	0.481163371499194
116	0	0.48110733204779915
116	1	0.4810474068266519
116	2	0.4810473783953122
116	3	0.48116334037455544
116	4	0.48112902534594365
116	5	0.48104737442294976
116	6	0.4810473742580247
116	7	0.48106556705503856
116	8	0.48104835730822276
117	0	0.48104737832706984
117	1	0.48104737425798255
117	2	0.4810483531562644
117	3	0.48114192182318793
117	4	0.4810473744224872
117	5	0.48110708414208236
117	6	0.4811287459128574
117	7	0.48111938532328175
117	8	0.48106554904102317
117	9	0.48104737837416517
117	10	0.48116298281961006
118	0	0.4810655549043843
118	1	0.48116310214404207
118	2	0.4811073908730159
118	3	0.4811456953834274
118	4	0.48104737838068173
118	5	0.481047378711513
118	6	0.4810473742579912
118	7	0.4810483538622073
118	8	0.4811288147026068
118	9	0.4810473744225939
118	10	0.4811176287740621
119	0	0.48104835234851573
119	1	0.48114560981174187
119	2	0.48104737425797434
119	3	0.48104737442248996
119	4	0.481047378703204
119	5	0.4811176633215596
119	6	0.4810655444772303
119	7	0.48104737837071
119	8	0.48110729044836054
119	9	0.48116291346195783
119	10	0.4811286941103299
120	0	0.48104737841064354
120	1	0.4810473742580628
120	2	0.48111749625206723
120	3	0.48104737874427117
120	4	0.4810473744237621
120	5	0.4810655821805679
120	6	0.4811459930387365
120	7	0.4811635847827078
120	8	0.4810483607210135
120	9	0.48110788041663155
120	10	0.4811292372529816
121	0	0.4811288591495117
121	1	0.48110687052448337
121	2	0.4810473783809687
121	3	0.4811457153522379
121	4	0.4811631125292406
121	5	0.48106555576393895
121	6	0.481117621349514
121	7	0.48104737442225975
121	8	0.48104737871287
121	9	0.48104737425799293
121	10	0.48104835434953486
122	0	0.4811461013227499
122	1	0.4811174566622877
122	2	0.4810473742580866
122	3	0.4810473787543298
122	4	0.48112935406616825
122	5	0.4810655906655612
122	6	0.4811075120494312
122	7	0.48104836325827227
122	8	0.4810473784175298
122	9	0.4810473744241132
122	10	0.4811637145415317
123	0	0.4810473742580755
123	1	0.4811636822188313
123	2	0.4811070534701009
123	3	0.4810473787495399
123	4	0.4811460489449964
123	5	0.4811174777581247
123	6	0.48104737841465817
123	7	0.48106558672975974
123	8	0.481047374423792
123	9	0.48112929802724047
123	10	0.4810483621114371
124	0	0.48112886250587344
124	1	0.4811457181168594
124	2	0.48104835474559177
124	3	0.4811631068832093
124	4	0.48104737425799593
124	5	0.48104737442259826
124	6	0.48106555549220226
124	7	0.4811067478695716
124	8	0.48104737838141365
124	9	0.48104737871321007
124	10	0.4811176212855689
125	0	0.48104737425803157
125	1	0.4811290398837501
125	2	0.4811633465312692
125	3	0.4810473744237096
125	4	0.4811075815796036
125	5	0.48104737839599354
125	6	0.4811175549917563
125	7	0.4810473787294902
125	8	0.48114585007380256
125	9	0.4810655685556671
125	10	0.48104835754348796
126	0	0.48104737872120684
126	1	0.4810473783875681
126	2	0.48112891827377696
126	3	0.4811175951601358
126	4	0.48104737425800753
126	5	0.48104835582457245
126	6	0.48114576852721275
126	7	0.48104737442285034
126	8	0.48110728654956586
126	9	0.48116317782447193
126	10	0.48106555991174127
127	0	0.4811616182237107
127	1	0.4810473744225466
127	2	0.4810654730742438
127	3	0.4811061918025249
127	4	0.48104833356534193
127	5	0.4811275717600106
127	6	0.48104737425778094
127	7	0.48104737829194977
127	8	0.4811447793882728
127	9	0.48104737861679947
127	10	0.4811180298632907
128	0	0.4810655463872215
128	1	0.4810473783726611
128	2	0.48110732165462894
128	3	0.4811287091580835
128	4	0.48104835218567255
128	5	0.4810473742579725
128	6	0.4811629290785532
128	7	0.4810473744222902
128	8	0.48104737870358716
128	9	0.4811176642614331
128	10	0.48114560848744486
129	0	0.48104737835858136
129	1	0.4810473742579421
129	2	0.481065532838775
129	3	0.4811074922448961
129	4	0.48111772001285785
129	5	0.4810473786895305
129	6	0.48114547612435177
129	7	0.48104737442173423
129	8	0.48104834885201825
129	9	0.4811627094598569
129	10	0.48112850116272265
130	0	0.48104737839145667
130	1	0.4811073732603322
130	2	0.4810473787251301
130	3	0.48111757503243485
130	4	0.48114581932291584
130	5	0.48116328571601275
130	6	0.4810473744228268
130	7	0.4811289886725117
130	8	0.48104835681329305
130	9	0.4810473742580179
130	10	0.48106556384568755
131	0	0.4811603594145516
131	1	0.48104831679312915
131	2	0.4811440290249607
131	3	0.4810473742576107
131	4	0.48104737441555073
131	5	0.4811051089437527
131	6	0.4811265470346202
131	7	0.4810473773975756
131	8	0.4811183682117844
131	9	0.4810473782197961
132	0	0.48104737424821636
132	1	0.481089767597285
132	2	0.48114503546373744
132	3	0.4811443736195229
132	4	0.4810480018214972
132	5	0.48104737424820054
132	6	0.4810473769625613
132	7	0.4811148852790169
132	8	0.48111766794622424
132	9	0.48104737464135594
132	10	0.48104739502193883
133	0	0.48104737462719993
133	1	0.4811437069141895
133	2	0.48104737686422666
133	3	0.4811183629347561
133	4	0.48104797921195735
133	5	0.48114199806074925
133	6	0.4810473742481541
133	7	0.48111300285531805
133	8	0.4810882069286257
133	9	0.481047374248217
134	0	0.4810473769789956
134	1	0.48111755536470724
134	2	0.48111520904148875
134	3	0.48104737464371405
134	4	0.4810895741850258
134	5	0.4811447782938078
134	6	0.481047374248134
134	7	0.4810473742482174
134	8	0.4811452508668169
134	9	0.48104800559791805
135	0	0.48108936395335666
135	1	0.48111493861904325
135	2	0.4811450817533962
135	3	0.4810473742482166
135	4	0.4811176551385208
135	5	0.48104737464171815
135	6	0.4811444437074813
135	7	0.4810480025424995
135	8	0.4810473742481333
135	9	0.4810473769642254
136	0	0.4810479847762877
136	1	0.4810473742481299
136	2	0.4810473742481839
136	3	0.48114257903460367
136	4	0.4810887061258662
136	5	0.4811134464556139
136	6	0.4811181943115533
136	7	0.48114401659633554
136	8	0.4810473746304452
136	9	0.48104737688752985
137	0	0.4811152417095545
137	1	0.4810473742481311
137	2	0.4810473742481893
137	3	0.48114481669929265
137	4	0.4810897001039075
137	5	0.4810480059420534
137	6	0.4811452817583305
137	7	0.48104737698061517
137	8	0.48104737464397623
137	9	0.48111754899039527
138	0	0.48104800569501266
138	1	0.4811151858852386
138	2	0.48104737424818916
138	3	0.48104737424813065
138	4	0.4811447607606677
138	5	0.4810895888368727
138	6	0.4811175584711825
138	7	0.48104737464369207
138	8	0.48114524884645427
138	9	0.48104737697811994
139	0	0.4810473742481309
139	1	0.48108949187466393
139	2	0.4811446580058232
139	3	0.48104800440801876
139	4	0.48104737424818883
139	5	0.4811150904920022
139	6	0.4810473769738743
139	7	0.4811451884955119
139	8	0.4811175935644569
139	9	0.4810473746429616
140	0	0.48104737424813065
140	1	0.48104800454560986
140	2	0.48104737424818894
140	3	0.4810896585210498
140	4	0.48114464867594436
140	5	0.48111510246055245
140	6	0.48114519199671224
140	7	0.481047376973847
140	8	0.48104737464303376
140	9	0.4811175987790965
141	0	0.48108992343554086
141	1	0.48104737699551336
141	2	0.4811155085368355
141	3	0.48104737424819005
141	4	0.4810480093087744
141	5	0.4810473746461186
141	6	0.48114515147987325
141	7	0.48104737424813127
141	8	0.4811454707982039
141	9	0.48111745123698285
142	0	0.4811451093927462
142	1	0.4810473769668183
142	2	0.4811149720907644
142	3	0.48104737424813027
142	4	0.48104737464203573
142	5	0.48104737424818844
142	6	0.48108897577365406
142	7	0.4811444885018758
142	8	0.48111763587948725
142	9	0.48104800283515264
143	0	0.4811452671401358
143	1	0.4810898738904362
143	2	0.4810480059825004
143	3	0.4811175492181049
143	4	0.4810473742481893
143	5	0.4810473769790656
143	6	0.4810473746438041
143	7	0.48111520066989166
143	8	0.4810473742481309
143	9	0.4811447848134744
144	0	0.4810473742481545
144	1	0.48108934061989395
144	2	0.48114450556436517
144	3	0.4810473742481305
144	4	0.48111497323815283
144	5	0.4810480028075624
144	6	0.4811450873017828
144	7	0.48111764434201565
144	8	0.4810473746419481
144	9	0.48104737696619465
145	0	0.48114464657176936
145	1	0.4810473742481549
145	2	0.4810480044430399
145	3	0.4810898325912131
145	4	0.4811150911198743
145	5	0.4810473742481305
145	6	0.48114517967331416
145	7	0.4810473769731607
145	8	0.4811175981558552
145	9	0.4810473746428754
146	0	0.48104800414908266
146	1	0.4811446089903781
146	2	0.48104737424813077
146	3	0.4811150699611022
146	4	0.4810896303737219
146	5	0.4810473742481548
146	6	0.48114516683495406
146	7	0.48104737697207284
146	8	0.4811176024189059
146	9	0.48104737464276975
147	0	0.48113949444720094
147	1	0.48104737461252506
147	2	0.4810473742480657
147	3	0.4810473742481455
147	4	0.4810869382577622
147	5	0.4811423394589069
147	6	0.48104737676265713
147	7	0.48111102420371626
147	8	0.48111914347233137
147	9	0.48104795569053793
148	0	0.4810473742480588
148	1	0.48111421696527223
148	2	0.48114351964574414
148	3	0.48108818861528546
148	4	0.48104799376003554
148	5	0.48104737424815275
148	6	0.48111791549734984
148	7	0.4810473746360764
148	8	0.4811445497939928
148	9	0.4810473769263505
149	0	0.4811449729301457
149	1	0.4810473742480587
149	2	0.4810473742481555
149	3	0.48108931839587715
149	4	0.48111534541578294
149	5	0.4810480075119975
149	6	0.48104737698722516
149	7	0.4811175034355184
149	8	0.4810473746449077
149	9	0.4811453668829622
150	0	0.48114506082507114
150	1	0.48111543260967493
150	2	0.481048008536088
150	3	0.48108955829838007
150	4	0.4810473742480587
150	5	0.48104737424815563
150	6	0.481047376990755
150	7	0.48111747714702563
150	8	0.48104737464547875
150	9	0.48114542010293343
151	0	0.48104737698198186
151	1	0.4811152472063378
151	2	0.48104737424815525
151	3	0.48108929918595866
151	4	0.48104737464417074
151	5	0.4811452981519926
151	6	0.48104800616599774
151	7	0.48111754181982785
151	8	0.4810473742480587
151	9	0.48114481300718465
152	0	0.4810473742480587
152	1	0.48104800530071795
152	2	0.4811447418423022
152	3	0.48108937829712584
152	4	0.48111515235642766
152	5	0.481047374248155
152	6	0.48104737464340536
152	7	0.4811452272346222
152	8	0.48104737697580485
152	9	0.4811175725288837
153	0	0.4820395192857427
153	1	0.48104737424815475
153	2	0.48104737424805866
153	3	0.4810480037853666
153	4	0.4811451538038007
153	5	0.48114457783788267
153	6	0.4811150426921756
153	7	0.48108953683102434
154	0	0.4810473742480588
154	1	0.4811153405444076
154	2	0.48114494944243436
154	3	0.48104800731828706
154	4	0.48104737424815547
154	5	0.48108988603958025
154	6	0.4810473746098846
154	7	0.4811192816569244
154	8	0.4810473767452142
154	9	0.4811453470006509
155	0	0.4811411793841858
155	1	0.48104737424814853
155	2	0.48108745009100096
155	3	0.4811486773875683
155	4	0.4810473742480573
155	5	0.4810473768306134
155	6	0.48111991084350697
155	7	0.4810473746222084
155	8	0.4812684154460227
155	9	0.48104797134663585
155	10	0.4811186161940512
156	0	0.48104800417282684
156	1	0.4810894000742759
156	2	0.48126854077983455
156	3	0.48114459256795905
156	4	0.48104737424815475
156	5	0.48104737424805866
156	6	0.4811150581459914
156	7	0.4811176050241336
156	8	0.4811451521798775
156	9	0.48104737697108646
156	10	0.4810473746426337
157	0	0.48126864458905627
157	1	0.48111759824871114
157	2	0.48114463011566216
157	3	0.4811451831580584
157	4	0.48104737424805855
157	5	0.4810843099046995
157	6	0.48108935161292893
157	7	0.481115081333248
157	8	0.4810473769727308
157	9	0.4810473742481548
157	10	0.4810473746428455
157	11	0.4810480040238521
158	0	0.4810473742480587
158	1	0.4811151260702604
158	2	0.48108947677291936
158	3	0.48104737464320046
158	4	0.48108173252681913
158	5	0.4810473769745055
158	6	0.4810473742481549
158	7	0.4811446562855539
158	8	0.4812689919749659
158	9	0.4811175952299101
158	10	0.48114518656501865
158	11	0.4810480046094354
159	0	0.48108959419788594
159	1	0.4812686720730896
159	2	0.48104737424815536
159	3	0.48114533536685666
159	4	0.4810818237596948
159	5	0.4810473769836133
159	6	0.48111752100933175
159	7	0.4810473742480587
159	8	0.4811152762809189
159	9	0.4811448920944708
159	10	0.48104737464434555
159	11	0.48104800686392046
160	0	0.48111466185479734
160	1	0.4810473746396421
160	2	0.48104737424805843
160	3	0.4811448653558741
160	4	0.481047999112541
160	5	0.4810473769496446
160	6	0.4811177564421859
160	7	0.48108895165704885
160	8	0.4812684180102973
160	9	0.4810473742481538
160	10	0.48108147747926955
160	11	0.48114407829808525
161	0	0.4810473746428302
161	1	0.4810901953151521
161	2	0.4810473769726954
161	3	0.4810480042405358
161	4	0.4812685392398929
161	5	0.48114517283582636
161	6	0.4810473742481548
161	7	0.4811446310221558
161	8	0.48104737424803307
161	9	0.4811150593667304
161	10	0.48108171038115355
161	11	0.4810757627732195
162	0	0.4810473742481508
162	1	0.48114242729087003
162	2	0.48111334154033525
162	3	0.48126877402354057
162	4	0.4810479830876112
162	5	0.48108828211596577
162	6	0.48104737424803307
162	7	0.48107591650965764
162	8	0.48108078931417403
162	9	0.4810473746294223
162	10	0.48114393112471526
162	11	0.48104737424803307
163	0	0.48104737424803307
163	1	0.48108935192681496
163	2	0.4810480044385771
163	3	0.48114519113202764
163	4	0.48104737424803307
163	5	0.4810473742481549
163	6	0.4810757602074547
163	7	0.4810817183159373
163	8	0.48126836492043557
163	9	0.48104737464290426
163	10	0.48114461855986473
163	11	0.4811150748306161
164	0	0.48114495916726624
164	1	0.48111534378749016
164	2	0.4812690789470518
164	3	0.48104800717706986
164	4	0.48104737424815547
164	5	0.4810897106142147
164	6	0.48104737424803307
164	7	0.4810757415813465
164	8	0.4810818424632447
164	9	0.48104737464472014
164	10	0.48104737424803307
164	11	0.4811453368810645
165	0	0.48104737424815197
165	1	0.4811162381875611
165	2	0.48104737424803307
165	3	0.48104737424803307
165	4	0.48108847056038123
165	5	0.48105776533576783
165	6	0.48107586862983387
165	7	0.4811430445711756
165	8	0.4811138267644689
165	9	0.4812683081021899
165	10	0.48104798908560825
165	11	0.481047374633364
165	12	0.4811442931092337
166	0	0.4811149870879822
166	1	0.4810480031195077
166	2	0.48108932676559674
166	3	0.4811162331433647
166	4	0.48104737424811195
166	5	0.4812685666228292
166	6	0.48104737424803307
166	7	0.48114449137777676
166	8	0.4811451024901038
166	9	0.48107577038655946
166	10	0.48104737424803307
166	11	0.48105773516734035
166	12	0.4810473746420135
167	0	0.481115100454594
167	1	0.481075758401891
167	2	0.48104737424803307
167	3	0.48108962454072496
167	4	0.4811446564892264
167	5	0.4810473746430636
167	6	0.48114518922941574
167	7	0.48104737424803307
167	8	0.4812688575017775
167	9	0.4810480042907731
167	10	0.48105775635037906
167	11	0.4811162362772933
167	12	0.48104737424811206
168	0	0.4818286370488511
168	1	0.48104799970263884
168	2	0.4811449022884096
168	3	0.4810473742481258
168	4	0.48105769356246214
168	5	0.48104737424803307
168	6	0.48115535658804687
168	7	0.4812687318098762
168	8	0.4811162261053243
168	9	0.4811146722130842
168	10	0.4810954153024045
168	11	0.48104737424803307
168	12	0.48107579653548294
168	13	0.48104737471153786
168	14	0.4810473775104299
168	15	0.48120715523072266
169	0	0.48115591272940644
169	1	0.48104737424812655
169	2	0.4810480043541766
169	3	0.48111510505782595
169	4	0.4810959130106374
169	5	0.48126856580449706
169	6	0.48104737424803307
169	7	0.48111623662936637
169	8	0.48104737424803307
169	9	0.4810473747153745
169	10	0.48105775379444565
169	11	0.48114517120888456
169	12	0.48107575995165064
170	0	0.48114536381402456
170	1	0.481047374248127
170	2	0.4810577944147628
170	3	0.48115619685294
170	4	0.4811153251347466
170	5	0.4810961883561036
170	6	0.48126863048849167
170	7	0.4810480071633992
170	8	0.4810757399380358
170	9	0.4811162433525744
170	10	0.4810473747174523
170	11	0.48104737424803307
170	12	0.48104737424803307
171	0	0.4811146343161661
171	1	0.4811162247962656
171	2	0.48104737424812577
171	3	0.48104799879110105
171	4	0.481095529257137
171	5	0.48115527260985524
171	6	0.48104737424803307
171	7	0.4812685604937298
171	8	0.48104737424803307
171	9	0.48107580104187014
171	10	0.4811448346131566
171	11	0.4810473747109944
171	12	0.4810576783043641
172	0	0.4810479923230655
172	1	0.4810961058633921
172	2	0.4810473742481247
172	3	0.4810473747064232
172	4	0.48104737424803307
172	5	0.48105760045959306
172	6	0.4811444795550548
172	7	0.48111621319627634
172	8	0.4812690063634267
172	9	0.4811140710676391
172	10	0.48115455331695933
172	11	0.48107584686943466
172	12	0.48104737424803307
173	0	0.4810479834054106
173	1	0.48114396224802175
173	2	0.4811133674636362
173	3	0.48107591229017155
173	4	0.48109460657268555
173	5	0.48104737424803307
173	6	0.4811535961673719
173	7	0.4810473742481234
173	8	0.4810473746996122
173	9	0.48126864640818634
173	10	0.4811162030975375
173	11	0.48104737424803307
173	12	0.481057482148407
174	0	0.4811555028374833
174	1	0.4810577100829855
174	2	0.4811449631045013
174	3	0.48107578658313516
174	4	0.48104737424803307
174	5	0.48109583645963977
174	6	0.48104737424812594
174	7	0.48104737471254466
174	8	0.48104737424803307
174	9	0.4812690599656685
174	10	0.4811162283438921
174	11	0.48111476961896005
174	12	0.48104800041915735
175	0	0.48114522519155567
175	1	0.4810480053084901
175	2	0.48104737424812666
175	3	0.48105776329055944
175	4	0.48104737424803307
175	5	0.4811559515248048
175	6	0.48111515299939583
175	7	0.48111623875560355
175	8	0.48107575654885754
175	9	0.4810959992321754
175	10	0.48104737471572956
175	11	0.481269241795447
175	12	0.48104737424803307
176	0	0.48114490653781355
176	1	0.48105769470231574
176	2	0.48104737424803307
176	3	0.48126911915635434
176	4	0.48111622653745584
176	5	0.4810479995850489
176	6	0.4811553843692736
176	7	0.48109557069399844
176	8	0.48104737424812577
176	9	0.48104737424803307
176	10	0.48104737471179454
176	11	0.4811146958743872
176	12	0.4810757940520435
177	0	0.4811162173562909
177	1	0.48104737424803307
177	2	0.4811446097967446
177	3	0.4810958202484782
177	4	0.4810576280532403
177	5	0.4811548295780329
177	6	0.4810473742481251
177	7	0.4811142928964244
177	8	0.48104799453586633
177	9	0.4812688666006658
177	10	0.48104737424803307
177	11	0.4810758296847549
177	12	0.4810473747079828
178	0	0.4811162394214521
178	1	0.48104737424803307
178	2	0.4810757499918667
178	3	0.4810577717258213
178	4	0.4811452537121856
178	5	0.481096060663368
178	6	0.48104737424803307
178	7	0.4812683501405814
178	8	0.48104737424812677
178	9	0.48104800561518574
178	10	0.4811560164037475
178	11	0.4811151882880661
178	12	0.4810473747162464
179	0	0.48111509206483516
179	1	0.48104737424803307
179	2	0.48104737424803307
179	3	0.48105775185211797
179	4	0.48111623622815797
179	5	0.4810958807197051
179	6	0.4811451645617644
179	7	0.4810757626175857
179	8	0.48104737424812655
179	9	0.481047374715185
179	10	0.481155870629937
179	11	0.481048004121172
179	12	0.48126853954536986
180	0	0.48114511497734014
180	1	0.4810473742481264
180	2	0.48111497922289165
180	3	0.48104737424803307
180	4	0.48107576888634657
180	5	0.4810473747143805
180	6	0.4812688857504807
180	7	0.48109584109448866
180	8	0.48104737424803307
180	9	0.481155754213091
180	10	0.4810480030722423
180	11	0.48105773616482694
180	12	0.4811162331730662
181	0	0.4810960528733833
181	1	0.48104737424803307
181	2	0.48104737424803307
181	3	0.4810473747142935
181	4	0.48114509539270495
181	5	0.4811162336804267
181	6	0.4810675385694712
181	7	0.4810473742481264
181	8	0.481268950761757
181	9	0.48105773800582824
181	10	0.481155746654244
181	11	0.481114965119822
181	12	0.4810480029984235
182	0	0.4811149752947977
182	1	0.48104800296098477
182	2	0.48109602016898806
182	3	0.48104737424803307
182	4	0.4811557270023771
182	5	0.48111623283283983
182	6	0.4810473742481264
182	7	0.4812685526944389
182	8	0.4810577342643836
182	9	0.48104737424803307
182	10	0.4810675390934887
182	11	0.4811450812658644
182	12	0.4810473747139627
183	0	0.48104737424803307
183	1	0.48111216962821163
183	2	0.481047969296468
183	3	0.4811161990899644
183	4	0.4811519991422051
183	5	0.48104737424822686
183	6	0.4810937396766558
183	7	0.48126838172608155
183	8	0.48104737424803307
183	9	0.4810473746892184
183	10	0.4811431276374393
183	11	0.4810573004302808
183	12	0.48106766406830875
184	0	0.48104799994277025
184	1	0.48111472258701576
184	2	0.48109635538553697
184	3	0.4811162268213884
184	4	0.4810473742480933
184	5	0.48104737424803307
184	6	0.4811553902605341
184	7	0.48126854514656886
184	8	0.4810675481530726
184	9	0.48104737424803307
184	10	0.48104737471188314
184	11	0.4810576959339006
184	12	0.4811449121367283
185	0	0.48104800147546384
185	1	0.48111485268821735
185	2	0.48109634904092163
185	3	0.4811162306866544
185	4	0.48115559434467353
185	5	0.48104737424809346
185	6	0.48126858624229385
185	7	0.48104737424803307
185	8	0.4811450250620762
185	9	0.481057719556712
185	10	0.481067542789269
185	11	0.48104737424803307
185	12	0.48104737471319237
186	0	0.48109606849094894
186	1	0.48104737424803307
186	2	0.481145101250285
186	3	0.4810473747143089
186	4	0.48104737424803307
186	5	0.48111623289149946
186	6	0.4810675387708823
186	7	0.4811149550281551
186	8	0.48105773543488534
186	9	0.48104737424809346
186	10	0.48126837373824005
186	11	0.4810480025996384
186	12	0.48115570174023903
187	0	0.48104737424803307
187	1	0.4811162330388226
187	2	0.481268610959032
187	3	0.4810480029605104
187	4	0.4810473742480936
187	5	0.48104737424803307
187	6	0.48109611610197345
187	7	0.48114508091465175
187	8	0.4810675393812268
187	9	0.481114955047519
187	10	0.48105773367672755
187	11	0.48115572248172417
187	12	0.4810473747139342
188	0	0.481067534486988
188	1	0.48104737424803307
188	2	0.4811162359464084
188	3	0.4810473742480937
188	4	0.48104737424803307
188	5	0.4810962980096092
188	6	0.481115056229472
188	7	0.4811451560418176
188	8	0.48115584841132875
188	9	0.48104800377286827
188	10	0.48104737471497167
188	11	0.4810577487415515
188	12	0.48126852397981945
189	0	0.48188461407878763
189	1	0.48104800788899243
189	2	0.48104737424809396
189	3	0.4811453823359638
189	4	0.48105780002642934
189	5	0.48104737424803307
189	6	0.48115625843263304
189	7	0.4812692022313569
189	8	0.481115362304628
189	9	0.4810963416103942
189	10	0.48111624411079995
190	0	0.48104800176921797
190	1	0.48104737424809346
190	2	0.4810577213787627
190	3	0.48104737424803307
190	4	0.48114502527110414
190	5	0.48104737424803307
190	6	0.4810955119673499
190	7	0.48111623071233073
190	8	0.48115560119617906
190	9	0.4810677510263508
190	10	0.48126892263386895
190	11	0.48104737467503483
190	12	0.4811148678311313
191	0	0.48104800105937195
191	1	0.48104737424803307
191	2	0.48114498998552185
191	3	0.48105771179075896
191	4	0.48104737424809335
191	5	0.48104737424803307
191	6	0.48126917446254613
191	7	0.4810960104108909
191	8	0.48111622914151714
191	9	0.48115552817906854
191	10	0.4810473747128225
191	11	0.4810675449965708
191	12	0.48111481667066236
192	0	0.4810964421058332
192	1	0.4810473747149369
192	2	0.48111505324223836
192	3	0.48104737424803307
192	4	0.48111623510210155
192	5	0.4810473742480937
192	6	0.48104800353160515
192	7	0.48126866085781156
192	8	0.48115582352264136
193	0	0.4810480042884893
193	1	0.48114192908514514
193	2	0.4810473742480937
193	3	0.48104737424803307
193	4	0.48105703638102615
193	5	0.48106775616532244
193	6	0.48126860132459826
193	7	0.4810961818131462
193	8	0.48104737424803307
193	9	0.4810473747149862
193	10	0.4811558629063052
193	11	0.4811162362251333
193	12	0.48111505491866324
194	0	0.4810576773345771
194	1	0.48114482574547535
194	2	0.4810479982299942
194	3	0.4810473742480931
194	4	0.48104737424803307
194	5	0.4811145969174668
194	6	0.4811162237807723
194	7	0.4812688233438076
194	8	0.481155228482812
194	9	0.48106755439699056
194	10	0.4810956734607029
194	11	0.48104737424803307
194	12	0.48104737471069065
195	0	0.48104737424803307
195	1	0.4810954625115089
195	2	0.48104737469931463
195	3	0.48104737424803307
195	4	0.48104737424809163
195	5	0.4810574724687816
195	6	0.481116202521048
195	7	0.4811132896485364
195	8	0.48115350222449277
195	9	0.4810479825217771
195	10	0.481143899441976
195	11	0.48106760984342195
195	12	0.4812684099633777
196	0	0.4810473747150993
196	1	0.48111623611607046
196	2	0.48105775260124306
196	3	0.48114517737904866
196	4	0.48126918699781107
196	5	0.48106753397653984
196	6	0.4810480042056953
196	7	0.4810963867716827
196	8	0.48111507062132497
196	9	0.4810473742480937
196	10	0.48104737424803307
196	11	0.48104737424803307
196	12	0.4811558547314241
197	0	0.4810473742480938
197	1	0.48115599783871693
197	2	0.4810963384316631
197	3	0.48111623811826126
197	4	0.48104737424803307
197	5	0.4810473747157529
197	6	0.48104800507373396
197	7	0.48105776303619713
197	8	0.4812687451167549
197	9	0.48111514688927687
197	10	0.4810675316333372
197	11	0.48104737424803307
197	12	0.4811452124473272
198	0	0.48111620285288015
198	1	0.4810574707718792
198	2	0.4810946658785558
198	3	0.48104737424803307
198	4	0.48104737469881614
198	5	0.48115343910304276
198	6	0.481047374248068
198	7	0.48105933364929343
198	8	0.48111325347336964
198	9	0.4810479821365049
198	10	0.48126828946045386
198	11	0.48104737424803307
198	12	0.48114388277114783
199	0	0.48104799403374304
199	1	0.48104737424803307
199	2	0.48114457632543967
199	3	0.4810473742480687
199	4	0.4811142253671528
199	5	0.48104737424803307
199	6	0.4811162154548677
199	7	0.48105761520382595
199	8	0.48104737470732695
199	9	0.48105932437964183
199	10	0.4811547213154201
199	11	0.48126856170119525
199	12	0.48109565281515504
200	0	0.48104737424803307
200	1	0.4811552346995016
200	2	0.4812682677453249
200	3	0.48109612838480603
200	4	0.48105932120625955
200	5	0.48114481412467114
200	6	0.48104737471072506
200	7	0.48104737424803307
200	8	0.48104799796385683
200	9	0.4810576744611271
200	10	0.4810473742480689
200	11	0.48111622320819475
200	12	0.48111456313459167
201	0	0.48109622414692954
201	1	0.4811147649202465
201	2	0.48104737424803307
201	3	0.48104737424806904
201	4	0.48115542236225695
201	5	0.48104800015930554
201	6	0.4812689520499215
201	7	0.4811162280836256
201	8	0.481057700013846
201	9	0.4811449263969897
201	10	0.48104737424803307
201	11	0.48104737471201797
201	12	0.48105931988710265
202	0	0.48105739802221387
202	1	0.48104737424803307
202	2	0.4810473746947558
202	3	0.48109424353736535
202	4	0.4811127766912149
202	5	0.4811435579669683
202	6	0.4812681116760125
202	7	0.48104737424803307
202	8	0.4810479765503649
202	9	0.4810593392838803
202	10	0.4811528089066984
202	11	0.4811161990097369
202	12	0.4810473742480677
203	0	0.48126846416023084
203	1	0.48111433445102597
203	2	0.4810473742480688
203	3	0.48104799523186215
203	4	0.4811162188538272
203	5	0.48115489275350426
203	6	0.4810957009793201
203	7	0.48104737424803307
203	8	0.48114463722716266
203	9	0.4810576324626345
203	10	0.48104737424803307
203	11	0.4810593231701252
203	12	0.4810473747082436
204	0	0.4810921110666301
204	1	0.4811142411351767
204	2	0.48104737466675035
204	3	0.48104737424803307
204	4	0.4810557699795889
204	5	0.48104737424806554
204	6	0.48114134882788173
204	7	0.48104737424803307
204	8	0.4810479388647525
204	9	0.4811095682484817
204	10	0.4811484809426504
204	11	0.48105939003744647
204	12	0.4812675545310527
205	0	0.4811538341019372
205	1	0.4811135380879607
205	2	0.48109520038091563
205	3	0.4811144438796772
205	4	0.48126860994753307
205	5	0.48104737424803307
205	6	0.4810479855021203
205	7	0.4810473742480682
205	8	0.48105600602154036
205	9	0.48104737424803307
205	10	0.4811440685763923
205	11	0.48105933079379465
205	12	0.4810473747010396
206	0	0.48126882018529266
206	1	0.48104737424803307
206	2	0.48104799856650915
206	3	0.48104737424806904
206	4	0.4811552385938389
206	5	0.4811145437942212
206	6	0.4810960116616785
206	7	0.48111459525542283
206	8	0.48104737471097214
206	9	0.48105932078991687
206	10	0.48104737424803307
206	11	0.4810561562281066
206	12	0.48114483733064983
207	0	0.48115539488823295
207	1	0.48104809938987847
207	2	0.48104737424806904
207	3	0.48126844091120047
207	4	0.48109624504789555
207	5	0.48104737424803307
207	6	0.48111470533119255
207	7	0.4811145543143926
207	8	0.48104737424803307
207	9	0.4810473747117622
207	10	0.48114490726360704
207	11	0.48105932034245963
207	12	0.4810561698841624
208	0	0.4811532008568386
208	1	0.48104737424803307
208	2	0.48126816906875614
208	3	0.48104737424807126
208	4	0.48104815115841776
208	5	0.48111307132190445
208	6	0.48111440622813
208	7	0.4810945891380154
208	8	0.48105933591162786
208	9	0.48114375638068124
208	10	0.48104737424803307
208	11	0.4810473746971433
208	12	0.48105594522923023
209	0	0.4811145759306458
209	1	0.4810963122281859
209	2	0.4810473742480717
209	3	0.4811149108509123
209	4	0.48104737424803307
209	5	0.48104817965912205
209	6	0.48115563207195666
209	7	0.48126842007085624
209	8	0.4810593187845886
209	9	0.4810561989982685
209	10	0.48104737424803307
209	11	0.48104737471358144
209	12	0.48114504299704564
210	0	0.4810481789726389
210	1	0.4811148533568729
210	2	0.48109587082594807
210	3	0.48115558446827117
210	4	0.48111456833858607
210	5	0.4812687267753631
210	6	0.48104737424803307
210	7	0.4810473742480717
210	8	0.48104737424803307
210	9	0.48105931921260003
210	10	0.4810473747131303
210	11	0.48114501403447824
210	12	0.48105618994018196
211	0	0.48109471579586965
211	1	0.4811132068420381
211	2	0.48104737424803307
211	3	0.481047374248061
211	4	0.481114416633155
211	5	0.4811533767783776
211	6	0.4810481532036766
211	7	0.4812680897286151
212	0	0.48111455976206996
212	1	0.4811147450864906
212	2	0.4810481773174063
212	3	0.481268708720348
212	4	0.48104737424803307
212	5	0.4810959413278305
212	6	0.48115543195013627
212	7	0.4810473742480612
212	8	0.48105531617227143
212	9	0.4811405408023013
212	10	0.48105941537402214
212	11	0.48104737465633446
212	12	0.48104737424803307
213	0	0.48126856394011364
213	1	0.4810958855362737
213	2	0.4811146681598038
213	3	0.4810481759970284
213	4	0.48104737424803307
213	5	0.4810473742480612
213	6	0.4811145491133185
213	7	0.481155335513128
213	8	0.4810473747115767
213	9	0.48114488597180427
213	10	0.48104737424803307
213	11	0.4810561656714997
213	12	0.48105932081301656
214	0	0.48114478207109607
214	1	0.48105932166929943
214	2	0.4811145107075408
214	3	0.48105614606340397
214	4	0.48104817352308743
214	5	0.4811551323849283
214	6	0.48109589311316314
214	7	0.48104737471010245
214	8	0.48104737424803307
214	9	0.4810473742480498
214	10	0.48104737424803307
214	11	0.4812689767097676
214	12	0.48111453470924065
215	0	0.4810959272347592
215	1	0.48111455165265743
215	2	0.4810473746990823
215	3	0.481114651350736
215	4	0.48105616308233706
215	5	0.48114486388179994
215	6	0.48104817567039276
215	7	0.48105932155798775
215	8	0.4810473742480499
215	9	0.48104737424803307
215	10	0.4812684437074387
215	11	0.481155285838103
215	12	0.48104737424803307
216	0	0.4810558923866308
216	1	0.48105934022094626
216	2	0.4811143744984292
216	3	0.48111268144610125
216	4	0.48104737424803307
216	5	0.4810473742480493
216	6	0.4811527016776317
216	7	0.48104814530482554
216	8	0.4810940580591207
216	9	0.48104737468174275
216	10	0.4811434766543249
216	11	0.481268012408507
216	12	0.48104737424803307
217	0	0.4810593195453239
217	1	0.48109671616125427
217	2	0.48104737424803307
217	3	0.4811555161888544
217	4	0.4811449840851615
217	5	0.4812687901448746
217	6	0.48105618238823367
217	7	0.48104817806951067
217	8	0.4810473747003422
217	9	0.48104737424803307
217	10	0.4811147870871827
217	11	0.48104737424805
217	12	0.48111456165645894
218	0	0.4810957906055844
218	1	0.4810473742480499
218	2	0.4812688190444477
218	3	0.48114485076540375
218	4	0.48105615974900984
218	5	0.48105932100402926
218	6	0.4811145472764438
218	7	0.48104737424803307
218	8	0.4810481752557986
218	9	0.4811146261192109
218	10	0.48104737469872694
218	11	0.48104737424803307
218	12	0.48115525529030684
219	0	0.48105932039391786
219	1	0.48104737424803307
219	2	0.4810561677896826
219	3	0.48111455277063303
219	4	0.48111469072344143
219	5	0.48104737424803307
219	6	0.4810473746993276
219	7	0.4810481762303276
219	8	0.4811553618561834
219	9	0.48109581940672175
219	10	0.4810473742480499
219	11	0.4811448807429568
219	12	0.4812687950214439
220	0	0.48111475854334645
220	1	0.4810481774555094
220	2	0.48109614599430955
220	3	0.4811554542518529
220	4	0.4810561768676585
220	5	0.4810593200046509
220	6	0.4811145590197637
220	7	0.4812689495858032
220	8	0.48104737424803307
220	9	0.48104737424805
220	10	0.4810473746998364
220	11	0.48114494365975813
220	12	0.48104737424803307
221	0	0.48115530507188475
221	1	0.48104737424803307
221	2	0.4810559968098796
221	3	0.4811134415943101
221	4	0.4810473746885645
221	5	0.48104737424803307
221	6	0.4810473742480496
221	7	0.48109495664169055
221	8	0.4812685315763015
221	9	0.48111443677011323
221	10	0.4811440180940603
221	11	0.48104815683146496
221	12	0.4810593317257381
222	0	0.48114488034421954
222	1	0.48126870238041264
222	2	0.4810593206130822
222	3	0.4811552964742081
222	4	0.481095949305462
222	5	0.4811145493400986
222	6	0.48105616201689727
222	7	0.48104737424803307
222	8	0.4810473746989293
222	9	0.48111463981458436
222	10	0.48104737424803307
222	11	0.4810473742480499
222	12	0.48104817563705277
223	0	0.48115489939634093
223	1	0.48109545823097194
223	2	0.4810473746963276
223	3	0.4810561199575886
223	4	0.48104817105948217
223	5	0.4812682573832932
223	6	0.48104737424803307
223	7	0.48104737424803307
223	8	0.4810593234082029
223	9	0.48111451812224587
223	10	0.4811446341781583
223	11	0.4810473742480499
223	12	0.4811143283946311
224	0	0.48104816971486686
224	1	0.48109567918631735
224	2	0.4812688135984655
224	3	0.48115477986986316
224	4	0.4811145117389545
224	5	0.4810473742480499
224	6	0.481047374695469
224	7	0.48105932399889484
224	8	0.48111425388243084
224	9	0.48114458237923186
224	10	0.48104737424803307
224	11	0.48104737424803307
224	12	0.4810561038585161
225	0	0.48109662777551915
225	1	0.4810473746953028
225	2	0.48111424029573086
225	3	0.48104737424803307
225	4	0.48114457693048135
225	5	0.48105610721005887
225	6	0.48104737424803307
225	7	0.48104816880082607
225	8	0.4810473742480499
225	9	0.48126856840086696
225	10	0.48105932437109467
225	11	0.4811547176507744
225	12	0.48111450651712234
226	0	0.481114006806321
226	1	0.48109521251018583
226	2	0.48104737424803307
226	3	0.4810473746933217
226	4	0.48104737424803307
226	5	0.4810473742480497
226	6	0.48126809917012753
226	7	0.48104816564558345
226	8	0.48114440401398567
226	9	0.48105607208949086
226	10	0.4810593263047335
226	11	0.48115444952486613
226	12	0.4811144871173482
227	0	0.48114288806245054
227	1	0.4810473746744051
227	2	0.48104737424803307
227	3	0.4811515300094515
227	4	0.4810937369007519
227	5	0.48105935184945653
227	6	0.48104737424804905
227	7	0.48104813208769565
227	8	0.48111430930153554
227	9	0.48104737424803307
227	10	0.48105577245580594
227	11	0.48126818312656505
227	12	0.48111178889223166
228	0	0.48104817556119706
228	1	0.4810956986576253
228	2	0.4810473746987827
228	3	0.4810561618393393
228	4	0.48115527629293525
228	5	0.48104737424803307
228	6	0.4812682949466766
228	7	0.4811146366971052
228	8	0.48114484062336965
228	9	0.48111454696210254
228	10	0.48105932097360576
228	11	0.4810473742480499
228	12	0.48104737424803307
229	0	0.48104737424804844
229	1	0.48111444297385786
229	2	0.4810560026539094
229	3	0.4811440545905751
229	4	0.4811537659582885
229	5	0.4810949351078456
229	6	0.48104737424803307
229	7	0.4810593313410811
229	8	0.4810473746887657
229	9	0.48126840837665114
229	10	0.48104737424803307
229	11	0.4811134834974856
229	12	0.48104815743814466
230	0	0.48104737424803307
230	1	0.48104737424804844
230	2	0.48105617235266657
230	3	0.48115539910979466
230	4	0.48111455549411586
230	5	0.48111472952949746
230	6	0.4810958664212881
230	7	0.48114491455304836
230	8	0.4810481769019943
230	9	0.481059320194371
230	10	0.4810473746995866
230	11	0.48104737424803307
230	12	0.4812687782702759
231	0	0.48204044805611906
231	1	0.4811702179007244
231	2	0.48105914534587235
231	3	0.48104737424803307
231	4	0.48104737424818256
231	5	0.48104737424803307
231	6	0.48104891153596785
231	7	0.4810473744090922
231	8	0.4810473746543808
231	9	0.4811152200809827
231	10	0.48113745219403853
231	11	0.48109780297312665
231	12	0.48126342978125225
231	13	0.48105394091945997
231	14	0.4811141034953515
231	15	0.48115070498064116
231	16	0.481094727784318
232	0	0.48116498257413703
232	1	0.4810918241828097
232	2	0.48116287141629577
232	3	0.4811035840899779
232	4	0.48104737424803307
232	5	0.4810473742482512
232	6	0.48126338546438063
232	7	0.48104913042467423
232	8	0.4810756094032338
232	9	0.4811568925490976
232	10	0.48104737424803307
232	11	0.4811416065884062
232	12	0.48105465252980356
232	13	0.4810589132746542
232	14	0.48104737471259307
233	0	0.48107344545089875
233	1	0.4810473742482663
233	2	0.48104737424803307
233	3	0.4811620512472796
233	4	0.4810552180404266
233	5	0.4810959455590146
233	6	0.4811716891258564
233	7	0.4810473747589876
233	8	0.4812637072687875
233	9	0.48104737424803307
233	10	0.4811538400509117
233	11	0.4811079317673264
233	12	0.4811449146358236
233	13	0.48104930343117436
233	14	0.48105879927199596
234	0	0.4811701730478329
234	1	0.48104737424803307
234	2	0.48104926325435804
234	3	0.48114414042806386
234	4	0.48115321820813844
234	5	0.4810473747479277
234	6	0.4810550823354951
234	7	0.4810473742482613
234	8	0.4810948355769054
234	9	0.4811069258934232
234	10	0.48107297710827157
234	11	0.4811624534747873
234	12	0.48126357812414927
234	13	0.48104737424803307
234	14	0.48105882130690053
235	0	0.4812635403240903
235	1	0.48104737424803307
235	2	0.48109465233143733
235	3	0.4810711672250121
235	4	0.481047374248261
235	5	0.48110276281653963
235	6	0.4810485346633439
235	7	0.48115075981476413
235	8	0.48116368402177445
235	9	0.4811643172882392
236	0	0.48116205667442663
236	1	0.4810473742482662
236	2	0.481107913954784
236	3	0.4810486721280946
236	4	0.4812642892569526
236	5	0.4811538176912073
236	6	0.48109652230852185
236	7	0.48117165595220746
236	8	0.48107341816925053
236	9	0.48104737424803307
237	0	0.4810486372086434
237	1	0.48107285466337696
237	2	0.48116257541401075
237	3	0.48105939679746634
237	4	0.4811530323985011
237	5	0.4812638455064991
237	6	0.4810945233618068
237	7	0.48104737424803307
237	8	0.4811696964157866
237	9	0.4810538409851786
237	10	0.48104737461200137
237	11	0.48104737424803307
237	12	0.4810473742482655
237	13	0.48110660066420013
237	14	0.481134480363966
238	0	0.4810958844110188
238	1	0.48126347674921266
238	2	0.48116472194084353
238	3	0.48104737424823774
238	4	0.4810708173467741
238	5	0.48115030845774037
238	6	0.4811019729983648
238	7	0.48116244830960414
238	8	0.4810484811790287
238	9	0.48104737424803307
239	0	0.48115375593855314
239	1	0.4810733763466585
239	2	0.48109726980317863
239	3	0.48126443970041316
239	4	0.4811715065597948
239	5	0.48104737424803307
239	6	0.4810483649210391
239	7	0.48110779812292587
239	8	0.4810473742482657
239	9	0.4811621099305441
240	0	0.48107625738912957
240	1	0.4810952547415163
240	2	0.48115245855286076
240	3	0.48126370214692765
240	4	0.48116825608887465
240	5	0.481105676183687
240	6	0.4811629670948416
240	7	0.48104797782932845
240	8	0.48104737424803307
240	9	0.48107242810426726
240	10	0.4810473742482552
241	0	0.4810732931651804
241	1	0.48104737424803307
241	2	0.48110760577529627
241	3	0.4810479767493716
241	4	0.4812640324576215
241	5	0.48109722478582034
241	6	0.4811621808681163
241	7	0.4811711929820041
241	8	0.4811536249219441
241	9	0.4810473742482474
241	10	0.48107584277748733
241	11	0.4810528302680859
241	12	0.48104737424803307
241	13	0.48104737456242047
241	14	0.48105981361468964
241	15	0.48113114334206486
242	0	0.4810975348344698
242	1	0.4811714920048143
242	2	0.48116210510797375
242	3	0.4812638438117956
242	4	0.48104737424803307
242	5	0.4810473742482482
242	6	0.48104797902395696
242	7	0.48107336570422965
242	8	0.4810758559479625
242	9	0.4811537461043264
242	10	0.4811077839523156
243	0	0.4811078601940761
243	1	0.48107339850830444
243	2	0.4812640495886893
243	3	0.4810971577125995
243	4	0.48104737424824845
243	5	0.48104737424803307
243	6	0.4810479797690916
243	7	0.48116209170762186
243	8	0.4810758609322057
243	9	0.48117154492491127
243	10	0.4811537751409883
244	0	0.48117610293562874
244	1	0.48104737424803307
244	2	0.48104737424803307
244	3	0.4810480190828639
244	4	0.48117618816044455
244	5	0.4810760930952092
245	0	0.4811360479251254
245	1	0.4810939626889333
245	2	0.481104345632489
245	3	0.4811688698867523
245	4	0.48107185187129525
245	5	0.4810592552939105
245	6	0.48104737424803307
245	7	0.48104767432972173
245	8	0.4810473746342531
245	9	0.48104737424803307
245	10	0.4812637112809982
245	11	0.4811516751816987
245	12	0.48105369690499256
245	13	0.4811787089920246
245	14	0.48104737424823274
246	0	0.4811537053043808
246	1	0.48104737424803307
246	2	0.48104767536302306
246	3	0.4810588044483225
246	4	0.4810551868445206
246	5	0.48104737424803307
246	6	0.48107332915880496
246	7	0.4811076956126214
246	8	0.48117778346280976
246	9	0.481047374756285
246	10	0.4810969023913384
246	11	0.4811713367088199
246	12	0.4812642347775462
246	13	0.48114471614908977
246	14	0.48104737424824784
247	0	0.4812639133396991
247	1	0.4810732183482298
247	2	0.48117096707821866
247	3	0.48109670445167374
247	4	0.48110744718425597
247	5	0.4810473742482467
247	6	0.4811535254720456
247	7	0.4810754907459456
247	8	0.48104737424803307
247	9	0.4810476735557161
247	10	0.48117793404384357
248	0	0.48104737424803307
248	1	0.4810473746629684
248	2	0.4810591046679108
248	3	0.4811313617282194
248	4	0.48109338572945487
248	5	0.4811803410168079
248	6	0.4810714295535546
248	7	0.4810476483748395
248	8	0.48104737424803307
248	9	0.48110337177596413
248	10	0.481054044880186
248	11	0.48126391939658314
248	12	0.4810473742482285
248	13	0.4811380548498621
248	14	0.48115950546014913
248	15	0.48115111176051406
249	0	0.48105477271772384
249	1	0.4811796329203661
249	2	0.48112545510099886
249	3	0.48104737424823363
249	4	0.48104737424803307
249	5	0.4811575428654584
249	6	0.4811045048153728
249	7	0.48105888445507894
249	8	0.48107191883962713
249	9	0.4811517749543353
249	10	0.48109451612247417
249	11	0.4812726826589243
249	12	0.48104737424803307
249	13	0.481047690285795
249	14	0.481142303134404
249	15	0.481047374505698
249	16	0.48126318351426367
250	0	0.4812702085988989
250	1	0.481263466926038
250	2	0.48104769062019814
250	3	0.4811601188682259
250	4	0.48104737424803307
250	5	0.4810473742482429
250	6	0.4811786186489672
250	7	0.48107267631804346
250	8	0.4811527909056842
250	9	0.48110622023200506
250	10	0.4810954956766171
250	11	0.48112664527043075
250	12	0.4810756749772941
250	13	0.48104737424803307
250	14	0.4810588381276441
250	15	0.4810473744966092
250	16	0.48105498863501167
250	17	0.48114359467015205
251	0	0.48104737424824945
251	1	0.48127002310856665
251	2	0.48104770034419375
251	3	0.4810733164675635
251	4	0.4811778087443127
251	5	0.48104737450444346
251	6	0.48112767912874516
251	7	0.48110766779756214
251	8	0.48104737424803307
251	9	0.4811622397686056
251	10	0.4812641444995725
251	11	0.48104737424803307
251	12	0.4810551801992746
251	13	0.4810973999343435
251	14	0.4811447044818344
251	15	0.4810588051097049
251	16	0.48115366110851554
252	0	0.48114495110626015
252	1	0.48104770247956313
252	2	0.4811538651973202
252	3	0.481055221357103
252	4	0.48104737424803307
252	5	0.4810473742482509
252	6	0.4812640122787258
252	7	0.4810587988549085
252	8	0.48109767183967894
252	9	0.48110796503432857
252	10	0.4811278865930526
252	11	0.4811776540246738
252	12	0.48104737424803307
252	13	0.4810734425552195
252	14	0.48116269544165174
252	15	0.4812701679929673
252	16	0.48104737450592633
253	0	0.48107326902696734
253	1	0.48104737424803307
253	2	0.4811535899561864
253	3	0.48126997451463643
253	4	0.48126368163881494
253	5	0.4811620983717292
253	6	0.4811075474635018
253	7	0.48117787384078914
253	8	0.4810967926609279
253	9	0.48104737424824884
253	10	0.4811275862485639
253	11	0.48104769939352043
253	12	0.48104737450372326
253	13	0.48114458882899125
253	14	0.48104737424803307
253	15	0.48105880797335526
253	16	0.481055160330843
253	17	0.4810754925207084
254	0	0.4811625068285075
254	1	0.48104737424803307
254	2	0.4811078320124984
254	3	0.4810977735350632
254	4	0.48117772247866186
254	5	0.48112779625848884
254	6	0.4810473742482503
254	7	0.48104770153198256
254	8	0.4812700996473005
254	9	0.48115375863377885
254	10	0.48107337812748474
254	11	0.4812641847904908
254	12	0.4811448268148675
254	13	0.4810588015292065
254	14	0.48104737424803307
254	15	0.4810552016176843
254	16	0.4810473745052226
254	17	0.48107585920573676
255	0	0.4812640588771795
255	1	0.48109715174544687
255	2	0.48115368010486237
255	3	0.4810477005052101
255	4	0.481270034944932
255	5	0.48104737424803307
255	6	0.4811778063546408
255	7	0.48112768140436785
255	8	0.4811076696597161
255	9	0.48107332036274697
255	10	0.48104737424824945
255	11	0.48116224442477395
255	12	0.4810758487625734
255	13	0.4810551814863241
255	14	0.48104737424803307
255	15	0.4811447056583573
255	16	0.4810588049301899
255	17	0.48104737450442286
255	18	0.4810473796380861
255	19	0.48105455271125236
256	0	0.48116634767429234
256	1	0.48104737424826366
256	2	0.48104737424803307
256	3	0.4811104632904685
256	4	0.4812645275039875
256	5	0.4810760559539335
257	0	0.481047469061616
257	1	0.48104737448682516
257	2	0.48109431620312254
257	3	0.4810476779122633
257	4	0.48126388549851384
257	5	0.48104737424803307
257	6	0.4811516811262828
257	7	0.48107185791400137
257	8	0.48116049611133105
257	9	0.48110648122715105
257	10	0.4810473742482452
257	11	0.48126852154667277
257	12	0.4811212837786223
257	13	0.4811797333335309
258	0	0.48104737448137685
258	1	0.48104746688487604
258	2	0.4810930813076789
258	3	0.48104737424823835
258	4	0.4812681161523716
258	5	0.4811803637837422
258	6	0.481263254169222
258	7	0.4810476711170796
258	8	0.4810714160613031
258	9	0.48110334326503207
258	10	0.48115109545970947
258	11	0.4811557627374856
258	12	0.48111868262675034
258	13	0.48104737424803307
259	0	0.4812700934825735
259	1	0.48107337802981975
259	2	0.48126438935793375
259	3	0.4810473742482512
259	4	0.4811624726970136
259	5	0.4810477013259634
259	6	0.4811213057345596
259	7	0.48110780118629964
259	8	0.48115374925047266
259	9	0.48109680429486307
259	10	0.48104737424803307
259	11	0.4810755496325077
259	12	0.48117774410929304
260	0	0.48110438655648
260	1	0.4810600309490594
260	2	0.4811517018488938
260	3	0.4811797060734662
260	4	0.48104737446372203
260	5	0.48107186305430744
260	6	0.4811486773875683
260	7	0.48104737424803307
260	8	0.48104737424803307
260	9	0.48104767799435705
260	10	0.4810473742482357
260	11	0.48109417416454664
260	12	0.48126853133447345
260	13	0.4812631682587043
260	14	0.48111927060343296
260	15	0.48105258525048006
260	16	0.4811573112519949
261	0	0.48104737424803307
261	1	0.4810477034149917
261	2	0.48104737450669605
261	3	0.4812642026155426
261	4	0.48127024019865683
261	5	0.4811080850727739
261	6	0.48112148726198234
261	7	0.4810735031486541
261	8	0.4810972181810991
261	9	0.4810587965625875
261	10	0.4811539242443345
261	11	0.48105523673694744
261	12	0.48104737424825256
261	13	0.4811628933489026
261	14	0.481177591450975
261	15	0.48104737424803307
261	16	0.4811450127703653
262	0	0.48110646933859125
262	1	0.48104737424823013
262	2	0.48126945868360027
262	3	0.4810473744978642
262	4	0.48117846885135007
262	5	0.4811205030518374
262	6	0.4810588320104841
262	7	0.4810955403754606
262	8	0.48105502332781724
262	9	0.4811604866048181
262	10	0.48104737424803307
262	11	0.48107277863852105
262	12	0.4811529320999483
262	13	0.4810476920176102
262	14	0.4812638600121417
262	15	0.48114378536878527
262	16	0.48104737424803307
263	0	0.48109669840055025
263	1	0.4812676371301417
263	2	0.48111799183269544
263	3	0.48104737424803307
263	4	0.48114055533949535
263	5	0.48107089323188856
263	6	0.4812439293455564
263	7	0.4811538997650686
263	8	0.48115040546567084
263	9	0.4810476544429872
263	10	0.481058961760289
263	11	0.48104737424803307
263	12	0.4811021095623115
263	13	0.481221152933435
263	14	0.4810473744749928
263	15	0.48105446990123657
263	16	0.48104737424820715
263	17	0.48107602380394704
264	0	0.4810587991695255
264	1	0.48116268629396897
264	2	0.48107344304912614
264	3	0.4810970616695715
264	4	0.4811213916796737
264	5	0.48110796211240636
264	6	0.4810473745059774
264	7	0.48104737424803307
264	8	0.4810552183661697
264	9	0.4812456587637573
264	10	0.4812165042496627
264	11	0.48114491392967185
264	12	0.48104737424803307
264	13	0.4811538365923483
264	14	0.48127015505074566
264	15	0.4810476923778661
264	16	0.48104737424823096
265	0	0.48104737450402335
265	1	0.4811536326514188
265	2	0.4810473742482295
265	3	0.48105880690370345
265	4	0.48104737424803307
265	5	0.48116431866291354
265	6	0.48107327891715856
265	7	0.4811075887696216
265	8	0.48124554506390504
265	9	0.48104737424803307
265	10	0.4810551696263919
265	11	0.4810963795217724
265	12	0.48104769006907805
265	13	0.4811211698612938
265	14	0.48126999058153835
265	15	0.48114463858359396
265	16	0.4812168496430671
266	0	0.48122149893216365
266	1	0.48115086491902725
266	2	0.48104737424822663
266	3	0.48104765969175883
266	4	0.48115729024352266
266	5	0.4811184579667687
266	6	0.48104737424803307
266	7	0.48107124066197343
266	8	0.481102937957177
266	9	0.4812679537292149
266	10	0.4812444430767449
266	11	0.4810927962216021
266	12	0.4810755259929752
266	13	0.4811411460439208
266	14	0.48104737424803307
266	15	0.48104737447917
266	16	0.481058934118086
266	17	0.48105457204202623
266	18	0.48104741038169574
267	0	0.48104737424823074
267	1	0.48114491098351153
267	2	0.48104737424803307
267	3	0.48105521570913273
267	4	0.48104769223390037
267	5	0.4811538204233543
267	6	0.4811648159879538
267	7	0.48121654934535313
267	8	0.4810979689411401
267	9	0.48104737450580026
267	10	0.48104737424803307
267	11	0.4812701480878187
267	12	0.481073425059145
267	13	0.4810587996845516
267	14	0.4812458110451416
267	15	0.48112136737567757
267	16	0.4811079124052376
268	0	0.4810964492087306
268	1	0.48104737424803307
268	2	0.4812457569842484
268	3	0.48110755393578986
268	4	0.4811642582764522
268	5	0.4811211521338334
268	6	0.4810755991166975
268	7	0.4810732600121144
268	8	0.48126996606206013
268	9	0.4811535838107394
268	10	0.4810476896252012
268	11	0.48104737424822913
268	12	0.4812169035863524
269	0	0.48105453142419224
269	1	0.4811535712095159
269	2	0.48104768950933136
269	3	0.4811408935376094
269	4	0.48104737424803307
269	5	0.48104737424822913
269	6	0.4811641838291173
269	7	0.4812169241969482
269	8	0.4810972329260154
269	9	0.48104737424803307
269	10	0.48110748595994846
269	11	0.4810589447881607
269	12	0.4810473744774904
269	13	0.48112111397737006
269	14	0.4812699402092465
269	15	0.48107323387772183
269	16	0.4812453599044422
270	0	0.4810473744934782
270	1	0.48109484947924663
270	2	0.4810473742482213
270	3	0.48124517266767414
270	4	0.48126908149799535
270	5	0.4810476769539669
270	6	0.48107241532380757
270	7	0.4811056239145769
270	8	0.48115242064160363
270	9	0.4812187487395707
270	10	0.48104737424803307
270	11	0.48112000633826335
270	12	0.48116137011054405
