120	0	992.61376953125
120	1	880.6707153320312
120	2	999.03759765625
120	3	925.9143676757812
120	4	6.314949989318848
120	5	999.9074096679688
120	6	999.4948120117188
120	7	982.7893676757812
120	8	997.1952514648438
120	9	-0.1124362200498581
120	10	999.6744995117188
121	0	999.6744995117188
121	1	-0.19517047703266144
121	2	992.61376953125
121	3	999.4948120117188
121	4	982.7893676757812
121	5	999.8623046875
121	6	999.0751953125
121	7	8.031821250915527
121	8	925.9143676757812
121	9	880.6707153320312
121	10	997.3104858398438
122	0	999.4948120117188
122	1	999.03759765625
122	2	880.6707153320312
122	3	925.9143676757812
122	4	999.6744995117188
122	5	999.9074096679688
122	6	-0.19517047703266144
122	7	997.1952514648438
122	8	992.61376953125
122	9	6.314949989318848
122	10	982.7893676757812
123	0	880.6707153320312
123	1	982.7893676757812
123	2	-0.30324921011924744
123	3	925.9143676757812
123	4	999.4948120117188
123	5	999.03759765625
123	6	992.61376953125
123	7	999.9074096679688
123	8	9.597676277160645
123	9	999.6744995117188
123	10	997.1952514648438
124	0	999.62939453125
124	1	999.4948120117188
124	2	997.3104858398438
124	3	982.7893676757812
124	4	880.6707153320312
124	5	6.314949989318848
124	6	999.9074096679688
124	7	-0.30324921011924744
124	8	992.61376953125
124	9	925.9143676757812
124	10	999.0751953125
125	0	880.6707153320312
125	1	999.6744995117188
125	2	982.7893676757812
125	3	7.50028133392334
125	4	-0.1124362200498581
125	5	992.61376953125
125	6	999.03759765625
125	7	925.9143676757812
125	8	999.4948120117188
125	9	999.9074096679688
125	10	997.3104858398438
126	0	925.9143676757812
126	1	992.61376953125
126	2	999.6744995117188
126	3	999.03759765625
126	4	880.6707153320312
126	5	997.1952514648438
126	6	999.4948120117188
126	7	5.160681247711182
126	8	-0.1124362200498581
126	9	982.7893676757812
126	10	999.9074096679688
127	0	987.3718872070312
127	1	10.177160263061523
127	2	999.9879150390625
127	3	-0.049375712871551514
127	4	996.9548950195312
127	5	1000.4207763671875
127	6	882.5729370117188
127	7	993.6505126953125
127	8	999.2052612304688
127	9	926.2142944335938
127	10	998.4884643554688
128	0	1000.2149658203125
128	1	991.9799194335938
128	2	0.43288347125053406
128	3	1000.5758666992188
128	4	997.6265869140625
128	5	881.420166015625
128	6	987.4522705078125
128	7	5.070722579956055
128	8	928.9281616210938
128	9	999.1055297851562
128	10	999.6943969726562
129	0	991.9799194335938
129	1	881.420166015625
129	2	1000.2149658203125
129	3	0.43288347125053406
129	4	999.1055297851562
129	5	928.9281616210938
129	6	999.6893920898438
129	7	5.070722579956055
129	8	997.6265869140625
129	9	987.4522705078125
129	10	1000.5758666992188
130	0	992.61376953125
130	1	-0.1124362200498581
130	2	925.9143676757812
130	3	999.03759765625
130	4	999.4948120117188
130	5	982.7893676757812
130	6	9.597676277160645
130	7	999.6744995117188
130	8	997.1952514648438
130	9	880.6707153320312
130	10	999.9074096679688
131	0	987.659423828125
131	1	997.3449096679688
131	2	999.6024169921875
131	3	886.3580322265625
131	4	6.55200719833374
131	5	-0.404852956533432
131	6	998.9622802734375
131	7	931.8309326171875
131	8	999.072021484375
131	9	995.9190063476562
132	0	904.3724975585938
132	1	1.786791205406189
132	2	999.78466796875
132	3	991.3362426757812
132	4	997.4609375
132	5	2.9045732021331787
132	6	933.3455810546875
132	7	1000.5733642578125
132	8	999.1005249023438
132	9	992.6138305664062
132	10	999.81689453125
133	0	995.4496459960938
133	1	999.4288940429688
133	2	936.5238647460938
133	3	999.072021484375
133	4	997.2437744140625
133	5	990.667724609375
133	6	11.672331809997559
133	7	998.9622802734375
133	8	1.0317904949188232
133	9	904.2694091796875
134	0	931.1133422851562
134	1	999.0751953125
134	2	999.6744995117188
134	3	992.6563110351562
134	4	1.1587368249893188
134	5	988.8219604492188
134	6	3.267429828643799
134	7	904.2694091796875
134	8	999.5303344726562
134	9	997.1954345703125
135	0	1.704056739807129
135	1	1000.5758666992188
135	2	999.7896728515625
135	3	904.3724975585938
135	4	999.1055297851562
135	5	992.6138305664062
135	6	991.3362426757812
135	7	997.4609375
135	8	5.115269184112549
135	9	933.3455810546875
136	0	997.2437744140625
136	1	3.885377883911133
136	2	2.6644856929779053
136	3	990.667724609375
136	4	1.0317904949188232
136	5	998.9622802734375
136	6	999.066162109375
136	7	999.4288940429688
136	8	995.4496459960938
136	9	936.5238647460938
137	0	999.6744995117188
137	1	5.607028007507324
137	2	-0.33615922927856445
137	3	988.8219604492188
137	4	1.241471290588379
137	5	997.1954345703125
137	6	999.5303344726562
137	7	931.1133422851562
137	8	992.6563110351562
137	9	999.03759765625
138	0	997.1954345703125
138	1	999.6744995117188
138	2	-0.33615922927856445
138	3	6.13857364654541
138	4	988.8219604492188
138	5	1.1587368249893188
138	6	999.0751953125
138	7	992.6563110351562
138	8	999.5303344726562
138	9	931.1133422851562
139	0	5.607028007507324
139	1	1.1587368249893188
139	2	988.8219604492188
139	3	997.1954345703125
139	4	-0.33615922927856445
139	5	999.6744995117188
139	6	931.1133422851562
139	7	999.5303344726562
139	8	999.0751953125
139	9	992.6563110351562
140	0	3.267429828643799
140	1	997.1954345703125
140	2	-0.33615922927856445
140	3	1.241471290588379
140	4	988.8219604492188
140	5	999.6744995117188
140	6	999.5303344726562
140	7	931.1133422851562
140	8	992.6563110351562
140	9	999.03759765625
141	0	1.241471290588379
141	1	931.1133422851562
141	2	999.6744995117188
141	3	-0.33615922927856445
141	4	997.1954345703125
141	5	992.6563110351562
141	6	988.8219604492188
141	7	8.283907890319824
141	8	999.5303344726562
141	9	999.03759765625
142	0	999.5303344726562
142	1	931.1133422851562
142	2	999.6744995117188
142	3	7.704427719116211
142	4	992.6563110351562
142	5	-0.33615922927856445
142	6	0.4117467403411865
142	7	988.8219604492188
142	8	999.0751953125
142	9	997.2847900390625
143	0	999.5303344726562
143	1	1.241471290588379
143	2	997.2847900390625
143	3	999.0751953125
143	4	-0.33615922927856445
143	5	931.1133422851562
143	6	992.6563110351562
143	7	999.6744995117188
143	8	3.267429828643799
143	9	988.8219604492188
144	0	-5.583056926727295
144	1	1.1587368249893188
144	2	988.8219604492188
144	3	4.285090923309326
144	4	999.6744995117188
144	5	997.1954345703125
144	6	999.4927368164062
144	7	999.03759765625
144	8	992.6563110351562
144	9	931.1133422851562
145	0	988.8219604492188
145	1	-5.583056926727295
145	2	997.1954345703125
145	3	1.241471290588379
145	4	999.6744995117188
145	5	7.704427719116211
145	6	999.5303344726562
145	7	931.1133422851562
145	8	999.03759765625
145	9	992.6563110351562
146	0	997.2847900390625
146	1	988.8219604492188
146	2	5.607028007507324
146	3	999.6744995117188
146	4	1.241471290588379
146	5	-5.583056926727295
146	6	999.5303344726562
146	7	931.1133422851562
146	8	999.0751953125
146	9	992.6563110351562
147	0	992.6210327148438
147	1	995.1137084960938
147	2	3.098778009414673
147	3	-3.2354483604431152
147	4	3.4956047534942627
147	5	1001.6066284179688
147	6	928.42822265625
147	7	1002.2604370117188
147	8	1001.176025390625
147	9	999.0284423828125
148	0	-6.3843488693237305
148	1	1000.4207763671875
148	2	991.2271118164062
148	3	0.5291628837585449
148	4	996.7892456054688
148	5	-2.449742078781128
148	6	998.4884643554688
148	7	993.732666015625
148	8	999.216064453125
148	9	930.5769653320312
149	0	988.8219604492188
149	1	-7.7062859535217285
149	2	-5.583056926727295
149	3	1.0506584644317627
149	4	999.6744995117188
149	5	997.1954345703125
149	6	931.1133422851562
149	7	999.0751953125
149	8	992.6563110351562
149	9	999.5303344726562
150	0	988.8219604492188
150	1	999.6744995117188
150	2	997.1954345703125
150	3	1.1587368249893188
150	4	-7.569680213928223
150	5	-5.583056926727295
150	6	931.1133422851562
150	7	999.0751953125
150	8	992.6563110351562
150	9	999.5303344726562
151	0	931.1133422851562
151	1	999.6744995117188
151	2	-5.583056926727295
151	3	1.0506584644317627
151	4	992.6563110351562
151	5	999.5303344726562
151	6	997.1954345703125
151	7	999.03759765625
151	8	-3.7135438919067383
151	9	988.8219604492188
152	0	-7.7062859535217285
152	1	997.2847900390625
152	2	988.8219604492188
152	3	1.1587368249893188
152	4	999.6744995117188
152	5	-5.583056926727295
152	6	992.6563110351562
152	7	999.5303344726562
152	8	931.1133422851562
152	9	999.0751953125
153	0	999.7593383789062
153	1	-5.583056926727295
153	2	-7.7062859535217285
153	3	997.1954345703125
153	4	999.5303344726562
153	5	988.8219604492188
153	6	999.6744995117188
153	7	1.241471290588379
154	0	-6.3843488693237305
154	1	999.6744995117188
154	2	988.8219604492188
154	3	997.2847900390625
154	4	-5.583056926727295
154	5	1.241471290588379
154	6	988.4786987304688
154	7	997.6370239257812
154	8	917.7498779296875
154	9	999.5303344726562
155	0	992.1898193359375
155	1	-2.8810384273529053
155	2	1.8054580688476562
155	3	999.8013305664062
155	4	-7.064315319061279
155	5	927.0681762695312
155	6	1000.2354736328125
155	7	992.7594604492188
155	8	999.979736328125
155	9	996.68994140625
155	10	998.3828735351562
156	0	997.2847900390625
156	1	1.1587368249893188
156	2	1001.2236938476562
156	3	988.8219604492188
156	4	-5.583056926727295
156	5	-3.7135438919067383
156	6	999.6744995117188
156	7	999.0751953125
156	8	999.5303344726562
156	9	931.1133422851562
156	10	992.6563110351562
157	0	1001.2236938476562
157	1	999.03759765625
157	2	988.8219604492188
157	3	999.4927368164062
157	4	-4.293025493621826
157	5	998.4986572265625
157	6	1.1587368249893188
157	7	999.62939453125
157	8	931.1133422851562
157	9	-5.583056926727295
157	10	992.6563110351562
157	11	997.1954345703125
158	0	-7.7062859535217285
158	1	999.62939453125
158	2	1.1587368249893188
158	3	992.6563110351562
158	4	997.7965087890625
158	5	931.1133422851562
158	6	-5.583056926727295
158	7	988.8219604492188
158	8	1001.2236938476562
158	9	999.03759765625
158	10	999.5303344726562
158	11	997.1954345703125
159	0	1.1587368249893188
159	1	1001.2236938476562
159	2	-5.583056926727295
159	3	999.5303344726562
159	4	997.8416137695312
159	5	931.1133422851562
159	6	999.0751953125
159	7	-7.7062859535217285
159	8	999.6744995117188
159	9	988.8219604492188
159	10	992.6563110351562
159	11	997.1954345703125
160	0	1000.5733642578125
160	1	992.6138305664062
160	2	-7.075265884399414
160	3	999.78466796875
160	4	997.4609375
160	5	933.3455810546875
160	6	999.1055297851562
160	7	1.704056739807129
160	8	1002.7666015625
160	9	-4.642419338226318
160	10	1000.2536010742188
160	11	991.3362426757812
161	0	992.6563110351562
161	1	1.241471290588379
161	2	931.1133422851562
161	3	997.1954345703125
161	4	1001.2236938476562
161	5	999.4927368164062
161	6	-5.583056926727295
161	7	988.8219604492188
161	8	-7.102146625518799
161	9	999.6744995117188
161	10	997.7965087890625
161	11	999.0441284179688
162	0	-2.797029733657837
162	1	990.667724609375
162	2	998.9681396484375
162	3	1002.2357177734375
162	4	997.2821655273438
162	5	0.9490559697151184
162	6	-8.803126335144043
162	7	999.023681640625
162	8	995.3324584960938
162	9	995.4496459960938
162	10	999.4347534179688
162	11	902.8935546875
163	0	902.8935546875
163	1	1.1587368249893188
163	2	997.2847900390625
163	3	999.5303344726562
163	4	-6.463525295257568
163	5	-5.583056926727295
163	6	999.0817260742188
163	7	997.7965087890625
163	8	1001.2236938476562
163	9	992.6563110351562
163	10	988.8219604492188
163	11	999.6744995117188
164	0	988.8219604492188
164	1	999.62939453125
164	2	1001.2236938476562
164	3	997.2847900390625
164	4	-5.583056926727295
164	5	1.2139477729797363
164	6	-6.463525295257568
164	7	999.0441284179688
164	8	997.7965087890625
164	9	992.6563110351562
164	10	902.8935546875
164	11	999.5303344726562
165	0	-2.449742078781128
165	1	998.8236083984375
165	2	905.3231201171875
165	3	2.8262596130371094
165	4	1.221798062324524
165	5	997.3388671875
165	6	998.4717407226562
165	7	991.2271118164062
165	8	1000.4207763671875
165	9	1002.0228881835938
165	10	996.7892456054688
165	11	993.732666015625
165	12	999.216064453125
166	0	999.62939453125
166	1	997.2847900390625
166	2	1.1587368249893188
166	3	998.8236083984375
166	4	-5.175032615661621
166	5	1001.2236938476562
166	6	-4.372203826904297
166	7	988.8219604492188
166	8	999.5303344726562
166	9	999.0817260742188
166	10	902.8935546875
166	11	997.3839721679688
166	12	992.6563110351562
167	0	999.6744995117188
167	1	999.0817260742188
167	2	902.8935546875
167	3	1.241471290588379
167	4	988.8219604492188
167	5	992.6563110351562
167	6	999.5303344726562
167	7	-7.785457134246826
167	8	1001.2236938476562
167	9	997.1954345703125
167	10	997.3388671875
167	11	998.8236083984375
167	12	-5.175032615661621
168	0	999.7593383789062
168	1	997.4609375
168	2	999.78466796875
168	3	-5.033635139465332
168	4	997.4515380859375
168	5	-7.1620869636535645
168	6	991.208251953125
168	7	1002.7666015625
168	8	999.1713256835938
168	9	1000.5733642578125
168	10	2.846540689468384
168	11	904.7687377929688
168	12	999.1010131835938
168	13	992.6138305664062
168	14	999.75537109375
168	15	999.5171508789062
169	0	988.9097290039062
169	1	-5.974277019500732
169	2	997.2847900390625
169	3	999.6744995117188
169	4	2.301220655441284
169	5	1001.2236938476562
169	6	-4.01566743850708
169	7	998.8236083984375
169	8	902.2425537109375
169	9	992.6563110351562
169	10	997.3388671875
169	11	999.5303344726562
169	12	999.0817260742188
170	0	999.5303344726562
170	1	-5.974277019500732
170	2	997.3388671875
170	3	988.8646240234375
170	4	999.6744995117188
170	5	2.356431484222412
170	6	1001.2236938476562
170	7	997.1954345703125
170	8	999.0817260742188
170	9	998.8236083984375
170	10	992.6563110351562
170	11	-7.428921222686768
170	12	902.2425537109375
171	0	1000.5733642578125
171	1	999.1713256835938
171	2	-5.033635139465332
171	3	997.4609375
171	4	2.846540689468384
171	5	991.208251953125
171	6	-3.732048511505127
171	7	1002.7666015625
171	8	904.7687377929688
171	9	999.1010131835938
171	10	999.78466796875
171	11	992.6138305664062
171	12	997.4515380859375
172	0	996.7892456054688
172	1	2.8399691581726074
172	2	-2.6441731452941895
172	3	993.732666015625
172	4	-2.442448616027832
172	5	996.9619140625
172	6	999.221923828125
172	7	999.0228271484375
172	8	1002.0228881835938
172	9	1000.4191284179688
172	10	991.0810546875
172	11	998.4776000976562
172	12	904.6181640625
173	0	997.2437744140625
173	1	999.4347534179688
173	2	998.9681396484375
173	3	999.023681640625
173	4	2.4844937324523926
173	5	907.1593627929688
173	6	990.5482788085938
173	7	-2.9919073581695557
173	8	995.4496459960938
173	9	1002.2357177734375
173	10	999.1566162109375
173	11	-2.950723886489868
173	12	997.4729614257812
174	0	991.208251953125
174	1	997.4515380859375
174	2	999.78466796875
174	3	999.1010131835938
174	4	904.7687377929688
174	5	2.929274797439575
174	6	-5.033635139465332
174	7	992.6138305664062
174	8	-7.003294467926025
174	9	1002.7666015625
174	10	999.1713256835938
174	11	1000.5733642578125
174	12	997.4609375
175	0	999.5303344726562
175	1	997.1954345703125
175	2	-5.974277019500732
175	3	997.3388671875
175	4	-5.992396831512451
175	5	988.8646240234375
175	6	999.6744995117188
175	7	998.8363647460938
175	8	999.0817260742188
175	9	2.301220655441284
175	10	992.6563110351562
175	11	1001.2236938476562
175	12	902.2425537109375
176	0	999.7896728515625
176	1	997.4515380859375
176	2	904.7687377929688
176	3	1002.7666015625
176	4	999.1713256835938
176	5	997.4609375
176	6	991.208251953125
176	7	2.846540689468384
176	8	-5.033635139465332
176	9	-5.882523059844971
176	10	992.6138305664062
176	11	1000.5758666992188
176	12	999.1010131835938
177	0	999.1713256835938
177	1	-5.882523059844971
177	2	999.7896728515625
177	3	2.929274797439575
177	4	997.4515380859375
177	5	991.208251953125
177	6	-5.033635139465332
177	7	1000.5733642578125
177	8	997.4609375
177	9	1002.7666015625
177	10	903.49609375
177	11	999.1010131835938
177	12	992.6138305664062
178	0	998.8236083984375
178	1	902.2454223632812
178	2	999.0817260742188
178	3	997.3839721679688
178	4	999.5303344726562
178	5	2.301220655441284
178	6	-7.314331531524658
178	7	1001.2236938476562
178	8	-5.974277019500732
178	9	997.2847900390625
178	10	988.8646240234375
178	11	999.6744995117188
178	12	993.4249267578125
179	0	999.6744995117188
179	1	-7.188793659210205
179	2	902.2454223632812
179	3	997.3388671875
179	4	998.8363647460938
179	5	2.301220655441284
179	6	999.5303344726562
179	7	999.0817260742188
179	8	-5.974277019500732
179	9	992.6563110351562
179	10	988.8646240234375
179	11	997.1954345703125
179	12	1001.2236938476562
180	0	999.4927368164062
180	1	-5.974277019500732
180	2	999.62939453125
180	3	902.2454223632812
180	4	999.0817260742188
180	5	992.6563110351562
180	6	1001.2236938476562
180	7	2.301220655441284
180	8	-5.992396831512451
180	9	988.8646240234375
180	10	997.1954345703125
180	11	997.3388671875
180	12	998.8236083984375
181	0	2.3839547634124756
181	1	-5.992396831512451
181	2	902.2454223632812
181	3	992.6563110351562
181	4	999.5303344726562
181	5	998.8236083984375
181	6	999.0529174804688
181	7	-5.974277019500732
181	8	1001.2236938476562
181	9	997.3388671875
181	10	988.8646240234375
181	11	999.62939453125
181	12	997.1954345703125
182	0	999.6744995117188
182	1	997.2847900390625
182	2	2.929274797439575
182	3	-8.212133407592773
182	4	988.8646240234375
182	5	998.8236083984375
182	6	-5.974277019500732
182	7	1001.2236938476562
182	8	997.3388671875
182	9	904.7716064453125
182	10	999.0960083007812
182	11	999.7896728515625
182	12	992.6138305664062
183	0	-5.882523059844971
183	1	998.8461303710938
183	2	994.6183471679688
183	3	997.7413330078125
183	4	988.316650390625
183	5	4.5097222328186035
183	6	1.9614516496658325
183	7	1000.9652709960938
183	8	902.579833984375
183	9	990.2835083007812
183	10	998.2847900390625
183	11	995.24853515625
183	12	997.263671875
184	0	997.4609375
184	1	1000.5758666992188
184	2	2.929274797439575
184	3	999.1713256835938
184	4	10.745976448059082
184	5	-2.950723886489868
184	6	991.208251953125
184	7	1002.7666015625
184	8	999.0960083007812
184	9	904.7716064453125
184	10	992.6138305664062
184	11	997.4540405273438
184	12	999.78466796875
185	0	997.4609375
185	1	1000.5758666992188
185	2	2.929274797439575
185	3	999.2266845703125
185	4	991.208251953125
185	5	10.745976448059082
185	6	1002.7666015625
185	7	-5.882523059844971
185	8	999.7896728515625
185	9	997.4515380859375
185	10	999.0960083007812
185	11	904.7716064453125
185	12	992.6138305664062
186	0	2.3839547634124756
186	1	902.2454223632812
186	2	999.5303344726562
186	3	992.6563110351562
186	4	-5.992396831512451
186	5	998.8236083984375
186	6	999.0529174804688
186	7	999.6744995117188
186	8	997.3388671875
186	9	9.678025245666504
186	10	1001.2236938476562
186	11	997.4609375
186	12	991.2107543945312
187	0	-3.3326644897460938
187	1	998.8236083984375
187	2	1001.2236938476562
187	3	997.1954345703125
187	4	9.678025245666504
187	5	904.7716064453125
187	6	2.929274797439575
187	7	999.7896728515625
187	8	999.0529174804688
187	9	999.6744995117188
187	10	997.3388671875
187	11	988.8646240234375
187	12	992.6138305664062
188	0	999.0905151367188
188	1	902.2454223632812
188	2	998.8363647460938
188	3	9.678025245666504
188	4	-8.212133407592773
188	5	2.3839547634124756
188	6	999.62939453125
188	7	999.4927368164062
188	8	988.8646240234375
188	9	997.1954345703125
188	10	992.6563110351562
188	11	997.3388671875
188	12	1001.2236938476562
189	0	999.7593383789062
189	1	997.1954345703125
189	2	9.678025245666504
189	3	999.5303344726562
189	4	997.3388671875
189	5	-8.212133407592773
189	6	988.8646240234375
189	7	1001.2236938476562
189	8	999.6744995117188
189	9	2.3839547634124756
189	10	998.8236083984375
190	0	997.4609375
190	1	10.745976448059082
190	2	997.4515380859375
190	3	-7.003294467926025
190	4	999.78466796875
190	5	889.7295532226562
190	6	2.846540689468384
190	7	999.1713256835938
190	8	991.208251953125
190	9	997.0614013671875
190	10	1002.7666015625
190	11	988.4786987304688
190	12	1000.5733642578125
191	0	997.4609375
191	1	-5.882523059844971
191	2	999.78466796875
191	3	997.4540405273438
191	4	10.745976448059082
191	5	904.7716064453125
191	6	1002.7666015625
191	7	2.929274797439575
191	8	999.1713256835938
191	9	991.208251953125
191	10	992.6138305664062
191	11	999.1010131835938
191	12	1000.5758666992188
192	0	2.3839547634124756
192	1	992.6563110351562
192	2	999.6744995117188
192	3	-5.992396831512451
192	4	998.8236083984375
192	5	9.678025245666504
192	6	997.1954345703125
192	7	1001.2236938476562
192	8	988.8646240234375
193	0	997.2847900390625
193	1	998.677734375
193	2	9.678025245666504
193	3	-8.212133407592773
193	4	995.2460327148438
193	5	997.0614013671875
193	6	1001.2236938476562
193	7	2.3839547634124756
193	8	889.7295532226562
193	9	992.6563110351562
193	10	988.8646240234375
193	11	998.8363647460938
193	12	999.62939453125
194	0	997.4515380859375
194	1	999.7896728515625
194	2	997.4609375
194	3	10.745976448059082
194	4	-5.882523059844971
194	5	1000.5758666992188
194	6	999.1713256835938
194	7	1002.7666015625
194	8	991.208251953125
194	9	999.1010131835938
194	10	2.929274797439575
194	11	904.7716064453125
194	12	992.6138305664062
195	0	907.1622314453125
195	1	2.567227840423584
195	2	995.4496459960938
195	3	-9.2871732711792
195	4	6.267955780029297
195	5	997.4671020507812
195	6	999.1566162109375
195	7	998.9622802734375
195	8	990.5482788085938
195	9	997.2437744140625
195	10	999.4347534179688
195	11	999.017822265625
195	12	1002.2357177734375
196	0	992.6563110351562
196	1	998.8236083984375
196	2	997.3388671875
196	3	999.4927368164062
196	4	1001.2236938476562
196	5	999.0905151367188
196	6	997.1954345703125
196	7	2.3839547634124756
196	8	999.6744995117188
196	9	9.678025245666504
196	10	902.2454223632812
196	11	-5.992396831512451
196	12	988.8646240234375
197	0	9.678025245666504
197	1	988.8646240234375
197	2	2.3839547634124756
197	3	998.8236083984375
197	4	-7.188793659210205
197	5	992.6563110351562
197	6	997.1954345703125
197	7	997.3839721679688
197	8	1001.2236938476562
197	9	999.6744995117188
197	10	999.0905151367188
197	11	902.2454223632812
197	12	999.5303344726562
198	0	999.1624755859375
198	1	997.4729614257812
198	2	2.567227840423584
198	3	-11.506903648376465
198	4	995.4496459960938
198	5	990.5482788085938
198	6	13.01154613494873
198	7	999.022216796875
198	8	998.9622802734375
198	9	997.2437744140625
198	10	1002.2357177734375
198	11	908.980224609375
198	12	999.4347534179688
199	0	996.7892456054688
199	1	933.5420532226562
199	2	999.216064453125
199	3	21.982940673828125
199	4	1000.4207763671875
199	5	-2.7989845275878906
199	6	999.0228271484375
199	7	996.9619140625
199	8	993.732666015625
199	9	998.457275390625
199	10	991.0810546875
199	11	1002.0228881835938
199	12	2.8399691581726074
200	0	-5.882523059844971
200	1	991.208251953125
200	2	1002.7666015625
200	3	2.929274797439575
200	4	999.0806884765625
200	5	999.78466796875
200	6	992.6138305664062
200	7	932.4857177734375
200	8	997.5076904296875
200	9	997.4515380859375
200	10	17.55953025817871
200	11	999.1713256835938
200	12	1000.5733642578125
201	0	2.929274797439575
201	1	1000.5758666992188
201	2	-7.204457759857178
201	3	17.55953025817871
201	4	991.208251953125
201	5	997.4609375
201	6	1002.7666015625
201	7	999.2266845703125
201	8	997.4540405273438
201	9	999.78466796875
201	10	904.7716064453125
201	11	992.6138305664062
201	12	999.0831909179688
202	0	996.423583984375
202	1	-5.882523059844971
202	2	992.7594604492188
202	3	3.6331608295440674
202	4	1001.9588012695312
202	5	999.4398803710938
202	6	1002.3732299804688
202	7	899.056884765625
202	8	996.68994140625
202	9	998.4017333984375
202	10	992.009521484375
202	11	999.2382202148438
202	12	16.88629150390625
203	0	1002.7666015625
203	1	1000.5758666992188
203	2	17.55953025817871
203	3	997.4609375
203	4	999.2266845703125
203	5	991.208251953125
203	6	2.929274797439575
203	7	-8.102259635925293
203	8	999.7896728515625
203	9	997.4540405273438
203	10	904.7716064453125
203	11	999.0831909179688
203	12	992.6138305664062
204	0	5.45566463470459
204	1	998.2012939453125
204	2	994.3228759765625
204	3	904.7716064453125
204	4	995.5422973632812
204	5	11.12934684753418
204	6	1001.58447265625
204	7	-11.506903648376465
204	8	998.3359375
204	9	1002.0794677734375
204	10	992.5231323242188
204	11	1001.0160522460938
204	12	1004.298828125
205	0	990.5482788085938
205	1	998.9622802734375
205	2	2.567227840423584
205	3	999.1566162109375
205	4	1002.2357177734375
205	5	-9.2871732711792
205	6	997.2437744140625
205	7	13.01154613494873
205	8	997.41552734375
205	9	907.1622314453125
205	10	999.4347534179688
205	11	999.022216796875
205	12	995.4496459960938
206	0	1002.7666015625
206	1	-8.102259635925293
206	2	997.4609375
206	3	17.55953025817871
206	4	991.208251953125
206	5	999.1713256835938
206	6	2.929274797439575
206	7	1000.5758666992188
206	8	992.6138305664062
206	9	999.0831909179688
206	10	904.7716064453125
206	11	997.6629028320312
206	12	999.7896728515625
207	0	991.208251953125
207	1	991.9215698242188
207	2	17.55953025817871
207	3	1002.7666015625
207	4	2.929274797439575
207	5	-5.882523059844971
207	6	1000.5758666992188
207	7	999.2266845703125
207	8	904.7716064453125
207	9	992.6138305664062
207	10	999.78466796875
207	11	999.0806884765625
207	12	997.6629028320312
208	0	990.5482788085938
208	1	-10.369749069213867
208	2	1002.2357177734375
208	3	22.361648559570312
208	4	995.8656005859375
208	5	998.9622802734375
208	6	999.1624755859375
208	7	2.567227840423584
208	8	999.028076171875
208	9	999.4288940429688
208	10	907.1622314453125
208	11	995.4496459960938
208	12	997.41552734375
209	0	999.2266845703125
209	1	2.929274797439575
209	2	17.55953025817871
209	3	1000.5733642578125
209	4	-5.882523059844971
209	5	995.1166381835938
209	6	991.208251953125
209	7	1002.7666015625
209	8	999.0806884765625
209	9	997.6629028320312
209	10	904.7716064453125
209	11	992.6138305664062
209	12	999.78466796875
210	0	995.1166381835938
210	1	1000.5733642578125
210	2	2.929274797439575
210	3	991.208251953125
210	4	999.2266845703125
210	5	1002.7666015625
210	6	-2.950723886489868
210	7	17.55953025817871
210	8	904.7716064453125
210	9	999.0806884765625
210	10	992.6138305664062
210	11	999.7896728515625
210	12	997.6629028320312
211	0	2.567227840423584
211	1	998.9622802734375
211	2	-7.792039394378662
211	3	17.55953025817871
211	4	999.1566162109375
211	5	990.5482788085938
211	6	995.8656005859375
211	7	1002.2357177734375
212	0	999.2266845703125
212	1	1000.5733642578125
212	2	995.1166381835938
212	3	1002.7666015625
212	4	-5.882523059844971
212	5	2.929274797439575
212	6	991.208251953125
212	7	17.55953025817871
212	8	999.10498046875
212	9	1001.58447265625
212	10	1001.0160522460938
212	11	994.3228759765625
212	12	898.3922729492188
213	0	1002.7666015625
213	1	2.929274797439575
213	2	1000.5758666992188
213	3	995.1166381835938
213	4	-5.882523059844971
213	5	17.55953025817871
213	6	999.1713256835938
213	7	991.208251953125
213	8	992.6138305664062
213	9	999.78466796875
213	10	904.7716064453125
213	11	997.6629028320312
213	12	999.0806884765625
214	0	999.78466796875
214	1	999.0806884765625
214	2	1000.5758666992188
214	3	997.6629028320312
214	4	995.1166381835938
214	5	991.208251953125
214	6	2.929274797439575
214	7	992.6138305664062
214	8	904.7716064453125
214	9	17.55953025817871
214	10	-5.882523059844971
214	11	1002.7666015625
214	12	999.2266845703125
215	0	2.929274797439575
215	1	999.2266845703125
215	2	992.6138305664062
215	3	1000.5733642578125
215	4	997.6654052734375
215	5	999.78466796875
215	6	995.1166381835938
215	7	999.0806884765625
215	8	17.55953025817871
215	9	904.7716064453125
215	10	1002.7666015625
215	11	991.208251953125
215	12	-5.882523059844971
216	0	996.834228515625
216	1	998.4017333984375
216	2	999.2382202148438
216	3	1001.9588012695312
216	4	899.056884765625
216	5	16.88629150390625
216	6	992.009521484375
216	7	994.59814453125
216	8	3.550426721572876
216	9	992.7594604492188
216	10	999.4398803710938
216	11	1002.3732299804688
216	12	-5.882523059844971
217	0	999.0806884765625
217	1	2.929274797439575
217	2	904.7716064453125
217	3	991.208251953125
217	4	999.7896728515625
217	5	1002.7666015625
217	6	997.6654052734375
217	7	995.1166381835938
217	8	992.6138305664062
217	9	-5.882523059844971
217	10	1000.5733642578125
217	11	17.55953025817871
217	12	999.1713256835938
218	0	2.929274797439575
218	1	17.55953025817871
218	2	1002.7666015625
218	3	999.78466796875
218	4	997.6654052734375
218	5	999.0806884765625
218	6	999.1713256835938
218	7	-5.882523059844971
218	8	995.1166381835938
218	9	1000.5733642578125
218	10	992.6138305664062
218	11	904.7716064453125
218	12	991.208251953125
219	0	999.0806884765625
219	1	-5.882523059844971
219	2	997.6629028320312
219	3	999.2266845703125
219	4	1000.5733642578125
219	5	904.7716064453125
219	6	992.6138305664062
219	7	995.1166381835938
219	8	991.208251953125
219	9	2.929274797439575
219	10	17.55953025817871
219	11	999.78466796875
219	12	1002.7666015625
220	0	1000.5758666992188
220	1	995.1166381835938
220	2	2.929274797439575
220	3	991.208251953125
220	4	997.6629028320312
220	5	999.0806884765625
220	6	999.2266845703125
220	7	1002.7666015625
220	8	904.7716064453125
220	9	17.55953025817871
220	10	992.6138305664062
220	11	999.7896728515625
220	12	-7.204457759857178
221	0	991.208251953125
221	1	-7.792039394378662
221	2	997.40966796875
221	3	998.9622802734375
221	4	995.4496459960938
221	5	907.1622314453125
221	6	13.01154613494873
221	7	2.567227840423584
221	8	1002.2357177734375
221	9	999.1566162109375
221	10	999.4288940429688
221	11	995.8656005859375
221	12	999.022216796875
222	0	999.7896728515625
222	1	1002.7666015625
222	2	999.0806884765625
222	3	991.208251953125
222	4	2.929274797439575
222	5	999.1713256835938
222	6	997.6654052734375
222	7	904.7716064453125
222	8	992.6138305664062
222	9	1000.5733642578125
222	10	-5.882523059844971
222	11	17.55953025817871
222	12	995.1166381835938
223	0	991.208251953125
223	1	2.929274797439575
223	2	992.6138305664062
223	3	997.6629028320312
223	4	995.1166381835938
223	5	1002.7666015625
223	6	-2.950723886489868
223	7	906.8245239257812
223	8	999.0806884765625
223	9	999.2266845703125
223	10	999.78466796875
223	11	17.55953025817871
223	12	1000.5758666992188
224	0	995.1166381835938
224	1	2.8399691581726074
224	2	1002.0228881835938
224	3	991.0810546875
224	4	999.1713256835938
224	5	17.55953025817871
224	6	993.732666015625
224	7	998.457275390625
224	8	1000.4207763671875
224	9	999.216064453125
224	10	911.8174438476562
224	11	-1.4770476818084717
224	12	997.0888061523438
225	0	2.8399691581726074
225	1	993.732666015625
225	2	1000.4207763671875
225	3	906.251220703125
225	4	999.216064453125
225	5	997.0904541015625
225	6	-1.4770476818084717
225	7	994.4736938476562
225	8	21.982940673828125
225	9	1002.0228881835938
225	10	998.457275390625
225	11	991.0810546875
225	12	999.0790405273438
226	0	1000.4207763671875
226	1	2.8399691581726074
226	2	937.0882568359375
226	3	993.732666015625
226	4	-1.4770476818084717
226	5	21.982940673828125
226	6	1002.0228881835938
226	7	994.4736938476562
226	8	999.216064453125
226	9	997.0904541015625
226	10	998.457275390625
226	11	991.0810546875
226	12	999.0228271484375
227	0	998.2847900390625
227	1	990.2835083007812
227	2	936.7557983398438
227	3	988.316650390625
227	4	1.9889754056930542
227	5	997.1781005859375
227	6	19.71495246887207
227	7	991.929443359375
227	8	997.7413330078125
227	9	-7.556987762451172
227	10	995.5422973632812
227	11	1000.9652709960938
227	12	998.8461303710938
228	0	995.1166381835938
228	1	2.929274797439575
228	2	992.6138305664062
228	3	997.6654052734375
228	4	991.208251953125
228	5	-7.204457759857178
228	6	1002.7666015625
228	7	1000.5733642578125
228	8	999.78466796875
228	9	999.2266845703125
228	10	999.0806884765625
228	11	17.55953025817871
228	12	938.1122436523438
229	0	17.55953025817871
229	1	999.1624755859375
229	2	997.40966796875
229	3	999.4288940429688
229	4	990.5482788085938
229	5	2.567227840423584
229	6	-9.2871732711792
229	7	999.028076171875
229	8	995.4496459960938
229	9	1002.2357177734375
229	10	937.750244140625
229	11	998.9622802734375
229	12	995.8656005859375
230	0	911.0509643554688
230	1	17.55953025817871
230	2	997.6629028320312
230	3	991.208251953125
230	4	999.2266845703125
230	5	1000.5758666992188
230	6	2.929274797439575
230	7	999.7896728515625
230	8	995.1166381835938
230	9	999.0806884765625
230	10	992.6138305664062
230	11	-5.882523059844971
230	12	1002.7666015625
231	0	999.6863403320312
231	1	995.2866821289062
231	2	997.9783935546875
231	3	892.1856689453125
231	4	10.732824325561523
231	5	-10.480802536010742
231	6	989.5680541992188
231	7	999.75537109375
231	8	985.0111083984375
231	9	999.5171508789062
231	10	998.5468139648438
231	11	999.0418090820312
231	12	1001.2611694335938
231	13	996.3032836914062
231	14	998.2424926757812
231	15	999.4993286132812
231	16	2.757235050201416
232	0	996.8977661132812
232	1	5.37293004989624
232	2	999.4114990234375
232	3	1002.0794677734375
232	4	-8.792337417602539
232	5	14.274085998535156
232	6	1004.298828125
232	7	992.605712890625
232	8	999.6426391601562
232	9	999.7543334960938
232	10	892.321044921875
232	11	1001.58447265625
232	12	999.10498046875
232	13	1001.0160522460938
232	14	987.4791259765625
233	0	999.6215209960938
233	1	17.55953025817871
233	2	-5.882523059844971
233	3	999.3594970703125
233	4	997.6654052734375
233	5	2.929274797439575
233	6	995.6373901367188
233	7	986.146728515625
233	8	1002.7666015625
233	9	899.7691040039062
233	10	999.7719116210938
233	11	1000.5733642578125
233	12	999.78466796875
233	13	991.9215698242188
233	14	999.0831909179688
234	0	995.2866821289062
234	1	-1.4770476818084717
234	2	991.4620361328125
234	3	999.216064453125
234	4	999.1983032226562
234	5	986.888916015625
234	6	997.0904541015625
234	7	21.982940673828125
234	8	2.757235050201416
234	9	1000.4191284179688
234	10	999.0465698242188
234	11	999.1556396484375
234	12	1002.0228881835938
234	13	900.1873168945312
234	14	998.4589233398438
235	0	1004.298828125
235	1	-8.792337417602539
235	2	2.4844937324523926
235	3	1001.3193359375
235	4	13.01154613494873
235	5	1002.0794677734375
235	6	985.761962890625
235	7	1001.6005859375
235	8	996.8977661132812
235	9	1001.0894775390625
236	0	999.3041381835938
236	1	17.55953025817871
236	2	1000.5733642578125
236	3	985.9325561523438
236	4	1002.7666015625
236	5	999.7669067382812
236	6	2.929274797439575
236	7	995.6373901367188
236	8	999.6215209960938
236	9	-5.882523059844971
237	0	986.9415283203125
237	1	999.3657836914062
237	2	999.211181640625
237	3	999.3956298828125
237	4	999.4169921875
237	5	1002.2357177734375
237	6	2.4844937324523926
237	7	887.28662109375
237	8	993.9036254882812
237	9	996.3032836914062
237	10	983.0140991210938
237	11	-9.2871732711792
237	12	17.55953025817871
237	13	998.9622802734375
237	14	999.8737182617188
238	0	2.4844937324523926
238	1	1004.298828125
238	2	1001.0894775390625
238	3	11.12934684753418
238	4	1001.3193359375
238	5	1001.6005859375
238	6	1002.0794677734375
238	7	996.8977661132812
238	8	986.1875610351562
238	9	-8.792337417602539
239	0	999.7719116210938
239	1	999.6190185546875
239	2	2.929274797439575
239	3	1002.7666015625
239	4	995.6373901367188
239	5	-5.882523059844971
239	6	986.1875610351562
239	7	1000.5758666992188
239	8	17.55953025817871
239	9	999.3594970703125
240	0	996.5879516601562
240	1	3.550426721572876
240	2	999.422119140625
240	3	1002.3732299804688
240	4	996.36962890625
240	5	1001.9588012695312
240	6	999.4114990234375
240	7	986.0154418945312
240	8	-6.038302421569824
240	9	999.2266235351562
240	10	16.88629150390625
241	0	999.6190185546875
241	1	-5.882523059844971
241	2	1000.5758666992188
241	3	986.0154418945312
241	4	1002.7666015625
241	5	2.929274797439575
241	6	999.3041381835938
241	7	995.6373901367188
241	8	999.7719116210938
241	9	17.55953025817871
241	10	995.49755859375
241	11	997.6270141601562
241	12	887.3836059570312
241	13	983.065673828125
241	14	999.4472045898438
241	15	999.92529296875
242	0	2.929274797439575
242	1	995.6373901367188
242	2	999.3594970703125
242	3	1002.7666015625
242	4	-5.882523059844971
242	5	17.55953025817871
242	6	986.0154418945312
242	7	999.6190185546875
242	8	995.4421997070312
242	9	999.7719116210938
242	10	1000.5733642578125
243	0	1000.5758666992188
243	1	999.6215209960938
243	2	1002.7666015625
243	3	2.846540689468384
243	4	17.55953025817871
243	5	-5.882523059844971
243	6	986.0154418945312
243	7	999.3594970703125
243	8	995.49755859375
243	9	995.6373901367188
243	10	999.7669067382812
244	0	996.2994995117188
244	1	892.1856689453125
244	2	-17.702070236206055
244	3	987.3982543945312
244	4	999.6329956054688
244	5	996.4569702148438
245	0	999.7264404296875
245	1	1.3140075206756592
245	2	999.0050659179688
245	3	996.36962890625
245	4	997.9636840820312
245	5	999.2483520507812
245	6	-6.038302421569824
245	7	983.2811279296875
245	8	982.8668212890625
245	9	894.5455322265625
245	10	1001.39208984375
245	11	998.69384765625
245	12	997.3827514648438
245	13	999.4114990234375
245	14	9.039860725402832
246	0	999.7719116210938
246	1	899.7691040039062
246	2	983.2811279296875
246	3	999.0806884765625
246	4	997.6629028320312
246	5	-5.882523059844971
246	6	999.6215209960938
246	7	1000.5758666992188
246	8	999.3041381835938
246	9	986.146728515625
246	10	2.846540689468384
246	11	995.6373901367188
246	12	1002.7666015625
246	13	999.7896728515625
246	14	17.55953025817871
247	0	1002.0228881835938
247	1	999.044921875
247	2	995.2866821289062
247	3	2.757235050201416
247	4	1000.4207763671875
247	5	21.982940673828125
247	6	999.2041625976562
247	7	994.1675415039062
247	8	-1.4770476818084717
247	9	982.869140625
247	10	999.1556396484375
248	0	-8.792337417602539
248	1	984.5925903320312
248	2	998.1295166015625
248	3	999.6324462890625
248	4	5.45566463470459
248	5	1001.0894775390625
248	6	1001.3193359375
248	7	982.0745239257812
248	8	872.6680297851562
248	9	1002.0794677734375
248	10	996.3973999023438
248	11	1004.298828125
248	12	11.12934684753418
248	13	998.6979370117188
248	14	996.0643310546875
248	15	1001.6005859375
249	0	998.9254150390625
249	1	1001.1783447265625
249	2	1001.1539916992188
249	3	14.274085998535156
249	4	-6.038302421569824
249	5	996.48095703125
249	6	1002.2604370117188
249	7	1001.1019287109375
249	8	1001.0038452148438
249	9	1001.4868774414062
249	10	5.489807605743408
249	11	999.6116943359375
249	12	868.4782104492188
249	13	981.9010620117188
249	14	1001.6066284179688
249	15	973.9893188476562
249	16	1004.1851196289062
250	0	999.054443359375
250	1	1002.3732299804688
250	2	981.9010620117188
250	3	996.0643310546875
250	4	-6.038302421569824
250	5	16.88629150390625
250	6	999.4114990234375
250	7	999.2266235351562
250	8	999.422119140625
250	9	1001.9588012695312
250	10	3.550426721572876
250	11	999.2918090820312
250	12	995.5847778320312
250	13	870.5068969726562
250	14	998.4017333984375
250	15	970.0194702148438
250	16	996.834228515625
250	17	999.4398803710938
251	0	17.55953025817871
251	1	999.6171875
251	2	983.2811279296875
251	3	999.6190185546875
251	4	999.3041381835938
251	5	973.9893188476562
251	6	999.6235961914062
251	7	1000.5758666992188
251	8	872.6680297851562
251	9	995.3320922851562
251	10	1002.7666015625
251	11	-5.882523059844971
251	12	997.6629028320312
251	13	2.929274797439575
251	14	999.7896728515625
251	15	999.0831909179688
251	16	999.7719116210938
252	0	999.7896728515625
252	1	983.2811279296875
252	2	999.7669067382812
252	3	997.6654052734375
252	4	-5.882523059844971
252	5	17.55953025817871
252	6	1002.7666015625
252	7	999.0806884765625
252	8	2.929274797439575
252	9	1000.5733642578125
252	10	999.6235961914062
252	11	999.3594970703125
252	12	872.6680297851562
252	13	999.6190185546875
252	14	995.3320922851562
252	15	999.6221923828125
252	16	973.9893188476562
253	0	999.6215209960938
253	1	-5.882523059844971
253	2	999.7669067382812
253	3	999.6171875
253	4	1002.7666015625
253	5	995.3320922851562
253	6	1000.5733642578125
253	7	999.3041381835938
253	8	2.846540689468384
253	9	17.55953025817871
253	10	999.6235961914062
253	11	982.869140625
253	12	973.9893188476562
253	13	999.221923828125
253	14	872.6680297851562
253	15	998.4589233398438
253	16	997.0888061523438
253	17	994.1675415039062
254	0	995.3320922851562
254	1	-5.882523059844971
254	2	1000.5758666992188
254	3	2.929274797439575
254	4	999.3594970703125
254	5	999.6235961914062
254	6	17.55953025817871
254	7	983.2811279296875
254	8	999.6171875
254	9	999.7669067382812
254	10	999.6190185546875
254	11	1002.7666015625
254	12	999.78466796875
254	13	999.0831909179688
254	14	872.6680297851562
254	15	997.6629028320312
254	16	973.9893188476562
254	17	995.49755859375
255	0	1002.7666015625
255	1	2.929274797439575
255	2	999.7669067382812
255	3	983.2811279296875
255	4	999.6171875
255	5	-5.882523059844971
255	6	999.3594970703125
255	7	999.6235961914062
255	8	1000.5733642578125
255	9	999.6190185546875
255	10	17.55953025817871
255	11	995.3320922851562
255	12	995.49755859375
255	13	997.6629028320312
255	14	872.6680297851562
255	15	999.7896728515625
255	16	999.0831909179688
255	17	973.9893188476562
255	18	999.75537109375
255	19	999.2994995117188
256	0	994.805908203125
256	1	10.854995727539062
256	2	-17.702070236206055
256	3	999.6734008789062
256	4	1002.060791015625
256	5	996.02587890625
257	0	997.357421875
257	1	971.1307983398438
257	2	1.3967418670654297
257	3	977.7020263671875
257	4	1002.2357177734375
257	5	-9.2871732711792
257	6	998.69384765625
257	7	997.9636840820312
257	8	993.5983276367188
257	9	998.9622802734375
257	10	13.01154613494873
257	11	998.5645141601562
257	12	999.7136840820312
257	13	998.0150756835938
258	0	977.32177734375
258	1	1001.1698608398438
258	2	5.37293004989624
258	3	14.652792930603027
258	4	1001.4649658203125
258	5	1001.0894775390625
258	6	1004.298828125
258	7	982.0745239257812
258	8	1001.3193359375
258	9	1002.0794677734375
258	10	1001.6005859375
258	11	996.5924682617188
258	12	1001.321533203125
258	13	-8.792337417602539
259	0	999.6171875
259	1	999.6190185546875
259	2	1002.7666015625
259	3	17.55953025817871
259	4	995.3320922851562
259	5	983.2811279296875
259	6	999.7086791992188
259	7	1000.5758666992188
259	8	999.7669067382812
259	9	2.846540689468384
259	10	-5.882523059844971
259	11	995.5847778320312
259	12	999.3041381835938
260	0	999.0050659179688
260	1	999.1483154296875
260	2	998.69384765625
260	3	998.0150756835938
260	4	974.4352416992188
260	5	997.9636840820312
260	6	999.8013305664062
260	7	-5.882523059844971
260	8	863.2237548828125
260	9	977.7020263671875
260	10	9.039860725402832
260	11	1.3140075206756592
260	12	998.5645141601562
260	13	1001.39208984375
260	14	998.2077026367188
260	15	997.328125
260	16	990.9107055664062
261	0	872.6680297851562
261	1	983.2811279296875
261	2	973.9893188476562
261	3	1002.7666015625
261	4	999.6171875
261	5	1000.5758666992188
261	6	999.7086791992188
261	7	999.6190185546875
261	8	2.846540689468384
261	9	999.0831909179688
261	10	999.7719116210938
261	11	997.6629028320312
261	12	17.55953025817871
261	13	995.3320922851562
261	14	999.3041381835938
261	15	-5.882523059844971
261	16	999.78466796875
262	0	998.9681396484375
262	1	17.55953025817871
262	2	999.3080444335938
262	3	972.5623779296875
262	4	999.211181640625
262	5	999.23681640625
262	6	999.022216796875
262	7	2.376415491104126
262	8	997.40966796875
262	9	993.5983276367188
262	10	871.6956176757812
262	11	999.3716430664062
262	12	999.4111328125
262	13	984.3478393554688
262	14	1002.2357177734375
262	15	999.4288940429688
262	16	-9.2871732711792
263	0	2.757235050201416
263	1	1001.4649658203125
263	2	1001.321533203125
263	3	868.3428344726562
263	4	1001.58447265625
263	5	1001.3193359375
263	6	1004.298828125
263	7	996.5924682617188
263	8	1001.6005859375
263	9	982.0745239257812
263	10	1001.0160522460938
263	11	-10.480802536010742
263	12	1002.0794677734375
263	13	1001.0894775390625
263	14	977.32177734375
263	15	999.10498046875
263	16	11.12934684753418
263	17	995.6363525390625
264	0	999.0806884765625
264	1	995.3320922851562
264	2	999.6190185546875
264	3	2.846540689468384
264	4	999.7086791992188
264	5	1000.5758666992188
264	6	973.9893188476562
264	7	872.6680297851562
264	8	997.6629028320312
264	9	1002.7666015625
264	10	999.3041381835938
264	11	999.7896728515625
264	12	-5.882523059844971
264	13	999.7669067382812
264	14	999.6171875
264	15	983.2811279296875
264	16	17.55953025817871
265	0	973.9893188476562
265	1	999.7669067382812
265	2	17.55953025817871
265	3	999.0806884765625
265	4	-5.882523059844971
265	5	995.6373901367188
265	6	999.6215209960938
265	7	1000.5758666992188
265	8	1002.7666015625
265	9	872.6680297851562
265	10	997.6629028320312
265	11	2.0995497703552246
265	12	983.2811279296875
265	13	999.7086791992188
265	14	999.6171875
265	15	999.78466796875
265	16	999.3041381835938
266	0	1001.0894775390625
266	1	1001.6005859375
266	2	22.361648559570312
266	3	982.0745239257812
266	4	996.8977661132812
266	5	1001.321533203125
266	6	-8.792337417602539
266	7	1001.3193359375
266	8	1002.0794677734375
266	9	1001.4649658203125
266	10	1004.298828125
266	11	5.37293004989624
266	12	995.5847778320312
266	13	1001.58447265625
266	14	859.6801147460938
266	15	977.32177734375
266	16	1001.0160522460938
266	17	999.10498046875
266	18	999.75537109375
267	0	17.55953025817871
267	1	999.7896728515625
267	2	-7.724155902862549
267	3	997.6629028320312
267	4	983.2811279296875
267	5	999.7719116210938
267	6	995.6373901367188
267	7	999.3594970703125
267	8	2.929274797439575
267	9	973.9893188476562
267	10	872.6680297851562
267	11	999.6171875
267	12	999.6215209960938
267	13	999.0831909179688
267	14	1002.7666015625
267	15	999.7086791992188
267	16	1000.5733642578125
268	0	2.738462209701538
268	1	-7.724155902862549
268	2	1002.7666015625
268	3	1000.5758666992188
268	4	995.6373901367188
268	5	999.7086791992188
268	6	997.2052001953125
268	7	999.6215209960938
268	8	999.6171875
268	9	999.7669067382812
268	10	982.869140625
268	11	21.982940673828125
268	12	999.1556396484375
269	0	999.10498046875
269	1	999.1983032226562
269	2	982.869140625
269	3	1001.58447265625
269	4	-3.3186752796173096
269	5	21.982940673828125
269	6	995.2866821289062
269	7	999.2118530273438
269	8	2.8399691581726074
269	9	868.3428344726562
269	10	1000.4207763671875
269	11	1001.0160522460938
269	12	977.32177734375
269	13	998.9742431640625
269	14	999.048583984375
269	15	999.0465698242188
269	16	1002.0228881835938
270	0	970.4536743164062
270	1	1.7981631755828857
270	2	19.71495246887207
270	3	1000.9652709960938
270	4	998.0887451171875
270	5	979.0704956054688
270	6	997.9346923828125
270	7	998.8461303710938
270	8	998.2670288085938
270	9	997.8660278320312
270	10	-3.3186752796173096
270	11	997.8838500976562
270	12	993.0076904296875
