120	0	0.4821069449759368
120	1	0.48210542805012835
120	2	0.4821473456026943
120	3	0.4821056939307779
120	4	0.48210542756518976
120	5	0.48214305711719485
120	6	0.482126651816698
120	7	0.48210554929664096
120	8	0.48210565744533307
120	9	0.48214285596789513
120	10	0.4821075056593624
121	0	0.4821075172316709
121	1	0.4821376980506424
121	2	0.482106954191207
121	3	0.4821267279158437
121	4	0.4821055500395942
121	5	0.48214302297266065
121	6	0.4821473865449921
121	7	0.4821054275819462
121	8	0.4821056952983231
121	9	0.48210542804896694
121	10	0.48210565950961554
122	0	0.48212662227756925
122	1	0.48214733243231744
122	2	0.482105428050546
122	3	0.4821056932144836
122	4	0.4821075021080444
122	5	0.48214306768143583
122	6	0.48213948709613513
122	7	0.4821056561132865
122	8	0.4821069402942023
122	9	0.4821054275678919
122	10	0.48210554894374763
123	0	0.4821054280503664
123	1	0.48210554894275176
123	2	0.48213604004649385
123	3	0.4821056936712177
123	4	0.4821266365563856
123	5	0.4821473393758711
123	6	0.4821069417984002
123	7	0.4821430627911994
123	8	0.48210542757892
123	9	0.4821075038103224
123	10	0.4821056564322838
124	0	0.48210751728039897
124	1	0.4821267271557261
124	2	0.4821056593381765
124	3	0.4821055500172327
124	4	0.4821054280488012
124	5	0.4821054275623671
124	6	0.4821430233528634
124	7	0.4821368209556056
124	8	0.48210695484738997
124	9	0.4821056960276169
124	10	0.4821473865241694
125	0	0.48210542804944734
125	1	0.482107511685289
125	2	0.4821055495357099
125	3	0.48210542752868113
125	4	0.4821418919741273
125	5	0.4821069482562495
125	6	0.48214736491723637
125	7	0.48210569477651244
125	8	0.48212669093303095
125	9	0.4821430399828633
125	10	0.4821056581318555
126	0	0.4821056965453617
126	1	0.4821069523288435
126	2	0.482107515414269
126	3	0.48214737817351877
126	4	0.48210542804921347
126	5	0.48210565929512533
126	6	0.48212671330445095
126	7	0.48210542755768604
126	8	0.48214061494880006
126	9	0.4821055500399782
126	10	0.48214302900140976
127	0	0.4821055534122334
127	1	0.48210542757062363
127	2	0.48214291355607325
127	3	0.48214067399353094
127	4	0.4821056692699168
127	5	0.4821075575387267
127	6	0.48210542804562273
127	7	0.4821069919743765
127	8	0.48212698816854593
127	9	0.4821057051518436
127	10	0.48214751590027666
128	0	0.4821430116427241
128	1	0.48210695783012647
128	2	0.48214207386294433
128	3	0.4821075218553186
128	4	0.482105660874183
128	5	0.4821054280487462
128	6	0.4821055504913529
128	7	0.4821054275499551
128	8	0.48210569743563375
128	9	0.4821474006506548
128	10	0.48212675871505645
129	0	0.48210696374202483
129	1	0.4821054280479057
129	2	0.48214299403219507
129	3	0.4821442806812749
129	4	0.482147418532166
129	5	0.48210569824594907
129	6	0.4821267938805306
129	7	0.4821054275496688
129	8	0.4821056623333911
129	9	0.48210555103820446
129	10	0.4821075282982742
130	0	0.48210695055303415
130	1	0.4821407497517673
130	2	0.4821056951577183
130	3	0.4821473714975562
130	4	0.48212669936410335
130	5	0.4821055496960578
130	6	0.4821054275754953
130	7	0.482107513254103
130	8	0.48210565861490967
130	9	0.48210542804920703
130	10	0.48214303401000114
131	0	0.4821055559583916
131	1	0.4821056766555779
131	2	0.4821272011060148
131	3	0.48210542804284245
131	4	0.48210542755490554
131	5	0.4821390934655046
131	6	0.48210759065472464
131	7	0.48210553082527585
131	8	0.48214761722910987
131	9	0.48210702002773714
132	0	0.48210542771000625
132	1	0.4821433457309397
132	2	0.4821242073117142
132	3	0.4821055114493345
132	4	0.4821051069175516
132	5	0.4821054208477696
132	6	0.4821054678876405
132	7	0.4821070760482803
132	8	0.48214740166696324
132	9	0.4821054323990359
132	10	0.4821039820782262
133	0	0.482105432888259
133	1	0.48212462811129725
133	2	0.4821054710863764
133	3	0.4821476157835212
133	4	0.48210510314067867
133	5	0.48210551563608456
133	6	0.48210542229972525
133	7	0.4821071276273142
133	8	0.48214172328355176
133	9	0.48210542771230347
134	0	0.4821054667321776
134	1	0.4821473649541931
134	2	0.48210706737046843
134	3	0.4821054323100126
134	4	0.4821395710178769
134	5	0.48210551091928316
134	6	0.48210542287646624
134	7	0.48210542771427484
134	8	0.4821241408515451
134	9	0.4821051076350348
135	0	0.4821393707449352
135	1	0.4821070745156701
135	2	0.4821241944787102
135	3	0.48210542771144027
135	4	0.48214739778380755
135	5	0.4821054324125685
135	6	0.4821055115679789
135	7	0.48210510731548306
135	8	0.48210542292612335
135	9	0.4821054678040548
136	0	0.4821051038889826
136	1	0.4821054225192331
136	2	0.4821054278361855
136	3	0.4821055145034018
136	4	0.4821432302080367
136	5	0.4821071151437816
136	6	0.4821475656101778
136	7	0.4821245283056518
136	8	0.48210543276623485
136	9	0.48210547070258847
137	0	0.48210706651170643
137	1	0.4821054224935792
137	2	0.48210542784916965
137	3	0.48210551095261084
137	4	0.4821406228073592
137	5	0.4821051078747419
137	6	0.4821241313594396
137	7	0.482105466746683
137	8	0.48210543230141695
137	9	0.4821473629429364
138	0	0.48210510760772796
138	1	0.4821070679797616
138	2	0.48210542784904087
138	3	0.4821054228152485
138	4	0.4821055109067256
138	5	0.48213985710096435
138	6	0.48214736597534363
138	7	0.48210543234346404
138	8	0.48212414147268706
138	9	0.48210546700062723
139	0	0.48210542247607263
139	1	0.48213946187868434
139	2	0.48210551109912575
139	3	0.4821051073783591
139	4	0.4821054278483241
139	5	0.4821070704947979
139	6	0.48210546719794845
139	7	0.48212416004633485
139	8	0.4821473774788766
139	9	0.4821054323748762
140	0	0.48210542260125866
140	1	0.4821051075370334
140	2	0.4821054278472857
140	3	0.482141134766906
140	4	0.48210551120939016
140	5	0.4821070701788036
140	6	0.4821241589677809
140	7	0.4821054676524814
140	8	0.4821054323797787
140	9	0.4821473797022718
141	0	0.48214081870257774
141	1	0.48210546639388746
141	2	0.4821070595327463
141	3	0.4821054278512048
141	4	0.4821051082520177
141	5	0.4821054322461682
141	6	0.4821055102283056
141	7	0.48210542273063106
141	8	0.4821240734846511
141	9	0.4821473305380763
142	0	0.4821241844477984
142	1	0.48210546728081777
142	2	0.48210707362772504
142	3	0.4821054227263275
142	4	0.48210543238735126
142	5	0.48210542784754296
142	6	0.48213515338180196
142	7	0.48210551130444607
142	8	0.4821473912714154
142	9	0.4821051070532507
143	0	0.48212413584998803
143	1	0.48214225209017786
143	2	0.4821051076144013
143	3	0.4821473629323308
143	4	0.48210542784878774
143	5	0.48210546696738193
143	6	0.4821054323070623
143	7	0.48210706759068916
143	8	0.4821054225837407
143	9	0.48210551088167813
144	0	0.4821054279198761
144	1	0.48213896596548306
144	2	0.48210551152241177
144	3	0.4821054224916329
144	4	0.4821070735973046
144	5	0.4821051072727376
144	6	0.482124192763338
144	7	0.482147394194541
144	8	0.48210543237564646
144	9	0.48210546737467613
145	0	0.48210551119917194
145	1	0.4821054279205237
145	2	0.48210510747404817
145	3	0.48214272628408816
145	4	0.48210707047821766
145	5	0.4821054227425431
145	6	0.48212416276459513
145	7	0.4821054670801361
145	8	0.48214737906613236
145	9	0.48210543233762343
146	0	0.48210510728747724
146	1	0.482105511191708
146	2	0.4821054224287379
146	3	0.48210707103715345
146	4	0.4821410781055832
146	5	0.48210542791996236
146	6	0.4821241667217301
146	7	0.4821054673093908
146	8	0.48214738037203353
146	9	0.4821054323666367
147	0	0.48210552013472086
147	1	0.4821054334746898
147	2	0.4821054257311524
147	3	0.4821054278973723
147	4	0.48214294047134687
147	5	0.48212508359960415
147	6	0.4821054751518672
147	7	0.48210718570900524
147	8	0.4821478324535877
147	9	0.482105098931601
148	0	0.4821054260817325
148	1	0.48210709390684675
148	2	0.48210551308221483
148	3	0.4821322586170956
148	4	0.48210510557461117
148	5	0.48210542791575683
148	6	0.48214748049817774
148	7	0.48210543257117977
148	8	0.48212435893622213
148	9	0.48210546891643236
149	0	0.4821055105533595
149	1	0.4821054261064995
149	2	0.48210542792190914
149	3	0.4821358495876211
149	4	0.48210706379178375
149	5	0.48210510793163297
149	6	0.4821054667054505
149	7	0.4821473478150844
149	8	0.4821054322782365
149	9	0.4821241052534439
150	0	0.4821055104400946
150	1	0.48210706151227206
150	2	0.4821051081585715
150	3	0.48213780643557425
150	4	0.4821054261634185
150	5	0.48210542792250294
150	6	0.4821054663696789
150	7	0.4821473390886195
150	8	0.482105432252436
150	9	0.4821240889694405
151	0	0.4821054664854233
151	1	0.4821070663673026
151	2	0.48210542792159383
151	3	0.4821364546837347
151	4	0.48210543229504554
151	5	0.4821241263260865
151	6	0.48210510769167936
151	7	0.4821473606670813
151	8	0.48210542616126373
151	9	0.4821055108364387
152	0	0.4821054261024071
152	1	0.4821051074928182
152	2	0.48210551090996473
152	3	0.48213794661977266
152	4	0.4821070688628241
152	5	0.482105427920311
152	6	0.4821054323201584
152	7	0.482124148119663
152	8	0.4821054669869144
152	9	0.48214737059053886
153	0	0.48230174705273904
153	1	0.48210542792058053
153	2	0.4821054260995629
153	3	0.48210510740177626
153	4	0.4821241707400249
153	5	0.48210551125557455
153	6	0.4821070717580858
153	7	0.4821403765322258
154	0	0.48210542608659457
154	1	0.48210706391933367
154	2	0.48210551056384504
154	3	0.48210510785265087
154	4	0.48210542792208677
154	5	0.48214164287638583
154	6	0.4821054335638628
154	7	0.4821478683466663
154	8	0.48210547596895326
154	9	0.482124111344332
155	0	0.4821055168407518
155	1	0.4821054279048329
155	2	0.48213871042477224
155	3	0.4821231438034831
155	4	0.48210542603589074
155	5	0.48210547265632037
155	6	0.4821069528794097
155	7	0.48210543307941395
155	8	0.4821315114191204
155	9	0.48210510147049546
155	10	0.48214768845890327
156	0	0.4821051072917106
156	1	0.4821388899826399
156	2	0.4821325768223223
156	3	0.4821055111909648
156	4	0.48210542792046307
156	5	0.4821054261609774
156	6	0.4821070713494383
156	7	0.48214738122256884
156	8	0.4821241712409014
156	9	0.48210546717728564
156	10	0.4821054323492575
157	0	0.48213257664818604
157	1	0.48214737926953116
157	2	0.48210551126655443
157	3	0.48212416317803797
157	4	0.4821054261954818
157	5	0.4821025204772212
157	6	0.48213831182225797
157	7	0.4821070708516235
157	8	0.48210546707148383
157	9	0.4821054279206085
157	10	0.48210543233861186
157	11	0.482105107354662
158	0	0.48210542610757606
158	1	0.4821070696706287
158	2	0.4821392094620953
158	3	0.48210543232690634
158	4	0.4821023520162156
158	5	0.48210546667582505
158	6	0.48210542792106226
158	7	0.4821055112515726
158	8	0.4821325838402341
158	9	0.4821473781963295
158	10	0.4821241606410822
158	11	0.4821051076378524
159	0	0.4821391683908299
159	1	0.48213252515437216
159	2	0.4821054279219072
159	3	0.482124114910178
159	4	0.48210235823620345
159	5	0.4821054666418453
159	6	0.4821473536299195
159	7	0.48210542610587936
159	8	0.4821070656039407
159	9	0.48210551073678354
159	10	0.48210543228933006
159	11	0.48210510786058886
160	0	0.4821070820125829
160	1	0.4821054324455704
160	2	0.4821054261252364
160	3	0.4821242601365603
160	4	0.48210510643520127
160	5	0.48210546782346797
160	6	0.48214743028511076
160	7	0.4821374077518106
160	8	0.48213267563208306
160	9	0.4821054279180347
160	10	0.482102334510139
160	11	0.48210551213526276
161	0	0.4821054323391174
161	1	0.4821454978918334
161	2	0.4821054670489037
161	3	0.48210510743799995
161	4	0.4821325735868012
161	5	0.4821241663593642
161	6	0.4821054279207339
161	7	0.48210551116980144
161	8	0.482105422388911
161	9	0.4821070713171672
161	10	0.4821023505025734
161	11	0.48214596057263026
162	0	0.48210542791040584
162	1	0.48210551490210646
162	2	0.4821071183195771
162	3	0.4821330024618576
162	4	0.48210510354320524
162	5	0.48214018026151517
162	6	0.4821054247187709
162	7	0.4821461485493819
162	8	0.4821022864968406
162	9	0.4821054328069959
162	10	0.4821245572611775
162	11	0.48206764582668443
163	0	0.4820676589131485
163	1	0.4821381144613672
163	2	0.4821051073390914
163	3	0.4821241592341375
163	4	0.4821054246200801
163	5	0.4821054279205069
163	6	0.48214595747259054
163	7	0.48210235104299765
163	8	0.482132569154001
163	9	0.4821054323439554
163	10	0.4821055110130859
163	11	0.48210707090848365
164	0	0.48210551072419006
164	1	0.482107064062728
164	2	0.4821325300295523
164	3	0.48210510782746124
164	4	0.4821054279219685
164	5	0.4821401359439435
164	6	0.48210542465079914
164	7	0.4821459323619881
164	8	0.48210235951304287
164	9	0.4821054322771011
164	10	0.4820676695858603
164	11	0.4821241144459837
165	0	0.48210542791389305
165	1	0.4821403998280031
165	2	0.4820675996397446
165	3	0.4821054247165449
165	4	0.4821383439183756
165	5	0.48212186443094485
165	6	0.4821460933216612
165	7	0.4821055137199949
165	8	0.4821071045917079
165	9	0.48213286589755383
165	10	0.48210510469917445
165	11	0.4821054326622214
165	12	0.48212444008614896
166	0	0.48210707334541253
166	1	0.48210510710393617
166	2	0.4821387470421557
166	3	0.48214044862867117
166	4	0.48210542797536593
166	5	0.4821325986147778
166	6	0.4821054248239231
166	7	0.48210551129980006
166	8	0.4821241865801745
166	9	0.48214597083867256
166	10	0.48206765430462106
166	11	0.48212180009537475
166	12	0.4821054323880907
167	0	0.4821070702317561
167	1	0.4821459550875537
167	2	0.48206766163358217
167	3	0.4821408182076755
167	4	0.4821055110879704
167	5	0.4821054323423432
167	6	0.4821241598202434
167	7	0.48210542469922557
167	8	0.48213258100497774
167	9	0.482105107357466
167	10	0.48212177162628694
167	11	0.48214041792863577
167	12	0.48210542797597283
168	0	0.4821849936851287
168	1	0.48210510654024696
168	2	0.4821242486419488
168	3	0.4821054279426909
168	4	0.48212186042881766
168	5	0.48210542425684444
168	6	0.4821054370036232
168	7	0.48213267207505284
168	8	0.48214052299890175
168	9	0.4821070819674298
168	10	0.48213381918427
168	11	0.4820673159687256
168	12	0.48214600430935334
168	13	0.4821054011953075
168	14	0.482096296283163
168	15	0.48217131160141646
169	0	0.4821054365978993
169	1	0.4821054279447854
169	2	0.4821051073240433
169	3	0.48210707011024706
169	4	0.4821352631350267
169	5	0.4821325705037636
169	6	0.4821054243846087
169	7	0.4821404145593159
169	8	0.4820673379809166
169	9	0.4821054013480439
169	10	0.4821217751818971
169	11	0.48212416537337416
169	12	0.48214595713495073
170	0	0.4821241061933413
170	1	0.48210542794535993
170	2	0.48212171884183125
170	3	0.4821054365839717
170	4	0.48210706432295114
170	5	0.4821361563760723
170	6	0.4821325195766342
170	7	0.4821051078694832
170	8	0.48214593044801163
170	9	0.48214035292915675
170	10	0.48210540143505004
170	11	0.48210542421354763
170	12	0.4820673471949576
171	0	0.4821070827508559
171	1	0.4821405378233387
171	2	0.4821054279421813
171	3	0.4821051064684998
171	4	0.4821352903404732
171	5	0.4821054369302358
171	6	0.48210542435841575
171	7	0.4821326840053961
171	8	0.48206731405827025
171	9	0.4821460100389831
171	10	0.48212426971560485
171	11	0.4821054011790464
171	12	0.4821218808423462
172	0	0.48210510536544104
172	1	0.4821433792222123
172	2	0.48210542793968275
172	3	0.4821054009781328
172	4	0.4821054261750304
172	5	0.48212199216781515
172	6	0.4821243825749139
172	7	0.4821406895653483
172	8	0.48213282500929244
172	9	0.4821070981213059
172	10	0.48210543731754646
172	11	0.4821460669329037
172	12	0.48206729137132953
173	0	0.48210510392689887
173	1	0.48212454725940446
173	2	0.48210711747297624
173	3	0.48214614409922485
173	4	0.4821362982423719
173	5	0.4820672580219455
173	6	0.4821054377042473
173	7	0.4821054279358666
173	8	0.4821054006867458
173	9	0.48213299225688605
173	10	0.4821408853210223
173	11	0.4821054263799656
173	12	0.482122161350875
174	0	0.4821054369215017
174	1	0.48212183621053734
174	2	0.48212422974507696
174	3	0.4821459915666244
174	4	0.482067323541756
174	5	0.4821369464120281
174	6	0.4821054279431595
174	7	0.4821054012331526
174	8	0.48210542636979836
174	9	0.4821326600128589
174	10	0.4821404984268503
174	11	0.48210707924606694
174	12	0.48210510680313473
175	0	0.48212414874828025
175	1	0.48210510780678884
175	2	0.4821054279450699
175	3	0.48212176197882683
175	4	0.4821054263189129
175	5	0.48210543662040856
175	6	0.4821070688458806
175	7	0.4821404012453484
175	8	0.48214595263533355
175	9	0.4821358201501244
175	10	0.4821054013625355
175	11	0.4821325808237367
175	12	0.4820673366896674
176	0	0.482124248813869
176	1	0.4821218577842518
176	2	0.4820673187846
176	3	0.48213267740310606
176	4	0.4821405181813539
176	5	0.4821051068357146
176	6	0.4821054369846961
176	7	0.48213504715409355
176	8	0.48210542794284345
176	9	0.482105426364757
176	10	0.4821054012021894
176	11	0.48210708098542926
176	12	0.4821460011411242
177	0	0.4821406300277653
177	1	0.4821054263596947
177	2	0.4821243415689265
177	3	0.4821401781785889
177	4	0.4821219529213344
177	5	0.48210543721117977
177	6	0.48210542794064515
177	7	0.4821070920787268
177	8	0.48210510580372923
177	9	0.4821327758807898
177	10	0.48206731898690613
177	11	0.48214604588577903
177	12	0.48210540104612365
178	0	0.48214038836347706
178	1	0.4820673803991209
178	2	0.48214594392143706
178	3	0.4821217492265093
178	4	0.4821241399768337
178	5	0.4821359775849365
178	6	0.4821054264111354
178	7	0.4821325411723908
178	8	0.48210542794500244
178	9	0.482105107548896
178	10	0.4821054366250102
178	11	0.48210706791651575
178	12	0.482105401382377
179	0	0.48210707045326456
179	1	0.48210542645107596
179	2	0.4820673671657095
179	3	0.4821217903842139
179	4	0.48214042529607415
179	5	0.4821352282843738
179	6	0.4821241674225664
179	7	0.48214596064953696
179	8	0.4821054279448872
179	9	0.4821054013550685
179	10	0.48210543674356343
179	11	0.48210510737199447
179	12	0.4821325780845279
180	0	0.4821241842117529
180	1	0.4821054279440738
180	2	0.48210707355388693
180	3	0.4820673748559302
180	4	0.48214596887722594
180	5	0.48210540131231056
180	6	0.4821326052468079
180	7	0.4821355285586987
180	8	0.4821054263503598
180	9	0.4821054368433446
180	10	0.48210510714035193
180	11	0.48212179974557806
180	12	0.48214044833144726
181	0	0.4821373596401558
181	1	0.4821054263218299
181	2	0.48206737644773545
181	3	0.48210540130504465
181	4	0.48212418877322855
181	5	0.48214044327345384
181	6	0.4821456420806019
181	7	0.4821054279441378
181	8	0.4821326113547347
181	9	0.4821217982192758
181	10	0.48210543683875423
181	11	0.4821070740431376
181	12	0.4821051072617897
182	0	0.4821070735427804
182	1	0.4821051070756795
182	2	0.4821373571182064
182	3	0.4821054264037533
182	4	0.4821054366867975
182	5	0.48214045174365133
182	6	0.48210542794401334
182	7	0.48213260327238355
182	8	0.48212180239755176
182	9	0.48206737525528526
182	10	0.4821456442465661
182	11	0.48212419462945355
182	12	0.4821054012914801
183	0	0.4821054260365154
183	1	0.48210715172283125
183	2	0.4821051011582955
183	3	0.48214120595458676
183	4	0.48210543829530733
183	5	0.48210542814419627
183	6	0.48213711277926036
183	7	0.4821332767106413
183	8	0.48206724606480433
183	9	0.48210540023191656
183	10	0.48212481925672
183	11	0.482122428109941
183	12	0.482145937605535
184	0	0.48210510658299804
184	1	0.48210708027086346
184	2	0.4821415279115444
184	3	0.4821405150358116
184	4	0.4821054281674905
184	5	0.4821054261775808
184	6	0.4821054368521194
184	7	0.4821326603359904
184	8	0.48214566885349625
184	9	0.48206736450260973
184	10	0.48210540120584994
184	11	0.4821218550112966
184	12	0.4821242455792417
185	0	0.48210510685592145
185	1	0.4821070767998687
185	2	0.48214073361609583
185	3	0.4821404810236153
185	4	0.482105436854103
185	5	0.482105428167605
185	6	0.482132627069535
185	7	0.4821054260820048
185	8	0.48212421202401423
185	9	0.4821218229480965
185	10	0.48214565436268747
185	11	0.4820673696075565
185	12	0.48210540126478274
186	0	0.48213763523905606
186	1	0.4820673737123688
186	2	0.4821241869632335
186	3	0.4821054013093757
186	4	0.4821054260774672
186	5	0.4821404511541594
186	6	0.4821456426363265
186	7	0.48210707408024006
186	8	0.48212180076408173
186	9	0.48210542816758517
186	10	0.48213259875667897
186	11	0.4821051070561584
186	12	0.4821054366816547
187	0	0.48210542618904206
187	1	0.4821404496758298
187	2	0.48213260145533093
187	3	0.4821051071204464
187	4	0.4821054281676135
187	5	0.48206737543011974
187	6	0.4821382589756699
187	7	0.4821241947380491
187	8	0.4821456443183511
187	9	0.48210707407972636
187	10	0.4821218032177562
187	11	0.48210543670380107
187	12	0.48210540129031054
188	0	0.4821456314827389
188	1	0.48206737950114464
188	2	0.48214042802638984
188	3	0.48210542816775437
188	4	0.4821054261374325
188	5	0.4821390326396711
188	6	0.4821070715151099
188	7	0.48212417153764514
188	8	0.48210543672962575
188	9	0.48210510739955276
188	10	0.482105401334036
188	11	0.48212178221526336
188	12	0.4821325843866755
189	0	0.48219299647885067
189	1	0.4821051081320745
189	2	0.4821054281679932
189	3	0.4821241005222399
189	4	0.4821217110865327
189	5	0.48210542614850477
189	6	0.48210543653709836
189	7	0.48213252559415987
189	8	0.4821070633497358
189	9	0.4821372763979413
189	10	0.48214034627301516
190	0	0.48210510690824016
190	1	0.4821054281675795
190	2	0.48212182039963364
190	3	0.4821054261618483
190	4	0.4821242104684186
190	5	0.48206717016769957
190	6	0.4821331920620305
190	7	0.4821404733964172
190	8	0.482105436775077
190	9	0.482146099786013
190	10	0.4821326354635748
190	11	0.48210539958176657
190	12	0.4821070765124289
191	0	0.48210510691695585
191	1	0.48210542605781725
191	2	0.48212422140485883
191	3	0.4821218327753935
191	4	0.4821054281675144
191	5	0.482067368603079
191	6	0.4821326543715752
191	7	0.48213823325661054
191	8	0.482140489891738
191	9	0.4821054368043352
191	10	0.4821054012446045
191	11	0.48214565965351885
191	12	0.48210707775925804
192	0	0.482140218942898
192	1	0.4821054013313881
192	2	0.4821070714790858
192	3	0.4821054260771209
192	4	0.48214042928847173
192	5	0.48210542816771873
192	6	0.48210510740146145
192	7	0.48213258892660454
192	8	0.4821054368003763
193	0	0.4821051073123318
193	1	0.4821252242403203
193	2	0.48210542816775764
193	3	0.48210542613874985
193	4	0.48212283161177916
193	5	0.4821461088373396
193	6	0.48213257751342653
193	7	0.482138008229187
193	8	0.48206716641038116
193	9	0.48210540133217256
193	10	0.4821054366555439
193	11	0.48214042532533175
193	12	0.4821070715497697
194	0	0.4821218822078816
194	1	0.4821242739759161
194	2	0.48210510632343007
194	3	0.4821054281673501
194	4	0.4821054260510468
194	5	0.48210708363818366
194	6	0.48214054957463937
194	7	0.4821327001003667
194	8	0.48210543690206475
194	9	0.48214568477899766
194	10	0.48213694715963157
194	11	0.4820673567890971
194	12	0.48210540116021433
195	0	0.4820672979517592
195	1	0.48214336828382914
195	2	0.482105400679093
195	3	0.48210542602113304
195	4	0.48210542816619856
195	5	0.4821221743686942
195	6	0.4821409011682156
195	7	0.48210711953479995
195	8	0.4821054377126536
195	9	0.4821051038648425
195	10	0.4821245674537837
195	11	0.4821458213526752
195	12	0.482133001118827
196	0	0.48210540133679514
196	1	0.4821404194766838
196	2	0.48212177684227187
196	3	0.4821241649590016
196	4	0.4821325929357235
196	5	0.4821456300575898
196	6	0.482105107521321
196	7	0.4821397213793926
196	8	0.48210707101970673
196	9	0.48210542816771773
196	10	0.4820673805825629
196	11	0.4821054260888614
196	12	0.4821054366512038
197	0	0.482105428167828
197	1	0.4821054366172185
197	2	0.48213865503296927
197	3	0.48214040047705803
197	4	0.48210542617510704
197	5	0.4821054013647138
197	6	0.482105107496997
197	7	0.4821217612912518
197	8	0.4821325655964868
197	9	0.4821070690069095
197	10	0.48214562348739975
197	11	0.48206746337488676
197	12	0.4821241526704324
198	0	0.4821409098138104
198	1	0.48212217788947964
198	2	0.4821375053373344
198	3	0.4821054265576644
198	4	0.4821054006536853
198	5	0.4821054376366523
198	6	0.4821054281672549
198	7	0.48214546614540976
198	8	0.48210712055116556
198	9	0.48210510342168833
198	10	0.48213300590573654
198	11	0.48206734852376704
198	12	0.48212457282141624
199	0	0.48210510553178176
199	1	0.4820671876007188
199	2	0.4821243505887569
199	3	0.482105428168138
199	4	0.48210709367833815
199	5	0.4821054265403238
199	6	0.4821406563472789
199	7	0.4821219701291193
199	8	0.4821054010161166
199	9	0.4821453651513126
199	10	0.48210543716278553
199	11	0.48213277995356335
199	12	0.482139471924892
200	0	0.4821054265273441
200	1	0.4821054368918845
200	2	0.4821326809341051
200	3	0.4821406558572026
200	4	0.48214532476369476
200	5	0.4821242761050719
200	6	0.4821054011591489
200	7	0.4820674199993028
200	8	0.4821051061854396
200	9	0.4821218862551463
200	10	0.482105428168466
200	11	0.482140556302809
200	12	0.48210708466233426
201	0	0.4821404314768298
201	1	0.4821070791397684
201	2	0.48210542655297484
201	3	0.48210542816859814
201	4	0.4821054369310173
201	5	0.4821051066215502
201	6	0.48213266890295564
201	7	0.48214050885912973
201	8	0.4821218492847421
201	9	0.4821242411462714
201	10	0.48206736417131063
201	11	0.4821054012101786
201	12	0.48214530957754614
202	0	0.482122283309478
202	1	0.48210542647902815
202	2	0.4821054004769801
202	3	0.4821372087721959
202	4	0.48210713418774903
202	5	0.48212467649822616
202	6	0.48213311398196823
202	7	0.48206727260909793
202	8	0.48210510238743093
202	9	0.48214551534962274
202	10	0.48210543796348443
202	11	0.48214104080407216
202	12	0.4821054281668897
203	0	0.4821327476752767
203	1	0.4821070907174752
203	2	0.4821054281682875
203	3	0.4821051057447862
203	4	0.48214061913219053
203	5	0.48210543705387193
203	6	0.48213899966033374
203	7	0.48210542653356114
203	8	0.48212433295566887
203	9	0.4821219445737091
203	10	0.48206734537223944
203	11	0.48214535284146043
203	12	0.4821054010545266
204	0	0.48214092857090685
204	1	0.48213988652510853
204	2	0.48210539918774226
204	3	0.4820672545023277
204	4	0.4821159967390874
204	5	0.4821054281641567
204	6	0.4821254267633213
204	7	0.4821054261013198
204	8	0.4821050958894426
204	9	0.48210723110525044
204	10	0.48210544001337996
204	11	0.48214583445361064
204	12	0.4821339190450519
205	0	0.4821054375559596
205	1	0.4821071125887536
205	2	0.482140237892803
205	3	0.4821390823293072
205	4	0.4821329458510159
205	5	0.48210542605477696
205	6	0.4821051040641156
205	7	0.4821054281675468
205	8	0.4821156378871292
205	9	0.48206721959443527
205	10	0.48212451317066446
205	11	0.4821454381127243
205	12	0.48210540075326097
206	0	0.4821326934101768
206	1	0.48210542616122626
206	2	0.48210510642856913
206	3	0.4821054281684363
206	4	0.4821054369133155
206	5	0.48213878325053366
206	6	0.4821397193939564
206	7	0.4821070836828143
206	8	0.482105401168147
206	9	0.4821453219888985
206	10	0.48206727044846975
206	11	0.4821154619860094
206	12	0.48212427036361166
207	0	0.48210543681202606
207	1	0.48210467606520485
207	2	0.4821054281685699
207	3	0.48213266124346327
207	4	0.48214082951513165
207	5	0.4821054261025574
207	6	0.4821070807323847
207	7	0.48213875650546095
207	8	0.48206727624622
207	9	0.48210540120084955
207	10	0.4821242470945963
207	11	0.48214531296835156
207	12	0.48211544627245
208	0	0.48210543781795906
208	1	0.4821054261325019
208	2	0.48213304594751494
208	3	0.48210542817256935
208	4	0.4821048461249711
208	5	0.4821071256881049
208	6	0.48213920851979514
208	7	0.4821382266680811
208	8	0.48214548547764036
208	9	0.4821246120970536
208	10	0.4820672027530681
208	11	0.48210540058118495
208	12	0.48211571071379933
209	0	0.48213869673419746
209	1	0.48214003882453327
209	2	0.48210542817312124
209	3	0.4821070753685115
209	4	0.4821054260832754
209	5	0.48210486257671115
209	6	0.48210543680845064
209	7	0.4821326140371726
209	8	0.48214529065264106
209	9	0.4821154129236922
209	10	0.48206728325864084
209	11	0.48210540127582474
209	12	0.48212420497930775
210	0	0.4821048621920961
210	1	0.4821070768976812
210	2	0.4821367882846137
210	3	0.4821054368580709
210	4	0.4821387175782106
210	5	0.4821326328413081
210	6	0.48210542621975017
210	7	0.4821054281731479
210	8	0.4820672834974509
210	9	0.4821452969272495
210	10	0.48210540125727797
210	11	0.48212421544080186
210	12	0.48211542327720264
211	0	0.48213829467287456
211	1	0.4821071218631715
211	2	0.4821054261526497
211	3	0.48210542817350843
211	4	0.4821391707186163
211	5	0.4821054376473689
211	6	0.48210484734339804
211	7	0.48213301121458063
212	0	0.48213874131781964
212	1	0.4821070797854392
212	2	0.48210486125892676
212	3	0.48213265665607846
212	4	0.4821054260353408
212	5	0.48213822502404896
212	6	0.48210543695012004
212	7	0.4821054281738379
212	8	0.48211652497847396
212	9	0.48212571623816003
212	10	0.48214594632139857
212	11	0.48210539867157054
212	12	0.48206699456481117
213	0	0.48213267032265533
213	1	0.4821381068014368
213	2	0.4821070817274815
213	3	0.4821048605173805
213	4	0.48210542608210555
213	5	0.4821054281737981
213	6	0.48213876826531893
213	7	0.48210543692013735
213	8	0.4821054011956692
213	9	0.4821242537184479
213	10	0.48206727316509745
213	11	0.4821154511149494
213	12	0.48214531654787723
214	0	0.4821242861100463
214	1	0.4821453309331254
214	2	0.48210708595649665
214	3	0.4821154737118801
214	4	0.4821048591168813
214	5	0.48210543694096486
214	6	0.48213938220652
214	7	0.4821054011332919
214	8	0.4820672681502563
214	9	0.4821054281784166
214	10	0.48210542607248563
214	11	0.482132728069404
214	12	0.48213881188617985
215	0	0.48213859418145444
215	1	0.48213876395735916
215	2	0.4821053998007419
215	3	0.48210708229410115
215	4	0.4821154533167018
215	5	0.48212426059563696
215	6	0.4821048603330386
215	7	0.48214532096965396
215	8	0.482105428181678
215	9	0.4820674281779088
215	10	0.4821326732543586
215	11	0.48210543690188784
215	12	0.48210542647983157
216	0	0.48211577480435747
216	1	0.48214552487461015
216	2	0.48213931787539355
216	3	0.48210713679224226
216	4	0.4820673353283438
216	5	0.4821054281805772
216	6	0.48210543793798766
216	7	0.48210484262541087
216	8	0.48213630822766096
216	9	0.4821053989782929
216	10	0.48212470454661316
216	11	0.4821331348824747
216	12	0.4821054266454122
217	0	0.4821453017275784
217	1	0.4821435113831405
217	2	0.4820674349673921
217	3	0.4821054368473263
217	4	0.4821242247266684
217	5	0.4821326454816803
217	6	0.48211543114887145
217	7	0.4821048616852586
217	8	0.48210539985852163
217	9	0.4821054266087745
217	10	0.48210707866395136
217	11	0.4821054281817101
217	12	0.48213873325549167
218	0	0.4821376700706294
218	1	0.4821054281816666
218	2	0.4821326896059183
218	3	0.4821242646815309
218	4	0.4821154571533881
218	5	0.48214532203636484
218	6	0.48213877343076295
218	7	0.48210542664269407
218	8	0.48210486009772147
218	9	0.48210708297073834
218	10	0.48210539978439965
218	11	0.4820674236012453
218	12	0.4821054369756154
219	0	0.48214531368192143
219	1	0.4821054266533212
219	2	0.48211544867953404
219	3	0.4821387608249166
219	4	0.48210708123939366
219	5	0.48206743040746436
219	6	0.48210539981200956
219	7	0.48210486064664815
219	8	0.48210543694780816
219	9	0.48213763338401977
219	10	0.482105428181709
219	11	0.4821242553458612
219	12	0.48213268005022136
220	0	0.48210707931004804
220	1	0.482104861336611
220	2	0.482139714135818
220	3	0.4821054367881896
220	4	0.4821154382543966
220	5	0.4821453082482307
220	6	0.48213874338229096
220	7	0.48213266157298457
220	8	0.482067430853522
220	9	0.4821054281817269
220	10	0.4821053998353535
220	11	0.4821242372754866
220	12	0.4821054266757186
221	0	0.48210543753371204
221	1	0.4821054266747322
221	2	0.48211564807413076
221	3	0.48210711527955624
221	4	0.482105399308059
221	5	0.48206736983579984
221	6	0.482105428181001
221	7	0.48213879301286144
221	8	0.48213296683424084
221	9	0.4821391050698419
221	10	0.4821245278255505
221	11	0.48210484948346743
221	12	0.48214544745538573
222	0	0.4821242569641324
222	1	0.48213267828327155
222	2	0.48214531670528865
222	3	0.48210543692825225
222	4	0.48213881891052773
222	5	0.48213876762828467
222	6	0.4821154545427355
222	7	0.48206742585325457
222	8	0.48210539979370504
222	9	0.4821070826033958
222	10	0.4821054266052797
222	11	0.4821054281816666
222	12	0.4821048603142156
223	0	0.4821054370125946
223	1	0.48213675687949265
223	2	0.48210539967349914
223	3	0.4821155039439418
223	4	0.4821048577183474
223	5	0.4821327432317046
223	6	0.48210542670538553
223	7	0.48206777633017
223	8	0.4821453532346203
223	9	0.482138859666008
223	10	0.48212433241285996
223	11	0.482105428181521
223	12	0.4821070908815759
224	0	0.4821048569507192
224	1	0.48213927031494286
224	2	0.4821327771303799
224	3	0.4821054371464666
224	4	0.482138875405717
224	5	0.48210542818141294
224	6	0.4821053996357971
224	7	0.4821453605239055
224	8	0.4821070929032866
224	9	0.4821243486851337
224	10	0.4820938429014622
224	11	0.482105426622067
224	12	0.48211552267183605
225	0	0.482145752572335
225	1	0.4821053996258424
225	2	0.48210709327248225
225	3	0.48209639530280785
225	4	0.4821243503984831
225	5	0.48211551798771596
225	6	0.4821054266448181
225	7	0.4821048564265628
225	8	0.4821054281814087
225	9	0.482132782948473
225	10	0.4821453650480287
225	11	0.48210543717203846
225	12	0.48213889362674
226	0	0.4821070996439434
226	1	0.4821370204150511
226	2	0.4820954619681466
226	3	0.4821053995522066
226	4	0.48210542663019956
226	5	0.4821054281813351
226	6	0.4821328161311621
226	7	0.4821048546142427
226	8	0.4821244049368942
226	9	0.48211555903634584
226	10	0.4821453877584507
226	11	0.4821054372827689
226	12	0.4821389484984047
227	0	0.4821248988199286
227	1	0.4821053986129877
227	2	0.48209611449539697
227	3	0.48210543854634075
227	4	0.4821396386066681
227	5	0.4821456143249743
227	6	0.4821054281800328
227	7	0.48210483454690706
227	8	0.4821395591373697
227	9	0.48210542784299065
227	10	0.48211592304975687
227	11	0.4821333626413081
227	12	0.4821071629108127
228	0	0.48210486027254185
228	1	0.48213679847564617
228	2	0.4821053997990128
228	3	0.48211545474708395
228	4	0.48210543685976925
228	5	0.48210542786419464
228	6	0.48213267184982544
228	7	0.48210708268699903
228	8	0.4821242678421178
228	9	0.48213877713977155
228	10	0.48214532162429835
228	11	0.4821054281816391
228	12	0.48209470792836306
229	0	0.4821054281855425
229	1	0.48213908824174134
229	2	0.48211564111012156
229	3	0.4821245161341139
229	4	0.48210543758477054
229	5	0.48213827740003834
229	6	0.4821054278501845
229	7	0.4821454416722245
229	8	0.4821053993176623
229	9	0.48213295185186783
229	10	0.48209590865900354
229	11	0.4821071141099581
229	12	0.4821048498368112
230	0	0.4820956930897721
230	1	0.48210542818559854
230	2	0.4821154434368937
230	3	0.48210543681797297
230	4	0.48213875320924476
230	5	0.48210708008525716
230	6	0.48213768507857874
230	7	0.4821242463213246
230	8	0.4821048610286225
230	9	0.4821453109068344
230	10	0.4821053998228072
230	11	0.48210542802959155
230	12	0.4821326678392823
231	0	0.48232647480181157
231	1	0.48210560234440025
231	2	0.4821460000067001
231	3	0.4820845628463349
231	4	0.48210542812845886
231	5	0.48210542797255285
231	6	0.4821076093110662
231	7	0.4820907893915893
231	8	0.48210540754919134
231	9	0.4821387874717969
231	10	0.4821269125124502
231	11	0.4821073798118992
231	12	0.4821346370795715
231	13	0.48211710239132516
231	14	0.48214190769044785
231	15	0.4821208671251165
231	16	0.48213535981889427
232	0	0.4821056177398712
232	1	0.4821354050407074
232	2	0.4821476678599159
232	3	0.4821071624274107
232	4	0.48210542796902606
232	5	0.48210542812767504
232	6	0.4821329103796069
232	7	0.4821073154155157
232	8	0.48211049153195157
232	9	0.4821243154842489
232	10	0.4820860889257876
232	11	0.4821253346883102
232	12	0.48211593373316447
232	13	0.482145453810104
232	14	0.48210540888030473
233	0	0.48211096275151466
233	1	0.482105428133012
233	2	0.48210542797918393
233	3	0.48214715368144445
233	4	0.48211515197273613
233	5	0.48213844156257984
233	6	0.4821055975854419
233	7	0.4821054097769017
233	8	0.4821317676176615
233	9	0.4820867425832329
233	10	0.4821253863626636
233	11	0.48210702911155173
233	12	0.48212424480221483
233	13	0.4821071276251132
233	14	0.48214496240168636
234	0	0.48210560196388424
234	1	0.48210542798181516
234	2	0.48210716803403647
234	3	0.48212448869441576
234	4	0.4821256248255726
234	5	0.4821054095436468
234	6	0.48211532944214663
234	7	0.4821054281313913
234	8	0.4821365265140867
234	9	0.482107058003782
234	10	0.48211107509479467
234	11	0.4821474115364482
234	12	0.48213202317637033
234	13	0.4820865393223622
234	14	0.48214508172636356
235	0	0.4821331431219524
235	1	0.4821054279561389
235	2	0.48213549229062347
235	3	0.4821115499945507
235	4	0.48210542813108553
235	5	0.4821071902596494
235	6	0.4821061555239089
235	7	0.4821266683031568
235	8	0.48210562236748866
235	9	0.4821484613380848
236	0	0.48214715691315413
236	1	0.4821054281328829
236	2	0.4821070296136996
236	3	0.48210605525519473
236	4	0.4821317987664866
236	5	0.4821253932306285
236	6	0.4821430398560311
236	7	0.48210559798865943
236	8	0.4821109691864966
236	9	0.48210542798412964
237	0	0.4821060783307649
237	1	0.4821111051362898
237	2	0.4821474875936065
237	3	0.48214632634360316
237	4	0.4821256998985388
237	5	0.48213211009119644
237	6	0.4821360442832379
237	7	0.4820833891832006
237	8	0.48210560355455884
237	9	0.48211728617533356
237	10	0.48210540655871625
237	11	0.4821054279759039
237	12	0.48210542813260787
237	13	0.4821070674659365
237	14	0.4821282277516623
238	0	0.4821367045681718
238	1	0.48213337355800406
238	2	0.482148663845009
238	3	0.4821054281222973
238	4	0.4821116506682894
238	5	0.4821268763749137
238	6	0.4821072177714312
238	7	0.48210562743151436
238	8	0.4821049972072466
238	9	0.48210542794683364
239	0	0.48212541835174844
239	1	0.48211097962907185
239	2	0.4821382604173354
239	3	0.4821318294094632
239	4	0.4821055996335389
239	5	0.48210542798350237
239	6	0.48210525773784607
239	7	0.48210703277304257
239	8	0.48210542813256535
239	9	0.48214719221029617
240	0	0.4821445434264493
240	1	0.48213730792782994
240	2	0.48212593005678217
240	3	0.48213235312137515
240	4	0.48210560890542475
240	5	0.4821070953566604
240	6	0.4821477232913525
240	7	0.4821048041544041
240	8	0.48210542797559164
240	9	0.482111212616623
240	10	0.4821054281292135
241	0	0.4821109993959053
241	1	0.4821054279857967
241	2	0.4821070382401767
241	3	0.48210480493926994
241	4	0.48213186508327327
241	5	0.48213938436375275
241	6	0.48214723803262594
241	7	0.48210560034182476
241	8	0.4821254684798914
241	9	0.4821054281412105
241	10	0.4821458616759195
241	11	0.4821195059478643
241	12	0.4820819654382676
241	13	0.48210540523802625
241	14	0.4821465910029568
241	15	0.4821299727388463
242	0	0.4821403637116374
242	1	0.48210559831158384
242	2	0.48214718905544596
242	3	0.4821318088915258
242	4	0.48210542798201045
242	5	0.48210542814151547
242	6	0.48210480733578187
242	7	0.48211098215113113
242	8	0.48214580605544416
242	9	0.4821254221016539
242	10	0.4821070332887751
243	0	0.4821070310172279
243	1	0.48211097383221224
243	2	0.4821318034909764
243	3	0.4821369550964014
243	4	0.48210542814157153
243	5	0.482105427980237
243	6	0.48210480767593206
243	7	0.48214718027843934
243	8	0.4821457976164389
243	9	0.4821055992360961
243	10	0.4821254094121435
244	0	0.48210558619681076
244	1	0.4820853616823654
244	2	0.4821054280596023
244	3	0.48210484067330306
244	4	0.482147838903781
244	5	0.4821450200476324
245	0	0.48212751100123563
245	1	0.4821362886330105
245	2	0.48210713729274873
245	3	0.48210560782608225
245	4	0.482111362850661
245	5	0.48214616517465303
245	6	0.4821054280418439
245	7	0.4821050059733239
245	8	0.4821054070706362
245	9	0.4820863183787368
245	10	0.48213271569080035
245	11	0.4821262598001421
245	12	0.48211756096144254
245	13	0.4821489743500867
245	14	0.4821054281362681
246	0	0.48212543768120164
246	1	0.48208668465965915
246	2	0.4821050068287152
246	3	0.4821449912057328
246	4	0.4821151952951461
246	5	0.48210542807390816
246	6	0.4821109902742962
246	7	0.48210703568177443
246	8	0.4821485835010907
246	9	0.48210540973007054
246	10	0.48213588670412233
246	11	0.4821056001690861
246	12	0.48213184520825236
246	13	0.48212430821845503
246	14	0.48210542814137863
247	0	0.482131896999897
247	1	0.4821110172821042
247	2	0.48210559998055486
247	3	0.48213602780142395
247	4	0.48210704277780897
247	5	0.48210542814106316
247	6	0.4821255067777092
247	7	0.48214865577688293
247	8	0.4821054280745304
247	9	0.4821050048152786
247	10	0.48214864890170445
248	0	0.48210542805934387
248	1	0.48210540774802596
248	2	0.48214592740260204
248	3	0.482122941911509
248	4	0.4821389327678736
248	5	0.48214960318478867
248	6	0.4821114774266017
248	7	0.4821049749418556
248	8	0.4820946174356441
248	9	0.48210716940586956
248	10	0.4821169159785317
248	11	0.48213299400604487
248	12	0.482105428134609
248	13	0.48212666522616293
248	14	0.4821057341091607
248	15	0.48212650901814025
249	0	0.4821157579174047
249	1	0.4821493384137134
249	2	0.4821250599994104
249	3	0.4821054281364012
249	4	0.4821054280772769
249	5	0.4821057401412506
249	6	0.48210713216005335
249	7	0.48214535315341683
249	8	0.4821113450361258
249	9	0.48212621864829736
249	10	0.48214004704308494
249	11	0.4821298408492999
249	12	0.48209409016438215
249	13	0.48210506219293797
249	14	0.482125095963871
249	15	0.4821053757928737
249	16	0.4821326492290768
250	0	0.4821307072047927
250	1	0.48213219295644205
250	2	0.48210506240813483
250	3	0.4821057266901932
250	4	0.48210542808576595
250	5	0.4821054281496158
250	6	0.48214893741321446
250	7	0.4821111494040648
250	8	0.4821257948347074
250	9	0.48210707882335685
250	10	0.48213499972946694
250	11	0.48212459264945084
250	12	0.48215022494788434
250	13	0.48209439685498084
250	14	0.4821451626720092
250	15	0.48210537424721117
250	16	0.482115456331219
250	17	0.4821246645515038
251	0	0.4821054281513631
251	1	0.4821306700010813
251	2	0.48210507052582396
251	3	0.48211099384584966
251	4	0.48214859453506587
251	5	0.48210537577530976
251	6	0.4821242053577773
251	7	0.48210703647296915
251	8	0.4820946293585754
251	9	0.48210571799985574
251	10	0.4821318565425893
251	11	0.4821054280849268
251	12	0.4821152016226513
251	13	0.48214032122756095
251	14	0.48212431187126914
251	15	0.48214499572228003
251	16	0.4821254545977272
252	0	0.4821242349626697
252	1	0.48210507229392
252	2	0.48212537520967086
252	3	0.482115147709802
252	4	0.4821054280864767
252	5	0.48210542815158935
252	6	0.4821317704960796
252	7	0.48214495910349586
252	8	0.4821402101327476
252	9	0.4821070281746327
252	10	0.4821241294983239
252	11	0.482148527091668
252	12	0.4820946790824611
252	13	0.48211096398445447
252	14	0.4821057162227046
252	15	0.48213061886163716
252	16	0.48210537606237586
253	0	0.48211100460120015
253	1	0.4821054280869928
253	2	0.48212548028698465
253	3	0.48213068800761916
253	4	0.48213186658026047
253	5	0.4821057193750283
253	6	0.48210704002051286
253	7	0.4821486228460544
253	8	0.48213608542204395
253	9	0.4821054281512156
253	10	0.4821242395163205
253	11	0.482105069708104
253	12	0.48210537562711475
253	13	0.4821243481582859
253	14	0.482094605674651
253	15	0.4821450115869782
253	16	0.48211522900666615
253	17	0.4821482069042458
254	0	0.4821057163223739
254	1	0.4821054280828849
254	2	0.482107031813895
254	3	0.4821419120519932
254	4	0.48214855722347694
254	5	0.48212416245491463
254	6	0.48210542815151664
254	7	0.4821050715601422
254	8	0.48213064189555893
254	9	0.48212541570005596
254	10	0.48211097920724766
254	11	0.48213181562460367
254	12	0.48212427214703174
254	13	0.48214497544669055
254	14	0.48209465972269294
254	15	0.4821151738951108
254	16	0.482105375943227
254	17	0.4821457989336187
255	0	0.4821318423343523
255	1	0.48213814779621295
255	2	0.4821254456928566
255	3	0.4821050707003794
255	4	0.48213066563433843
255	5	0.48210542808594936
255	6	0.48214859392288806
255	7	0.4821242045224068
255	8	0.4821070365346521
255	9	0.4821109929190707
255	10	0.4821054281513387
255	11	0.48210571753965437
255	12	0.4821458360431939
255	13	0.48211520071629527
255	14	0.4820946289626152
255	15	0.482124311502855
255	16	0.48214499471754163
255	17	0.48210537576765133
255	18	0.4820991577895313
255	19	0.48212466000771564
256	0	0.4821056979185159
256	1	0.4821054281530812
256	2	0.4821054280955286
256	3	0.48210696092622274
256	4	0.4821311844668404
256	5	0.48214512420334843
257	0	0.48210495737188236
257	1	0.48210537221147726
257	2	0.48213940865973876
257	3	0.4821050512419876
257	4	0.48213214488250733
257	5	0.4821054280784401
257	6	0.48212625898508854
257	7	0.4821113612393012
257	8	0.4821057270321053
257	9	0.4821070710138007
257	10	0.4821054281482098
257	11	0.48213129549554246
257	12	0.4821259026409309
257	13	0.4821493770979021
258	0	0.48210537100949663
258	1	0.48210494681099936
258	2	0.4821364491638595
258	3	0.48210542814587315
258	4	0.4821314974251039
258	5	0.4821496114831598
258	6	0.48213297145485623
258	7	0.48210504504371154
258	8	0.48211148115189356
258	9	0.4821071703648471
258	10	0.4821265163136585
258	11	0.48210575007518525
258	12	0.48212714474353935
258	13	0.48210542807663037
259	0	0.4821306441478213
259	1	0.4821109792303801
259	2	0.4821318257249425
259	3	0.482105428149808
259	4	0.48210571816075815
259	5	0.482105071525611
259	6	0.4821258875607016
259	7	0.48210703268629224
259	8	0.48212541927692276
259	9	0.4821341613948516
259	10	0.4821054280857023
259	11	0.4821494780233273
259	12	0.4821485662818992
260	0	0.482107135970127
260	1	0.48214664777523797
260	2	0.4821262500558468
260	3	0.4821493662967647
260	4	0.48210536668948617
260	5	0.482111359283993
260	6	0.4821231438034831
260	7	0.4821054281010144
260	8	0.4820899425090248
260	9	0.48210505134173537
260	10	0.4821054281452879
260	11	0.48213807076067877
260	12	0.48213129324337517
260	13	0.4821326857657926
260	14	0.4821268481904976
260	15	0.48212016768088334
260	16	0.48210574175025844
261	0	0.48209470856877495
261	1	0.4821050730148541
261	2	0.4821053762193137
261	3	0.4821317426003677
261	4	0.48213059107961465
261	5	0.4821070246902939
261	6	0.482125806405384
261	7	0.4821109497351499
261	8	0.48213541494765805
261	9	0.482144946461932
261	10	0.4821253544923003
261	11	0.4821151287478244
261	12	0.4821054281502363
261	13	0.4821057150290264
261	14	0.4821484989776932
261	15	0.4821054281020353
261	16	0.4821242143414267
262	0	0.48210707148644716
262	1	0.4821054281482934
262	2	0.4821308874419298
262	3	0.48210537451769914
262	4	0.48214887562943237
262	5	0.48212625496453393
262	6	0.4821451341095155
262	7	0.48213338241391557
262	8	0.4821154085121457
262	9	0.4821057267036724
262	10	0.48209444835974563
262	11	0.4821111244967508
262	12	0.48212573818872523
262	13	0.4821050636946724
262	14	0.4821321552235539
262	15	0.48212460272524665
262	16	0.4821054280974865
263	0	0.4821364677300081
263	1	0.48213175614403636
263	2	0.482127506721491
263	3	0.4820936713906797
263	4	0.482125710950967
263	5	0.4821116281092816
263	6	0.48213112882010944
263	7	0.48210575973028236
263	8	0.48212683071289497
263	9	0.48210506792115526
263	10	0.48214560092218417
263	11	0.4821054280896615
263	12	0.4821072130625551
263	13	0.4821509592869301
263	14	0.48210536950632615
263	15	0.482116212704529
263	16	0.4821054281405027
263	17	0.4821513475400888
264	0	0.48214496094308673
264	1	0.48210571543231645
264	2	0.48211096386804225
264	3	0.4821352444548024
264	4	0.48212584905076633
264	5	0.4821070281431368
264	6	0.48210537608504483
264	7	0.48209469601631183
264	8	0.48211515231535174
264	9	0.4821295911664239
264	10	0.48214989361599164
264	11	0.4821242465151555
264	12	0.4821054280982883
264	13	0.482125386054969
264	14	0.4821306217431319
264	15	0.4821050979830031
264	16	0.48210542814874524
265	0	0.482105375710619
265	1	0.482125463881025
265	2	0.482105428148313
265	3	0.4821450049108097
265	4	0.48210542810045465
265	5	0.4821056700822185
265	6	0.4821110022402788
265	7	0.48210703872544475
265	8	0.48212967839610005
265	9	0.48209462348222737
265	10	0.4821152153643765
265	11	0.4821318734119512
265	12	0.48210509633012666
265	13	0.4821259487627135
265	14	0.48213068203989523
265	15	0.48212433103024066
265	16	0.48214997811344334
266	0	0.4821510303033599
266	1	0.4821266185380608
266	2	0.4821054281471448
266	3	0.4821050724142831
266	4	0.4821057011959292
266	5	0.4821272618998745
266	6	0.4821054280833938
266	7	0.4821115293549257
266	8	0.4821071841162868
266	9	0.4821315821175703
266	10	0.4821309198625264
266	11	0.48213712430224465
266	12	0.48214928571000726
266	13	0.4821254985795015
266	14	0.4820939968326791
266	15	0.48210537048739904
266	16	0.4821455198795572
266	17	0.4821160562561196
266	18	0.48210425464569584
267	0	0.48210542814874774
267	1	0.4821242474312813
267	2	0.48210542810344237
267	3	0.48211515573287517
267	4	0.4821050979959491
267	5	0.482125393813885
267	6	0.48210566893827134
267	7	0.4821499051716638
267	8	0.48214267353925183
267	9	0.4821053760499616
267	10	0.4820946854167007
267	11	0.48213062426706504
267	12	0.4821109675601082
267	13	0.4821449648015893
267	14	0.48212960588997783
267	15	0.48212585992496604
267	16	0.48210702965739827
268	0	0.48213280895129185
268	1	0.4821054281036418
268	2	0.48212969870686273
268	3	0.4821070397204251
268	4	0.48210567191452935
268	5	0.4821259567769368
268	6	0.4821470420592331
268	7	0.48211100675471474
268	8	0.4821306911527848
268	9	0.48212548265166894
268	10	0.4821050961125024
268	11	0.48210542814823704
268	12	0.48214999122407803
269	0	0.48211611827512824
269	1	0.48212548750301293
269	2	0.4821050960277838
269	3	0.4821255887766869
269	4	0.4821054281043036
269	5	0.4821054281481519
269	6	0.4821056711658916
269	7	0.4821499966953344
269	8	0.48214026195674053
269	9	0.4820937648782768
269	10	0.48210704166583807
269	11	0.4821455521797492
269	12	0.48210537011482363
269	13	0.4821259753576767
269	14	0.4821307007967022
269	15	0.48211101300619097
269	16	0.4821297007495392
270	0	0.4821053736095728
270	1	0.48213388153657405
270	2	0.4821054281456318
270	3	0.4821301880737466
270	4	0.48213104385690897
270	5	0.4821050866408912
270	6	0.4821112158752196
270	7	0.48210709708490757
270	8	0.48212594565304273
270	9	0.4821504267311507
270	10	0.4821054281003952
270	11	0.482126490966286
270	12	0.482105684364134
