116	0	0.2984472602942397
116	1	0.0
116	2	0.0
116	3	0.10753948523502266
116	4	0.0
116	5	0.14928266143697283
116	6	0.0
116	7	0.0
116	8	0.14928266143697283
116	9	0.10753948523502266
116	10	0.0
116	11	0.05321560712448031
116	12	0.14928266143697283
116	13	0.0
116	14	0.0
116	15	0.0
116	16	0.0
117	0	0.05321560712448031
117	1	0.0
117	2	0.14928266143697283
117	3	0.0
117	4	0.0
117	5	0.10753948523502266
117	6	0.14928266143697283
117	7	0.0
117	8	0.0
117	9	0.0
117	10	0.0
117	11	0.0
117	12	0.0
117	13	0.0
117	14	0.14928266143697283
117	15	0.10753948523502266
117	16	0.0
118	0	0.0
118	1	0.05321560712448031
118	2	0.6380244315480688
118	3	0.2984472602942397
118	4	0.0
118	5	0.0
118	6	0.10753948523502266
118	7	0.9364716918423085
118	8	0.0
118	9	0.6380244315480688
118	10	0.0
118	11	0.10753948523502266
118	12	0.0
118	13	0.14928266143697283
118	14	0.0
118	15	0.0
118	16	0.14928266143697283
118	17	0.14928266143697283
118	18	0.0
118	19	0.0
118	20	0.0
118	21	0.0
118	22	0.0
118	23	0.2984472602942397
118	24	0.0
119	0	0.0
119	1	0.0
119	2	0.14928266143697283
119	3	0.0
119	4	0.14928266143697283
119	5	0.10753948523502266
119	6	0.05321560712448031
119	7	0.0
119	8	0.10753948523502266
119	9	0.0
119	10	0.0
119	11	0.0
119	12	0.0
119	13	0.6380244315480688
119	14	0.0
119	15	0.0
119	16	0.0
119	17	0.14928266143697283
119	18	0.0
119	19	0.6380244315480688
120	0	0.0
120	1	0.6380244315480688
120	2	0.05321560712448031
120	3	0.0
120	4	0.14928266143697283
120	5	0.10753948523502266
120	6	0.10753948523502266
120	7	0.0
120	8	0.0
120	9	0.0
120	10	0.0
120	11	0.0
120	12	0.14928266143697283
120	13	0.0
120	14	0.0
120	15	0.14928266143697283
120	16	0.0
120	17	0.0
120	18	0.0
120	19	0.6380244315480688
120	20	0.0
121	0	0.0
121	1	0.6380244315480688
121	2	0.10753948523502266
121	3	0.0
121	4	0.6380244315480688
121	5	0.0
121	6	0.0
121	7	0.0
121	8	0.0
121	9	0.14928266143697283
121	10	0.14928266143697283
121	11	0.10753948523502266
121	12	0.0
121	13	0.05321560712448031
121	14	0.0
121	15	0.0
121	16	0.0
121	17	0.0
121	18	0.14928266143697283
121	19	0.0
121	20	0.0
122	0	0.0
122	1	0.0
122	2	0.10753948523502266
122	3	0.0
122	4	0.05321560712448031
122	5	0.0
122	6	0.14928266143697283
122	7	0.14928266143697283
122	8	0.0
122	9	0.0
122	10	0.0
122	11	0.0
122	12	0.10753948523502266
122	13	0.0
122	14	0.14928266143697283
122	15	0.0
122	16	0.0
122	17	0.6380244315480688
122	18	0.0
122	19	0.6380244315480688
123	0	0.0
123	1	0.0
123	2	0.6380244315480688
123	3	0.0
123	4	0.6380244315480688
123	5	0.0
123	6	0.10753948523502266
123	7	0.10753948523502266
123	8	0.0
123	9	0.0
123	10	0.0
123	11	0.0
123	12	0.0
123	13	0.0
123	14	0.0
123	15	0.14928266143697283
123	16	0.0
123	17	0.0
123	18	0.14928266143697283
123	19	0.14928266143697283
123	20	0.0
123	21	0.0
124	0	0.0
124	1	0.0
124	2	0.0
124	3	0.0
124	4	0.0
124	5	0.05321560712448031
124	6	0.14928266143697283
124	7	0.0
124	8	0.10753948523502266
124	9	0.0
124	10	0.0
124	11	0.10753948523502266
124	12	0.0
124	13	0.0
124	14	0.14928266143697283
124	15	0.0
124	16	0.14928266143697283
124	17	0.0
125	0	0.0
125	1	0.0
125	2	0.14928266143697283
125	3	0.0
125	4	0.10753948523502266
125	5	0.10753948523502266
125	6	0.0
125	7	0.0
125	8	0.0
125	9	0.14928266143697283
125	10	0.14928266143697283
125	11	0.0
125	12	0.05321560712448031
125	13	0.14928266143697283
125	14	0.0
125	15	0.0
125	16	0.0
125	17	0.0
125	18	0.2984472602942397
125	19	0.9364716918423085
125	20	0.2984472602942397
125	21	0.9364716918423085
126	0	0.14928266143697283
126	1	0.0
126	2	0.05321560712448031
126	3	0.0
126	4	0.10753948523502266
126	5	0.10753948523502266
126	6	0.14928266143697283
126	7	0.0
126	8	0.0
126	9	0.0
126	10	0.0
126	11	0.0
126	12	0.0
126	13	0.14928266143697283
126	14	0.0
126	15	0.0
126	16	0.0
127	0	0.0
127	1	0.0
127	2	0.10753948523502266
127	3	0.14928266143697283
127	4	0.0
127	5	0.0
127	6	0.0
127	7	0.14928266143697283
127	8	0.0
127	9	0.05321560712448031
127	10	0.0
127	11	0.0
127	12	0.0
127	13	0.10753948523502266
127	14	0.0
127	15	0.0
127	16	0.14928266143697283
127	17	0.0
128	0	0.0
128	1	0.0
128	2	0.10753948523502266
128	3	0.0
128	4	0.0
128	5	0.05321560712448031
128	6	0.14928266143697283
128	7	0.14928266143697283
128	8	0.0
128	9	0.0
128	10	0.0
128	11	0.0
128	12	0.10753948523502266
128	13	0.0
128	14	0.14928266143697283
128	15	0.0
128	16	0.9364716918423085
128	17	0.0
128	18	0.2984472602942397
129	0	0.0
129	1	0.0
129	2	0.0
129	3	0.05321560712448031
129	4	0.0
129	5	0.14928266143697283
129	6	0.10753948523502266
129	7	0.0
129	8	0.0
129	9	0.10753948523502266
129	10	0.14928266143697283
129	11	0.14928266143697283
129	12	0.0
129	13	0.0
129	14	0.0
129	15	0.0
129	16	0.6380244315480688
129	17	0.0
130	0	0.0
130	1	0.0
130	2	0.10753948523502266
130	3	0.0
130	4	0.0
130	5	0.0
130	6	0.14928266143697283
130	7	0.0
130	8	0.0
130	9	0.14928266143697283
130	10	0.05321560712448031
130	11	0.0
130	12	0.0
130	13	0.0
130	14	0.14928266143697283
130	15	0.0
130	16	0.10753948523502266
130	17	0.0
130	18	0.14928266143697283
130	19	0.0
131	0	0.0
131	1	0.0
131	2	0.0
131	3	0.0
131	4	0.0
131	5	0.05321560712448031
131	6	0.0
131	7	0.0
131	8	0.0
131	9	0.14928266143697283
131	10	0.0
131	11	0.14928266143697283
131	12	0.10753948523502266
131	13	0.0
131	14	0.0
131	15	0.14928266143697283
131	16	0.10753948523502266
131	17	0.0
131	18	0.14928266143697283
131	19	0.0
132	0	0.0
132	1	0.0
132	2	0.14928266143697283
132	3	0.05321560712448031
132	4	0.10753948523502266
132	5	0.0
132	6	0.0
132	7	0.0
132	8	0.0
132	9	0.0
132	10	0.0
132	11	0.14928266143697283
132	12	0.0
132	13	0.0
132	14	0.14928266143697283
132	15	0.0
132	16	0.10753948523502266
133	0	0.0
133	1	0.14928266143697283
133	2	0.0
133	3	0.0
133	4	0.14928266143697283
133	5	0.0
133	6	0.10753948523502266
133	7	0.0
133	8	0.0
133	9	0.10753948523502266
133	10	0.0
133	11	0.14928266143697283
133	12	0.0
133	13	0.05321560712448031
133	14	0.0
133	15	0.0
133	16	0.0
133	17	0.6380244315480688
133	18	0.0
133	19	0.14928266143697283
134	0	0.0
134	1	0.05321560712448031
134	2	0.0
134	3	0.0
134	4	0.10753948523502266
134	5	0.14928266143697283
134	6	0.0
134	7	0.0
134	8	0.14928266143697283
134	9	0.0
134	10	0.0
134	11	0.0
134	12	0.10753948523502266
134	13	0.0
134	14	0.14928266143697283
134	15	0.9364716918423085
134	16	0.0
134	17	0.0
134	18	0.0
134	19	0.6380244315480688
134	20	0.2984472602942397
134	21	0.0
135	0	0.14928266143697283
135	1	0.0
135	2	0.05321560712448031
135	3	0.0
135	4	0.10753948523502266
135	5	0.14928266143697283
135	6	0.10753948523502266
135	7	0.0
135	8	0.0
135	9	0.0
135	10	0.14928266143697283
135	11	0.0
135	12	5.593698556487815
135	13	0.0
135	14	0.0
135	15	0.0
135	16	0.0
135	17	0.6380244315480688
135	18	0.0
135	19	0.0
135	20	0.0
135	21	0.6380244315480688
136	0	0.0
136	1	0.14928266143697283
136	2	0.0
136	3	0.0
136	4	0.05321560712448031
136	5	0.0
136	6	0.14928266143697283
136	7	0.14928266143697283
136	8	0.0
136	9	0.10753948523502266
136	10	0.6380244315480688
136	11	0.10753948523502266
136	12	0.0
136	13	0.0
136	14	0.0
136	15	0.0
136	16	0.0
136	17	0.0
136	18	0.6380244315480688
136	19	0.0
136	20	0.0
136	21	0.6380244315480688
137	0	0.0
137	1	0.0
137	2	0.0
137	3	0.6380244315480688
137	4	0.14928266143697283
137	5	0.0
137	6	0.0
137	7	0.14928266143697283
137	8	0.0
137	9	0.0
137	10	0.10753948523502266
137	11	0.0
137	12	0.14928266143697283
137	13	0.05321560712448031
137	14	0.10753948523502266
137	15	0.0
137	16	0.0
137	17	0.0
137	18	0.0
137	19	0.6380244315480688
137	20	0.0
137	21	0.6380244315480688
138	0	0.0
138	1	0.0
138	2	0.14928266143697283
138	3	0.10753948523502266
138	4	0.14928266143697283
138	5	0.0
138	6	0.10753948523502266
138	7	0.05321560712448031
138	8	0.0
138	9	0.0
138	10	0.0
138	11	0.0
138	12	0.14928266143697283
138	13	0.0
138	14	0.6380244315480688
138	15	0.0
138	16	0.0
138	17	0.6380244315480688
138	18	0.0
138	19	0.6380244315480688
138	20	0.0
138	21	0.0
139	0	0.14928266143697283
139	1	0.6380244315480688
139	2	0.0
139	3	0.14928266143697283
139	4	0.10753948523502266
139	5	0.0
139	6	0.05321560712448031
139	7	0.0
139	8	0.0
139	9	0.0
139	10	0.0
139	11	0.14928266143697283
139	12	0.0
139	13	0.0
139	14	0.10753948523502266
139	15	0.0
139	16	0.0
139	17	0.6380244315480688
139	18	0.0
139	19	0.0
139	20	0.6380244315480688
139	21	0.0
140	0	0.14928266143697283
140	1	0.0
140	2	0.0
140	3	0.10753948523502266
140	4	0.14928266143697283
140	5	0.0
140	6	0.10753948523502266
140	7	0.05321560712448031
140	8	0.0
140	9	0.0
140	10	0.14928266143697283
140	11	0.0
140	12	0.0
140	13	0.0
140	14	0.6380244315480688
140	15	0.0
140	16	0.0
140	17	0.0
141	0	0.05321560712448031
141	1	0.0
141	2	0.14928266143697283
141	3	0.0
141	4	0.10753948523502266
141	5	0.0
141	6	0.0
141	7	0.0
141	8	0.0
141	9	0.14928266143697283
141	10	0.0
141	11	0.0
141	12	0.0
141	13	0.14928266143697283
141	14	0.0
141	15	0.0
141	16	0.10753948523502266
142	0	0.0
142	1	0.0
142	2	0.05321560712448031
142	3	0.0
142	4	0.0
142	5	0.0
142	6	0.0
142	7	0.0
142	8	0.14928266143697283
142	9	0.14928266143697283
142	10	0.0
142	11	0.10753948523502266
142	12	0.10753948523502266
142	13	0.14928266143697283
142	14	0.0
142	15	0.0
142	16	0.0
142	17	0.6380244315480688
142	18	0.0
142	19	0.0
143	0	0.0
143	1	0.0
143	2	0.0
143	3	0.0
143	4	0.0
143	5	0.10753948523502266
143	6	0.0
143	7	0.14928266143697283
143	8	0.0
143	9	0.0
143	10	0.05321560712448031
143	11	0.10753948523502266
143	12	0.0
143	13	0.0
143	14	0.14928266143697283
143	15	0.0
143	16	0.14928266143697283
143	17	0.0
144	0	0.0
144	1	0.10753948523502266
144	2	0.0
144	3	0.6380244315480688
144	4	0.0
144	5	0.14928266143697283
144	6	0.0
144	7	0.0
144	8	0.0
144	9	0.14928266143697283
144	10	0.0
144	11	0.0
144	12	0.10753948523502266
144	13	0.0
144	14	0.14928266143697283
144	15	0.0
144	16	0.05321560712448031
144	17	0.0
144	18	0.0
144	19	0.0
144	20	0.6380244315480688
145	0	0.0
145	1	0.0
145	2	0.0
145	3	0.0
145	4	0.0
145	5	0.0
145	6	0.0
145	7	0.10753948523502266
145	8	0.0
145	9	0.14928266143697283
145	10	0.05321560712448031
145	11	0.0
145	12	0.14928266143697283
145	13	0.10753948523502266
145	14	0.14928266143697283
145	15	0.0
145	16	0.0
146	0	0.0
146	1	0.10753948523502266
146	2	0.10753948523502266
146	3	0.14928266143697283
146	4	0.0
146	5	0.0
146	6	0.0
146	7	0.05321560712448031
146	8	0.14928266143697283
146	9	0.0
146	10	0.0
146	11	0.14928266143697283
146	12	0.0
146	13	0.0
146	14	0.0
146	15	0.0
146	16	0.0
147	0	0.0
147	1	0.14928266143697283
147	2	0.0
147	3	0.05321560712448031
147	4	0.10753948523502266
147	5	0.0
147	6	0.0
147	7	0.10753948523502266
147	8	0.14928266143697283
147	9	0.0
147	10	0.0
147	11	0.0
147	12	0.14928266143697283
147	13	0.0
147	14	0.0
147	15	0.0
147	16	0.0
147	17	0.0
147	18	0.6380244315480688
147	19	0.6380244315480688
147	20	0.0
147	21	0.0
147	22	0.2984472602942397
148	0	0.6380244315480688
148	1	0.05321560712448031
148	2	0.0
148	3	0.14928266143697283
148	4	0.14928266143697283
148	5	0.0
148	6	0.14928266143697283
148	7	0.10753948523502266
148	8	0.0
148	9	0.0
148	10	0.0
148	11	0.0
148	12	0.10753948523502266
148	13	0.0
148	14	0.0
148	15	0.0
148	16	0.0
149	0	0.0
149	1	0.10753948523502266
149	2	0.0
149	3	0.0
149	4	0.0
149	5	0.14928266143697283
149	6	0.0
149	7	0.10753948523502266
150	0	0.6380244315480688
150	1	0.05321560712448031
150	2	0.0
150	3	0.10753948523502266
150	4	0.0
150	5	0.0
150	6	0.14928266143697283
150	7	0.0
150	8	0.14928266143697283
150	9	0.0
150	10	0.0
150	11	0.0
150	12	0.10753948523502266
150	13	0.0
151	0	0.0
151	1	0.0
151	2	0.10753948523502266
151	3	0.10753948523502266
151	4	0.0
151	5	0.14928266143697283
151	6	0.0
151	7	0.0
152	0	0.6380244315480688
152	1	0.0
152	2	0.0
152	3	0.0
152	4	0.6380244315480688
152	5	0.05321560712448031
152	6	0.0
152	7	0.0
152	8	0.10753948523502266
152	9	0.0
152	10	0.14928266143697283
152	11	0.0
152	12	0.0
152	13	0.10753948523502266
152	14	0.0
152	15	0.0
152	16	0.14928266143697283
153	0	0.0
153	1	0.10753948523502266
153	2	0.0
153	3	0.10753948523502266
153	4	0.0
153	5	0.05321560712448031
153	6	0.14928266143697283
153	7	0.0
153	8	0.0
153	9	0.6380244315480688
153	10	0.14928266143697283
153	11	0.0
153	12	0.0
153	13	0.0
153	14	0.0
153	15	0.0
153	16	0.0
153	17	0.6380244315480688
154	0	0.05321560712448031
154	1	0.2984472602942397
154	2	0.6380244315480688
154	3	0.0
154	4	0.0
154	5	0.0
154	6	0.0
154	7	0.0
154	8	0.10753948523502266
154	9	0.14928266143697283
154	10	0.0
154	11	0.14928266143697283
154	12	0.0
154	13	0.0
154	14	0.10753948523502266
154	15	0.0
154	16	0.0
154	17	0.2984472602942397
154	18	0.6380244315480688
154	19	0.9364716918423085
154	20	0.2984472602942397
154	21	0.0
154	22	0.2984472602942397
155	0	0.0
155	1	0.10753948523502266
155	2	0.0
155	3	0.05321560712448031
155	4	0.6380244315480688
155	5	0.0
155	6	0.14928266143697283
155	7	0.0
155	8	0.0
155	9	0.0
155	10	0.14928266143697283
155	11	0.0
155	12	0.0
155	13	0.0
155	14	0.0
155	15	0.0
155	16	0.10753948523502266
155	17	0.6380244315480688
155	18	0.0
155	19	0.0
155	20	0.0
155	21	0.6380244315480688
156	0	0.10753948523502266
156	1	0.0
156	2	0.10753948523502266
156	3	0.05321560712448031
156	4	0.0
156	5	0.0
156	6	0.0
156	7	0.0
156	8	0.0
156	9	0.0
156	10	0.14928266143697283
156	11	0.14928266143697283
156	12	0.0
156	13	0.0
156	14	0.6380244315480688
156	15	0.0
156	16	0.0
156	17	0.0
156	18	0.6380244315480688
156	19	0.0
157	0	0.6380244315480688
157	1	0.0
157	2	0.0
157	3	0.05321560712448031
157	4	0.14928266143697283
157	5	0.0
157	6	0.0
157	7	0.10753948523502266
157	8	0.0
157	9	0.0
157	10	0.10753948523502266
157	11	0.0
157	12	0.0
157	13	0.0
157	14	0.14928266143697283
157	15	0.0
157	16	0.0
158	0	0.0
158	1	0.6380244315480688
158	2	0.0
158	3	0.0
158	4	0.0
158	5	0.10753948523502266
158	6	0.0
158	7	0.0
158	8	0.10753948523502266
158	9	0.14928266143697283
158	10	0.0
158	11	0.0
158	12	0.0
158	13	0.0
158	14	0.0
158	15	0.05321560712448031
158	16	0.14928266143697283
158	17	0.0
159	0	0.0
159	1	0.0
159	2	0.0
159	3	0.0
159	4	0.0
159	5	0.0
159	6	0.6380244315480688
159	7	0.05321560712448031
159	8	0.14928266143697283
159	9	0.0
159	10	0.10753948523502266
159	11	0.10753948523502266
159	12	0.0
159	13	0.0
159	14	0.0
159	15	0.14928266143697283
159	16	0.0
159	17	0.0
160	0	0.0
160	1	0.0
160	2	0.10753948523502266
160	3	0.6380244315480688
160	4	0.0
160	5	0.0
160	6	0.0
160	7	0.0
160	8	0.0
160	9	0.6380244315480688
160	10	0.14928266143697283
160	11	0.14928266143697283
160	12	0.0
160	13	0.05321560712448031
160	14	0.0
160	15	0.10753948523502266
160	16	0.0
160	17	0.0
160	18	0.0
160	19	0.0
160	20	0.6380244315480688
161	0	0.0
161	1	0.14928266143697283
161	2	0.6380244315480688
161	3	0.10753948523502266
161	4	0.0
161	5	0.0
161	6	0.10753948523502266
161	7	0.0
161	8	0.0
161	9	0.14928266143697283
161	10	0.05321560712448031
161	11	0.0
161	12	0.0
161	13	0.0
161	14	0.0
161	15	0.0
161	16	0.6380244315480688
162	0	0.14928266143697283
162	1	0.0
162	2	0.14928266143697283
162	3	0.0
162	4	0.0
162	5	0.0
162	6	0.6380244315480688
162	7	0.0
162	8	0.10753948523502266
162	9	0.0
162	10	0.6380244315480688
162	11	0.0
162	12	0.05321560712448031
162	13	0.10753948523502266
162	14	0.0
162	15	0.0
162	16	0.0
162	17	0.0
162	18	0.0
162	19	0.0
162	20	0.6380244315480688
162	21	0.6380244315480688
163	0	0.10753948523502266
163	1	0.0
163	2	0.0
163	3	0.0
163	4	0.0
163	5	0.0
163	6	0.10753948523502266
163	7	0.14928266143697283
163	8	0.0
163	9	0.14928266143697283
163	10	0.05321560712448031
163	11	0.0
163	12	0.0
163	13	0.0
163	14	0.6380244315480688
163	15	0.0
163	16	0.0
163	17	0.0
163	18	0.6380244315480688
164	0	0.0
164	1	0.14928266143697283
164	2	0.05321560712448031
164	3	0.10753948523502266
164	4	0.0
164	5	0.0
164	6	0.0
164	7	0.0
164	8	0.14928266143697283
164	9	0.0
164	10	0.10753948523502266
164	11	0.0
164	12	0.14928266143697283
165	0	0.0
165	1	0.10753948523502266
165	2	0.0
165	3	0.0
165	4	0.10753948523502266
165	5	0.0
165	6	0.0
165	7	0.0
165	8	0.14928266143697283
165	9	0.0
165	10	0.0
165	11	0.0
165	12	0.14928266143697283
165	13	0.14928266143697283
165	14	0.05321560712448031
165	15	0.0
166	0	0.0
166	1	0.14928266143697283
166	2	0.0
166	3	0.14928266143697283
166	4	0.0
166	5	0.14928266143697283
166	6	0.0
166	7	0.0
166	8	0.10753948523502266
166	9	0.0
166	10	0.05321560712448031
166	11	0.10753948523502266
166	12	0.0
166	13	0.0
166	14	0.0
166	15	0.0
166	16	0.6380244315480688
166	17	0.0
166	18	0.0
167	0	0.10753948523502266
167	1	0.14928266143697283
167	2	0.05321560712448031
167	3	0.0
167	4	0.0
167	5	0.0
167	6	0.0
167	7	0.10753948523502266
167	8	0.0
167	9	0.0
167	10	0.0
167	11	0.14928266143697283
167	12	0.14928266143697283
167	13	0.0
167	14	0.0
167	15	0.0
167	16	0.0
167	17	0.0
167	18	0.6380244315480688
168	0	0.14928266143697283
168	1	0.0
168	2	0.0
168	3	0.05321560712448031
168	4	0.0
168	5	0.0
168	6	0.0
168	7	0.14928266143697283
168	8	0.10753948523502266
168	9	0.0
168	10	0.14928266143697283
168	11	0.10753948523502266
168	12	0.0
168	13	0.0
168	14	0.14928266143697283
168	15	0.0
168	16	0.0
168	17	0.9364716918423085
168	18	0.0
168	19	0.0
168	20	0.2984472602942397
168	21	0.6380244315480688
169	0	0.0
169	1	0.0
169	2	0.14928266143697283
169	3	0.0
169	4	0.10753948523502266
169	5	0.0
169	6	0.14928266143697283
169	7	0.14928266143697283
169	8	0.0
169	9	0.10753948523502266
169	10	0.05321560712448031
169	11	0.14928266143697283
169	12	0.0
169	13	0.0
169	14	0.0
169	15	0.6380244315480688
169	16	0.0
169	17	0.0
169	18	0.0
169	19	0.0
169	20	0.0
169	21	0.6380244315480688
170	0	0.0
170	1	0.0
170	2	0.0
170	3	0.10753948523502266
170	4	0.0
170	5	0.14928266143697283
170	6	0.10753948523502266
170	7	0.0
170	8	0.0
170	9	0.14928266143697283
170	10	0.14928266143697283
170	11	0.0
170	12	0.05321560712448031
170	13	0.0
170	14	0.14928266143697283
170	15	0.6380244315480688
170	16	0.0
170	17	0.6380244315480688
170	18	0.0
170	19	0.0
170	20	0.0
170	21	0.0
171	0	0.14928266143697283
171	1	0.05321560712448031
171	2	0.0
171	3	0.0
171	4	0.14928266143697283
171	5	0.0
171	6	0.14928266143697283
171	7	0.0
171	8	0.14928266143697283
171	9	0.0
171	10	0.10753948523502266
171	11	0.0
171	12	0.10753948523502266
171	13	0.0
171	14	0.0
171	15	0.0
171	16	0.0
171	17	0.0
171	18	0.6380244315480688
171	19	0.0
171	20	0.6380244315480688
171	21	0.0
172	0	0.0
172	1	0.10753948523502266
172	2	0.0
172	3	0.0
172	4	0.14928266143697283
172	5	0.10753948523502266
172	6	0.14928266143697283
172	7	0.05321560712448031
172	8	0.0
172	9	0.0
172	10	0.14928266143697283
172	11	0.0
172	12	0.0
172	13	0.0
172	14	0.0
172	15	0.0
172	16	0.0
172	17	0.0
172	18	0.6380244315480688
173	0	0.0
173	1	0.14928266143697283
173	2	0.10753948523502266
173	3	0.14928266143697283
173	4	0.0
173	5	0.05321560712448031
173	6	0.0
173	7	0.0
173	8	0.0
173	9	0.14928266143697283
173	10	0.14928266143697283
173	11	0.10753948523502266
173	12	0.0
173	13	0.0
173	14	0.0
173	15	0.0
173	16	0.0
173	17	0.0
173	18	0.0
173	19	0.0
173	20	0.6380244315480688
173	21	0.6380244315480688
174	0	0.0
174	1	0.0
174	2	0.0
174	3	0.10753948523502266
174	4	0.14928266143697283
174	5	0.14928266143697283
174	6	0.0
174	7	0.0
174	8	0.0
174	9	0.0
174	10	0.0
174	11	0.10753948523502266
174	12	0.14928266143697283
174	13	0.0
174	14	0.14928266143697283
174	15	0.05321560712448031
174	16	0.6380244315480688
174	17	0.0
174	18	0.0
175	0	0.0
175	1	0.0
175	2	0.14928266143697283
175	3	0.05321560712448031
175	4	0.14928266143697283
175	5	0.0
175	6	0.0
175	7	0.0
175	8	0.14928266143697283
175	9	0.0
175	10	0.14928266143697283
175	11	0.0
175	12	0.10753948523502266
175	13	0.0
175	14	0.0
175	15	0.0
175	16	0.10753948523502266
175	17	0.0
175	18	0.6380244315480688
175	19	0.6380244315480688
175	20	0.0
175	21	0.0
175	22	0.2984472602942397
176	0	0.0
176	1	0.0
176	2	0.10753948523502266
176	3	0.0
176	4	0.05321560712448031
176	5	0.0
176	6	0.0
176	7	0.0
176	8	0.0
176	9	0.10753948523502266
176	10	0.0
176	11	0.14928266143697283
176	12	0.14928266143697283
176	13	0.0
176	14	0.14928266143697283
176	15	0.0
176	16	0.14928266143697283
176	17	0.0
176	18	0.6380244315480688
176	19	0.0
176	20	0.0
176	21	0.6380244315480688
176	22	0.2984472602942397
177	0	0.10753948523502266
177	1	0.0
177	2	0.10753948523502266
177	3	0.14928266143697283
177	4	0.0
177	5	0.14928266143697283
177	6	0.0
177	7	0.0
177	8	0.14928266143697283
177	9	0.0
177	10	0.0
177	11	0.0
177	12	0.05321560712448031
177	13	0.0
177	14	0.14928266143697283
177	15	0.6380244315480688
177	16	0.0
177	17	0.0
177	18	0.0
177	19	0.6380244315480688
177	20	0.0
177	21	0.0
178	0	0.0
178	1	0.6380244315480688
178	2	0.0
178	3	0.0
178	4	0.10753948523502266
178	5	0.0
178	6	0.6380244315480688
178	7	0.05321560712448031
178	8	0.9364716918423085
178	9	0.0
178	10	0.14928266143697283
178	11	0.10753948523502266
178	12	0.14928266143697283
178	13	0.14928266143697283
178	14	0.0
178	15	0.0
178	16	0.0
178	17	0.0
178	18	0.0
178	19	0.14928266143697283
178	20	0.0
178	21	0.0
178	22	0.44772992173121245
179	0	0.0
179	1	0.0
179	2	0.0
179	3	0.0
179	4	0.0
179	5	0.0
179	6	0.05321560712448031
179	7	0.14928266143697283
179	8	0.14928266143697283
179	9	0.0
179	10	0.0
179	11	0.14928266143697283
179	12	0.10753948523502266
179	13	0.14928266143697283
179	14	0.10753948523502266
179	15	0.0
179	16	0.0
179	17	0.6380244315480688
179	18	0.0
179	19	0.6380244315480688
180	0	0.0
180	1	0.0
180	2	0.0
180	3	0.0
180	4	0.14928266143697283
180	5	0.0
180	6	0.05321560712448031
180	7	0.14928266143697283
180	8	0.0
180	9	0.14928266143697283
180	10	0.0
180	11	0.0
180	12	0.14928266143697283
180	13	0.10753948523502266
180	14	0.10753948523502266
180	15	0.0
180	16	0.6380244315480688
181	0	0.0
181	1	0.14928266143697283
181	2	0.05321560712448031
181	3	0.0
181	4	0.0
181	5	0.10753948523502266
181	6	0.14928266143697283
181	7	0.6380244315480688
181	8	0.0
181	9	0.0
181	10	0.0
181	11	0.10753948523502266
181	12	0.0
181	13	0.0
181	14	0.0
181	15	0.0
181	16	0.14928266143697283
181	17	0.14928266143697283
182	0	0.0
182	1	0.05321560712448031
182	2	0.10753948523502266
182	3	0.0
182	4	0.14928266143697283
182	5	0.0
182	6	0.0
182	7	0.14928266143697283
182	8	0.14928266143697283
182	9	0.0
182	10	0.0
182	11	0.0
182	12	0.0
182	13	0.10753948523502266
182	14	0.14928266143697283
182	15	0.0
182	16	0.0
182	17	0.6380244315480688
183	0	0.14928266143697283
183	1	0.0
183	2	0.0
183	3	0.0
183	4	0.10753948523502266
183	5	0.0
183	6	0.0
183	7	0.10753948523502266
183	8	0.14928266143697283
183	9	0.0
183	10	0.14928266143697283
183	11	0.6380244315480688
183	12	0.05321560712448031
183	13	0.0
183	14	0.0
183	15	0.14928266143697283
183	16	0.0
184	0	0.2984472602942397
184	1	0.10753948523502266
184	2	0.0
184	3	0.0
184	4	0.9364716918423085
184	5	0.0
184	6	0.05321560712448031
184	7	0.6380244315480688
184	8	0.9364716918423085
184	9	0.0
184	10	0.10753948523502266
184	11	0.14928266143697283
184	12	0.0
184	13	0.0
184	14	0.14928266143697283
184	15	0.14928266143697283
184	16	0.2984472602942397
184	17	0.14928266143697283
184	18	0.0
184	19	0.0
184	20	0.0
184	21	0.0
184	22	0.14928266143697283
185	0	0.2984472602942397
185	1	0.10753948523502266
185	2	0.05321560712448031
185	3	0.14928266143697283
185	4	0.0
185	5	0.14928266143697283
185	6	0.0
185	7	0.0
185	8	0.0
185	9	0.10753948523502266
185	10	0.14928266143697283
185	11	0.0
185	12	0.0
185	13	0.0
185	14	0.0
185	15	0.14928266143697283
185	16	0.0
185	17	0.6380244315480688
186	0	0.14928266143697283
186	1	0.0
186	2	0.05321560712448031
186	3	0.0
186	4	0.0
186	5	0.10753948523502266
186	6	0.0
186	7	0.0
186	8	0.0
186	9	0.10753948523502266
186	10	0.6380244315480688
186	11	0.0
186	12	0.14928266143697283
186	13	0.0
186	14	0.0
186	15	0.0
186	16	0.14928266143697283
186	17	0.14928266143697283
186	18	0.0
187	0	0.05321560712448031
187	1	0.0
187	2	0.0
187	3	0.14928266143697283
187	4	0.0
187	5	0.10753948523502266
188	0	0.10753948523502266
188	1	0.14928266143697283
188	2	0.0
188	3	0.0
188	4	0.10753948523502266
188	5	0.14928266143697283
188	6	0.0
188	7	0.0
188	8	0.0
188	9	0.0
188	10	0.14928266143697283
188	11	0.0
188	12	0.0
188	13	0.0
188	14	0.6380244315480688
188	15	0.05321560712448031
188	16	0.0
188	17	0.6380244315480688
189	0	0.0
189	1	0.10753948523502266
189	2	0.0
189	3	0.05321560712448031
189	4	0.6380244315480688
189	5	0.0
189	6	0.0
189	7	0.14928266143697283
189	8	0.10753948523502266
189	9	0.6380244315480688
189	10	0.0
189	11	0.0
189	12	0.0
189	13	0.14928266143697283
189	14	0.0
189	15	0.0
189	16	0.14928266143697283
189	17	0.0
189	18	0.9364716918423085
189	19	0.2984472602942397
189	20	0.2984472602942397
189	21	0.0
190	0	0.10753948523502266
190	1	0.14928266143697283
190	2	0.0
190	3	0.0
190	4	0.05321560712448031
190	5	0.6380244315480688
190	6	0.6380244315480688
190	7	0.0
190	8	0.0
190	9	0.14928266143697283
190	10	0.0
190	11	0.14928266143697283
190	12	0.0
190	13	0.10753948523502266
190	14	0.0
190	15	0.0
190	16	0.0
190	17	0.0
191	0	0.0
191	1	0.10753948523502266
191	2	0.0
191	3	0.05321560712448031
191	4	0.10753948523502266
191	5	0.6380244315480688
191	6	0.0
191	7	0.14928266143697283
191	8	0.0
191	9	0.0
191	10	0.6380244315480688
191	11	0.0
191	12	0.6380244315480688
191	13	0.0
191	14	0.0
191	15	0.0
191	16	0.14928266143697283
191	17	0.14928266143697283
191	18	0.0
191	19	0.0
191	20	0.0
191	21	0.0
192	0	0.0
192	1	0.0
192	2	0.14928266143697283
192	3	0.0
192	4	0.14928266143697283
192	5	0.0
192	6	0.10753948523502266
192	7	0.10753948523502266
192	8	0.14928266143697283
192	9	0.0
192	10	0.0
192	11	0.6380244315480688
192	12	0.05321560712448031
192	13	0.6380244315480688
192	14	0.0
192	15	0.0
192	16	0.0
193	0	0.0
193	1	0.14928266143697283
193	2	0.0
193	3	0.10753948523502266
193	4	0.05321560712448031
193	5	0.14928266143697283
193	6	0.6380244315480688
193	7	0.14928266143697283
193	8	0.0
193	9	0.0
193	10	0.10753948523502266
193	11	0.0
193	12	0.0
193	13	0.0
193	14	0.0
193	15	0.0
193	16	0.6380244315480688
193	17	0.0
194	0	0.0
194	1	0.0
194	2	0.6380244315480688
194	3	0.05321560712448031
194	4	0.10753948523502266
194	5	0.0
194	6	0.6380244315480688
194	7	0.0
194	8	0.14928266143697283
194	9	0.0
194	10	0.0
194	11	0.14928266143697283
194	12	0.0
194	13	0.0
194	14	0.0
194	15	0.10753948523502266
194	16	0.0
194	17	0.14928266143697283
195	0	0.6380244315480688
195	1	0.10753948523502266
195	2	0.6380244315480688
195	3	0.05321560712448031
195	4	0.0
195	5	0.0
195	6	0.10753948523502266
195	7	0.0
195	8	0.0
195	9	0.0
195	10	0.14928266143697283
195	11	0.14928266143697283
195	12	0.14928266143697283
195	13	0.0
195	14	0.0
195	15	0.0
195	16	0.0
196	0	0.10753948523502266
196	1	0.0
196	2	0.0
196	3	0.6380244315480688
196	4	0.14928266143697283
196	5	0.0
196	6	0.0
196	7	0.14928266143697283
196	8	0.05321560712448031
196	9	0.0
196	10	0.0
196	11	0.0
196	12	0.10753948523502266
196	13	0.14928266143697283
196	14	0.0
196	15	0.0
196	16	0.6380244315480688
196	17	0.0
196	18	0.6380244315480688
196	19	0.2984472602942397
197	0	0.0
197	1	0.0
197	2	0.0
197	3	0.14928266143697283
197	4	0.6380244315480688
197	5	0.14928266143697283
197	6	0.0
197	7	0.0
197	8	0.10753948523502266
197	9	0.0
197	10	0.0
197	11	0.10753948523502266
197	12	0.0
197	13	0.14928266143697283
197	14	0.0
197	15	0.0
197	16	0.6380244315480688
197	17	0.05321560712448031
198	0	0.6380244315480688
198	1	0.05321560712448031
198	2	0.10753948523502266
198	3	0.0
198	4	0.0
198	5	0.0
198	6	0.0
198	7	0.14928266143697283
198	8	0.0
198	9	0.14928266143697283
198	10	0.0
198	11	0.10753948523502266
198	12	0.0
198	13	0.14928266143697283
198	14	0.0
198	15	0.0
198	16	0.0
198	17	0.6380244315480688
198	18	0.0
199	0	0.0
199	1	0.05321560712448031
199	2	0.6380244315480688
199	3	0.10753948523502266
199	4	0.0
199	5	0.0
199	6	0.6380244315480688
199	7	0.14928266143697283
199	8	0.14928266143697283
199	9	0.0
199	10	0.0
199	11	0.0
199	12	0.10753948523502266
199	13	0.0
199	14	0.0
199	15	0.14928266143697283
199	16	0.0
199	17	0.0
200	0	0.05321560712448031
200	1	0.0
200	2	0.6380244315480688
200	3	0.0
200	4	0.10753948523502266
200	5	0.0
200	6	0.10753948523502266
200	7	0.0
200	8	0.0
200	9	0.14928266143697283
200	10	0.0
200	11	0.6380244315480688
200	12	0.0
200	13	0.0
200	14	0.14928266143697283
200	15	0.0
200	16	0.14928266143697283
200	17	0.0
201	0	0.05321560712448031
201	1	0.0
201	2	0.0
201	3	0.6380244315480688
201	4	0.10753948523502266
201	5	0.0
201	6	0.14928266143697283
201	7	0.0
201	8	0.0
201	9	0.0
201	10	0.6380244315480688
201	11	0.0
201	12	0.10753948523502266
201	13	0.14928266143697283
201	14	0.0
201	15	0.0
201	16	0.0
201	17	0.14928266143697283
202	0	0.9364716918423085
202	1	0.0
202	2	0.0
202	3	0.6380244315480688
202	4	0.14928266143697283
202	5	0.10753948523502266
202	6	0.0
202	7	0.14928266143697283
202	8	0.10753948523502266
202	9	0.0
202	10	0.0
202	11	0.0
202	12	0.14928266143697283
202	13	0.05321560712448031
202	14	0.0
202	15	0.0
202	16	0.0
203	0	0.0
203	1	0.0
203	2	0.0
203	3	0.0
203	4	0.0
203	5	0.14928266143697283
203	6	0.6380244315480688
203	7	0.14928266143697283
203	8	0.10753948523502266
203	9	0.14928266143697283
203	10	0.0
203	11	0.0
203	12	0.0
203	13	0.05321560712448031
203	14	0.10753948523502266
203	15	0.0
203	16	0.0
203	17	0.6380244315480688
204	0	0.14928266143697283
204	1	0.0
204	2	0.0
204	3	0.14928266143697283
204	4	0.0
204	5	0.0
204	6	0.0
204	7	0.0
204	8	0.10753948523502266
204	9	0.14928266143697283
204	10	0.0
204	11	0.6380244315480688
204	12	0.0
204	13	0.10753948523502266
204	14	0.05321560712448031
204	15	0.0
204	16	0.0
204	17	0.2984472602942397
204	18	0.6380244315480688
204	19	0.6380244315480688
205	0	0.10753948523502266
205	1	0.0
205	2	0.14928266143697283
205	3	0.0
205	4	0.0
205	5	0.0
205	6	0.14928266143697283
205	7	0.14928266143697283
205	8	0.10753948523502266
205	9	0.05321560712448031
205	10	0.0
205	11	0.0
205	12	0.0
205	13	0.0
205	14	0.6380244315480688
205	15	0.0
205	16	0.0
205	17	0.0
205	18	0.6380244315480688
205	19	0.6380244315480688
206	0	0.05321560712448031
206	1	0.6380244315480688
206	2	0.10753948523502266
206	3	0.0
206	4	0.0
206	5	0.0
206	6	0.0
206	7	0.10753948523502266
206	8	0.14928266143697283
206	9	0.14928266143697283
206	10	0.14928266143697283
206	11	0.6380244315480688
206	12	0.0
206	13	0.0
206	14	0.0
206	15	0.0
206	16	0.0
206	17	0.0
206	18	0.0
207	0	0.14928266143697283
207	1	0.0
207	2	0.0
207	3	0.0
207	4	0.14928266143697283
207	5	0.0
207	6	0.0
207	7	0.10753948523502266
207	8	0.14928266143697283
207	9	0.0
207	10	0.10753948523502266
207	11	0.0
207	12	0.05321560712448031
207	13	0.0
207	14	0.0
207	15	0.0
207	16	0.0
207	17	0.6380244315480688
207	18	0.6380244315480688
208	0	0.0
208	1	0.0
208	2	0.0
208	3	0.14928266143697283
208	4	0.0
208	5	0.05321560712448031
208	6	0.14928266143697283
208	7	0.10753948523502266
208	8	0.0
208	9	0.0
208	10	0.0
208	11	0.0
208	12	0.10753948523502266
208	13	0.6380244315480688
208	14	0.0
208	15	0.14928266143697283
208	16	0.0
208	17	0.0
208	18	0.6380244315480688
208	19	0.6380244315480688
209	0	0.0
209	1	0.2984472602942397
209	2	0.0
209	3	0.14928266143697283
209	4	0.10753948523502266
209	5	0.0
209	6	0.0
209	7	0.10753948523502266
209	8	0.14928266143697283
209	9	0.0
209	10	0.0
209	11	0.6380244315480688
209	12	0.0
209	13	0.05321560712448031
209	14	0.0
209	15	0.6380244315480688
209	16	0.14928266143697283
209	17	0.0
209	18	0.0
210	0	0.10753948523502266
210	1	0.2984472602942397
210	2	0.0
210	3	0.0
210	4	0.05321560712448031
210	5	0.6380244315480688
210	6	0.0
210	7	0.9364716918423085
210	8	0.6380244315480688
210	9	0.0
210	10	0.0
210	11	0.14928266143697283
210	12	0.14928266143697283
210	13	0.10753948523502266
210	14	0.0
210	15	0.14928266143697283
210	16	0.0
210	17	0.0
210	18	0.0
210	19	0.0
210	20	0.6380244315480688
210	21	0.0
211	0	0.0
211	1	0.05321560712448031
211	2	0.6380244315480688
211	3	0.0
211	4	0.10753948523502266
211	5	0.0
211	6	0.14928266143697283
211	7	0.0
211	8	0.0
211	9	0.0
211	10	0.0
211	11	0.0
211	12	0.14928266143697283
211	13	0.0
211	14	0.10753948523502266
211	15	0.6380244315480688
211	16	0.14928266143697283
211	17	0.0
211	18	0.0
212	0	0.0
212	1	0.16075509235950294
212	2	0.0
212	3	0.6380244315480688
212	4	0.0
212	5	0.6380244315480688
212	6	0.14928266143697283
212	7	0.10753948523502266
212	8	0.0
212	9	0.14928266143697283
212	10	0.0
212	11	0.14928266143697283
212	12	0.0
212	13	0.0
212	14	0.10753948523502266
212	15	0.0
212	16	0.0
212	17	0.0
212	18	0.0
213	0	0.6380244315480688
213	1	0.0
213	2	0.0
213	3	0.0
213	4	0.0
213	5	0.14928266143697283
213	6	0.10753948523502266
213	7	0.14928266143697283
213	8	0.0
213	9	0.10753948523502266
213	10	0.0
213	11	0.0
213	12	0.0
213	13	0.6380244315480688
213	14	0.14928266143697283
213	15	0.0
213	16	0.0
213	17	0.0
213	18	0.0
214	0	0.0
214	1	0.6380244315480688
214	2	0.0
214	3	0.0
214	4	0.10753948523502266
214	5	0.0
214	6	0.0
214	7	0.0
214	8	0.0
214	9	0.0
214	10	0.14928266143697283
214	11	0.6380244315480688
214	12	0.0
214	13	0.14928266143697283
214	14	0.0
214	15	0.0
214	16	0.0
214	17	0.14928266143697283
214	18	0.10753948523502266
215	0	0.14928266143697283
215	1	0.0
215	2	0.0
215	3	0.0
215	4	0.0
215	5	0.0
215	6	0.0
215	7	0.14928266143697283
215	8	0.0
215	9	0.0
215	10	0.10753948523502266
215	11	0.0
215	12	0.14928266143697283
215	13	0.10753948523502266
215	14	0.0
215	15	0.6380244315480688
215	16	0.0
215	17	0.0
215	18	0.6380244315480688
215	19	0.6380244315480688
216	0	0.14928266143697283
216	1	0.10753948523502266
216	2	0.6380244315480688
216	3	0.10753948523502266
216	4	0.6380244315480688
216	5	0.0
216	6	0.0
216	7	0.0
216	8	0.0
216	9	0.14928266143697283
216	10	0.0
216	11	0.0
216	12	0.0
216	13	0.0
216	14	0.14928266143697283
216	15	0.0
216	16	0.0
216	17	0.0
216	18	0.6380244315480688
216	19	0.0
216	20	0.0
216	21	0.2984472602942397
216	22	0.9364716918423085
217	0	0.0
217	1	0.0
217	2	0.0
217	3	0.10753948523502266
217	4	0.0
217	5	0.14928266143697283
217	6	0.14928266143697283
217	7	0.0
217	8	0.6380244315480688
217	9	0.14928266143697283
217	10	0.0
217	11	0.0
217	12	0.10753948523502266
217	13	0.0
217	14	0.0
217	15	0.0
217	16	0.6380244315480688
217	17	0.0
217	18	0.6380244315480688
218	0	0.0
218	1	0.0
218	2	0.0
218	3	0.0
218	4	0.0
218	5	0.10753948523502266
218	6	0.0
218	7	0.0
218	8	0.0
218	9	0.0
218	10	0.0
218	11	0.6380244315480688
218	12	0.10753948523502266
218	13	0.0
218	14	0.6380244315480688
218	15	0.14928266143697283
218	16	0.14928266143697283
218	17	0.14928266143697283
218	18	0.0
218	19	0.6380244315480688
218	20	0.6380244315480688
218	21	0.0
218	22	0.0
219	0	0.0
219	1	0.6380244315480688
219	2	0.0
219	3	0.0
219	4	0.0
219	5	0.0
219	6	0.10753948523502266
219	7	0.6380244315480688
219	8	0.14928266143697283
219	9	0.0
219	10	0.10753948523502266
219	11	0.0
219	12	0.0
219	13	0.0
219	14	0.14928266143697283
219	15	0.0
219	16	0.14928266143697283
219	17	0.0
219	18	0.0
220	0	0.0
220	1	0.6380244315480688
220	2	0.0
220	3	0.0
220	4	0.0
220	5	0.10753948523502266
220	6	0.0
220	7	0.0
220	8	0.0
220	9	0.10753948523502266
220	10	0.14928266143697283
220	11	0.0
220	12	0.14928266143697283
220	13	0.0
220	14	0.6380244315480688
220	15	0.0
220	16	0.0
220	17	0.14928266143697283
220	18	0.0
221	0	0.10753948523502266
221	1	0.2984472602942397
221	2	0.0
221	3	0.9364716918423085
221	4	0.0
221	5	0.2984472602942397
221	6	0.0
221	7	0.6380244315480688
221	8	0.10753948523502266
221	9	0.6380244315480688
221	10	0.0
221	11	0.6380244315480688
221	12	0.0
221	13	0.0
221	14	0.6380244315480688
221	15	0.14928266143697283
221	16	0.14928266143697283
221	17	0.0
221	18	0.14928266143697283
221	19	0.0
221	20	0.0
221	21	0.0
221	22	0.0
221	23	0.2984472602942397
221	24	0.0
221	25	0.44772992173121245
222	0	0.0
222	1	0.0
222	2	0.6380244315480688
222	3	0.0
222	4	0.0
222	5	0.10753948523502266
222	6	0.6380244315480688
222	7	0.14928266143697283
222	8	0.0
222	9	0.0
222	10	0.0
222	11	0.0
222	12	0.0
222	13	0.14928266143697283
222	14	0.14928266143697283
222	15	0.0
222	16	0.0
222	17	0.10753948523502266
222	18	0.0
223	0	0.0
223	1	0.0
223	2	0.10753948523502266
223	3	0.10753948523502266
223	4	0.0
223	5	0.0
223	6	0.6380244315480688
223	7	0.0
223	8	0.6380244315480688
223	9	0.6380244315480688
223	10	0.0
223	11	0.6380244315480688
223	12	0.0
223	13	0.14928266143697283
223	14	0.0
223	15	0.14928266143697283
223	16	0.14928266143697283
223	17	0.0
223	18	0.0
223	19	0.0
223	20	0.0
223	21	0.6380244315480688
223	22	0.0
223	23	0.0
223	24	0.0
223	25	0.14928266143697283
224	0	0.0
224	1	0.0
224	2	0.0
224	3	0.0
224	4	0.0
224	5	0.0
224	6	0.10753948523502266
224	7	0.6380244315480688
224	8	0.0
224	9	0.0
224	10	0.0
224	11	0.14928266143697283
224	12	0.6380244315480688
224	13	0.0
224	14	0.0
224	15	0.14928266143697283
224	16	0.10753948523502266
224	17	0.14928266143697283
224	18	0.0
225	0	0.6380244315480688
225	1	0.0
225	2	0.10753948523502266
225	3	0.0
225	4	0.0
225	5	0.0
225	6	0.10753948523502266
225	7	0.14928266143697283
225	8	0.0
225	9	0.14928266143697283
225	10	0.0
225	11	0.6380244315480688
225	12	0.0
225	13	0.0
225	14	0.10753948523502266
225	15	0.0
225	16	0.0
225	17	0.14928266143697283
225	18	0.0
226	0	0.0
226	1	0.0
226	2	0.14928266143697283
226	3	0.10753948523502266
226	4	0.10753948523502266
226	5	0.0
226	6	0.0
226	7	0.14928266143697283
226	8	0.0
226	9	0.0
226	10	0.0
226	11	0.0
226	12	0.6380244315480688
226	13	0.10753948523502266
226	14	0.0
226	15	0.0
226	16	0.6380244315480688
226	17	0.14928266143697283
226	18	0.14928266143697283
227	0	0.10753948523502266
227	1	0.0
227	2	0.10753948523502266
227	3	0.0
227	4	0.0
227	5	0.0
227	6	0.14928266143697283
227	7	0.6380244315480688
227	8	0.0
227	9	0.14928266143697283
227	10	0.0
227	11	0.0
227	12	0.0
227	13	0.10753948523502266
227	14	0.6380244315480688
227	15	0.0
227	16	0.14928266143697283
227	17	0.6380244315480688
227	18	0.0
227	19	0.0
227	20	0.0
227	21	0.6380244315480688
227	22	0.0
228	0	0.14928266143697283
228	1	0.6380244315480688
228	2	0.14928266143697283
228	3	0.2568221466719955
228	4	0.0
228	5	0.10753948523502266
228	6	0.10753948523502266
228	7	0.0
228	8	0.14928266143697283
228	9	0.0
228	10	0.6380244315480688
228	11	0.0
228	12	0.0
228	13	0.0
228	14	0.0
228	15	0.0
228	16	0.0
228	17	0.0
228	18	0.0
228	19	0.6380244315480688
229	0	0.10753948523502266
229	1	0.6380244315480688
229	2	0.0
229	3	0.0
229	4	0.0
229	5	0.14928266143697283
229	6	0.0
229	7	0.14928266143697283
229	8	0.0
229	9	0.0
229	10	0.6380244315480688
229	11	0.10753948523502266
229	12	0.10753948523502266
229	13	0.0
229	14	0.0
229	15	0.14928266143697283
229	16	0.6380244315480688
229	17	0.6380244315480688
229	18	0.9364716918423085
229	19	0.2984472602942397
229	20	0.0
229	21	0.0
229	22	0.0
229	23	0.0
230	0	0.14928266143697283
230	1	0.14928266143697283
230	2	0.0
230	3	0.6380244315480688
230	4	0.10753948523502266
230	5	0.0
230	6	0.0
230	7	0.0
230	8	0.0
230	9	0.2568221466719955
230	10	0.0
230	11	0.0
230	12	0.14928266143697283
230	13	0.6380244315480688
230	14	0.10753948523502266
230	15	0.0
230	16	0.0
230	17	0.0
230	18	0.0
230	19	0.6380244315480688
231	0	0.0
231	1	0.0
231	2	0.10753948523502266
231	3	0.10753948523502266
231	4	0.6380244315480688
231	5	0.0
231	6	0.6380244315480688
231	7	0.0
231	8	0.14928266143697283
231	9	0.0
231	10	0.0
231	11	0.14928266143697283
231	12	0.0
231	13	0.0
231	14	0.0
231	15	0.0
231	16	0.0
231	17	0.14928266143697283
231	18	0.2568221466719955
232	0	0.0
232	1	0.0
232	2	0.2568221466719955
232	3	0.6380244315480688
232	4	0.0
232	5	0.10753948523502266
232	6	0.0
232	7	0.14928266143697283
232	8	0.10753948523502266
232	9	0.6380244315480688
232	10	0.0
232	11	0.6380244315480688
232	12	0.0
232	13	0.6380244315480688
232	14	0.0
232	15	0.14928266143697283
232	16	0.0
232	17	0.14928266143697283
232	18	0.0
232	19	0.6380244315480688
232	20	0.0
232	21	0.0
232	22	0.0
232	23	0.0
233	0	0.6380244315480688
233	1	0.2568221466719955
233	2	0.0
233	3	0.0
233	4	0.6380244315480688
233	5	0.0
233	6	0.10753948523502266
233	7	0.10753948523502266
233	8	0.14928266143697283
233	9	0.14928266143697283
233	10	0.6380244315480688
233	11	0.14928266143697283
233	12	0.0
233	13	0.0
233	14	0.0
233	15	0.6380244315480688
233	16	0.0
233	17	0.0
233	18	0.0
233	19	0.0
233	20	0.0
233	21	0.6380244315480688
233	22	0.0
233	23	0.0
234	0	0.0
234	1	0.0
234	2	0.0
234	3	0.10753948523502266
234	4	0.10753948523502266
234	5	0.0
234	6	0.0
234	7	0.14928266143697283
234	8	0.0
234	9	0.0
234	10	0.2568221466719955
234	11	0.0
234	12	0.0
234	13	0.6380244315480688
234	14	0.14928266143697283
234	15	0.0
234	16	0.14928266143697283
234	17	0.6380244315480688
234	18	0.0
234	19	0.6380244315480688
234	20	0.0
234	21	0.44772992173121245
235	0	0.0
235	1	0.6380244315480688
235	2	0.10753948523502266
235	3	0.0
235	4	0.14928266143697283
235	5	0.0
235	6	0.0
235	7	0.10753948523502266
236	0	0.6380244315480688
236	1	0.0
236	2	0.2568221466719955
236	3	0.0
236	4	0.0
236	5	0.10753948523502266
236	6	0.0
236	7	0.6380244315480688
236	8	0.0
236	9	0.10753948523502266
236	10	0.6380244315480688
236	11	0.0
236	12	0.0
236	13	0.6380244315480688
236	14	0.0
236	15	0.14928266143697283
236	16	0.14928266143697283
236	17	0.0
236	18	0.0
236	19	0.14928266143697283
236	20	0.6380244315480688
236	21	0.0
236	22	0.0
236	23	0.0
237	0	0.2568221466719955
237	1	0.0
237	2	0.0
237	3	0.10753948523502266
237	4	0.0
237	5	0.0
237	6	0.0
237	7	0.14928266143697283
237	8	0.0
237	9	0.14928266143697283
237	10	0.14928266143697283
237	11	0.0
237	12	0.6380244315480688
237	13	0.0
237	14	0.6380244315480688
237	15	0.10753948523502266
237	16	0.0
237	17	0.0
237	18	0.6380244315480688
237	19	0.0
238	0	0.0
238	1	0.2568221466719955
238	2	0.6380244315480688
238	3	0.10753948523502266
238	4	0.0
238	5	0.0
238	6	0.10753948523502266
238	7	0.0
238	8	0.6380244315480688
238	9	0.0
238	10	0.14928266143697283
238	11	0.0
238	12	0.0
238	13	0.0
238	14	0.0
238	15	0.14928266143697283
238	16	0.14928266143697283
238	17	0.0
238	18	0.0
238	19	0.6380244315480688
239	0	0.10753948523502266
239	1	0.0
239	2	0.2568221466719955
239	3	0.0
239	4	0.14928266143697283
239	5	0.6380244315480688
239	6	0.0
239	7	0.0
239	8	0.6380244315480688
239	9	0.14928266143697283
239	10	0.14928266143697283
239	11	0.0
239	12	0.10753948523502266
239	13	0.0
239	14	0.0
239	15	0.0
239	16	0.0
239	17	0.6380244315480688
239	18	0.0
240	0	0.0
240	1	0.6380244315480688
240	2	0.2568221466719955
240	3	0.0
240	4	0.0
240	5	0.0
240	6	0.14928266143697283
240	7	0.14928266143697283
240	8	0.0
240	9	0.0
240	10	0.0
240	11	0.14928266143697283
240	12	0.10753948523502266
240	13	0.10753948523502266
240	14	0.0
240	15	0.6380244315480688
240	16	0.0
240	17	0.0
240	18	0.6380244315480688
240	19	0.0
241	0	0.10753948523502266
241	1	0.0
241	2	0.10753948523502266
241	3	0.0
241	4	0.0
241	5	0.14928266143697283
241	6	0.0
241	7	0.6380244315480688
241	8	0.0
241	9	0.14928266143697283
241	10	0.0
241	11	0.0
241	12	0.2568221466719955
241	13	0.14928266143697283
241	14	0.0
241	15	0.6380244315480688
241	16	0.0
241	17	0.0
241	18	0.6380244315480688
241	19	0.0
242	0	0.10753948523502266
242	1	0.14928266143697283
242	2	0.6380244315480688
242	3	0.0
242	4	0.10753948523502266
242	5	0.14928266143697283
242	6	0.0
242	7	0.2568221466719955
242	8	0.0
242	9	0.0
242	10	0.0
242	11	0.0
242	12	0.0
242	13	0.0
242	14	0.6380244315480688
242	15	0.14928266143697283
242	16	0.0
242	17	0.0
242	18	0.0
242	19	0.6380244315480688
243	0	0.2984472602942397
243	1	0.6380244315480688
243	2	0.10753948523502266
243	3	0.10753948523502266
243	4	0.0
243	5	0.14928266143697283
243	6	0.6380244315480688
243	7	0.14928266143697283
243	8	0.0
243	9	0.2568221466719955
243	10	0.0
243	11	0.0
243	12	0.0
243	13	0.0
243	14	0.0
243	15	0.14928266143697283
243	16	0.0
243	17	0.0
243	18	0.0
243	19	0.0
244	0	0.0
244	1	0.14928266143697283
244	2	0.0
244	3	0.0
244	4	0.10753948523502266
244	5	0.0
244	6	0.0
244	7	0.0
244	8	0.0
244	9	0.14928266143697283
244	10	0.0
244	11	0.14928266143697283
244	12	0.0
244	13	0.6380244315480688
244	14	0.0
244	15	0.0
244	16	0.2568221466719955
244	17	0.10753948523502266
244	18	0.0
244	19	0.6380244315480688
245	0	0.0
245	1	0.0
245	2	0.0
245	3	0.0
245	4	0.14928266143697283
245	5	0.10753948523502266
245	6	0.6380244315480688
245	7	0.0
245	8	0.0
245	9	0.2568221466719955
245	10	0.0
245	11	0.0
245	12	0.0
245	13	0.10753948523502266
245	14	0.14928266143697283
245	15	0.14928266143697283
245	16	0.0
245	17	0.0
245	18	0.6380244315480688
245	19	0.0
246	0	0.6380244315480688
246	1	0.0
246	2	0.10753948523502266
246	3	0.0
246	4	0.10753948523502266
246	5	0.0
246	6	0.0
246	7	0.0
246	8	0.0
246	9	0.6380244315480688
246	10	0.14928266143697283
246	11	0.14928266143697283
246	12	0.14928266143697283
246	13	0.0
246	14	0.0
246	15	0.0
246	16	0.0
246	17	0.2568221466719955
246	18	0.0
246	19	0.0
247	0	0.10753948523502266
247	1	0.14928266143697283
247	2	0.0
247	3	0.0
247	4	0.0
247	5	0.10753948523502266
247	6	0.14928266143697283
247	7	0.0
247	8	0.0
247	9	0.14928266143697283
247	10	0.0
247	11	0.0
247	12	0.6380244315480688
247	13	0.2568221466719955
247	14	0.0
247	15	0.6380244315480688
247	16	0.0
247	17	0.9364716918423085
247	18	0.0
247	19	0.0
248	0	0.6380244315480688
248	1	0.0
248	2	0.0
248	3	0.10753948523502266
248	4	0.0
248	5	0.14928266143697283
248	6	0.0
248	7	0.0
248	8	0.2568221466719955
248	9	0.10753948523502266
248	10	0.0
248	11	0.0
248	12	0.14928266143697283
248	13	0.0
248	14	0.0
248	15	0.0
248	16	0.0
248	17	0.0
248	18	0.6380244315480688
248	19	0.14928266143697283
248	20	0.6380244315480688
248	21	0.2984472602942397
248	22	0.9364716918423085
248	23	0.2984472602942397
248	24	0.9364716918423085
248	25	0.2984472602942397
249	0	0.6380244315480688
249	1	0.0
249	2	0.2568221466719955
249	3	0.6380244315480688
249	4	0.0
249	5	0.0
249	6	0.10753948523502266
249	7	0.0
249	8	0.0
249	9	0.14928266143697283
249	10	0.10753948523502266
249	11	0.0
249	12	0.0
249	13	0.0
249	14	0.0
249	15	0.14928266143697283
249	16	0.14928266143697283
249	17	0.0
249	18	0.0
249	19	0.6380244315480688
249	20	0.0
249	21	0.6380244315480688
249	22	0.0
250	0	0.0
250	1	0.0
250	2	0.0
250	3	0.0
250	4	0.10753948523502266
250	5	0.0
250	6	0.6380244315480688
250	7	0.6380244315480688
250	8	0.0
250	9	0.14928266143697283
250	10	0.10753948523502266
250	11	0.0
250	12	0.2568221466719955
250	13	0.0
250	14	0.14928266143697283
250	15	0.0
250	16	0.0
250	17	0.14928266143697283
250	18	0.0
251	0	0.0
251	1	0.0
251	2	0.0
251	3	0.14928266143697283
251	4	0.2568221466719955
251	5	0.0
251	6	0.0
251	7	0.0
251	8	0.10753948523502266
251	9	0.14928266143697283
251	10	0.6380244315480688
251	11	0.0
251	12	0.0
251	13	0.10753948523502266
251	14	0.0
251	15	0.6380244315480688
251	16	0.14928266143697283
251	17	0.0
251	18	0.0
251	19	0.0
252	0	0.0
252	1	0.0
252	2	0.10753948523502266
252	3	0.14928266143697283
252	4	0.0
252	5	0.2568221466719955
252	6	0.6380244315480688
252	7	0.0
252	8	0.0
252	9	0.6380244315480688
252	10	0.14928266143697283
252	11	0.10753948523502266
252	12	0.0
252	13	0.0
252	14	0.14928266143697283
252	15	0.0
252	16	0.0
252	17	0.0
252	18	0.6380244315480688
253	0	0.0
253	1	0.2568221466719955
253	2	0.0
253	3	0.6380244315480688
253	4	0.0
253	5	0.6380244315480688
253	6	0.10753948523502266
253	7	0.2984472602942397
253	8	0.10753948523502266
253	9	0.9364716918423085
253	10	0.0
253	11	0.9364716918423085
253	12	0.0
254	0	0.0
254	1	0.2568221466719955
254	2	0.0
254	3	0.0
254	4	0.6380244315480688
254	5	0.10753948523502266
254	6	0.0
254	7	0.14928266143697283
254	8	0.0
254	9	0.14928266143697283
254	10	0.0
254	11	0.14928266143697283
254	12	0.0
254	13	0.0
254	14	0.6380244315480688
254	15	0.10753948523502266
254	16	0.0
254	17	0.0
254	18	0.6380244315480688
254	19	0.0
255	0	0.2984472602942397
255	1	0.0
255	2	0.2984472602942397
255	3	0.10753948523502266
255	4	0.0
255	5	0.0
255	6	0.14928266143697283
255	7	0.10753948523502266
255	8	0.0
255	9	0.14928266143697283
255	10	0.0
255	11	0.0
255	12	0.14928266143697283
255	13	0.0
255	14	0.0
255	15	0.6380244315480688
255	16	0.0
255	17	0.0
255	18	0.0
255	19	0.2568221466719955
255	20	0.6380244315480688
256	0	0.0
256	1	0.6380244315480688
256	2	0.10753948523502266
256	3	0.0
256	4	0.0
256	5	0.14928266143697283
256	6	0.14928266143697283
256	7	0.0
256	8	0.0
256	9	0.0
256	10	0.0
256	11	0.0
256	12	0.2984472602942397
256	13	0.10753948523502266
256	14	0.2568221466719955
256	15	0.0
256	16	0.0
256	17	0.0
256	18	0.6380244315480688
256	19	0.14928266143697283
256	20	0.0
256	21	0.0
257	0	0.10753948523502266
257	1	0.10753948523502266
257	2	0.0
257	3	0.0
257	4	0.6380244315480688
257	5	0.0
257	6	0.0
257	7	0.0
257	8	0.14928266143697283
257	9	0.2568221466719955
257	10	0.0
257	11	0.14928266143697283
257	12	0.6380244315480688
257	13	0.14928266143697283
257	14	0.0
257	15	0.0
257	16	0.0
257	17	0.0
257	18	0.0
258	0	0.2568221466719955
258	1	0.0
258	2	0.9364716918423085
258	3	0.0
258	4	0.0
258	5	0.2984472602942397
258	6	0.9364716918423085
258	7	0.10753948523502266
258	8	0.0
258	9	0.14928266143697283
258	10	0.2984472602942397
258	11	0.0
258	12	0.10753948523502266
258	13	0.6380244315480688
258	14	0.0
258	15	0.0
258	16	0.0
258	17	0.14928266143697283
258	18	0.6380244315480688
258	19	0.0
258	20	0.14928266143697283
258	21	0.0
258	22	0.0
258	23	0.0
259	0	0.0
259	1	0.14928266143697283
259	2	0.0
259	3	0.0
259	4	0.0
259	5	0.0
259	6	0.0
259	7	0.0
259	8	0.0
259	9	0.2568221466719955
259	10	0.0
259	11	0.6380244315480688
259	12	0.0
259	13	0.0
259	14	0.10753948523502266
259	15	0.6380244315480688
259	16	0.14928266143697283
259	17	0.10753948523502266
259	18	0.0
259	19	0.14928266143697283
260	0	0.0
260	1	0.0
260	2	0.10753948523502266
260	3	0.10753948523502266
260	4	0.6380244315480688
260	5	0.0
260	6	0.0
260	7	0.0
260	8	0.0
260	9	0.2568221466719955
260	10	0.6380244315480688
260	11	0.0
260	12	0.0
260	13	0.0
260	14	0.14928266143697283
260	15	0.14928266143697283
260	16	0.0
260	17	0.0
260	18	0.14928266143697283
260	19	0.0
260	20	0.0
260	21	0.0
260	22	0.0
261	0	0.0
261	1	0.0
261	2	0.0
261	3	0.2568221466719955
261	4	0.0
261	5	0.6380244315480688
261	6	0.0
261	7	0.14928266143697283
261	8	0.0
261	9	0.0
261	10	0.14928266143697283
261	11	0.10753948523502266
261	12	0.0
261	13	0.0
261	14	0.6380244315480688
261	15	0.0
261	16	0.14928266143697283
261	17	0.10753948523502266
261	18	0.0
261	19	0.0
262	0	0.0
262	1	0.6380244315480688
262	2	0.10753948523502266
262	3	0.0
262	4	0.10753948523502266
262	5	0.0
262	6	0.0
262	7	0.0
262	8	0.0
262	9	0.0
262	10	0.0
262	11	0.14928266143697283
262	12	0.14928266143697283
262	13	0.2568221466719955
262	14	0.14928266143697283
262	15	0.0
262	16	0.0
262	17	0.6380244315480688
262	18	0.0
262	19	0.0
263	0	0.6380244315480688
263	1	0.0
263	2	0.10753948523502266
263	3	0.0
263	4	0.0
263	5	0.6380244315480688
263	6	0.0
263	7	0.14928266143697283
263	8	0.10753948523502266
263	9	0.0
263	10	0.0
263	11	0.14928266143697283
263	12	0.0
263	13	0.14928266143697283
263	14	0.0
263	15	0.0
263	16	0.0
263	17	0.2568221466719955
263	18	0.0
263	19	0.0
264	0	0.0
264	1	0.0
264	2	0.0
264	3	0.10753948523502266
264	4	0.2568221466719955
264	5	0.0
264	6	0.0
264	7	0.6380244315480688
264	8	0.0
264	9	0.14928266143697283
264	10	0.6380244315480688
264	11	0.14928266143697283
264	12	0.0
264	13	0.0
264	14	0.10753948523502266
264	15	0.0
264	16	0.0
264	17	0.0
264	18	0.0
264	19	0.14928266143697283
265	0	0.0
265	1	0.0
265	2	0.0
265	3	0.0
265	4	0.0
265	5	0.6380244315480688
265	6	0.0
265	7	0.14928266143697283
265	8	0.0
265	9	0.14928266143697283
265	10	0.14928266143697283
265	11	0.6380244315480688
265	12	0.0
265	13	0.2568221466719955
265	14	0.10753948523502266
265	15	0.0
265	16	0.0
265	17	0.10753948523502266
265	18	0.0
265	19	0.0
266	0	0.0
266	1	0.0
266	2	0.14928266143697283
266	3	0.0
266	4	0.10753948523502266
266	5	0.0
266	6	0.0
266	7	0.14928266143697283
266	8	0.0
266	9	0.2568221466719955
266	10	0.10753948523502266
266	11	0.0
266	12	0.0
266	13	0.0
266	14	0.0
266	15	0.0
266	16	0.14928266143697283
266	17	0.6380244315480688
266	18	0.0
266	19	0.6380244315480688
267	0	0.10753948523502266
267	1	0.0
267	2	0.0
267	3	0.14928266143697283
267	4	0.0
267	5	0.0
267	6	0.14928266143697283
267	7	0.6380244315480688
267	8	0.0
267	9	0.10753948523502266
267	10	0.0
267	11	0.2568221466719955
267	12	0.14928266143697283
267	13	0.0
267	14	0.0
267	15	0.0
267	16	0.6380244315480688
267	17	0.0
267	18	0.0
267	19	0.0
268	0	0.0
268	1	0.6380244315480688
268	2	0.0
268	3	0.6380244315480688
268	4	0.0
268	5	0.14928266143697283
268	6	0.0
268	7	0.2568221466719955
268	8	0.0
268	9	0.0
268	10	0.0
268	11	0.0
268	12	0.10753948523502266
268	13	0.14928266143697283
268	14	0.10753948523502266
268	15	0.14928266143697283
268	16	0.0
268	17	0.0
268	18	0.0
268	19	0.0
269	0	0.14928266143697283
269	1	0.0
269	2	0.0
269	3	0.2568221466719955
269	4	0.14928266143697283
269	5	0.14928266143697283
269	6	0.0
269	7	0.0
269	8	0.6380244315480688
269	9	0.10753948523502266
269	10	0.0
269	11	0.0
269	12	0.0
269	13	0.10753948523502266
269	14	0.0
269	15	0.6380244315480688
269	16	0.0
269	17	0.0
269	18	0.0
269	19	0.0
270	0	0.0
270	1	0.0
270	2	0.10753948523502266
270	3	0.6380244315480688
270	4	0.10753948523502266
270	5	0.0
270	6	0.7455639167830915
270	7	0.0
270	8	0.0
270	9	0.0
270	10	0.0
270	11	0.0
270	12	0.0
270	13	0.0
270	14	0.14928266143697283
270	15	0.0
270	16	0.0
270	17	0.6380244315480688
270	18	0.14928266143697283
270	19	0.14928266143697283
271	0	0.0
271	1	0.0
271	2	0.6380244315480688
271	3	0.10753948523502266
271	4	0.10753948523502266
271	5	0.0
271	6	0.0
271	7	0.0
271	8	0.0
271	9	0.0
271	10	0.0
271	11	0.6380244315480688
271	12	0.0
271	13	0.0
271	14	0.14928266143697283
271	15	0.14928266143697283
271	16	0.14928266143697283
271	17	0.7455639167830915
271	18	0.0
271	19	0.0
271	20	0.2984472602942397
271	21	0.2984472602942397
271	22	0.2984472602942397
272	0	0.0
272	1	0.0
272	2	0.6380244315480688
272	3	0.14928266143697283
272	4	0.7455639167830915
272	5	0.0
272	6	0.0
272	7	0.0
272	8	0.0
272	9	0.14928266143697283
272	10	0.10753948523502266
272	11	0.0
272	12	0.0
272	13	0.0
272	14	0.6380244315480688
272	15	0.14928266143697283
272	16	0.10753948523502266
272	17	0.0
272	18	0.0
272	19	0.0
273	0	0.14928266143697283
273	1	0.0
273	2	0.0
273	3	0.7455639167830915
273	4	0.6380244315480688
273	5	0.0
273	6	0.0
273	7	0.6380244315480688
273	8	0.0
273	9	0.0
273	10	0.0
273	11	0.0
273	12	0.10753948523502266
273	13	0.10753948523502266
273	14	0.0
273	15	0.14928266143697283
273	16	0.14928266143697283
273	17	0.0
273	18	0.0
273	19	0.0
274	0	0.0
274	1	0.0
274	2	0.0
274	3	0.0
274	4	0.6380244315480688
274	5	0.0
274	6	0.0
274	7	0.14928266143697283
274	8	0.0
274	9	0.10753948523502266
274	10	0.10753948523502266
274	11	0.0
274	12	0.14928266143697283
274	13	0.14928266143697283
274	14	0.7455639167830915
274	15	0.0
274	16	0.6380244315480688
274	17	0.0
274	18	0.0
274	19	0.0
274	20	0.0
274	21	0.0
274	22	0.0
275	0	0.0
275	1	0.10753948523502266
275	2	0.6380244315480688
275	3	0.0
275	4	0.0
275	5	0.14928266143697283
275	6	0.0
275	7	0.10753948523502266
275	8	0.0
275	9	0.14928266143697283
275	10	0.0
275	11	0.14928266143697283
275	12	0.0
275	13	0.0
275	14	0.6380244315480688
275	15	0.0
275	16	0.0
275	17	0.7455639167830915
275	18	0.0
275	19	0.0
276	0	0.0
276	1	0.10753948523502266
276	2	0.10753948523502266
276	3	0.0
276	4	0.6380244315480688
276	5	0.14928266143697283
276	6	0.0
276	7	0.14928266143697283
276	8	0.7455639167830915
276	9	0.0
276	10	0.0
276	11	0.0
276	12	0.0
276	13	0.0
276	14	0.14928266143697283
276	15	0.0
276	16	0.0
276	17	0.6380244315480688
276	18	0.0
276	19	0.0
276	20	0.9364716918423085
276	21	0.0
276	22	0.2984472602942397
276	23	0.0
276	24	0.0
277	0	0.0
277	1	0.10753948523502266
277	2	0.0
277	3	0.0
277	4	0.0
277	5	0.14928266143697283
277	6	0.6380244315480688
277	7	0.7455639167830915
277	8	0.0
277	9	0.10753948523502266
277	10	0.6380244315480688
277	11	0.0
277	12	0.0
277	13	0.14928266143697283
277	14	0.0
277	15	0.0
277	16	0.14928266143697283
277	17	0.0
277	18	0.0
277	19	0.0
277	20	0.6380244315480688
277	21	0.0
277	22	0.0
277	23	0.0
278	0	0.0
278	1	0.10753948523502266
278	2	0.14928266143697283
278	3	0.0
278	4	0.0
278	5	0.14928266143697283
278	6	0.6380244315480688
278	7	0.0
278	8	0.0
278	9	0.10753948523502266
278	10	0.0
278	11	0.0
278	12	0.0
278	13	0.6380244315480688
278	14	0.0
278	15	0.7455639167830915
278	16	0.14928266143697283
278	17	0.0
278	18	0.0
278	19	0.0
278	20	0.6380244315480688
278	21	0.0
278	22	0.0
278	23	0.44772992173121245
278	24	0.0
279	0	0.6380244315480688
279	1	0.0
279	2	0.7455639167830915
279	3	0.05321560712448031
279	4	0.0
279	5	0.0
279	6	0.0
279	7	0.10753948523502266
279	8	0.0
279	9	0.0
279	10	0.0
279	11	0.0
279	12	0.14928266143697283
279	13	0.0
279	14	0.0
279	15	0.14928266143697283
279	16	0.10753948523502266
279	17	0.6380244315480688
279	18	0.0
279	19	0.14928266143697283
279	20	0.0
279	21	0.0
279	22	0.0
279	23	0.6380244315480688
280	0	0.10753948523502266
280	1	0.0
280	2	0.0
280	3	0.10753948523502266
280	4	0.0
280	5	0.0
281	0	0.6380244315480688
281	1	0.2984472602942397
281	2	0.0
281	3	0.10753948523502266
281	4	0.0
281	5	0.10753948523502266
281	6	0.0
281	7	0.05321560712448031
281	8	0.14928266143697283
281	9	0.14928266143697283
281	10	0.0
281	11	0.14928266143697283
281	12	0.0
281	13	0.0
281	14	0.7455639167830915
281	15	0.0
281	16	0.6380244315480688
281	17	0.0
281	18	0.0
281	19	0.0
282	0	0.14928266143697283
282	1	0.6380244315480688
282	2	0.0
282	3	0.0
282	4	0.6380244315480688
282	5	0.0
282	6	0.0
282	7	0.0
282	8	0.10753948523502266
282	9	0.7455639167830915
282	10	0.05321560712448031
282	11	0.0
282	12	0.0
282	13	0.14928266143697283
282	14	0.10753948523502266
282	15	0.14928266143697283
282	16	0.0
282	17	0.2984472602942397
282	18	0.0
282	19	0.0
283	0	0.14928266143697283
283	1	0.10753948523502266
283	2	0.0
283	3	0.0
283	4	0.0
283	5	0.05321560712448031
283	6	0.14928266143697283
283	7	0.10753948523502266
283	8	0.6380244315480688
283	9	0.6380244315480688
283	10	0.14928266143697283
283	11	0.0
283	12	0.0
283	13	0.0
283	14	0.0
283	15	0.7455639167830915
283	16	0.0
283	17	0.0
283	18	0.0
283	19	0.0
284	0	0.0
284	1	0.0
284	2	0.10753948523502266
284	3	0.10753948523502266
284	4	0.0
284	5	0.6380244315480688
284	6	0.0
284	7	0.14928266143697283
284	8	0.0
284	9	0.0
284	10	0.0
284	11	0.0
284	12	0.05321560712448031
284	13	0.7455639167830915
284	14	0.14928266143697283
284	15	0.0
284	16	0.0
284	17	0.14928266143697283
284	18	0.0
284	19	0.0
284	20	0.6380244315480688
284	21	0.2984472602942397
285	0	0.0
285	1	0.0
285	2	0.10753948523502266
285	3	0.10753948523502266
285	4	0.7455639167830915
285	5	0.6380244315480688
285	6	0.0
285	7	0.0
285	8	0.05321560712448031
285	9	0.0
285	10	0.0
285	11	0.0
285	12	0.14928266143697283
285	13	0.14928266143697283
285	14	0.0
285	15	0.14928266143697283
285	16	0.0
285	17	0.0
285	18	0.6380244315480688
285	19	0.0
285	20	0.0
285	21	0.0
286	0	0.0
286	1	0.10753948523502266
286	2	0.10753948523502266
286	3	0.6380244315480688
286	4	0.0
286	5	0.14928266143697283
286	6	0.0
286	7	0.0
286	8	0.14928266143697283
286	9	0.6380244315480688
286	10	0.0
286	11	0.7455639167830915
286	12	0.14928266143697283
286	13	0.0
286	14	0.0
286	15	0.0
286	16	0.0
286	17	0.0
286	18	0.0
286	19	0.05321560712448031
286	20	0.0
286	21	0.0
286	22	0.2984472602942397
286	23	0.9364716918423085
286	24	0.2984472602942397
287	0	0.6380244315480688
287	1	0.0
287	2	0.7455639167830915
287	3	0.05321560712448031
287	4	0.0
287	5	0.0
287	6	0.6380244315480688
287	7	0.6380244315480688
287	8	0.14928266143697283
287	9	0.0
287	10	0.0
287	11	0.0
287	12	0.10753948523502266
287	13	0.0
287	14	0.14928266143697283
287	15	0.0
287	16	0.0
287	17	0.10753948523502266
287	18	0.14928266143697283
287	19	0.0
287	20	0.0
287	21	0.0
287	22	0.2984472602942397
287	23	0.0
287	24	0.0
288	0	0.14928266143697283
288	1	0.0
288	2	0.0
288	3	0.05321560712448031
288	4	0.0
288	5	0.7455639167830915
288	6	0.0
288	7	0.0
288	8	0.14928266143697283
288	9	0.0
288	10	0.0
288	11	0.10753948523502266
288	12	0.0
288	13	0.10753948523502266
288	14	0.6380244315480688
288	15	0.6380244315480688
288	16	0.14928266143697283
288	17	0.0
288	18	0.0
288	19	0.0
288	20	0.0
288	21	0.0
288	22	0.0
288	23	0.6380244315480688
289	0	0.6380244315480688
289	1	0.0
289	2	0.05321560712448031
289	3	0.0
289	4	0.0
289	5	0.14928266143697283
289	6	0.0
289	7	0.0
289	8	0.10753948523502266
289	9	0.10753948523502266
289	10	0.14928266143697283
289	11	0.0
289	12	0.6380244315480688
289	13	0.0
289	14	0.14928266143697283
289	15	0.7455639167830915
289	16	0.0
289	17	0.0
289	18	0.0
289	19	0.0
289	20	0.0
289	21	0.6380244315480688
289	22	0.0
289	23	0.0
290	0	0.10753948523502266
290	1	0.0
290	2	0.0
290	3	0.10753948523502266
290	4	0.2984472602942397
290	5	0.05321560712448031
290	6	0.14928266143697283
290	7	0.0
290	8	0.7455639167830915
290	9	0.0
290	10	0.0
290	11	0.14928266143697283
290	12	0.6380244315480688
290	13	0.0
290	14	0.14928266143697283
290	15	0.6380244315480688
290	16	0.0
290	17	0.0
290	18	0.0
290	19	0.0
290	20	0.0
290	21	0.0
290	22	0.0
290	23	0.0
290	24	0.6380244315480688
290	25	0.0
291	0	0.6380244315480688
291	1	0.0
291	2	0.0
291	3	0.10753948523502266
291	4	0.10753948523502266
291	5	0.0
291	6	0.6380244315480688
291	7	0.05321560712448031
291	8	0.0
291	9	0.14928266143697283
291	10	0.14928266143697283
291	11	0.14928266143697283
291	12	0.0
291	13	0.0
291	14	0.7455639167830915
291	15	0.0
291	16	0.0
291	17	0.0
291	18	0.0
291	19	0.0
292	0	0.0
292	1	0.7455639167830915
292	2	0.05321560712448031
292	3	0.0
292	4	0.0
292	5	0.6380244315480688
292	6	0.0
292	7	0.10753948523502266
292	8	0.10753948523502266
292	9	0.6380244315480688
292	10	0.14928266143697283
292	11	0.0
292	12	0.14928266143697283
292	13	0.0
292	14	0.0
292	15	0.14928266143697283
292	16	0.0
292	17	0.0
292	18	0.0
293	0	0.6380244315480688
293	1	0.7455639167830915
293	2	0.14928266143697283
293	3	0.14928266143697283
293	4	0.10753948523502266
293	5	0.0
293	6	0.05321560712448031
293	7	0.0
293	8	0.0
294	0	0.0
294	1	0.0
294	2	0.0
294	3	0.6380244315480688
294	4	0.05321560712448031
294	5	0.7455639167830915
294	6	0.14928266143697283
294	7	0.0
294	8	0.14928266143697283
294	9	0.10753948523502266
294	10	0.0
294	11	0.0
294	12	0.14928266143697283
294	13	0.0
294	14	0.6380244315480688
294	15	0.10753948523502266
294	16	0.0
294	17	0.0
294	18	0.0
295	0	0.6380244315480688
295	1	0.10753948523502266
295	2	0.0
295	3	0.0
295	4	0.0
295	5	0.10753948523502266
295	6	0.05321560712448031
295	7	0.14928266143697283
295	8	0.0
295	9	0.14928266143697283
295	10	0.0
295	11	0.0
295	12	0.7455639167830915
295	13	0.14928266143697283
295	14	0.0
295	15	0.2984472602942397
295	16	0.9364716918423085
295	17	0.2984472602942397
295	18	0.2984472602942397
295	19	0.0
296	0	0.10753948523502266
296	1	0.0
296	2	0.0
296	3	0.14928266143697283
296	4	0.05321560712448031
296	5	0.0
296	6	0.0
296	7	0.7455639167830915
296	8	0.6380244315480688
296	9	0.0
296	10	0.0
296	11	0.0
296	12	0.14928266143697283
296	13	0.0
296	14	0.6380244315480688
296	15	0.0
296	16	0.6380244315480688
296	17	0.14928266143697283
296	18	0.0
296	19	0.10753948523502266
297	0	0.10753948523502266
297	1	0.0
297	2	0.14928266143697283
297	3	0.0
297	4	0.0
297	5	0.14928266143697283
297	6	0.10753948523502266
297	7	0.0
297	8	0.7455639167830915
297	9	0.6380244315480688
297	10	0.0
297	11	0.14928266143697283
297	12	0.0
297	13	0.05321560712448031
297	14	0.0
297	15	0.6380244315480688
297	16	0.0
297	17	0.0
297	18	0.0
297	19	0.0
298	0	0.0
298	1	0.0
298	2	0.6380244315480688
298	3	0.05321560712448031
298	4	0.0
298	5	0.14928266143697283
298	6	0.0
298	7	0.14928266143697283
298	8	0.6380244315480688
298	9	0.14928266143697283
298	10	0.10753948523502266
298	11	0.0
298	12	0.0
298	13	0.10753948523502266
298	14	0.7455639167830915
298	15	0.0
298	16	0.0
298	17	0.0
298	18	0.0
299	0	0.10753948523502266
299	1	0.0
299	2	0.0
299	3	0.0
299	4	0.10753948523502266
299	5	0.0
300	0	0.2984472602942397
300	1	0.05321560712448031
300	2	0.0
300	3	0.7455639167830915
300	4	0.6380244315480688
300	5	0.0
300	6	0.10753948523502266
300	7	0.14928266143697283
300	8	0.14928266143697283
300	9	0.0
300	10	0.10753948523502266
300	11	0.0
300	12	0.2984472602942397
300	13	0.6380244315480688
300	14	0.0
300	15	0.0
300	16	0.0
300	17	0.14928266143697283
300	18	0.0
300	19	0.6380244315480688
300	20	0.0
300	21	0.0
300	22	0.0
300	23	0.2984472602942397
300	24	0.2984472602942397
301	0	0.14928266143697283
301	1	0.6380244315480688
301	2	0.0
301	3	0.05321560712448031
301	4	0.14928266143697283
301	5	0.0
301	6	0.7455639167830915
301	7	0.10753948523502266
301	8	0.0
302	0	0.10753948523502266
302	1	0.6380244315480688
302	2	0.0
302	3	0.0
302	4	0.6380244315480688
302	5	0.0
302	6	0.0
302	7	0.14928266143697283
302	8	0.14928266143697283
302	9	0.14928266143697283
302	10	0.10753948523502266
302	11	0.05321560712448031
302	12	0.7455639167830915
302	13	0.0
302	14	0.0
302	15	0.0
302	16	0.0
302	17	0.0
302	18	0.0
303	0	0.0
303	1	0.0
303	2	0.0
303	3	0.0
303	4	0.0
303	5	0.10753948523502266
303	6	0.0
303	7	0.6380244315480688
303	8	0.14928266143697283
303	9	0.14928266143697283
303	10	0.05321560712448031
303	11	0.0
303	12	0.7455639167830915
303	13	0.14928266143697283
303	14	0.10753948523502266
303	15	0.6380244315480688
303	16	0.0
303	17	0.0
303	18	0.0
304	0	0.0
304	1	0.0
304	2	0.0
304	3	0.0
304	4	0.0
304	5	0.14928266143697283
304	6	0.0
304	7	0.7455639167830915
304	8	0.14928266143697283
304	9	0.05321560712448031
304	10	0.10753948523502266
304	11	0.10753948523502266
304	12	0.14928266143697283
304	13	0.6380244315480688
304	14	0.2984472602942397
304	15	0.0
304	16	0.0
304	17	0.6380244315480688
304	18	0.0
304	19	0.0
305	0	0.0
305	1	0.0
305	2	0.0
305	3	0.0
305	4	0.10753948523502266
305	5	0.14928266143697283
305	6	0.0
305	7	0.14928266143697283
305	8	0.0
305	9	0.14928266143697283
305	10	0.05321560712448031
305	11	0.6380244315480688
305	12	0.7455639167830915
305	13	0.6380244315480688
305	14	0.10753948523502266
305	15	0.0
305	16	0.0
305	17	0.0
305	18	0.0
305	19	0.0
306	0	0.0
306	1	0.0
306	2	0.14928266143697283
306	3	0.0
306	4	0.14928266143697283
306	5	0.0
306	6	0.0
306	7	0.0
306	8	0.0
306	9	0.0
306	10	0.05321560712448031
306	11	0.14928266143697283
306	12	0.10753948523502266
306	13	0.0
306	14	0.6380244315480688
306	15	0.0
306	16	0.7455639167830915
306	17	0.6380244315480688
306	18	0.10753948523502266
306	19	0.0
306	20	0.0
307	0	5.7428631553450815
307	1	0.6380244315480688
307	2	0.10753948523502266
307	3	0.0
307	4	0.0
307	5	0.10753948523502266
307	6	0.14928266143697283
307	7	0.6380244315480688
307	8	0.05321560712448031
307	9	0.0
307	10	0.14928266143697283
307	11	0.14928266143697283
307	12	0.0
307	13	0.0
307	14	0.0
307	15	0.0
307	16	0.0
307	17	0.7455639167830915
307	18	0.0
307	19	0.0
307	20	0.0
308	0	0.6380244315480688
308	1	0.10753948523502266
308	2	0.0
308	3	0.0
308	4	0.10753948523502266
308	5	0.0
308	6	0.0
308	7	0.0
308	8	0.0
308	9	0.0
308	10	0.05321560712448031
308	11	0.7455639167830915
308	12	0.14928266143697283
308	13	0.0
308	14	0.0
308	15	0.0
308	16	0.14928266143697283
308	17	0.0
308	18	0.6380244315480688
308	19	0.14928266143697283
308	20	0.0
309	0	0.6380244315480688
309	1	0.0
309	2	0.10753948523502266
309	3	0.0
309	4	0.14928266143697283
309	5	0.0
309	6	0.14928266143697283
309	7	0.0
309	8	0.0
309	9	0.7455639167830915
309	10	0.05321560712448031
309	11	0.0
309	12	0.6380244315480688
309	13	0.0
309	14	0.0
309	15	0.14928266143697283
309	16	0.0
309	17	0.0
309	18	0.10753948523502266
309	19	0.0
309	20	0.0
310	0	0.0
310	1	0.6380244315480688
310	2	0.10753948523502266
310	3	0.0
310	4	0.10753948523502266
310	5	0.6380244315480688
310	6	0.0
310	7	0.0
310	8	0.0
310	9	0.0
310	10	0.05321560712448031
310	11	0.14928266143697283
310	12	0.0
310	13	0.0
310	14	0.14928266143697283
310	15	0.0
310	16	0.0
310	17	0.14928266143697283
310	18	0.0
310	19	0.7455639167830915
310	20	0.0
310	21	0.9364716918423085
310	22	0.2984472602942397
310	23	0.0
310	24	0.2984472602942397
310	25	0.2984472602942397
310	26	0.2984472602942397
311	0	0.0
311	1	0.10753948523502266
311	2	0.0
311	3	0.6380244315480688
311	4	0.0
311	5	0.05321560712448031
311	6	0.0
311	7	0.6380244315480688
311	8	0.14928266143697283
311	9	0.0
311	10	0.0
311	11	0.0
311	12	0.0
311	13	0.10753948523502266
311	14	0.14928266143697283
311	15	0.0
311	16	0.14928266143697283
311	17	0.7455639167830915
311	18	0.0
311	19	0.0
311	20	0.0
312	0	0.0
312	1	0.10753948523502266
312	2	0.10753948523502266
312	3	0.6380244315480688
312	4	0.6380244315480688
312	5	0.0
312	6	0.0
312	7	0.0
312	8	0.0
312	9	0.0
312	10	0.14928266143697283
312	11	0.0
312	12	0.14928266143697283
312	13	0.0
312	14	0.0
312	15	0.7455639167830915
312	16	0.14928266143697283
312	17	0.05321560712448031
312	18	0.0
312	19	0.0
312	20	0.6380244315480688
312	21	0.0
313	0	0.0
313	1	0.6380244315480688
313	2	0.10753948523502266
313	3	0.10753948523502266
313	4	0.0
313	5	0.0
313	6	0.7455639167830915
313	7	0.0
313	8	0.0
313	9	0.6380244315480688
313	10	0.0
313	11	0.14928266143697283
313	12	0.0
313	13	0.0
313	14	0.0
313	15	0.05321560712448031
313	16	0.0
313	17	0.0
313	18	0.14928266143697283
313	19	0.6380244315480688
313	20	0.0
313	21	0.14928266143697283
314	0	0.0
314	1	0.10753948523502266
314	2	0.10753948523502266
314	3	0.0
314	4	0.0
314	5	0.0
314	6	0.0
314	7	0.0
314	8	0.0
314	9	0.0
314	10	0.14928266143697283
314	11	0.6380244315480688
314	12	0.14928266143697283
314	13	0.0
314	14	0.7455639167830915
314	15	0.0
314	16	0.14928266143697283
314	17	0.0
314	18	0.0
314	19	0.0
314	20	0.0
314	21	0.05321560712448031
314	22	0.6380244315480688
314	23	0.2984472602942397
314	24	0.9364716918423085
314	25	0.2984472602942397
314	26	0.2984472602942397
315	0	0.6380244315480688
315	1	0.0
315	2	0.10753948523502266
315	3	0.14928266143697283
315	4	0.0
315	5	0.6380244315480688
315	6	0.0
315	7	0.6380244315480688
315	8	0.14928266143697283
315	9	0.14928266143697283
315	10	0.10753948523502266
315	11	0.0
315	12	0.0
315	13	0.0
315	14	0.0
315	15	0.0
315	16	0.7455639167830915
315	17	0.0
315	18	0.05321560712448031
315	19	0.0
315	20	0.0
315	21	0.0
315	22	0.14928266143697283
316	0	0.0
316	1	0.10753948523502266
316	2	0.0
316	3	0.0
316	4	0.0
316	5	0.10753948523502266
317	0	0.6380244315480688
317	1	0.0
317	2	0.6380244315480688
317	3	0.0
317	4	0.10753948523502266
317	5	0.14928266143697283
317	6	0.0
317	7	0.14928266143697283
317	8	0.0
317	9	0.0
317	10	0.14928266143697283
317	11	0.14928266143697283
317	12	0.0
317	13	0.05321560712448031
317	14	0.10753948523502266
317	15	0.0
317	16	0.0
317	17	0.7455639167830915
317	18	0.0
317	19	0.0
317	20	0.6380244315480688
317	21	0.0
317	22	0.0
318	0	0.0
318	1	0.0
318	2	0.10753948523502266
318	3	0.10753948523502266
318	4	0.7455639167830915
318	5	0.05321560712448031
318	6	0.14928266143697283
318	7	0.14928266143697283
318	8	0.2984472602942397
318	9	0.0
318	10	0.6380244315480688
318	11	0.14928266143697283
318	12	0.0
318	13	0.0
318	14	0.6380244315480688
318	15	0.0
318	16	0.0
318	17	0.0
318	18	0.0
318	19	0.0
318	20	0.14928266143697283
318	21	0.0
318	22	0.0
318	23	0.2984472602942397
319	0	0.10753948523502266
319	1	0.0
319	2	0.0
319	3	0.0
319	4	0.14928266143697283
319	5	0.0
319	6	0.14928266143697283
319	7	0.14928266143697283
319	8	0.0
319	9	0.0
319	10	0.0
319	11	0.0
319	12	0.0
319	13	0.05321560712448031
319	14	0.6380244315480688
319	15	0.6380244315480688
319	16	0.0
319	17	0.7455639167830915
319	18	0.0
319	19	0.0
319	20	0.0
319	21	0.0
319	22	0.6380244315480688
319	23	0.0
319	24	0.6380244315480688
319	25	0.0
320	0	0.0
320	1	0.10753948523502266
320	2	0.9364716918423085
320	3	0.0
320	4	0.14928266143697283
320	5	0.14928266143697283
320	6	0.0
320	7	0.0
320	8	0.0
320	9	0.05321560712448031
320	10	0.0
320	11	0.0
320	12	0.6380244315480688
320	13	0.14928266143697283
320	14	0.0
320	15	0.0
320	16	0.0
320	17	0.0
320	18	0.6380244315480688
320	19	0.0
320	20	0.0
320	21	0.7455639167830915
320	22	0.0
321	0	0.0
321	1	0.10753948523502266
321	2	0.0
321	3	0.14928266143697283
321	4	0.14928266143697283
321	5	0.05321560712448031
321	6	0.7455639167830915
321	7	0.0
321	8	0.2984472602942397
321	9	0.2984472602942397
321	10	0.9364716918423085
321	11	0.0
321	12	0.0
321	13	0.0
321	14	0.0
321	15	0.0
321	16	0.0
321	17	0.0
321	18	0.14928266143697283
321	19	0.0
321	20	0.6380244315480688
321	21	0.6380244315480688
322	0	0.0
322	1	0.6380244315480688
322	2	0.10753948523502266
322	3	0.0
322	4	0.0
322	5	0.0
322	6	0.0
322	7	0.14928266143697283
322	8	0.0
322	9	0.7455639167830915
322	10	0.0
322	11	0.05321560712448031
322	12	0.0
322	13	0.14928266143697283
322	14	0.0
322	15	0.0
322	16	0.14928266143697283
322	17	0.0
322	18	0.6380244315480688
322	19	0.0
322	20	0.0
322	21	0.0
322	22	0.6380244315480688
323	0	0.0
323	1	0.0
323	2	0.7455639167830915
323	3	0.0
323	4	0.6380244315480688
323	5	0.14928266143697283
323	6	0.0
323	7	0.0
323	8	0.6380244315480688
323	9	0.0
323	10	0.14928266143697283
323	11	0.0
323	12	0.0
323	13	0.10753948523502266
323	14	0.0
323	15	0.14928266143697283
323	16	0.0
323	17	0.0
323	18	0.0
323	19	0.05321560712448031
323	20	0.0
323	21	0.0
323	22	0.6380244315480688
323	23	0.6380244315480688
323	24	0.6380244315480688
324	0	0.0
324	1	0.0
324	2	0.14928266143697283
324	3	0.6380244315480688
324	4	0.0
324	5	0.10753948523502266
324	6	0.0
324	7	0.0
324	8	0.0
324	9	0.6380244315480688
324	10	0.0
324	11	0.14928266143697283
324	12	0.0
324	13	0.05321560712448031
324	14	0.0
324	15	0.14928266143697283
324	16	0.0
324	17	0.7455639167830915
324	18	0.0
324	19	0.0
324	20	0.6380244315480688
324	21	0.6380244315480688
324	22	0.0
324	23	0.0
324	24	0.6380244315480688
325	0	0.6380244315480688
325	1	0.0
325	2	0.6380244315480688
325	3	0.10753948523502266
325	4	0.0
325	5	0.0
325	6	0.0
325	7	0.0
326	0	0.44772992173121245
326	1	0.6912400386725491
326	2	0.10753948523502266
326	3	0.0
326	4	0.14928266143697283
326	5	0.0
326	6	0.0
326	7	0.6380244315480688
326	8	0.0
326	9	0.0
326	10	0.0
326	11	0.0
326	12	0.6380244315480688
327	0	0.6380244315480688
327	1	0.6912400386725491
327	2	0.14928266143697283
327	3	0.0
327	4	0.6380244315480688
327	5	0.6380244315480688
328	0	0.4059867455292624
328	1	0.0
328	2	0.9364716918423085
328	3	0.2984472602942397
328	4	0.6380244315480688
328	5	0.44772992173121245
328	6	0.2984472602942397
328	7	0.9364716918423085
328	8	0.2984472602942397
328	9	0.0
328	10	0.44772992173121245
328	11	0.35166286741872
328	12	1.0440111770773315
328	13	0.44772992173121245
328	14	0.2984472602942397
328	15	0.6912400386725491
328	16	0.2984472602942397
328	17	0.2984472602942397
329	0	0.10753948523502266
329	1	0.6380244315480688
329	2	0.0
329	3	0.0
329	4	0.0
329	5	0.2984472602942397
329	6	0.6912400386725491
329	7	0.14928266143697283
329	8	0.0
329	9	0.05321560712448031
329	10	0.0
329	11	0.0
329	12	0.14928266143697283
329	13	0.0
329	14	0.2984472602942397
329	15	0.0
329	16	0.7455639167830915
329	17	0.14928266143697283
329	18	0.6380244315480688
329	19	0.0
329	20	0.2984472602942397
329	21	0.2984472602942397
329	22	0.6380244315480688
329	23	0.2984472602942397
329	24	0.6380244315480688
329	25	0.6380244315480688
330	0	0.0
330	1	0.14928266143697283
330	2	0.14928266143697283
330	3	0.6380244315480688
330	4	0.6912400386725491
330	5	0.0
330	6	0.14928266143697283
330	7	0.0
330	8	0.05321560712448031
330	9	0.6380244315480688
330	10	0.0
330	11	0.0
330	12	0.0
330	13	0.0
330	14	0.10753948523502266
330	15	0.0
330	16	0.0
330	17	0.0
330	18	0.0
330	19	0.7455639167830915
330	20	0.0
330	21	0.0
331	0	0.44772992173121245
331	1	0.6912400386725491
331	2	0.9364716918423085
331	3	0.0
331	4	0.14928266143697283
331	5	0.0
331	6	0.10753948523502266
331	7	0.6380244315480688
331	8	0.0
331	9	0.0
331	10	0.0
331	11	0.0
331	12	0.0
332	0	0.2984472602942397
332	1	0.0
332	2	0.0
332	3	0.6380244315480688
332	4	0.14928266143697283
332	5	0.0
332	6	0.0
332	7	0.0
332	8	0.0
332	9	0.14928266143697283
332	10	0.6380244315480688
332	11	0.0
332	12	0.14928266143697283
332	13	0.05321560712448031
332	14	0.0
332	15	0.10753948523502266
332	16	0.6912400386725491
332	17	0.0
332	18	0.0
332	19	0.0
332	20	0.7455639167830915
332	21	0.0
332	22	0.0
332	23	0.9364716918423085
332	24	0.2984472602942397
332	25	0.2984472602942397
333	0	0.0
333	1	0.6380244315480688
333	2	0.0
333	3	0.0
333	4	0.05321560712448031
333	5	0.0
333	6	0.14928266143697283
333	7	0.0
333	8	0.0
333	9	0.14928266143697283
333	10	0.0
333	11	0.10753948523502266
333	12	0.0
333	13	0.0
333	14	0.6380244315480688
333	15	0.0
333	16	0.14928266143697283
333	17	0.0
333	18	0.6912400386725491
333	19	0.7455639167830915
333	20	0.0
333	21	0.6380244315480688
333	22	0.0
333	23	0.0
333	24	0.6380244315480688
333	25	0.0
333	26	0.0
333	27	0.2984472602942397
333	28	0.9364716918423085
333	29	0.9364716918423085
334	0	0.14928266143697283
334	1	0.14928266143697283
334	2	0.05321560712448031
334	3	0.0
334	4	0.0
334	5	0.0
334	6	0.0
334	7	0.0
334	8	0.6380244315480688
334	9	0.14928266143697283
334	10	0.0
334	11	0.0
334	12	0.0
334	13	0.0
334	14	0.0
334	15	0.6380244315480688
334	16	0.7455639167830915
334	17	0.10753948523502266
334	18	0.0
334	19	0.6912400386725491
334	20	0.0
334	21	0.0
334	22	0.6380244315480688
334	23	0.6380244315480688
334	24	0.0
334	25	0.6380244315480688
334	26	0.0
334	27	0.0
334	28	0.6380244315480688
334	29	0.0
335	0	0.0
335	1	0.0
335	2	0.6380244315480688
335	3	0.10753948523502266
335	4	0.0
335	5	0.0
335	6	0.14928266143697283
335	7	0.14928266143697283
335	8	0.05321560712448031
335	9	0.7455639167830915
335	10	0.14928266143697283
335	11	0.0
335	12	0.6380244315480688
335	13	0.6912400386725491
335	14	0.0
335	15	0.0
335	16	0.0
335	17	0.6380244315480688
336	0	0.0
336	1	0.0
336	2	0.0
336	3	0.10753948523502266
336	4	0.0
336	5	0.0
336	6	0.14928266143697283
336	7	0.0
336	8	0.0
336	9	0.6380244315480688
336	10	0.6912400386725491
336	11	0.7455639167830915
336	12	0.14928266143697283
336	13	0.0
336	14	0.0
336	15	0.05321560712448031
336	16	0.14928266143697283
336	17	0.6380244315480688
336	18	0.0
336	19	0.0
336	20	0.0
336	21	0.2984472602942397
336	22	0.0
336	23	0.0
336	24	0.6380244315480688
336	25	0.6380244315480688
336	26	0.0
337	0	0.0
337	1	0.6380244315480688
337	2	0.0
337	3	0.0
337	4	0.0
337	5	0.6380244315480688
337	6	0.6912400386725491
337	7	0.0
337	8	0.0
337	9	0.0
337	10	0.0
337	11	0.7455639167830915
337	12	0.14928266143697283
337	13	0.6912400386725491
337	14	0.05321560712448031
337	15	0.0
337	16	0.0
337	17	0.0
337	18	0.0
337	19	0.14928266143697283
337	20	0.0
337	21	0.14928266143697283
337	22	0.0
337	23	0.6380244315480688
337	24	0.10753948523502266
338	0	0.14928266143697283
338	1	0.0
338	2	0.0
338	3	0.10753948523502266
338	4	0.6380244315480688
338	5	0.0
338	6	0.0
338	7	0.0
338	8	0.0
338	9	0.0
338	10	0.14928266143697283
338	11	0.0
338	12	0.0
338	13	0.6912400386725491
338	14	0.6380244315480688
338	15	0.14928266143697283
338	16	0.0
338	17	0.7455639167830915
338	18	0.0
338	19	0.6912400386725491
338	20	0.0
338	21	0.05321560712448031
338	22	0.0
338	23	0.6380244315480688
338	24	0.0
338	25	0.6380244315480688
338	26	0.6380244315480688
339	0	0.0
339	1	0.6380244315480688
339	2	0.6380244315480688
339	3	0.10753948523502266
339	4	0.0
339	5	0.0
339	6	0.0
339	7	0.0
339	8	0.0
339	9	0.0
339	10	0.6912400386725491
339	11	0.0
339	12	0.14928266143697283
339	13	0.14928266143697283
339	14	0.0
339	15	0.0
339	16	0.0
339	17	0.05321560712448031
339	18	0.0
339	19	0.14928266143697283
339	20	0.6912400386725491
339	21	0.7455639167830915
339	22	0.0
339	23	0.6380244315480688
339	24	0.0
339	25	0.6380244315480688
339	26	0.6380244315480688
340	0	0.0
340	1	0.10753948523502266
340	2	0.0
340	3	0.0
340	4	0.0
340	5	0.14928266143697283
340	6	0.0
340	7	0.0
340	8	0.2984472602942397
340	9	0.0
340	10	0.14928266143697283
340	11	0.0
340	12	0.0
340	13	0.0
340	14	0.6380244315480688
340	15	0.6912400386725491
340	16	0.6380244315480688
340	17	0.0
340	18	0.05321560712448031
340	19	0.7455639167830915
340	20	0.0
340	21	0.14928266143697283
340	22	0.6912400386725491
340	23	0.0
340	24	0.2984472602942397
340	25	0.6380244315480688
340	26	0.0
340	27	0.6380244315480688
340	28	0.6380244315480688
340	29	0.44772992173121245
341	0	0.0
341	1	0.6380244315480688
341	2	0.6380244315480688
341	3	0.0
341	4	0.0
341	5	0.0
341	6	0.0
341	7	0.05321560712448031
341	8	0.6380244315480688
341	9	0.0
341	10	0.7455639167830915
341	11	0.14928266143697283
341	12	0.6912400386725491
341	13	0.0
341	14	0.6912400386725491
341	15	0.0
341	16	0.0
341	17	0.0
341	18	0.14928266143697283
341	19	0.10753948523502266
341	20	0.0
341	21	0.0
341	22	0.0
341	23	0.0
341	24	0.14928266143697283
342	0	0.0
342	1	0.0
342	2	0.10753948523502266
342	3	0.0
342	4	0.6380244315480688
342	5	0.6380244315480688
342	6	0.6912400386725491
342	7	0.0
342	8	0.0
342	9	0.14928266143697283
342	10	0.0
342	11	0.0
342	12	0.0
342	13	0.0
342	14	0.14928266143697283
342	15	0.6380244315480688
342	16	0.0
342	17	0.05321560712448031
342	18	0.0
342	19	0.0
342	20	0.0
342	21	0.6912400386725491
342	22	0.0
342	23	0.7455639167830915
342	24	0.14928266143697283
343	0	0.6912400386725491
343	1	0.05321560712448031
343	2	0.7455639167830915
343	3	0.9364716918423085
343	4	0.0
343	5	0.2984472602942397
343	6	0.2984472602942397
343	7	0.9364716918423085
343	8	0.6380244315480688
343	9	0.0
343	10	0.0
343	11	0.0
343	12	0.14928266143697283
343	13	0.14928266143697283
343	14	0.6380244315480688
343	15	0.14928266143697283
343	16	0.0
343	17	0.0
343	18	0.0
343	19	0.10753948523502266
343	20	0.0
343	21	0.6912400386725491
343	22	0.0
343	23	0.0
343	24	0.2984472602942397
343	25	0.9364716918423085
343	26	0.0
343	27	0.0
343	28	0.0
343	29	0.0
344	0	0.0
344	1	0.0
344	2	0.7455639167830915
344	3	0.0
344	4	0.0
344	5	0.0
344	6	0.0
344	7	0.14928266143697283
344	8	0.0
344	9	0.0
344	10	0.14928266143697283
344	11	0.6912400386725491
344	12	0.0
344	13	0.0
344	14	0.6912400386725491
344	15	0.6380244315480688
344	16	0.6380244315480688
344	17	0.14928266143697283
344	18	0.0
344	19	0.10753948523502266
344	20	0.0
344	21	0.05321560712448031
344	22	0.0
344	23	0.0
344	24	0.6380244315480688
344	25	0.6380244315480688
344	26	0.6380244315480688
345	0	0.0
345	1	0.0
345	2	0.0
345	3	0.14928266143697283
345	4	0.0
345	5	0.14928266143697283
345	6	0.6380244315480688
345	7	0.0
345	8	0.05321560712448031
345	9	0.0
345	10	0.0
345	11	0.14928266143697283
345	12	0.6912400386725491
345	13	0.0
345	14	0.0
345	15	0.10753948523502266
345	16	0.0
345	17	0.0
345	18	0.6912400386725491
345	19	0.7455639167830915
345	20	0.6380244315480688
345	21	0.6380244315480688
345	22	0.0
345	23	0.0
345	24	0.2984472602942397
346	0	0.0
346	1	0.0
346	2	0.10753948523502266
346	3	0.0
346	4	0.0
346	5	0.6912400386725491
346	6	0.0
347	0	0.0
347	1	0.0
347	2	0.0
347	3	0.0
347	4	0.10753948523502266
347	5	0.0
347	6	0.6912400386725491
348	0	0.10753948523502266
348	1	0.6912400386725491
348	2	0.44772992173121245
348	3	0.9896872989667889
348	4	0.0
348	5	0.0
348	6	0.0
348	7	0.0
348	8	0.0
348	9	0.44772992173121245
348	10	0.2984472602942397
348	11	0.2984472602942397
348	12	0.9364716918423085
348	13	0.9364716918423085
349	0	0.9364716918423085
349	1	0.0
349	2	0.0
349	3	0.9364716918423085
349	4	0.0
349	5	0.2984472602942397
349	6	0.2984472602942397
349	7	0.10753948523502266
349	8	0.2984472602942397
349	9	1.0440111770773315
349	10	0.2984472602942397
349	11	0.0
349	12	0.9364716918423085
349	13	0.6912400386725491
349	14	0.6912400386725491
349	15	0.44772992173121245
349	16	0.0
349	17	0.44772992173121245
349	18	0.2984472602942397
349	19	0.0
349	20	0.0
349	21	0.0
349	22	0.14928266143697283
349	23	0.2984472602942397
349	24	0.2984472602942397
349	25	0.35166286741872
350	0	0.14928266143697283
350	1	0.6380244315480688
350	2	0.0
350	3	0.6380244315480688
350	4	0.0
350	5	0.0
350	6	0.10753948523502266
350	7	0.0
350	8	0.0
350	9	0.0
350	10	0.0
350	11	0.0
350	12	0.0
350	13	0.0
350	14	0.6912400386725491
350	15	0.14928266143697283
350	16	0.14928266143697283
350	17	0.6380244315480688
350	18	0.0
350	19	0.14928266143697283
350	20	0.0
350	21	0.0
350	22	0.0
350	23	0.6912400386725491
350	24	0.7455639167830915
350	25	0.05321560712448031
350	26	0.14928266143697283
351	0	0.0
351	1	0.0
351	2	0.14928266143697283
351	3	0.10753948523502266
351	4	0.7455639167830915
351	5	0.0
351	6	0.0
351	7	0.0
351	8	0.6380244315480688
351	9	0.0
351	10	0.05321560712448031
351	11	0.14928266143697283
351	12	0.6912400386725491
351	13	0.14928266143697283
351	14	0.6912400386725491
351	15	0.0
351	16	0.0
351	17	0.6380244315480688
351	18	0.0
351	19	0.0
351	20	0.0
351	21	0.0
352	0	0.0
352	1	0.9364716918423085
352	2	0.9364716918423085
352	3	0.10753948523502266
352	4	0.0
352	5	0.0
352	6	0.0
352	7	0.6912400386725491
352	8	0.0
352	9	0.6912400386725491
353	0	0.0
353	1	0.6380244315480688
353	2	0.10753948523502266
353	3	0.6912400386725491
353	4	0.0
353	5	0.0
353	6	0.0
353	7	0.0
353	8	0.6380244315480688
353	9	0.6912400386725491
354	0	0.0
354	1	0.14928266143697283
354	2	0.6912400386725491
354	3	0.6380244315480688
354	4	0.0
354	5	0.7455639167830915
354	6	0.10753948523502266
354	7	0.14928266143697283
354	8	0.0
354	9	0.0
354	10	0.14928266143697283
354	11	0.0
354	12	0.6380244315480688
354	13	0.0
354	14	0.05321560712448031
354	15	0.6380244315480688
354	16	0.0
354	17	0.0
354	18	0.0
354	19	0.0
354	20	0.0
354	21	0.6912400386725491
354	22	0.0
354	23	0.0
354	24	0.0
354	25	0.0
354	26	0.6380244315480688
354	27	0.6380244315480688
355	0	0.6912400386725491
355	1	0.10753948523502266
355	2	0.0
355	3	0.0
355	4	0.0
355	5	0.0
355	6	0.0
355	7	0.6380244315480688
355	8	0.6380244315480688
355	9	0.6912400386725491
356	0	0.0
356	1	0.0
356	2	0.0
356	3	0.0
356	4	0.0
356	5	0.10753948523502266
356	6	0.6912400386725491
357	0	0.6912400386725491
357	1	0.6912400386725491
357	2	0.6380244315480688
357	3	0.0
357	4	0.6380244315480688
357	5	0.10753948523502266
357	6	0.0
357	7	0.0
357	8	0.0
357	9	0.0
358	0	0.0
358	1	0.0
358	2	0.10753948523502266
358	3	0.0
358	4	0.6912400386725491
358	5	0.0
358	6	0.0
359	0	0.2984472602942397
359	1	0.2984472602942397
359	2	0.0
359	3	0.0
359	4	0.9364716918423085
359	5	0.9364716918423085
359	6	0.2984472602942397
359	7	0.10753948523502266
359	8	0.44772992173121245
359	9	0.0
359	10	1.0440111770773315
359	11	0.2984472602942397
359	12	0.2984472602942397
359	13	0.44772992173121245
359	14	0.2984472602942397
359	15	0.44772992173121245
359	16	0.35166286741872
359	17	0.2984472602942397
359	18	0.0
359	19	0.9364716918423085
359	20	0.2984472602942397
359	21	0.0
359	22	0.2984472602942397
359	23	0.2984472602942397
359	24	0.6912400386725491
359	25	0.6912400386725491
360	0	0.6380244315480688
360	1	0.0
360	2	0.0
360	3	0.0
360	4	0.6380244315480688
360	5	0.14928266143697283
360	6	0.10753948523502266
360	7	0.0
360	8	0.0
360	9	0.0
360	10	0.0
360	11	0.6912400386725491
360	12	0.05321560712448031
360	13	0.14928266143697283
360	14	0.0
360	15	0.0
360	16	0.6380244315480688
360	17	0.0
360	18	0.0
360	19	0.7455639167830915
360	20	0.14928266143697283
360	21	0.0
360	22	0.0
360	23	0.6912400386725491
360	24	0.0
360	25	0.0
360	26	0.44772992173121245
360	27	0.6380244315480688
360	28	0.6380244315480688
361	0	0.0
361	1	0.14928266143697283
361	2	0.6380244315480688
361	3	0.6380244315480688
361	4	0.0
361	5	0.0
361	6	0.0
361	7	0.10753948523502266
361	8	0.0
361	9	0.05321560712448031
361	10	0.0
361	11	0.0
361	12	0.7455639167830915
361	13	0.0
361	14	0.0
361	15	0.0
361	16	0.14928266143697283
361	17	0.6380244315480688
361	18	0.0
361	19	0.14928266143697283
361	20	0.6912400386725491
361	21	0.0
361	22	0.0
361	23	0.0
361	24	0.6912400386725491
361	25	0.0
362	0	0.0
362	1	0.0
362	2	0.6380244315480688
362	3	0.0
362	4	0.14928266143697283
362	5	0.0
362	6	0.14928266143697283
362	7	0.05321560712448031
362	8	0.0
362	9	0.6912400386725491
362	10	0.7455639167830915
362	11	0.0
362	12	0.0
362	13	0.10753948523502266
362	14	0.14928266143697283
362	15	0.6380244315480688
362	16	0.0
362	17	0.0
362	18	0.0
362	19	0.6912400386725491
362	20	0.0
362	21	0.0
362	22	0.0
362	23	0.2984472602942397
362	24	0.2984472602942397
362	25	0.9364716918423085
362	26	0.6380244315480688
362	27	0.0
362	28	0.6380244315480688
362	29	0.0
362	30	0.2984472602942397
362	31	0.6380244315480688
362	32	0.2984472602942397
363	0	0.0
363	1	0.14928266143697283
363	2	0.0
363	3	0.14928266143697283
363	4	0.0
363	5	0.0
363	6	0.10753948523502266
363	7	0.0
363	8	0.0
363	9	0.6380244315480688
363	10	0.0
363	11	0.0
363	12	0.6380244315480688
363	13	0.0
363	14	0.0
363	15	0.7455639167830915
363	16	0.14928266143697283
363	17	0.6380244315480688
363	18	0.0
363	19	0.6912400386725491
363	20	0.05321560712448031
363	21	0.0
363	22	0.0
363	23	0.0
363	24	0.6912400386725491
363	25	0.0
363	26	0.6380244315480688
363	27	0.0
364	0	0.0
364	1	0.6380244315480688
364	2	0.14928266143697283
364	3	0.14928266143697283
364	4	0.0
364	5	0.0
364	6	0.0
364	7	0.0
364	8	0.7455639167830915
364	9	0.0
364	10	0.6380244315480688
364	11	0.6380244315480688
364	12	0.6912400386725491
364	13	0.0
364	14	0.0
364	15	0.0
364	16	0.0
364	17	0.10753948523502266
364	18	0.0
364	19	0.05321560712448031
364	20	0.0
364	21	0.6912400386725491
364	22	0.14928266143697283
364	23	0.0
364	24	0.0
364	25	0.0
364	26	0.0
364	27	0.6380244315480688
364	28	0.6380244315480688
365	0	0.0
365	1	0.10753948523502266
365	2	0.0
365	3	0.0
365	4	0.6380244315480688
365	5	0.0
365	6	0.14928266143697283
365	7	0.0
365	8	0.6380244315480688
365	9	0.6912400386725491
365	10	0.0
365	11	0.6380244315480688
365	12	0.0
365	13	0.0
365	14	0.0
365	15	0.0
365	16	0.0
365	17	0.7455639167830915
365	18	0.05321560712448031
365	19	0.0
365	20	0.0
365	21	0.0
365	22	0.0
365	23	0.0
365	24	0.14928266143697283
365	25	0.6912400386725491
366	0	0.0
366	1	0.0
366	2	0.0
366	3	0.10753948523502266
366	4	0.7455639167830915
366	5	0.0
366	6	0.14928266143697283
366	7	0.0
366	8	0.6380244315480688
366	9	0.0
366	10	0.0
366	11	0.0
366	12	0.0
366	13	0.0
366	14	0.14928266143697283
366	15	0.0
366	16	0.6380244315480688
366	17	0.0
366	18	0.0
366	19	0.6380244315480688
366	20	0.0
366	21	0.0
366	22	0.6912400386725491
366	23	0.6912400386725491
366	24	0.05321560712448031
366	25	0.0
367	0	0.44772992173121245
367	1	0.6912400386725491
367	2	0.10753948523502266
367	3	0.6380244315480688
367	4	0.0
367	5	0.0
367	6	0.14928266143697283
367	7	0.0
367	8	0.0
367	9	0.0
367	10	0.0
367	11	0.0
367	12	0.6380244315480688
367	13	0.6912400386725491
368	0	0.0
368	1	0.0
368	2	0.0
368	3	0.6912400386725491
368	4	0.7455639167830915
368	5	0.0
368	6	0.14928266143697283
368	7	0.6912400386725491
368	8	0.14928266143697283
368	9	0.0
368	10	0.0
368	11	0.0
368	12	0.05321560712448031
368	13	0.0
368	14	0.0
368	15	0.0
368	16	0.0
368	17	0.0
368	18	0.10753948523502266
368	19	0.6380244315480688
368	20	0.6380244315480688
368	21	0.0
368	22	0.0
368	23	0.2984472602942397
368	24	0.6380244315480688
368	25	0.0
368	26	0.6380244315480688
368	27	0.6380244315480688
369	0	0.0
369	1	0.0
369	2	0.14928266143697283
369	3	0.0
369	4	0.0
369	5	0.6380244315480688
369	6	0.7455639167830915
369	7	0.0
369	8	0.14928266143697283
369	9	0.05321560712448031
369	10	0.6912400386725491
369	11	0.0
369	12	0.6380244315480688
369	13	0.10753948523502266
369	14	0.0
369	15	0.0
369	16	0.6912400386725491
369	17	0.0
369	18	0.0
369	19	0.0
369	20	0.0
369	21	0.0
369	22	0.0
369	23	0.0
369	24	0.0
369	25	0.6380244315480688
369	26	0.6380244315480688
369	27	0.6380244315480688
370	0	0.2984472602942397
370	1	0.0
370	2	0.14928266143697283
370	3	0.0
370	4	0.0
370	5	0.7455639167830915
370	6	0.0
370	7	0.0
370	8	0.0
370	9	0.0
370	10	0.14928266143697283
370	11	0.0
370	12	0.0
370	13	0.10753948523502266
370	14	0.6380244315480688
370	15	0.0
370	16	0.6912400386725491
370	17	0.0
370	18	0.05321560712448031
370	19	0.0
370	20	0.0
370	21	0.6912400386725491
370	22	0.6380244315480688
370	23	0.0
370	24	0.6380244315480688
370	25	0.0
371	0	0.44772992173121245
371	1	0.10753948523502266
371	2	0.6912400386725491
371	3	0.0
371	4	0.0
371	5	0.0
371	6	0.0
371	7	0.0
371	8	0.6380244315480688
371	9	0.6912400386725491
371	10	0.0
371	11	0.14928266143697283
371	12	0.0
371	13	0.6380244315480688
372	0	0.6912400386725491
372	1	0.10753948523502266
372	2	0.14928266143697283
372	3	0.6380244315480688
372	4	0.0
372	5	0.6380244315480688
372	6	0.6912400386725491
372	7	0.0
372	8	0.14928266143697283
372	9	0.0
372	10	0.0
372	11	0.0
372	12	0.0
372	13	0.0
373	0	0.0
373	1	0.0
373	2	0.0
373	3	0.0
373	4	0.14928266143697283
373	5	0.14928266143697283
373	6	0.0
373	7	0.0
373	8	0.0
373	9	0.0
373	10	0.0
373	11	0.6380244315480688
373	12	0.10753948523502266
373	13	0.6912400386725491
373	14	0.0
373	15	0.6912400386725491
373	16	0.7455639167830915
373	17	0.05321560712448031
373	18	0.6380244315480688
373	19	0.0
373	20	0.6380244315480688
373	21	0.0
373	22	0.0
373	23	0.0
373	24	0.0
373	25	0.0
373	26	0.0
373	27	0.6380244315480688
373	28	0.2984472602942397
373	29	0.9364716918423085
373	30	0.6380244315480688
373	31	0.2984472602942397
373	32	0.2984472602942397
374	0	0.0
374	1	0.0
374	2	0.0
374	3	0.0
374	4	0.0
374	5	0.0
374	6	0.6380244315480688
374	7	0.6912400386725491
374	8	0.0
374	9	0.0
374	10	0.0
374	11	0.10753948523502266
374	12	0.0
374	13	0.7455639167830915
374	14	0.14928266143697283
374	15	0.05321560712448031
374	16	0.6912400386725491
374	17	0.0
374	18	0.6380244315480688
374	19	0.0
374	20	0.0
374	21	0.6380244315480688
374	22	0.0
374	23	0.0
374	24	0.0
374	25	0.14928266143697283
374	26	0.6380244315480688
374	27	0.0
374	28	0.0
374	29	0.6380244315480688
374	30	0.0
374	31	0.6380244315480688
374	32	0.0
375	0	0.0
375	1	0.0
375	2	0.0
375	3	0.05321560712448031
375	4	0.6380244315480688
375	5	0.0
375	6	0.10753948523502266
375	7	0.0
375	8	0.0
375	9	0.6380244315480688
375	10	0.0
375	11	0.6912400386725491
375	12	0.0
375	13	0.0
375	14	0.0
375	15	0.0
375	16	0.0
375	17	0.0
375	18	0.0
375	19	0.7455639167830915
375	20	0.0
375	21	0.0
375	22	0.6912400386725491
375	23	0.14928266143697283
375	24	0.14928266143697283
375	25	0.6380244315480688
375	26	0.0
375	27	0.0
375	28	0.6380244315480688
375	29	0.0
375	30	0.6380244315480688
375	31	0.0
375	32	0.6380244315480688
376	0	0.0
376	1	0.10753948523502266
376	2	0.0
376	3	0.6380244315480688
376	4	0.0
376	5	0.0
376	6	0.0
376	7	0.05321560712448031
376	8	0.0
376	9	0.0
376	10	0.6380244315480688
376	11	0.7455639167830915
376	12	0.0
376	13	0.14928266143697283
376	14	0.6912400386725491
376	15	0.0
376	16	0.0
376	17	0.0
376	18	0.0
376	19	0.0
376	20	0.14928266143697283
376	21	0.6912400386725491
376	22	0.0
376	23	0.0
376	24	0.6380244315480688
376	25	0.0
377	0	0.0
377	1	0.6912400386725491
377	2	0.10753948523502266
377	3	0.05321560712448031
377	4	0.0
377	5	0.0
377	6	0.0
377	7	0.6912400386725491
377	8	0.0
377	9	0.0
377	10	0.0
377	11	0.0
377	12	0.14928266143697283
377	13	0.0
377	14	0.0
377	15	0.0
377	16	0.7455639167830915
377	17	0.6380244315480688
377	18	0.0
377	19	0.0
377	20	0.14928266143697283
377	21	0.6380244315480688
377	22	0.0
377	23	0.0
377	24	0.6380244315480688
377	25	0.0
378	0	0.6380244315480688
378	1	0.0
378	2	0.7455639167830915
378	3	0.0
378	4	0.0
378	5	0.0
378	6	0.0
378	7	0.6380244315480688
378	8	0.10753948523502266
378	9	0.14928266143697283
378	10	0.6912400386725491
378	11	0.0
378	12	0.0
378	13	0.0
378	14	0.6912400386725491
378	15	0.0
378	16	0.0
378	17	0.0
378	18	0.0
378	19	0.0
378	20	0.14928266143697283
378	21	0.05321560712448031
378	22	0.6380244315480688
378	23	0.0
378	24	0.6380244315480688
378	25	0.0
378	26	0.6380244315480688
