## RankNet
## Epochs = 50
## No. of features = 48
## No. of hidden layers = 2
## Layer 1: 10 neurons
## Layer 2: 10 neurons
1 2 3 4 5 6 7 8 9 10 11 12 13 14 15 16 17 18 19 20 21 22 23 24 25 26 27 28 29 30 31 32 33 34 35 36 37 38 39 40 41 42 43 44 45 46 47 48
2
10
10
0 0 -6.71204976007117E-4 0.05353563023482775 0.08529393044215945 0.06458759230600655 0.06353278119626544 -0.07145697852876204 0.08321089936984787 -0.003693194303897666 -0.07012900279846121 0.01802601636669773
0 1 0.05665765453218797 0.04044230155552853 0.045284437030283085 0.03199378078968844 -0.02662375550802378 0.01612793757828381 0.032042886662525964 0.074418039012684 0.03514391469229571 -0.025022927055095727
0 2 0.010201645376958994 0.048575966157681866 0.09946613110177487 -0.0818926141069384 -0.038522030242751845 -0.04743903713088378 0.02965556162423274 -0.022420499164737276 0.06846653462494952 0.02067517460631516
0 3 0.05699743810621828 -0.02846971788724753 -0.05489237089395827 0.015483112690633308 -0.05728279405161593 -0.012523426675049985 0.06015056113309252 0.09435248405665848 -0.0037046245596142973 -0.018027734242365
0 4 0.025398458092654792 -0.09495347814559421 -0.021363048978970418 0.02767589485408047 0.002546514537294348 0.03328968764822876 -0.04448724855714131 -0.028541092119629807 -0.0028557047876519265 -0.049082588010568404
0 5 -0.09642343214121546 0.05195582736512086 -0.01900881093681528 -0.05917421336340462 0.022416645035873133 0.09080121401151292 -0.02175085628697872 -0.015536369486959854 -0.005477096030472811 0.002096164289575717
0 6 -0.01403119450137803 -0.05545695757831446 0.08888561429407467 0.012423263622051612 -0.04921744066977623 -0.012659212584544097 0.0032420199078715354 0.08333878941574316 0.08758882600120842 0.05154469789755715
0 7 0.08197416160912054 -0.0397351997213418 -0.06638404738185189 0.018837268149000126 0.09690537104578022 0.02644928660933483 0.006312835466457103 -0.03908770369229946 -0.008490003827288973 -0.03754846282688302
0 8 0.06472550929181738 0.013805574806439973 0.07141614097540093 0.059034536854496916 0.07279961066567314 0.08252944875775878 0.057237582871536415 -0.08317149195531506 0.05752589375303364 -0.03700559772483378
0 9 -0.0028380454458977918 0.05895093555937991 0.06431301075403405 -0.0330476059753981 -0.0884164248195945 0.010581265057313986 -0.04009120293535789 0.0038899535062711325 0.06925378934071456 0.0942121166742627
0 10 0.02754774168723025 -0.04755626891363873 -0.07770368319566535 -0.04504172943426041 0.05203858273350386 -0.07317802976549562 -0.09950429700889368 -0.053882682208811934 -0.05301101684047604 0.0772552508867566
0 11 0.009404778858951064 0.015713107841121392 0.022573342056916697 0.06957707114624344 0.01822505401694086 -0.014422967244994096 -0.0677201946882226 -0.08486363056758542 0.044714475130301475 0.04217967204817266
0 12 -0.001706279830868356 -0.09689226326441391 0.07458536101110745 2.1743908683847154E-4 0.012365924438788497 0.09380451944291544 0.01142784846465176 0.03511261830532248 0.01368569141150826 0.09746468806528548
0 13 -0.06650529103786146 -0.05398128807325076 0.016230003970251036 0.06522685559911917 -0.00579810370449708 -0.08219308730150733 0.08602173762936755 -0.02327328220480165 -0.09512698554179874 -0.05361250237360249
0 14 0.025141294654563728 -0.023136889303940606 -0.05180364156204449 -0.04341037796529198 -0.005571304250375341 -0.018940277508374175 0.007463011422112363 0.05911529165810377 -0.02661553571727099 -0.0605475490108732
0 15 0.03499330936811033 -0.02667843974707891 -0.06881615040693495 -0.06382192260621952 -0.038623563738173036 0.04540873509976558 -0.035564171864125756 -0.003605422620804233 0.060298224108539536 0.045142076498747394
0 16 -0.013031018677905348 -0.02466269377271898 0.0017104816121485747 -0.094305560116363 0.017070899853667502 -0.05881996714173554 -0.07745379102222878 0.05688454288435178 0.0622143606344055 0.014671267885138822
0 17 -0.05582397012486212 -0.01969379653764447 0.09159589671432808 0.0653709398409696 0.031326609187226094 0.051410120354975136 -0.027754946128381506 0.04379034511627355 0.02268414639188594 0.06507987686081897
0 18 -0.023367298966024665 0.009270569940302145 0.09465153504368055 0.009550952078962251 0.0219866500020186 -0.04931534697568345 0.09582768992688902 -0.06766857517107068 -0.03162344174809005 0.033537368246167695
0 19 -0.002693911239288008 0.07937116870820332 0.03597144875185059 0.03078849998810094 -0.02656762075888205 -0.036030553546271694 -0.01819697115926197 0.05477366578546092 0.07810647733290656 -0.03076677082926828
0 20 0.026241329691590008 0.06408251026809025 0.052362673911018835 0.03349127260544105 0.05093131067885231 -0.021730488431177298 -0.033824387010019524 0.01686770823564971 -0.002154556626777744 0.06605292425602036
0 21 0.05899154012152757 -0.03966154748241651 0.07127877754142448 0.07958943835826697 -0.03835360960941644 0.039230124131027874 0.015577232719277976 -0.08572526630825832 -0.08034902200233472 0.030681183975515725
0 22 0.04731825883238016 -0.07335544216733317 0.04606746114746697 -0.08905643171581036 0.028776107042373038 -0.0487997556358519 0.03324048399371515 0.057300819741867404 -0.07010182261855367 -0.06936142838420419
0 23 -0.03883685059171898 0.03139370815992049 0.07472255173580537 -0.00609647563151313 -0.05445655581818749 0.014910280439533987 0.06688668299110316 0.021027818143038397 -0.07027030043522851 -0.023280345489092653
0 24 0.06285642190521815 0.020965471233792218 0.08902803414252643 -0.09980016356873718 -0.08347325359679497 0.09771884808942065 0.09791817645426554 0.04892417503426581 -0.029305127712222444 0.05897925623161639
0 25 -0.04957481182438483 0.03339116930466151 0.07536190725137502 -0.0506316731950895 0.035731691889573904 -0.07005040092618173 0.056372230745247075 0.05161651942944744 0.030165024633314334 -0.0385380507585672
0 26 -0.006560059905447011 0.03874316036909636 0.09391877748646295 -0.0514428416870552 0.054731697177679076 0.07536606509441472 0.0863584972797863 0.07493134846095299 0.06773126322874529 -0.06877431086290978
0 27 0.020385764856300153 -0.030776803747526532 0.07774746683712702 0.02436126987881746 0.009816583655191698 0.06840456679065168 -0.09662586902011985 0.004832610300820876 0.08352052594697215 -0.036648939483356215
0 28 -0.07512729362820225 0.0652337276965598 -0.04083669960262826 0.007853578342712381 -0.008098316502460503 -0.0403329099169331 0.05571855547429992 0.023460774644383984 0.014650178913245975 2.368831856155643E-4
0 29 0.10044563531223204 0.06701723878765037 -0.0514511168142705 -0.05584988721282245 0.09053706304805782 0.08485009996561553 0.0168788823109589 0.058847445973086186 -0.06311614718679631 0.0592661656820241
0 30 0.049700932728403334 0.04390496684518305 0.0013280447581668223 -0.03766556619701921 0.0633947771107292 -0.09271413025209248 0.042038075581673204 -0.126342890536113 -0.010817764695677964 0.037847296263691786
0 31 0.08994542626462819 -0.009996217432704789 -0.06339476411917415 0.03416507068826035 0.047000289173776015 -0.051476569551712405 -0.08272725181573025 -0.12561430845435584 0.07455840273176148 0.041558491020630715
0 32 0.04710095304260216 -0.019080240999226162 0.031814968932604666 -0.030747211390934427 -0.1096489585326456 -0.08007981814797292 -0.10481890292651237 0.016484165245657833 -0.1036734348684905 -0.02875365805670546
0 33 0.06628971032209374 0.10321038001262986 -0.0058263851191926366 -0.035852102915037536 -0.07498995302336199 0.04590404062323514 -0.047177893995088475 -0.03936074535636411 0.05097720078257319 -0.07174646057426297
0 34 -0.058414763991516336 -0.044213841308485324 0.08575654289135771 0.0016258618176077054 -0.08259868787031563 0.007857971765365788 -0.10675619221439264 -0.0366406381718061 0.031096327349327223 -0.044350241776588924
0 35 0.06830083291624407 -0.10030874980770281 0.03390997768891316 0.07897776255635061 -0.035756937537569485 -0.022918346976252394 -0.049343362755218036 0.03765151442897772 0.03131615612415425 0.028214107558050212
0 36 -0.046322062686224595 -0.06294438497261053 0.029790870132038353 0.07755344827336995 0.07177177573886204 -0.07929402712677673 0.014087555781916125 -0.11695547178470954 0.046960863816282374 0.058629821328687826
0 37 0.07142039832656455 0.09224453296337842 0.06396361262937579 -0.02075625211646939 0.0665378685799422 0.043332560334820434 0.03337371364653256 0.10746153748217976 0.004941871561560498 -0.045451881190976755
0 38 -0.05576781774596853 -0.03913477423196222 -0.011994777604561305 0.05882711861369722 -0.0649655099495996 0.09442212367120412 -0.06660818958023683 0.018734375557472087 -0.03267124748405453 -0.08614335313948548
0 39 -0.08220814387039936 0.003085502315634925 0.019283618420739147 -0.017976638264081128 -0.07031143563834319 -0.06543782418903682 -0.009393340883048931 0.059084239027072286 0.050115126310024294 0.06186060130087284
0 40 -0.09888345966772831 0.08693932381863254 0.005285490878302343 0.037580875345445804 0.07663875711115709 -0.035662726222840314 -0.07760036641100541 0.02992887290435014 0.036471731154356035 -0.051877477323137244
0 41 0.07144065797918005 -0.07218577985275793 0.026238096388028605 0.05199696429180237 0.08875182526432884 -0.026332934533369365 -0.03143020846523841 0.08377629753490787 -0.07903711303546036 -0.014563049189071049
0 42 -0.03595384316194813 -0.022934288817714612 -0.0378175139442522 0.0016522396464588233 0.07729954984071744 -0.0819710638309046 -0.021667624991915886 -0.08155423081940072 0.03859305373485082 -0.06406499414214241
0 43 -0.07581469078151894 -0.09357158228128469 -0.07999034508887216 0.07350027759855572 -0.0969424224495778 0.04330444300624971 -0.011322375720954875 0.07399111999215242 0.04885887881641446 0.03625227799873908
0 44 0.05730551297152647 0.021977215862299355 -0.06768636713710087 -0.05655598672184102 0.05737727905067639 -0.06703425505345455 -0.066904357262286 0.03448255403864768 0.08729943568437398 -0.018514962455899654
0 45 0.06579730848158047 0.03139770016672748 0.049618211286399115 0.0690477710768311 0.054588616140214964 0.08521880647952089 -0.04882651064577841 0.07757633223164301 0.09900829876392186 0.037684260347216336
0 46 0.03344392592394957 0.07661287099721584 0.05820148875031208 0.03783391011801569 -0.08778832083192631 -0.03929361635034869 0.039414511434404616 -0.08251942650449032 0.004217218659735444 -0.08959387387958338
0 47 -0.08202366418462803 -0.055788241828087 0.0383760193313794 0.05974997965194957 0.060887871707809675 0.05193090412346326 -0.008478154431862098 0.04903370869126921 -0.08056873880545633 0.021214873875669654
0 48 -0.05246890112168432 -0.058244298143279694 0.06680374729816628 -0.036181927396782915 0.03132039563976912 0.005314461274880695 0.038304938593725364 0.04093183066984445 0.06480187371895706 0.024652950466355062 0.0823914205200355 0.03995815884452208 0.036305803752947494 0.022051708138715705 -0.0690693526713488 -0.05670666100921845 0.08221718632527626 -0.010931047481508643 0.055805995933249905 -0.014862164968177277 0.05575366841288631
1 0 -0.0666636288625207 0.07865837934637071 0.002857586907669453 -0.03410074641844081 -0.016325600210102018 -0.03687529291235317 -0.08450384431036118 0.05326099183994062 0.0481364685499405 -0.0028592494303544985
1 1 0.0819873106976272 0.08289651220585169 0.002333157170432563 0.021306242188992734 -0.09867528585125462 0.03552303040542388 -0.029932400166342823 0.07575075472576087 -0.014306826995768566 -0.0684204320468442
1 2 -0.09251629644191678 -0.04602579139940596 -0.024222572409914787 0.08657285182367172 0.05592255506051529 -0.04530155066658835 -0.07919413736948788 0.012674365814550262 -0.07804902066190002 0.08859535865725507
1 3 0.09423247817290152 0.02011873614868487 0.035888593030198916 -0.03945366514148788 -0.020727755278833703 -0.07565127995866906 0.08059904404342337 0.032948193696723575 0.05027776246111676 -0.02293257563099367
1 4 0.04045225560044071 -0.09022503671630795 -0.022074681813564753 0.007978035465541924 0.035663763320162356 -0.048361582392341035 -0.06830753756407695 -0.033575488502734126 0.021616041174263786 -0.07193157663754218
1 5 -0.09708882465486525 0.03717399742813287 -0.04458603588988289 0.028255152768104693 0.08177228409909928 0.01819969148574579 0.033896486428474544 0.08443868990786962 0.060516261281304114 -0.003960813620088646
1 6 -0.07176077625016906 0.014147146249354826 0.01569210839499511 -0.0011610169974066136 0.03613195670599844 -0.07654198502881172 0.05592795187298676 -0.010360865579616366 -0.05897300714368656 0.0889299729338742
1 7 -0.04377185407752011 -0.06298608253999124 0.057914384022778854 -0.08623757504088059 -0.011519847901981595 0.03192775707159317 -0.09636292686365196 -0.01980511759167144 -0.028628069083919967 0.026371873394235502
1 8 0.0897364735338792 -0.05533847038203167 -0.003972841084772075 0.049578391197492695 -0.08003536481628981 -0.0018529801208703174 -0.012043985014910108 0.08502483511495335 -0.032996267528509614 -0.023773363556167694
1 9 -0.04629024331337162 0.08863415849860651 -0.02431532514879925 0.0035923629880420705 -0.06063973462654577 0.04804911880093863 -0.04839258588257479 0.04150803470685972 -0.09484419677034825 0.06517319275149853
2 0 -0.03376561447945856
2 1 -0.023189829722464528
2 2 -0.024291797938204185
2 3 0.0689151835160263
2 4 -0.07418632704207409
2 5 -0.08930187120116104
2 6 0.031037197420692084
2 7 -0.04197682858298693
2 8 0.007369835784378809
2 9 -0.07243321543254518
