157	0	-1.4350416660308838
157	1	1.2844315767288208
157	2	1000.1807861328125
157	3	1000.1807861328125
157	4	989.0564575195312
157	5	986.3435668945312
157	6	2.1641619205474854
157	7	998.6964111328125
157	8	778.283447265625
157	9	55.30071258544922
157	10	998.2373657226562
157	11	3.7032902240753174
157	12	55.30267333984375
157	13	988.2378540039062
157	14	54.26380920410156
157	15	994.7211303710938
157	16	3.960991144180298
157	17	-9.326620101928711
157	18	986.4773559570312
157	19	955.5912475585938
157	20	998.5326538085938
157	21	3.1955366134643555
157	22	816.4573974609375
157	23	58.92697525024414
157	24	11.707390785217285
157	25	999.4155883789062
158	0	943.8677368164062
158	1	999.3527221679688
158	2	0.30611109733581543
158	3	998.100341796875
158	4	-0.6215831637382507
158	5	11.952640533447266
158	6	996.0814819335938
158	7	-4.580225467681885
158	8	998.3790893554688
158	9	47.512367248535156
158	10	771.9114379882812
158	11	996.4365234375
158	12	49.00445556640625
158	13	832.934326171875
158	14	997.3739013671875
158	15	2.2826449871063232
158	16	49.88127136230469
158	17	984.9171142578125
159	0	56.064720153808594
159	1	-0.708212673664093
159	2	2.562385320663452
159	3	998.63330078125
159	4	999.2557983398438
159	5	53.157257080078125
159	6	998.982421875
159	7	57.54393005371094
159	8	999.7371215820312
159	9	999.2557983398438
159	10	994.0569458007812
159	11	998.0645141601562
159	12	785.8306884765625
159	13	2.465602159500122
159	14	985.8333740234375
159	15	844.7801513671875
159	16	59.54676055908203
159	17	-0.7149862051010132
159	18	1.3798012733459473
159	19	999.7674560546875
159	20	995.0477294921875
159	21	2.638857841491699
159	22	-0.8928234577178955
159	23	986.4773559570312
159	24	999.6148071289062
159	25	12.387615203857422
160	0	955.5912475585938
160	1	3.7032902240753174
160	2	990.35107421875
160	3	997.5492553710938
160	4	997.74072265625
160	5	996.2457885742188
160	6	996.8609619140625
160	7	778.283447265625
160	8	-1.4350416660308838
160	9	998.4144897460938
160	10	57.29758071899414
160	11	52.749961853027344
160	12	996.5424194335938
160	13	57.5036506652832
160	14	839.5784912109375
160	15	55.55805206298828
160	16	982.6673583984375
160	17	1.836512804031372
160	18	1.3798012733459473
160	19	3.960991144180298
160	20	998.6952514648438
160	21	988.7709350585938
160	22	-8.561232566833496
160	23	3.1955366134643555
160	24	996.4773559570312
160	25	13.83895492553711
161	0	778.5086059570312
161	1	3.447756052017212
161	2	48.5544548034668
161	3	992.9302368164062
161	4	2.229604721069336
161	5	3.9588475227355957
162	0	998.4654541015625
162	1	1000.2588500976562
162	2	1001.0862426757812
162	3	998.2534790039062
162	4	57.41454315185547
162	5	3.665600538253784
162	6	0.2623061239719391
162	7	781.6572265625
162	8	998.5458984375
162	9	999.7402954101562
162	10	52.28696060180664
162	11	998.184814453125
162	12	55.46062469482422
163	0	991.1837158203125
163	1	55.28086853027344
163	2	1000.423828125
163	3	998.646240234375
163	4	998.9716796875
163	5	55.56496047973633
163	6	781.6572265625
163	7	3.6029038429260254
163	8	54.59039306640625
163	9	0.23110288381576538
163	10	993.6398315429688
163	11	1000.423828125
163	12	999.9911499023438
164	0	-1.1005557775497437
164	1	998.6041259765625
164	2	1000.5921020507812
164	3	0.2942444086074829
164	4	1000.21826171875
164	5	999.69970703125
164	6	985.5004272460938
164	7	-0.341306209564209
164	8	997.1417236328125
164	9	997.7035522460938
164	10	52.81674575805664
164	11	55.878971099853516
164	12	3.115227222442627
164	13	57.459251403808594
164	14	789.5330810546875
164	15	998.6152954101562
165	0	982.842529296875
165	1	0.5838046073913574
165	2	999.0687255859375
165	3	-0.41421079635620117
165	4	1000.21826171875
165	5	1000.5921020507812
165	6	999.69970703125
165	7	-0.36781832575798035
165	8	52.81674575805664
165	9	783.3438720703125
165	10	3.278841018676758
165	11	997.1417236328125
165	12	998.6152954101562
165	13	56.968746185302734
165	14	56.867767333984375
165	15	997.7035522460938
166	0	997.74072265625
166	1	1.3798012733459473
166	2	982.6673583984375
166	3	1.836512804031372
166	4	996.5424194335938
166	5	997.74072265625
166	6	989.0564575195312
166	7	3.7032902240753174
166	8	-2.0716443061828613
166	9	55.30267333984375
166	10	778.283447265625
166	11	996.8609619140625
166	12	53.71066665649414
166	13	55.30071258544922
166	14	997.5492553710938
166	15	995.53369140625
167	0	974.9989013671875
167	1	1000.8064575195312
167	2	1000.8064575195312
167	3	56.31126022338867
167	4	991.1837158203125
167	5	54.59039306640625
167	6	998.9716796875
167	7	993.6398315429688
167	8	997.76708984375
167	9	999.9911499023438
167	10	781.6572265625
167	11	3.6029038429260254
167	12	54.35930252075195
167	13	-1.0720696449279785
168	0	974.9989013671875
168	1	1000.8064575195312
168	2	3.6029038429260254
168	3	55.28086853027344
168	4	56.05210876464844
168	5	57.05898666381836
168	6	996.4790649414062
168	7	-1.0720696449279785
168	8	997.76708984375
168	9	999.9911499023438
168	10	1000.8064575195312
168	11	781.6572265625
168	12	993.6398315429688
168	13	998.9716796875
169	0	-1.517719030380249
169	1	-0.7728457450866699
169	2	984.2733154296875
169	3	999.7402954101562
169	4	1000.2588500976562
169	5	1001.0862426757812
169	6	997.5070190429688
169	7	13.05925178527832
169	8	0.8297936916351318
169	9	999.1757202148438
169	10	998.0798950195312
169	11	1000.1004638671875
169	12	0.5510386228561401
169	13	55.52171325683594
169	14	846.9902954101562
169	15	57.67276382446289
169	16	998.2534790039062
169	17	58.562164306640625
169	18	3.665600538253784
169	19	781.810302734375
169	20	53.47474670410156
169	21	998.5458984375
169	22	992.8948364257812
170	0	1.836512804031372
170	1	997.74072265625
170	2	990.35107421875
170	3	-3.2456345558166504
170	4	982.6673583984375
170	5	998.4144897460938
170	6	788.0768432617188
170	7	995.53369140625
170	8	991.6513061523438
170	9	58.01988220214844
170	10	52.60942840576172
170	11	55.30071258544922
170	12	998.2373657226562
170	13	996.5424194335938
170	14	3.7032902240753174
170	15	839.5784912109375
170	16	55.55805206298828
170	17	1.3798012733459473
170	18	0.8702484965324402
170	19	996.4773559570312
170	20	995.9310913085938
170	21	13.83895492553711
170	22	996.77685546875
171	0	974.9989013671875
171	1	1000.8064575195312
171	2	55.28086853027344
171	3	55.56496047973633
171	4	54.75760269165039
171	5	998.646240234375
171	6	994.1217651367188
171	7	996.4790649414062
171	8	999.3736572265625
171	9	781.6572265625
171	10	3.6029038429260254
171	11	-1.3398278951644897
171	12	1000.8064575195312
171	13	999.9911499023438
172	0	997.595947265625
172	1	1.836512804031372
172	2	-3.5916669368743896
172	3	989.0131225585938
172	4	943.8677368164062
172	5	990.6604614257812
172	6	991.6762084960938
172	7	1.3798012733459473
172	8	968.6884155273438
173	0	-0.38483598828315735
173	1	999.3567504882812
173	2	984.4508666992188
173	3	0.5838046073913574
173	4	999.69970703125
173	5	999.0687255859375
173	6	1000.21826171875
173	7	999.7998657226562
173	8	-1.9247177839279175
174	0	969.8729858398438
174	1	989.0131225585938
174	2	945.47607421875
174	3	2.6503400802612305
174	4	989.0131225585938
174	5	996.4365234375
174	6	-3.5916669368743896
174	7	991.6762084960938
174	8	-0.6215831637382507
175	0	5.901249885559082
175	1	973.3715209960938
175	2	1001.9525146484375
175	3	-0.10618079453706741
175	4	996.26025390625
175	5	3.0447587966918945
175	6	-1.4814345836639404
175	7	3.560908317565918
175	8	-1.517719030380249
175	9	58.127986907958984
175	10	797.666748046875
175	11	58.469547271728516
175	12	52.39339065551758
175	13	841.290283203125
175	14	996.9502563476562
175	15	1001.0862426757812
176	0	56.41935729980469
176	1	-1.517719030380249
176	2	840.69384765625
176	3	55.72261428833008
176	4	1001.0862426757812
176	5	810.6301879882812
176	6	57.590274810791016
176	7	973.0894165039062
176	8	998.2534790039062
176	9	1000.1372680664062
176	10	3.0338308811187744
176	11	3.6087841987609863
176	12	1.0040465593338013
176	13	990.04638671875
176	14	4.11610746383667
176	15	-0.10618079453706741
177	0	4.316174507141113
177	1	991.5359497070312
177	2	0.5488983392715454
177	3	3.952604055404663
177	4	1002.0093994140625
177	5	4.025160312652588
177	6	986.5899047851562
177	7	0.05808637663722038
177	8	-0.8136230707168579
177	9	57.508819580078125
177	10	54.591651916503906
177	11	843.192626953125
177	12	781.1882934570312
177	13	51.80929946899414
177	14	997.44189453125
177	15	999.9560546875
177	16	998.333984375
177	17	11.847700119018555
177	18	998.897216796875
177	19	-0.46652308106422424
177	20	998.947265625
177	21	2.33638858795166
177	22	1000.099853515625
178	0	1000.1904907226562
178	1	987.179931640625
178	2	-2.1924760341644287
178	3	55.878971099853516
178	4	3.1086642742156982
178	5	55.73389434814453
178	6	783.3438720703125
178	7	998.4150390625
178	8	999.3567504882812
178	9	57.459251403808594
178	10	842.0286865234375
178	11	0.7508933544158936
178	12	13.194095611572266
178	13	998.7858276367188
178	14	0.5492216944694519
178	15	997.9166870117188
178	16	997.8490600585938
178	17	997.2169799804688
179	0	974.9989013671875
179	1	-1.3398278951644897
179	2	993.6398315429688
179	3	1000.1380615234375
179	4	13.969929695129395
179	5	997.76708984375
179	6	810.8461303710938
179	7	843.5196533203125
179	8	54.59039306640625
179	9	999.3736572265625
179	10	51.46033477783203
179	11	56.18982696533203
180	0	982.842529296875
180	1	999.8511352539062
180	2	-1.9247177839279175
180	3	49.23733901977539
180	4	56.9570198059082
180	5	57.32688903808594
180	6	783.3438720703125
180	7	1000.5921020507812
180	8	997.7035522460938
180	9	3.743323564529419
180	10	842.0286865234375
180	11	997.1417236328125
180	12	0.8702484965324402
180	13	996.4773559570312
180	14	995.9310913085938
180	15	996.77685546875
180	16	13.83895492553711
180	17	1.3798012733459473
181	0	-1.3398278951644897
181	1	974.9989013671875
181	2	994.1217651367188
181	3	781.6572265625
181	4	51.58176803588867
181	5	999.3736572265625
181	6	843.5196533203125
181	7	55.56496047973633
181	8	15.631582260131836
181	9	997.76708984375
181	10	54.59039306640625
181	11	1000.5481567382812
182	0	57.00261688232422
182	1	4.11610746383667
182	2	998.2534790039062
182	3	57.67276382446289
182	4	790.2473754882812
182	5	55.28178787231445
182	6	840.69384765625
182	7	999.8508911132812
182	8	-0.2134743183851242
182	9	999.2625732421875
182	10	3.523658275604248
182	11	3.819669246673584
182	12	-1.2525699138641357
182	13	-0.749622106552124
182	14	987.9931030273438
182	15	992.508544921875
183	0	981.6571655273438
183	1	989.454833984375
183	2	-2.1924760341644287
183	3	-0.011352804489433765
183	4	997.115966796875
183	5	0.2942444086074829
183	6	998.3181762695312
183	7	12.998638153076172
183	8	997.8193969726562
183	9	1000.5921020507812
183	10	842.0286865234375
183	11	783.3438720703125
183	12	3.743323564529419
183	13	57.35931396484375
183	14	57.32688903808594
183	15	55.50910186767578
183	16	998.4150390625
183	17	1000.01953125
184	0	982.842529296875
184	1	-2.1924760341644287
184	2	977.2686767578125
184	3	997.8490600585938
184	4	997.9166870117188
184	5	13.69122314453125
184	6	998.7858276367188
184	7	0.7508933544158936
184	8	0.5838046073913574
184	9	997.1417236328125
184	10	3.743323564529419
184	11	842.0286865234375
184	12	55.50910186767578
184	13	56.968746185302734
184	14	783.3438720703125
184	15	57.35931396484375
184	16	997.7035522460938
184	17	999.3567504882812
185	0	-7.408130168914795
185	1	34.22947692871094
185	2	-1.171319603919983
185	3	24.137502670288086
185	4	709.5697631835938
185	5	49.98320388793945
185	6	0.07385548204183578
185	7	47.82452392578125
185	8	7.132252216339111
185	9	10.608728408813477
185	10	53.349037170410156
186	0	985.8333740234375
186	1	47.84541702270508
186	2	-2.411078929901123
186	3	998.63330078125
186	4	51.44295120239258
186	5	785.8306884765625
186	6	999.7371215820312
186	7	998.982421875
186	8	711.0411376953125
186	9	57.54393005371094
186	10	62.040748596191406
186	11	2.9907586574554443
186	12	1003.7206420898438
186	13	3.9910576343536377
186	14	998.774169921875
186	15	1.7302852869033813
186	16	998.8701171875
186	17	-1.110660195350647
186	18	28.93578338623047
187	0	-2.1924760341644287
187	1	982.842529296875
187	2	47.207576751708984
187	3	0.5838046073913574
187	4	3.8742382526397705
187	5	-1.110660195350647
187	6	47.95363998413086
187	7	998.997802734375
187	8	999.0459594726562
187	9	997.1417236328125
187	10	55.878971099853516
187	11	3.743323564529419
187	12	789.5330810546875
187	13	56.558204650878906
187	14	997.7035522460938
187	15	53.539756774902344
187	16	1001.5113525390625
187	17	1000.5921020507812
187	18	711.0411376953125
188	0	781.810302734375
188	1	22.530948638916016
188	2	8.303839683532715
188	3	57.00261688232422
188	4	54.92338180541992
188	5	2.97225022315979
188	6	-1.517719030380249
188	7	29.86136817932129
188	8	1001.0862426757812
188	9	4.11610746383667
188	10	998.2534790039062
188	11	53.77562713623047
188	12	998.184814453125
188	13	6.7182722091674805
188	14	57.54783248901367
188	15	984.2733154296875
188	16	1001.6174926757812
188	17	988.8470458984375
188	18	710.68896484375
188	19	-0.8599010705947876
188	20	13.942386627197266
188	21	990.8165893554688
188	22	48.78564453125
188	23	1.1676238775253296
189	0	4.439566135406494
189	1	33.00587463378906
189	2	998.774169921875
189	3	0.3340120315551758
189	4	-0.21293680369853973
189	5	999.6148071289062
190	0	3.7409865856170654
190	1	-0.4389704763889313
190	2	999.7810668945312
190	3	997.1146240234375
190	4	4.23481559753418
190	5	998.9642333984375
190	6	-0.9940129518508911
190	7	15.691784858703613
190	8	0.10351891815662384
190	9	58.67890167236328
190	10	1001.5384521484375
190	11	50.01644515991211
190	12	721.9059448242188
190	13	764.4341430664062
190	14	59.48973846435547
190	15	999.2291259765625
190	16	1001.6292724609375
190	17	5.888486385345459
190	18	-18.908048629760742
190	19	995.9310913085938
190	20	1.3798012733459473
190	21	1005.0219116210938
191	0	2.341020107269287
191	1	-0.41421079635620117
191	2	0.7616724371910095
191	3	1000.2318115234375
191	4	13.91076374053955
191	5	970.0230712890625
191	6	-2.1924760341644287
191	7	989.057861328125
191	8	3.1086642742156982
192	0	31.365970611572266
192	1	996.805908203125
192	2	52.78969955444336
192	3	41.13275146484375
192	4	49.58639907836914
192	5	-3.2456345558166504
192	6	781.4149780273438
192	7	1.1232978105545044
192	8	21.828962326049805
192	9	16.97953224182129
192	10	997.5692138671875
192	11	58.90119552612305
192	12	999.4004516601562
192	13	4.116781711578369
192	14	998.5326538085938
192	15	14.2183837890625
192	16	727.6415405273438
192	17	49.975982666015625
192	18	1000.6929321289062
192	19	1.836512804031372
192	20	979.84326171875
192	21	0.7405729293823242
192	22	50.2913703918457
192	23	846.1354370117188
192	24	997.65673828125
192	25	-1.0152342319488525
192	26	5.261955261230469
192	27	997.06689453125
192	28	29.303810119628906
192	29	95.66338348388672
192	30	987.5718383789062
192	31	997.9786376953125
192	32	997.49658203125
192	33	989.287109375
192	34	71.11023712158203
193	0	999.765869140625
193	1	2.970818519592285
193	2	123.5696792602539
193	3	14.003178596496582
193	4	2.857571601867676
193	5	781.0719604492188
193	6	53.216407775878906
193	7	1000.1735229492188
193	8	42.90483093261719
194	0	1002.6740112304688
194	1	999.85498046875
194	2	997.4113159179688
194	3	58.13684844970703
194	4	996.6012573242188
194	5	998.908203125
194	6	-0.25420108437538147
194	7	997.0009155273438
194	8	727.6415405273438
194	9	778.283447265625
194	10	984.5868530273438
194	11	57.487159729003906
194	12	53.57828140258789
194	13	53.02419662475586
194	14	999.4004516601562
194	15	-0.6206897497177124
194	16	2.1641619205474854
194	17	5.90895938873291
194	18	141.57484436035156
194	19	985.1598510742188
194	20	-8.669469833374023
194	21	5.254184722900391
194	22	998.6952514648438
194	23	-0.5278667211532593
194	24	11.047308921813965
194	25	989.9268188476562
194	26	3.1955366134643555
195	0	781.6572265625
195	1	1001.9205322265625
195	2	1002.1027221679688
195	3	54.46070098876953
195	4	9.39666748046875
195	5	46.83249282836914
196	0	991.6505737304688
196	1	51.87250518798828
196	2	3.1123907566070557
196	3	5.526736259460449
196	4	141.57484436035156
196	5	771.9114379882812
197	0	1001.9810180664062
197	1	53.12740707397461
197	2	731.9150390625
197	3	40.55255126953125
197	4	5.526736259460449
197	5	991.6505737304688
197	6	47.06760025024414
197	7	167.17210388183594
197	8	771.9114379882812
197	9	999.7869262695312
197	10	49.155887603759766
197	11	4.025160312652588
197	12	0.5488983392715454
198	0	20.364994049072266
198	1	38.4405403137207
198	2	999.4248046875
198	3	53.57828140258789
198	4	33.690303802490234
198	5	989.0564575195312
198	6	58.374488830566406
198	7	20.35309600830078
198	8	32.93791198730469
198	9	1.0166810750961304
198	10	778.283447265625
198	11	23.54800033569336
198	12	997.5330810546875
198	13	141.57484436035156
198	14	5.901249885559082
198	15	960.2889404296875
198	16	59.47107696533203
198	17	729.1334228515625
198	18	-0.04804930463433266
198	19	999.7869262695312
198	20	14.965044975280762
198	21	988.6587524414062
198	22	53.11381149291992
198	23	3.728640079498291
198	24	1000.9446411132812
198	25	-3.3527276515960693
198	26	3.734806537628174
198	27	987.5548095703125
198	28	1007.05419921875
198	29	1002.0844116210938
198	30	996.1997680664062
198	31	1000.1277465820312
198	32	33.29476547241211
198	33	990.5321655273438
198	34	-2.961764097213745
198	35	7.9980010986328125
199	0	-2.411078929901123
199	1	22.662899017333984
199	2	50.418724060058594
199	3	44.43157196044922
199	4	999.7371215820312
199	5	2.356095552444458
199	6	39.49871063232422
199	7	998.63330078125
199	8	998.982421875
199	9	812.3076171875
199	10	181.56871032714844
199	11	57.54393005371094
199	12	37.59697341918945
199	13	45.04644775390625
199	14	5.055622100830078
199	15	729.1334228515625
199	16	61.719871520996094
199	17	988.5587158203125
199	18	1002.4295654296875
199	19	985.8333740234375
199	20	14.965044975280762
199	21	1000.9446411132812
199	22	0.827993631362915
199	23	1.7302852869033813
199	24	50.27761459350586
199	25	986.4988403320312
199	26	-3.3527276515960693
199	27	3.734806537628174
199	28	1002.168701171875
199	29	1001.7861938476562
199	30	998.774169921875
199	31	-0.9301042556762695
199	32	4.702502727508545
199	33	998.6580810546875
199	34	33.00587463378906
199	35	985.8876342773438
200	0	3.743323564529419
200	1	17.95050811767578
200	2	34.26743698120117
200	3	-2.1924760341644287
200	4	998.4150390625
200	5	812.1637573242188
200	6	27.407150268554688
200	7	41.996578216552734
200	8	173.37901306152344
200	9	55.878971099853516
200	10	2.4167840480804443
200	11	51.42430114746094
200	12	999.3567504882812
200	13	34.314476013183594
200	14	997.1417236328125
200	15	723.77880859375
200	16	1001.5113525390625
200	17	56.843711853027344
200	18	982.842529296875
200	19	-0.41421079635620117
200	20	0.5838046073913574
200	21	997.5612182617188
200	22	997.8490600585938
201	0	999.0613403320312
201	1	0.3340120315551758
201	2	-18.908048629760742
201	3	5.790003776550293
201	4	998.7398071289062
201	5	1.2337899208068848
201	6	986.4773559570312
201	7	1002.6908569335938
201	8	997.397705078125
202	0	998.862060546875
202	1	999.0613403320312
202	2	5.926746368408203
202	3	0.2994292378425598
202	4	0.12955309450626373
202	5	29.26801300048828
203	0	0.20000223815441132
203	1	29.26801300048828
203	2	6.977585792541504
203	3	999.0613403320312
203	4	0.3340120315551758
203	5	998.7398071289062
204	0	29.26801300048828
204	1	6.480462074279785
204	2	999.0613403320312
204	3	0.12955309450626373
204	4	0.3340120315551758
204	5	998.7398071289062
204	6	986.4773559570312
205	0	42.60440444946289
205	1	6.650232315063477
205	2	994.3707885742188
205	3	54.54853820800781
205	4	178.59768676757812
205	5	787.822509765625
205	6	48.542606353759766
205	7	-0.114048533141613
205	8	58.94791030883789
205	9	43.51893997192383
205	10	44.257808685302734
205	11	5.476561069488525
205	12	996.721923828125
205	13	1000.60986328125
205	14	22.530948638916016
205	15	14.856017112731934
205	16	999.5576171875
205	17	984.2679443359375
205	18	1000.3546142578125
205	19	54.69782257080078
205	20	730.3982543945312
205	21	50.2913703918457
205	22	987.9675903320312
205	23	1.3798012733459473
205	24	-0.5306128859519958
205	25	995.6373901367188
205	26	5.888486385345459
205	27	0.7366621494293213
205	28	995.9310913085938
205	29	-18.908048629760742
205	30	986.4773559570312
205	31	997.951171875
206	0	0.20000223815441132
206	1	7.132252216339111
206	2	998.7398071289062
206	3	999.0613403320312
206	4	29.26801300048828
206	5	0.2994292378425598
206	6	983.9537963867188
206	7	999.2745361328125
207	0	5.055622100830078
207	1	2.9907586574554443
207	2	181.56871032714844
207	3	47.016117095947266
207	4	41.36979675292969
207	5	52.3057975769043
207	6	57.54393005371094
207	7	785.8306884765625
207	8	38.615509033203125
207	9	999.1508178710938
207	10	-2.411078929901123
207	11	999.7371215820312
207	12	998.63330078125
207	13	22.662899017333984
207	14	28.487998962402344
207	15	1002.4295654296875
207	16	61.719871520996094
207	17	729.1334228515625
207	18	1.1390923261642456
207	19	0.5410618782043457
207	20	985.8333740234375
207	21	997.8707275390625
207	22	997.9710083007812
207	23	-1.5673922300338745
207	24	28.88022804260254
207	25	4.467488765716553
207	26	990.04638671875
207	27	1001.12060546875
208	0	998.7398071289062
208	1	0.07385548204183578
208	2	29.26801300048828
208	3	999.0613403320312
208	4	0.2994292378425598
208	5	6.480462074279785
208	6	983.9537963867188
208	7	1002.4911499023438
208	8	781.6572265625
208	9	999.1301879882812
208	10	14.003178596496582
208	11	50.33810806274414
208	12	40.559532165527344
208	13	1002.1027221679688
209	0	997.920166015625
209	1	718.9828491210938
209	2	58.03049850463867
209	3	33.72323989868164
209	4	50.79594039916992
209	5	776.4854736328125
209	6	49.87410354614258
209	7	181.4170684814453
209	8	990.1893310546875
209	9	1004.1240234375
209	10	2.6099600791931152
209	11	2.9734771251678467
209	12	-1.6635043621063232
209	13	70.90491485595703
209	14	29.088977813720703
209	15	-0.26658743619918823
209	16	3.1129062175750732
209	17	991.7119750976562
210	0	4.11610746383667
210	1	-1.517719030380249
210	2	0.5285900235176086
210	3	973.0894165039062
210	4	-0.40794333815574646
210	5	26.712223052978516
210	6	174.49264526367188
210	7	1000.1372680664062
210	8	992.1213989257812
210	9	70.92375946044922
210	10	2.7746593952178955
210	11	999.8295288085938
210	12	55.912841796875
210	13	723.4266357421875
210	14	58.07990264892578
210	15	781.810302734375
210	16	999.8508911132812
210	17	53.77562713623047
210	18	981.2936401367188
211	0	52.31550598144531
211	1	783.9427490234375
211	2	174.63394165039062
211	3	1001.9205322265625
211	4	2.4065089225769043
211	5	0.6870586276054382
211	6	20.29515266418457
212	0	988.5587158203125
212	1	26.712223052978516
212	2	174.49264526367188
212	3	999.9512939453125
212	4	986.4988403320312
212	5	2.7746593952178955
212	6	-2.411078929901123
212	7	76.18946075439453
212	8	0.8573684692382812
212	9	2.9907586574554443
212	10	0.018328094854950905
213	0	990.04638671875
213	1	-0.07680599391460419
213	2	1.2612411975860596
213	3	-1.517719030380249
213	4	973.0894165039062
213	5	1000.1372680664062
213	6	26.712223052978516
213	7	0.018328094854950905
213	8	70.92375946044922
213	9	4.11610746383667
213	10	174.49264526367188
214	0	0.09886305779218674
214	1	4.479621887207031
214	2	990.9987182617188
214	3	147.70819091796875
214	4	999.948486328125
214	5	984.2797241210938
214	6	37.92787551879883
214	7	997.23779296875
214	8	20.905811309814453
214	9	37.996761322021484
214	10	7.546655178070068
214	11	41.897186279296875
214	12	997.170654296875
214	13	722.559326171875
214	14	985.5492553710938
214	15	1000.0480346679688
214	16	998.662841796875
214	17	48.89951705932617
214	18	1001.44580078125
214	19	-0.7728457450866699
214	20	72.51791381835938
214	21	1001.8597412109375
214	22	983.9147338867188
214	23	62.4984245300293
214	24	56.478904724121094
214	25	1003.0614624023438
214	26	6.979355812072754
214	27	997.9763793945312
214	28	1001.4022827148438
214	29	24.836984634399414
214	30	998.0798950195312
214	31	-1.4126757383346558
214	32	1002.08544921875
214	33	-2.149740219116211
214	34	999.7852783203125
214	35	26.948776245117188
214	36	-0.2705410122871399
214	37	0.9051162004470825
214	38	40.92088317871094
214	39	768.6223754882812
214	40	38.08168029785156
214	41	41.01638412475586
214	42	1002.9143676757812
214	43	177.47750854492188
214	44	1000.590576171875
215	0	5.335008144378662
215	1	989.0564575195312
215	2	1.2454403638839722
215	3	1004.9678955078125
215	4	6.153835296630859
215	5	26.39259147644043
215	6	-9.772810935974121
215	7	198.40121459960938
215	8	999.0560302734375
216	0	986.5899047851562
216	1	-9.772810935974121
216	2	0.05808637663722038
216	3	1.9925421476364136
216	4	999.3157958984375
216	5	26.39259147644043
216	6	72.53343963623047
216	7	130.9237060546875
216	8	991.5359497070312
216	9	1.5105894804000854
216	10	5.335008144378662
216	11	1000.7420043945312
216	12	42.67822265625
216	13	809.1370849609375
216	14	997.4357299804688
216	15	58.50645446777344
216	16	727.3048095703125
216	17	989.0564575195312
216	18	52.94472122192383
216	19	42.03881072998047
217	0	997.4113159179688
217	1	7.988109111785889
217	2	29.563188552856445
217	3	-1.0152342319488525
217	4	2.1356303691864014
217	5	996.6012573242188
218	0	2.19836163520813
218	1	72.6607437133789
218	2	4.961884498596191
218	3	986.2977905273438
218	4	0.1273481398820877
218	5	28.927764892578125
218	6	5.091868877410889
218	7	179.62506103515625
218	8	-1.3354341983795166
218	9	990.5964965820312
218	10	1003.6902465820312
219	0	0.7635324597358704
219	1	990.04638671875
219	2	973.0894165039062
219	3	1.1477234363555908
219	4	-0.712083101272583
219	5	1001.4266357421875
219	6	-1.517719030380249
219	7	70.92375946044922
219	8	173.21646118164062
219	9	26.466751098632812
219	10	4.250246524810791
219	11	817.4266967773438
219	12	44.131595611572266
220	0	0.7635324597358704
220	1	990.04638671875
220	2	973.0894165039062
220	3	70.92375946044922
220	4	1001.4266357421875
220	5	173.21646118164062
220	6	2.4587597846984863
220	7	-0.712083101272583
220	8	26.466751098632812
220	9	-1.517719030380249
220	10	4.250246524810791
221	0	998.5326538085938
221	1	26.600908279418945
221	2	1.2844315767288208
221	3	1.4145927429199219
221	4	141.57484436035156
221	5	-9.144930839538574
221	6	986.4773559570312
221	7	4.116781711578369
221	8	70.90491485595703
221	9	-3.2456345558166504
221	10	846.1354370117188
222	0	973.0894165039062
222	1	999.9512939453125
222	2	1.2612411975860596
222	3	70.92375946044922
222	4	-0.40794333815574646
222	5	26.712223052978516
222	6	-1.517719030380249
222	7	4.11610746383667
222	8	174.49264526367188
222	9	0.018328094854950905
222	10	990.04638671875
223	0	990.04638671875
223	1	973.0894165039062
223	2	0.018328094854950905
223	3	999.9512939453125
223	4	1.1477234363555908
223	5	4.11610746383667
223	6	174.49264526367188
223	7	70.92375946044922
223	8	-1.517719030380249
223	9	26.712223052978516
223	10	-0.40794333815574646
224	0	0.5285900235176086
224	1	999.9512939453125
224	2	26.712223052978516
224	3	1.1477234363555908
224	4	990.04638671875
224	5	70.92375946044922
224	6	174.49264526367188
224	7	-1.517719030380249
224	8	973.0894165039062
224	9	-0.40794333815574646
224	10	4.11610746383667
225	0	973.0894165039062
225	1	174.49264526367188
225	2	990.04638671875
225	3	70.92375946044922
225	4	-0.40794333815574646
225	5	0.2441917508840561
225	6	999.9512939453125
225	7	0.9414408802986145
225	8	-1.517719030380249
225	9	3.481445074081421
225	10	26.712223052978516
226	0	-0.40794333815574646
226	1	973.0894165039062
226	2	26.712223052978516
226	3	174.49264526367188
226	4	999.9512939453125
226	5	-1.517719030380249
226	6	1.1121042966842651
226	7	4.11610746383667
226	8	990.04638671875
226	9	1.2612411975860596
226	10	70.92375946044922
226	11	998.4346313476562
226	12	998.5180053710938
226	13	1001.9693603515625
226	14	60.8830451965332
226	15	51.99904251098633
226	16	48.97441482543945
226	17	807.9061889648438
227	0	-3.0652682781219482
227	1	3.2190487384796143
227	2	988.5587158203125
227	3	26.85316276550293
227	4	1000.9446411132812
227	5	-2.411078929901123
227	6	0.5410618782043457
227	7	986.4988403320312
227	8	2.9907586574554443
227	9	181.56871032714844
227	10	76.18946075439453
227	11	57.97285842895508
227	12	1002.878662109375
227	13	998.982421875
227	14	52.3057975769043
227	15	59.47107696533203
227	16	785.8306884765625
227	17	1002.4295654296875
227	18	37.83623123168945
227	19	40.39500427246094
227	20	37.796287536621094
227	21	8.984506607055664
227	22	997.0234375
227	23	21.389820098876953
227	24	34.068172454833984
227	25	998.6318359375
227	26	723.03857421875
227	27	984.63916015625
227	28	50.71843719482422
227	29	0.3953515589237213
227	30	997.5182495117188
227	31	7.13337516784668
227	32	-0.2517227530479431
227	33	29.15757942199707
227	34	997.7908325195312
227	35	1002.3396606445312
228	0	-3.2456345558166504
228	1	-16.620851516723633
228	2	1.3512697219848633
228	3	35.7205810546875
228	4	1.8658875226974487
228	5	10.871745109558105
228	6	17.646728515625
228	7	982.6673583984375
228	8	989.0564575195312
228	9	788.0768432617188
228	10	998.2373657226562
228	11	4.116781711578369
228	12	56.915992736816406
228	13	51.299522399902344
228	14	33.690303802490234
228	15	141.57484436035156
228	16	995.53369140625
228	17	16.31965446472168
228	18	26.600908279418945
228	19	986.4773559570312
228	20	846.1354370117188
228	21	-9.144930839538574
228	22	998.5326538085938
228	23	70.90491485595703
228	24	2.9363651275634766
228	25	998.908203125
228	26	55.465118408203125
228	27	996.093994140625
228	28	34.06789016723633
228	29	722.3936767578125
229	0	-3.2456345558166504
229	1	-16.620851516723633
229	2	57.5036506652832
229	3	141.57484436035156
229	4	10.871745109558105
229	5	995.53369140625
229	6	52.340728759765625
229	7	4.116781711578369
229	8	990.35107421875
229	9	778.283447265625
229	10	997.5492553710938
229	11	42.692264556884766
229	12	17.646728515625
229	13	16.31965446472168
229	14	35.7205810546875
229	15	1.836512804031372
229	16	1.3798012733459473
229	17	982.6673583984375
229	18	2.9363651275634766
229	19	70.90491485595703
229	20	986.4773559570312
229	21	26.600908279418945
229	22	846.1354370117188
229	23	998.5326538085938
229	24	-9.144930839538574
229	25	999.7869262695312
229	26	57.009090423583984
229	27	1000.5438232421875
229	28	34.06789016723633
229	29	722.3936767578125
230	0	986.4988403320312
230	1	988.0875854492188
230	2	-3.575530529022217
230	3	-2.411078929901123
230	4	2.9907586574554443
230	5	1000.7788696289062
230	6	181.56871032714844
230	7	26.85316276550293
230	8	76.18946075439453
230	9	0.827993631362915
230	10	3.4756360054016113
230	11	57.54393005371094
230	12	785.8306884765625
230	13	998.1781005859375
230	14	50.418724060058594
230	15	60.799041748046875
230	16	998.982421875
230	17	1002.4295654296875
230	18	5.055622100830078
230	19	39.49871063232422
230	20	1000.6062622070312
230	21	45.04644775390625
230	22	998.63330078125
230	23	33.06517028808594
230	24	22.662899017333984
230	25	47.016117095947266
230	26	729.1334228515625
230	27	985.8333740234375
230	28	48.55381393432617
230	29	1.7302852869033813
230	30	24.257450103759766
230	31	996.6303100585938
230	32	2.0080230236053467
230	33	996.9695434570312
230	34	-2.090853691101074
230	35	999.081787109375
231	0	26.712223052978516
231	1	4.11610746383667
231	2	174.49264526367188
231	3	990.04638671875
231	4	2.7746593952178955
231	5	-1.517719030380249
231	6	973.416015625
231	7	70.92375946044922
231	8	0.018328094854950905
231	9	999.9512939453125
231	10	-0.40794333815574646
231	11	781.810302734375
231	12	52.4515266418457
231	13	998.1013793945312
231	14	58.562164306640625
231	15	998.2534790039062
231	16	1001.6174926757812
231	17	57.5291748046875
232	0	2.7746593952178955
232	1	4.11610746383667
232	2	973.0894165039062
232	3	0.5285900235176086
232	4	174.49264526367188
232	5	-0.40794333815574646
232	6	70.92375946044922
232	7	-1.517719030380249
232	8	26.712223052978516
232	9	990.04638671875
232	10	999.9512939453125
233	0	1.1477234363555908
233	1	-1.517719030380249
233	2	990.04638671875
233	3	174.49264526367188
233	4	-0.40794333815574646
233	5	70.92375946044922
233	6	0.2441917508840561
233	7	973.0894165039062
233	8	4.11610746383667
233	9	999.9512939453125
233	10	26.712223052978516
234	0	174.49264526367188
234	1	-0.40794333815574646
234	2	4.11610746383667
234	3	999.9512939453125
234	4	0.5285900235176086
234	5	26.852005004882812
234	6	1.1477234363555908
234	7	70.92375946044922
234	8	990.04638671875
234	9	-1.517719030380249
234	10	973.0894165039062
235	0	1.2612411975860596
235	1	990.04638671875
235	2	70.92375946044922
235	3	174.49264526367188
235	4	-1.517719030380249
235	5	973.0894165039062
235	6	-0.40794333815574646
235	7	999.9512939453125
235	8	26.712223052978516
235	9	4.11610746383667
235	10	0.5285900235176086
236	0	174.49264526367188
236	1	973.0894165039062
236	2	-1.517719030380249
236	3	-0.40794333815574646
236	4	999.9512939453125
236	5	4.11610746383667
236	6	26.712223052978516
236	7	0.018328094854950905
236	8	1.2612411975860596
236	9	990.04638671875
236	10	70.92375946044922
237	0	130.9237060546875
237	1	1.5105894804000854
237	2	5.345636367797852
237	3	-9.772810935974121
237	4	70.90491485595703
237	5	1.4145927429199219
237	6	999.0560302734375
237	7	-3.2456345558166504
237	8	26.39259147644043
237	9	846.1354370117188
237	10	986.4773559570312
237	11	1000.4053344726562
237	12	40.174781799316406
237	13	998.2752075195312
237	14	772.5703125
237	15	55.39628982543945
237	16	55.87947082519531
237	17	993.9093017578125
238	0	998.5074462890625
238	1	25.262414932250977
238	2	4.902606010437012
238	3	997.8032836914062
238	4	-1.7361201047897339
238	5	-1.7158666849136353
238	6	983.9537963867188
238	7	1001.6275024414062
239	0	42.25437927246094
239	1	21.20513916015625
239	2	43.18067932128906
239	3	1003.1596069335938
239	4	180.1298065185547
239	5	812.3076171875
239	6	-2.411078929901123
239	7	998.36279296875
239	8	26.055614471435547
239	9	43.14369201660156
239	10	998.9679565429688
239	11	38.51546096801758
239	12	7.509086608886719
239	13	3.8252737522125244
239	14	57.54393005371094
239	15	983.314697265625
239	16	53.268306732177734
239	17	61.94781494140625
239	18	725.3217163085938
239	19	988.5587158203125
239	20	1002.78857421875
239	21	0.2369215488433838
239	22	1.1390923261642456
239	23	1002.610595703125
239	24	26.644845962524414
240	0	778.283447265625
240	1	58.08055877685547
240	2	998.908203125
240	3	56.915992736816406
240	4	43.52686309814453
240	5	997.5347900390625
240	6	994.8966064453125
240	7	130.9237060546875
240	8	1.5105894804000854
240	9	1.9825366735458374
240	10	999.3157958984375
240	11	73.89192199707031
240	12	5.345636367797852
240	13	-3.2456345558166504
240	14	846.1354370117188
240	15	4.65716028213501
240	16	26.39259147644043
240	17	986.2977905273438
241	0	996.4669189453125
241	1	11.799386978149414
241	2	-5.230282783508301
241	3	31.074222564697266
241	4	997.2574462890625
241	5	-0.6206897497177124
241	6	1001.2691650390625
241	7	983.9537963867188
242	0	1.9080125093460083
242	1	1002.67919921875
242	2	0.2369215488433838
242	3	3.8252737522125244
242	4	26.644845962524414
242	5	76.18946075439453
242	6	180.1298065185547
242	7	990.04638671875
242	8	988.5587158203125
242	9	-2.411078929901123
242	10	1.2418410778045654
242	11	1002.4295654296875
242	12	998.9679565429688
242	13	61.94781494140625
242	14	57.97285842895508
242	15	998.1781005859375
242	16	785.8306884765625
242	17	41.408512115478516
243	0	41.13275146484375
243	1	173.21646118164062
243	2	57.00261688232422
243	3	42.341514587402344
243	4	2.8559775352478027
243	5	1000.1472778320312
243	6	996.805908203125
243	7	37.75879669189453
243	8	998.239013671875
243	9	0.7635324597358704
243	10	37.56734848022461
243	11	40.32279968261719
243	12	-1.517719030380249
243	13	810.6301879882812
243	14	16.97953224182129
243	15	1001.1434936523438
243	16	26.466751098632812
243	17	-0.712083101272583
243	18	979.84326171875
243	19	0.8012620210647583
243	20	973.0894165039062
243	21	723.3328857421875
243	22	1001.6174926757812
243	23	57.22500991821289
243	24	47.87835693359375
244	0	173.21646118164062
244	1	986.2977905273438
244	2	1001.1434936523438
244	3	-0.712083101272583
244	4	26.466751098632812
244	5	0.7635324597358704
244	6	72.6607437133789
244	7	3.9664087295532227
244	8	2.111539125442505
244	9	973.0894165039062
244	10	-1.517719030380249
244	11	58.82701110839844
244	12	994.4171142578125
244	13	1001.6174926757812
244	14	43.66561508178711
244	15	810.6301879882812
244	16	57.00261688232422
244	17	998.239013671875
245	0	-2.1924760341644287
245	1	999.2769165039062
245	2	40.97201919555664
245	3	996.3189697265625
245	4	41.03999710083008
245	5	5.666092872619629
245	6	57.32688903808594
245	7	812.1637573242188
245	8	0.43652862310409546
245	9	174.29641723632812
245	10	20.460338592529297
245	11	997.6890869140625
245	12	42.58644485473633
245	13	45.638057708740234
245	14	40.72926712036133
245	15	-1.0227222442626953
245	16	985.88232421875
245	17	0.8297936916351318
245	18	48.03361129760742
246	0	0.5838046073913574
246	1	22.715023040771484
246	2	40.6983757019043
246	3	999.3567504882812
246	4	43.733619689941406
246	5	982.842529296875
246	6	-1.0227222442626953
246	7	3.2004828453063965
246	8	1000.631103515625
246	9	1000.242919921875
246	10	812.1637573242188
246	11	56.968746185302734
246	12	41.996578216552734
246	13	17.95050811767578
246	14	997.1417236328125
246	15	43.516414642333984
246	16	-2.1924760341644287
246	17	174.29641723632812
246	18	998.4005737304688
246	19	0.390754759311676
246	20	1001.6555786132812
246	21	732.3184814453125
246	22	53.12740707397461
247	0	0.7965775728225708
247	1	73.89192199707031
247	2	1000.4531860351562
247	3	-1.517719030380249
247	4	0.8093062043190002
247	5	990.0919799804688
247	6	989.63525390625
247	7	4.941558837890625
247	8	-0.712083101272583
247	9	173.21646118164062
247	10	27.597318649291992
248	0	998.774169921875
248	1	-1.1348518133163452
248	2	4.661059379577637
248	3	997.9931640625
248	4	1.7302852869033813
248	5	27.579736709594727
249	0	998.7398071289062
249	1	0.3340120315551758
249	2	28.33047103881836
249	3	6.977585792541504
249	4	999.0613403320312
249	5	-1.2165794372558594
250	0	36.554805755615234
250	1	815.589599609375
250	2	57.701881408691406
250	3	994.3707885742188
250	4	26.660842895507812
250	5	42.082916259765625
250	6	32.5297966003418
250	7	1000.60986328125
250	8	44.257808685302734
250	9	45.05500411987305
250	10	5.7446064949035645
250	11	179.62506103515625
250	12	22.530948638916016
250	13	0.5661934018135071
250	14	996.3319702148438
250	15	984.2679443359375
250	16	-0.6140767931938171
250	17	28.927764892578125
250	18	1002.8859252929688
250	19	993.7879638671875
250	20	55.62309265136719
250	21	1000.3546142578125
250	22	730.3982543945312
250	23	48.567569732666016
250	24	1.1676238775253296
251	0	0.09886305779218674
251	1	737.4994506835938
251	2	43.367008209228516
251	3	999.2769165039062
251	4	41.03999710083008
251	5	177.1951141357422
251	6	42.16529083251953
251	7	20.460338592529297
251	8	5.666092872619629
251	9	40.942203521728516
251	10	781.0719604492188
251	11	58.01383590698242
251	12	5.061856269836426
251	13	42.58644485473633
251	14	997.2276611328125
251	15	-1.363918662071228
251	16	985.88232421875
251	17	0.8297936916351318
251	18	26.76336097717285
251	19	4.011240482330322
251	20	1000.64453125
251	21	1.6968632936477661
251	22	991.7119750976562
251	23	71.30593872070312
251	24	990.9987182617188
251	25	51.01348876953125
251	26	1000.2355346679688
251	27	727.9541625976562
251	28	48.03361129760742
251	29	999.948486328125
251	30	-1.133047342300415
251	31	995.3015747070312
251	32	9.639512062072754
251	33	997.4352416992188
251	34	31.148561477661133
251	35	1005.1808471679688
252	0	42.940086364746094
252	1	732.586181640625
252	2	57.70127487182617
252	3	42.06988525390625
252	4	-1.517719030380249
252	5	37.99669647216797
252	6	781.4149780273438
252	7	999.8508911132812
252	8	5.222750663757324
252	9	997.5547485351562
252	10	176.88258361816406
252	11	20.033430099487305
252	12	24.57988166809082
252	13	5.007658004760742
252	14	43.07296371459961
252	15	53.02419662475586
252	16	727.6415405273438
252	17	999.8164672851562
252	18	26.45081329345703
252	19	1000.6929321289062
252	20	990.1814575195312
252	21	984.2733154296875
252	22	0.7405729293823242
252	23	-1.3354341983795166
252	24	47.07353210449219
252	25	996.5894165039062
252	26	28.233089447021484
252	27	997.06689453125
252	28	6.1194915771484375
252	29	-1.6407818794250488
253	0	1006.8021240234375
253	1	31.952993392944336
253	2	689.1670532226562
253	3	999.3567504882812
253	4	982.842529296875
253	5	0.5838046073913574
253	6	22.715023040771484
253	7	40.6983757019043
253	8	-1.0227222442626953
253	9	43.766265869140625
253	10	783.3438720703125
253	11	55.878971099853516
253	12	174.29641723632812
253	13	17.95050811767578
253	14	-2.1924760341644287
253	15	0.390754759311676
253	16	3.2004828453063965
253	17	41.996578216552734
253	18	997.6890869140625
254	0	689.1670532226562
254	1	1003.4696044921875
254	2	-0.2231600433588028
254	3	999.3567504882812
254	4	40.6983757019043
254	5	22.715023040771484
254	6	982.842529296875
254	7	-1.0227222442626953
254	8	0.5838046073913574
254	9	174.29641723632812
254	10	783.3438720703125
254	11	57.32688903808594
254	12	41.996578216552734
254	13	0.43652862310409546
254	14	-2.1924760341644287
254	15	998.4005737304688
254	16	3.2004828453063965
254	17	17.95050811767578
254	18	41.40095901489258
255	0	998.239013671875
255	1	-1.517719030380249
255	2	0.7635324597358704
255	3	781.810302734375
255	4	18.783828735351562
255	5	999.8508911132812
255	6	41.56603240966797
255	7	173.21646118164062
255	8	57.00261688232422
255	9	39.957786560058594
255	10	42.654579162597656
255	11	28.436193466186523
255	12	41.30030822753906
255	13	41.78278732299805
255	14	689.96142578125
255	15	1000.3546142578125
255	16	730.3982543945312
255	17	53.0963020324707
255	18	984.2733154296875
255	19	47.201751708984375
255	20	1.1676238775253296
255	21	-0.712083101272583
255	22	27.597318649291992
255	23	1001.8475341796875
255	24	989.01318359375
256	0	689.1670532226562
256	1	-2.1924760341644287
256	2	31.952993392944336
256	3	174.29641723632812
256	4	0.390754759311676
256	5	997.6890869140625
256	6	783.3438720703125
256	7	41.996578216552734
256	8	999.3567504882812
256	9	43.766265869140625
256	10	56.968746185302734
256	11	40.6983757019043
256	12	3.2004828453063965
256	13	17.95050811767578
256	14	22.715023040771484
256	15	-1.0227222442626953
256	16	982.842529296875
256	17	0.5838046073913574
257	0	16.31965446472168
257	1	-15.779458999633789
257	2	35.7205810546875
257	3	17.646728515625
257	4	8.510231971740723
257	5	989.0564575195312
257	6	1.2454403638839722
257	7	982.6673583984375
257	8	1.3798012733459473
257	9	807.045654296875
257	10	998.222900390625
257	11	1000.2355346679688
257	12	130.9237060546875
257	13	5.345636367797852
257	14	53.54075622558594
257	15	56.80241394042969
257	16	727.9541625976562
257	17	43.52686309814453
257	18	40.85580062866211
257	19	687.720947265625
257	20	-3.2456345558166504
257	21	995.49609375
257	22	995.3540649414062
257	23	1002.5721435546875
257	24	39.707176208496094
257	25	26.76336097717285
257	26	1000.64453125
257	27	3.268169641494751
257	28	2.147731065750122
258	0	7.5597028732299805
258	1	990.52294921875
258	2	6.773104667663574
258	3	168.45077514648438
258	4	1.6300150156021118
258	5	801.0902709960938
258	6	1000.1914672851562
258	7	43.233821868896484
258	8	33.11152267456055
259	0	1002.1027221679688
259	1	781.6572265625
259	2	41.2360954284668
259	3	50.30378341674805
259	4	998.9156494140625
259	5	0.8647645711898804
259	6	175.73985290527344
259	7	4.892777919769287
259	8	10.06602668762207
260	0	-2.212993621826172
260	1	25.262414932250977
260	2	997.2574462890625
260	3	2.1652979850769043
260	4	4.902606010437012
260	5	996.4669189453125
261	0	181.76390075683594
261	1	1.4124406576156616
261	2	1005.42041015625
261	3	66.31503295898438
261	4	3.5389578342437744
261	5	18.02839469909668
261	6	-1.6635043621063232
261	7	982.3545532226562
261	8	6.741943359375
261	9	8.048730850219727
261	10	993.0821533203125
261	11	1.7302852869033813
261	12	-0.9301042556762695
261	13	6.523154258728027
261	14	997.9931640625
261	15	998.774169921875
261	16	31.879417419433594
261	17	84.74565887451172
261	18	1004.8582763671875
261	19	58.03049850463867
261	20	45.98369216918945
261	21	718.9828491210938
261	22	997.8778686523438
261	23	997.920166015625
261	24	52.401371002197266
261	25	797.666748046875
261	26	38.350337982177734
261	27	684.8443603515625
261	28	977.2017822265625
261	29	50.13327407836914
262	0	130.9237060546875
262	1	2.2725298404693604
262	2	999.3157958984375
262	3	70.90491485595703
262	4	-10.283074378967285
262	5	16.389324188232422
262	6	846.522705078125
262	7	-3.2456345558166504
262	8	5.811782360076904
262	9	6.207447052001953
262	10	986.4773559570312
262	11	8.46820068359375
262	12	1.3798012733459473
262	13	0.7366621494293213
262	14	996.8773803710938
262	15	995.9310913085938
262	16	-19.84821319580078
262	17	47.53520584106445
263	0	39.966670989990234
263	1	42.16612243652344
263	2	3.024306535720825
263	3	8.834875106811523
263	4	997.5547485351562
263	5	4.343384742736816
263	6	999.4004516601562
263	7	21.910085678100586
263	8	809.36376953125
263	9	41.18183517456055
263	10	39.939430236816406
263	11	173.21646118164062
263	12	58.50645446777344
263	13	83.77423095703125
263	14	-1.517719030380249
263	15	42.27234649658203
263	16	985.5004272460938
263	17	48.19624328613281
263	18	52.513126373291016
263	19	1000.7420043945312
263	20	727.3048095703125
263	21	15.684797286987305
263	22	977.1865844726562
263	23	1001.4266357421875
263	24	1.1676238775253296
264	0	16.910205841064453
264	1	986.5899047851562
264	2	5.56314754486084
264	3	180.1298065185547
264	4	1.4374874830245972
264	5	4.337193012237549
264	6	72.53343963623047
264	7	1002.610595703125
264	8	7.690843105316162
264	9	-2.411078929901123
264	10	996.1013793945312
264	11	-1.4375661611557007
264	12	27.811059951782227
264	13	1.7302852869033813
264	14	11.122742652893066
264	15	996.6384887695312
264	16	997.115966796875
265	0	0.7315776944160461
265	1	16.910205841064453
265	2	7.690843105316162
265	3	986.4988403320312
265	4	76.18946075439453
265	5	1002.67919921875
265	6	-2.411078929901123
265	7	996.1013793945312
265	8	1.0282946825027466
265	9	4.337193012237549
265	10	180.1298065185547
265	11	31.879417419433594
265	12	997.9931640625
265	13	6.523154258728027
265	14	998.774169921875
265	15	1.7302852869033813
265	16	-0.9301042556762695
266	0	3.282712936401367
266	1	87.25877380371094
266	2	986.0513916015625
266	3	-2.1924760341644287
266	4	46.92055130004883
266	5	51.01408004760742
266	6	41.54819107055664
266	7	1000.0657348632812
266	8	56.65823745727539
266	9	-0.6081578135490417
266	10	815.5401611328125
266	11	995.6475830078125
266	12	1000.2279052734375
266	13	174.29641723632812
266	14	731.165283203125
266	15	973.7658081054688
267	0	82.7798080444336
267	1	3.282712936401367
267	2	45.49546432495117
267	3	-2.1924760341644287
267	4	982.842529296875
267	5	723.77880859375
267	6	999.3567504882812
267	7	57.32688903808594
267	8	54.93619918823242
267	9	43.766265869140625
267	10	997.6890869140625
267	11	783.3438720703125
267	12	1002.2911376953125
267	13	973.7658081054688
267	14	174.29641723632812
267	15	-0.6081578135490417
268	0	45.49546432495117
268	1	-2.1924760341644287
268	2	3.282712936401367
268	3	982.842529296875
268	4	82.7798080444336
268	5	723.77880859375
268	6	812.1637573242188
268	7	43.516414642333984
268	8	56.664581298828125
268	9	1.0748823881149292
268	10	1002.2911376953125
268	11	174.29641723632812
268	12	999.3567504882812
268	13	58.05898666381836
268	14	997.6890869140625
268	15	973.7658081054688
269	0	-2.1924760341644287
269	1	982.842529296875
269	2	3.282712936401367
269	3	45.49546432495117
269	4	82.7798080444336
269	5	56.968746185302734
269	6	999.3567504882812
269	7	-0.6081578135490417
269	8	56.843711853027344
269	9	997.6890869140625
269	10	1001.5113525390625
269	11	783.3438720703125
269	12	174.29641723632812
269	13	723.77880859375
269	14	43.516414642333984
269	15	973.7658081054688
270	0	997.2993774414062
270	1	25.58236312866211
270	2	996.9601440429688
270	3	5.015593528747559
270	4	-1.817427396774292
270	5	-2.284254312515259
271	0	28.33047103881836
271	1	0.3340120315551758
271	2	998.7398071289062
271	3	6.480462074279785
271	4	999.0613403320312
271	5	-1.2165794372558594
271	6	1002.7821044921875
271	7	990.830810546875
272	0	994.3909912109375
272	1	6.888444900512695
272	2	0.05808637663722038
272	3	6.424367427825928
272	4	986.4988403320312
272	5	1001.49169921875
272	6	177.59591674804688
272	7	71.42304992675781
272	8	-0.14256705343723297
272	9	12.216897964477539
272	10	2.8366904258728027
272	11	998.774169921875
272	12	-0.9301042556762695
272	13	31.879417419433594
272	14	6.523154258728027
272	15	997.9931640625
272	16	1.7017537355422974
273	0	1.2418410778045654
273	1	1.0282946825027466
273	2	986.4988403320312
273	3	180.1298065185547
273	4	76.18946075439453
273	5	1002.67919921875
273	6	996.1013793945312
273	7	16.910205841064453
273	8	-2.411078929901123
273	9	7.690843105316162
273	10	4.337193012237549
273	11	31.879417419433594
273	12	1.7302852869033813
273	13	997.9931640625
273	14	6.523154258728027
273	15	-0.9301042556762695
273	16	998.774169921875
274	0	3.392967700958252
274	1	5.889049530029297
274	2	-0.9940129518508911
274	3	989.7708129882812
274	4	1.141493558883667
274	5	9.600224494934082
274	6	171.44212341308594
274	7	68.43008422851562
274	8	1005.0679321289062
274	9	15.810336112976074
274	10	1000.3424682617188
274	11	27.29875373840332
274	12	-5.230282783508301
274	13	7.447206497192383
274	14	998.3012084960938
274	15	1319.4517822265625
274	16	998.8067016601562
275	0	150.46420288085938
275	1	16.910205841064453
275	2	1002.67919921875
275	3	76.18946075439453
275	4	7.690843105316162
275	5	986.4988403320312
275	6	996.1013793945312
275	7	1.0282946825027466
275	8	180.1298065185547
275	9	0.7315776944160461
275	10	4.337193012237549
275	11	-2.411078929901123
275	12	1003.6420288085938
275	13	53.55552673339844
275	14	1002.5900268554688
275	15	780.7183837890625
275	16	45.50348663330078
275	17	1001.17724609375
275	18	60.329952239990234
275	19	726.8219604492188
275	20	42.99861145019531
275	21	84.33650207519531
275	22	51.564903259277344
275	23	983.8602294921875
276	0	49.32952117919922
276	1	9.600224494934082
276	2	-0.9940129518508911
276	3	986.6400146484375
276	4	999.2146606445312
276	5	163.62945556640625
276	6	58.34063720703125
276	7	1001.5384521484375
276	8	721.9059448242188
276	9	4.1745147705078125
276	10	57.55292892456055
276	11	796.692138671875
276	12	1001.6292724609375
276	13	41.817203521728516
276	14	998.8922729492188
276	15	1000.1277465820312
276	16	32.48051452636719
276	17	8.437705993652344
276	18	-0.6206897497177124
276	19	3.728640079498291
276	20	83.33354949951172
276	21	995.9223022460938
276	22	989.7708129882812
276	23	996.9808959960938
277	0	93.21638488769531
277	1	7.690843105316162
277	2	994.0302124023438
277	3	5.826374053955078
277	4	1001.0828857421875
277	5	-2.411078929901123
277	6	4.337193012237549
277	7	17.067596435546875
277	8	986.4988403320312
277	9	180.1298065185547
277	10	73.17141723632812
277	11	0.5278530120849609
278	0	44.61604690551758
278	1	3.392967700958252
278	2	87.38257598876953
278	3	33.126426696777344
278	4	-0.9940129518508911
278	5	9.600224494934082
278	6	39.64521789550781
278	7	995.6084594726562
278	8	1000.58740234375
278	9	7.586704730987549
278	10	57.95695495605469
278	11	44.744049072265625
278	12	20.35114097595215
278	13	817.8628540039062
278	14	171.44212341308594
278	15	23.354211807250977
278	16	54.26876449584961
278	17	998.001708984375
278	18	732.3184814453125
278	19	15.810336112976074
278	20	986.3902587890625
278	21	1005.0679321289062
278	22	1000.3424682617188
278	23	46.47032165527344
278	24	0.827018678188324
278	25	999.8529052734375
278	26	999.3710327148438
278	27	999.8900756835938
278	28	68.43008422851562
278	29	3.1419456005096436
278	30	989.7708129882812
278	31	6.071956157684326
278	32	983.1956176757812
278	33	997.4352416992188
278	34	996.1997680664062
278	35	31.148561477661133
278	36	8.138864517211914
278	37	-1.133047342300415
278	38	1001.209716796875
279	0	7.6790690422058105
279	1	989.454833984375
279	2	0.5661934018135071
279	3	49.18343734741211
279	4	88.01597595214844
279	5	43.301856994628906
279	6	60.733158111572266
279	7	998.647705078125
279	8	4.646285057067871
279	9	1001.2926635742188
279	10	1001.6555786132812
279	11	731.9150390625
279	12	795.9610595703125
279	13	55.61846923828125
279	14	179.62506103515625
279	15	997.7830810546875
279	16	9.731568336486816
279	17	998.2605590820312
279	18	32.606781005859375
279	19	2.3476405143737793
279	20	1.8191694021224976
279	21	1002.5469360351562
279	22	988.4861450195312
279	23	1001.5979614257812
280	0	173.21646118164062
280	1	1.294690489768982
280	2	999.8508911132812
280	3	998.239013671875
280	4	45.86550521850586
280	5	42.60440444946289
280	6	43.41576385498047
280	7	82.57496643066406
280	8	43.49129867553711
280	9	781.810302734375
280	10	4.343384742736816
280	11	44.257808685302734
280	12	6.650232315063477
280	13	56.69845199584961
280	14	-1.517719030380249
280	15	22.530948638916016
280	16	1002.3972778320312
280	17	14.999428749084473
280	18	984.2733154296875
280	19	57.22500991821289
280	20	723.4266357421875
280	21	1000.4531860351562
280	22	1.1390923261642456
280	23	992.4902954101562
280	24	47.699684143066406
281	0	989.0564575195312
281	1	41.248104095458984
281	2	40.85580062866211
281	3	-16.620851516723633
281	4	-3.2456345558166504
281	5	5.857555866241455
281	6	5.942299842834473
281	7	130.9237060546875
281	8	67.55992126464844
281	9	35.7205810546875
281	10	778.283447265625
281	11	16.31965446472168
281	12	55.30071258544922
281	13	997.5347900390625
281	14	8.510231971740723
281	15	17.646728515625
281	16	722.3936767578125
281	17	58.834041595458984
281	18	982.6673583984375
281	19	998.908203125
281	20	34.06789016723633
281	21	1.3798012733459473
281	22	999.0560302734375
281	23	16.389324188232422
281	24	846.522705078125
281	25	1000.0480346679688
281	26	28.233089447021484
282	0	7.81559944152832
282	1	978.6677856445312
282	2	997.4352416992188
282	3	-0.6215831637382507
282	4	18.033334732055664
282	5	987.5548095703125
282	6	8.138864517211914
282	7	997.6055297851562
282	8	4.788519382476807
282	9	47.0335693359375
283	0	3.115198850631714
283	1	0.05808637663722038
283	2	177.59591674804688
283	3	72.85921478271484
283	4	9.600224494934082
283	5	989.7708129882812
283	6	13.71275806427002
283	7	999.9972534179688
283	8	1005.0679321289062
283	9	3.256842613220215
283	10	3.392967700958252
283	11	27.29875373840332
283	12	-0.8784470558166504
283	13	7.489991664886475
283	14	-5.230282783508301
283	15	999.7591552734375
283	16	998.8067016601562
283	17	57.30653381347656
283	18	1001.8035888671875
283	19	40.0485725402832
283	20	33.15452194213867
283	21	19.558568954467773
283	22	0.035346344113349915
283	23	4.928838729858398
283	24	997.4357299804688
283	25	83.77423095703125
283	26	781.1882934570312
283	27	42.06645202636719
283	28	41.59502029418945
283	29	1000.7420043945312
283	30	727.3048095703125
283	31	52.54933166503906
283	32	985.5004272460938
283	33	48.18273162841797
283	34	998.8561401367188
283	35	998.9199829101562
283	36	987.7720336914062
283	37	981.8961791992188
283	38	982.3920288085938
284	0	-1.517719030380249
284	1	4.343384742736816
284	2	47.07353210449219
284	3	82.57496643066406
284	4	984.2733154296875
284	5	1001.6383666992188
285	0	180.02633666992188
285	1	21.655075073242188
285	2	7.6790690422058105
285	3	35.9215202331543
285	4	994.4305419921875
285	5	57.41367721557617
285	6	128.6240692138672
285	7	1001.494384765625
285	8	45.29899597167969
285	9	790.0957641601562
285	10	46.60912322998047
285	11	41.24008560180664
285	12	3.392967700958252
285	13	0.5661934018135071
285	14	43.82994842529297
285	15	5.477713108062744
285	16	55.87028503417969
285	17	2.6498706340789795
285	18	989.454833984375
285	19	999.6275634765625
285	20	17.067596435546875
285	21	732.3184814453125
285	22	49.144630432128906
285	23	994.0302124023438
285	24	1001.0828857421875
285	25	997.4352416992188
285	26	9.596728324890137
285	27	31.148561477661133
285	28	-1.133047342300415
285	29	996.1997680664062
285	30	998.4183959960938
285	31	987.5548095703125
285	32	5.734289646148682
286	0	67.55992126464844
286	1	778.283447265625
286	2	56.915992736816406
286	3	-31.135799407958984
286	4	997.5347900390625
286	5	35.7205810546875
286	6	-3.2456345558166504
286	7	40.85580062866211
286	8	990.7723388671875
286	9	-15.779458999633789
286	10	16.31965446472168
286	11	4.1745147705078125
286	12	43.50768280029297
286	13	5.942299842834473
286	14	130.9237060546875
286	15	8.510231971740723
286	16	982.6673583984375
286	17	1.3798012733459473
286	18	60.13187789916992
286	19	722.3936767578125
286	20	15.153068542480469
286	21	998.908203125
286	22	34.06789016723633
286	23	999.0560302734375
286	24	846.522705078125
286	25	996.8773803710938
286	26	0.7366621494293213
286	27	986.4773559570312
286	28	8.46820068359375
286	29	-19.84821319580078
286	30	995.9310913085938
286	31	1000.099853515625
287	0	998.7398071289062
287	1	6.480462074279785
287	2	983.9537963867188
287	3	999.0613403320312
287	4	0.39808160066604614
287	5	28.33047103881836
287	6	-0.733550488948822
288	0	985.4960327148438
288	1	6.957705020904541
288	2	84.16896057128906
288	3	48.17832565307617
288	4	0.1273481398820877
288	5	781.4149780273438
288	6	727.6415405273438
288	7	53.419586181640625
288	8	999.8825073242188
288	9	997.5547485351562
288	10	1000.6929321289062
288	11	43.38603973388672
288	12	993.61962890625
288	13	57.70127487182617
288	14	176.88258361816406
288	15	5.500828266143799
288	16	3.006563663482666
288	17	1000.6461181640625
288	18	15.732757568359375
288	19	-2.78546142578125
288	20	68.89374542236328
288	21	988.4861450195312
288	22	40.300498962402344
288	23	32.606781005859375
288	24	0.4160418212413788
288	25	998.2605590820312
288	26	1.8191694021224976
288	27	997.7830810546875
288	28	9.731568336486816
288	29	1001.9508666992188
289	0	1001.8035888671875
289	1	35.7402229309082
289	2	999.2146606445312
289	3	36.319480895996094
289	4	171.44212341308594
289	5	83.33354949951172
289	6	4.422035217285156
289	7	9.600224494934082
289	8	41.19578170776367
289	9	22.02908706665039
289	10	764.4341430664062
289	11	-0.9940129518508911
289	12	41.064090728759766
289	13	15.64543342590332
289	14	0.1622011512517929
289	15	58.34063720703125
289	16	986.6400146484375
289	17	1000.3424682617188
289	18	15.810336112976074
289	19	1001.5384521484375
289	20	721.9059448242188
289	21	58.389801025390625
289	22	49.32952117919922
289	23	1005.0679321289062
289	24	-5.169985294342041
289	25	5.794219017028809
289	26	998.8067016601562
289	27	998.3012084960938
289	28	-0.6328771710395813
289	29	27.29875373840332
290	0	729.1334228515625
290	1	180.1298065185547
290	2	785.8306884765625
290	3	1000.79150390625
290	4	998.9679565429688
290	5	57.97285842895508
290	6	61.94781494140625
290	7	42.485050201416016
290	8	1002.4295654296875
290	9	2.6541545391082764
290	10	7.690843105316162
290	11	989.9985961914062
290	12	996.1013793945312
290	13	79.142822265625
290	14	16.910205841064453
290	15	1002.67919921875
290	16	-2.411078929901123
290	17	6.741943359375
290	18	2.0213093757629395
290	19	41.36433410644531
291	0	996.8110961914062
291	1	6.329323768615723
291	2	1001.494384765625
291	3	0.5661934018135071
291	4	785.2490844726562
291	5	60.5308723449707
291	6	23.81333351135254
291	7	46.228450775146484
291	8	179.62506103515625
291	9	91.7528305053711
291	10	39.06856918334961
291	11	41.51216125488281
291	12	998.647705078125
291	13	7.597992897033691
291	14	43.11943435668945
291	15	45.52600860595703
291	16	7.6790690422058105
291	17	731.9150390625
291	18	56.05006408691406
291	19	1001.6555786132812
291	20	988.7197875976562
291	21	48.3610725402832
291	22	3.728640079498291
291	23	1003.6902465820312
291	24	16.06211280822754
291	25	998.8922729492188
291	26	1000.1277465820312
291	27	9.938346862792969
291	28	-0.41236233711242676
291	29	32.48051452636719
291	30	0.861941397190094
291	31	4.624563694000244
291	32	73.70679473876953
291	33	988.4861450195312
291	34	985.30517578125
292	0	72.6607437133789
292	1	0.1273481398820877
292	2	1.6700018644332886
292	3	998.816650390625
292	4	3.4991040229797363
292	5	986.2977905273438
292	6	6.957705020904541
292	7	176.88258361816406
292	8	14.049447059631348
292	9	1000.6461181640625
292	10	3.392967700958252
292	11	997.06689453125
292	12	0.7405729293823242
292	13	6.1194915771484375
292	14	-1.6407818794250488
292	15	28.233089447021484
292	16	996.5894165039062
292	17	57.70127487182617
292	18	84.16896057128906
292	19	781.4149780273438
292	20	999.8825073242188
292	21	29.429319381713867
292	22	42.06988525390625
292	23	20.033430099487305
292	24	40.300498962402344
292	25	997.5547485351562
292	26	33.62938690185547
292	27	3.9182231426239014
292	28	43.38603973388672
292	29	985.4960327148438
292	30	48.17832565307617
292	31	53.419586181640625
292	32	727.6415405273438
292	33	1000.6929321289062
293	0	42.519981384277344
293	1	56.915992736816406
293	2	722.3936767578125
293	3	42.692264556884766
293	4	60.13187789916992
293	5	788.0768432617188
293	6	130.9237060546875
293	7	990.7723388671875
293	8	999.0560302734375
293	9	-9.772810935974121
293	10	846.522705078125
293	11	5.942299842834473
293	12	2.1590139865875244
293	13	5.811782360076904
293	14	16.389324188232422
293	15	-3.2456345558166504
293	16	986.4773559570312
293	17	70.90491485595703
294	0	1000.79150390625
294	1	180.1298065185547
294	2	4.29141902923584
294	3	812.3076171875
294	4	61.94781494140625
294	5	999.214599609375
294	6	1001.5953979492188
294	7	42.485050201416016
294	8	729.1334228515625
294	9	57.54393005371094
294	10	41.36979675292969
294	11	16.910205841064453
294	12	7.690843105316162
294	13	76.18946075439453
294	14	986.4988403320312
294	15	1002.67919921875
294	16	-2.411078929901123
294	17	0.9574419260025024
294	18	996.1013793945312
294	19	2.7659499645233154
295	0	43.75753402709961
295	1	998.908203125
295	2	778.283447265625
295	3	56.80241394042969
295	4	997.5347900390625
295	5	58.834041595458984
295	6	-3.2456345558166504
295	7	846.522705078125
295	8	722.3936767578125
295	9	990.7723388671875
295	10	42.692264556884766
295	11	130.9237060546875
295	12	5.857555866241455
295	13	999.0560302734375
295	14	5.942299842834473
295	15	-10.283074378967285
295	16	986.4773559570312
295	17	70.90491485595703
295	18	1.1351360082626343
295	19	16.389324188232422
296	0	61.719871520996094
296	1	4.337193012237549
296	2	812.3076171875
296	3	42.485050201416016
296	4	1002.4295654296875
296	5	57.97285842895508
296	6	729.1334228515625
296	7	180.1298065185547
296	8	998.9679565429688
296	9	1000.79150390625
296	10	41.36979675292969
296	11	0.7315776944160461
296	12	1002.610595703125
296	13	1.2934437990188599
296	14	16.910205841064453
296	15	996.1013793945312
296	16	-2.411078929901123
296	17	7.690843105316162
296	18	76.18946075439453
296	19	986.4988403320312
297	0	5.857555866241455
297	1	55.465118408203125
297	2	778.283447265625
297	3	42.099300384521484
297	4	722.3936767578125
297	5	55.30071258544922
297	6	997.5347900390625
297	7	998.908203125
297	8	130.9237060546875
297	9	990.7723388671875
297	10	880.7824096679688
297	11	70.90491485595703
297	12	-3.2456345558166504
297	13	0.4419369697570801
297	14	986.4773559570312
297	15	-10.283074378967285
297	16	5.942299842834473
297	17	15.153068542480469
297	18	999.0560302734375
297	19	42.7214241027832
298	0	778.283447265625
298	1	56.16250991821289
298	2	722.3936767578125
298	3	998.908203125
298	4	41.642059326171875
298	5	5.811782360076904
298	6	130.9237060546875
298	7	990.7723388671875
298	8	997.5347900390625
298	9	58.08055877685547
298	10	846.522705078125
298	11	42.692264556884766
298	12	986.4773559570312
298	13	-3.2456345558166504
298	14	2.1590139865875244
298	15	5.942299842834473
298	16	16.389324188232422
298	17	-10.283074378967285
298	18	70.90491485595703
298	19	999.3157958984375
299	0	31.459136962890625
299	1	3.282712936401367
299	2	1001.1442260742188
299	3	38.51546096801758
299	4	-0.5617735981941223
299	5	38.512454986572266
299	6	983.314697265625
299	7	21.20513916015625
299	8	7.489535808563232
299	9	999.9885864257812
299	10	999.284423828125
299	11	723.77880859375
299	12	56.968746185302734
299	13	1.0748823881149292
299	14	783.3438720703125
299	15	174.29641723632812
299	16	997.6890869140625
299	17	56.539546966552734
299	18	1001.5113525390625
299	19	42.70696258544922
299	20	-2.1924760341644287
299	21	41.996578216552734
299	22	82.9396743774414
300	0	995.6373901367188
300	1	995.9310913085938
300	2	57.009090423583984
300	3	130.9237060546875
300	4	43.50768280029297
300	5	778.283447265625
300	6	56.80241394042969
300	7	998.908203125
300	8	4.1745147705078125
300	9	722.3936767578125
300	10	997.5347900390625
300	11	990.7723388671875
300	12	-15.779458999633789
300	13	16.31965446472168
300	14	-3.2456345558166504
300	15	40.85580062866211
300	16	67.55992126464844
300	17	17.646728515625
300	18	5.942299842834473
300	19	35.7205810546875
300	20	8.510231971740723
300	21	982.6673583984375
300	22	1.3798012733459473
301	0	29.359333038330078
301	1	999.0613403320312
301	2	-3.724724769592285
301	3	0.3340120315551758
301	4	7.623459339141846
301	5	998.7398071289062
302	0	6.480462074279785
302	1	0.3340120315551758
302	2	-0.6088271141052246
302	3	998.7398071289062
302	4	999.0613403320312
302	5	28.33047103881836
303	0	-0.6215831637382507
303	1	998.2310791015625
303	2	-3.8363654613494873
303	3	2.924363136291504
303	4	998.7398071289062
303	5	18.033334732055664
303	6	1002.5757446289062
303	7	991.7119750976562
304	0	988.4861450195312
304	1	993.0821533203125
304	2	71.42304992675781
304	3	6.971737861633301
304	4	198.79945373535156
304	5	3.880549192428589
304	6	2.92877459526062
304	7	-1.5412352085113525
304	8	12.216897964477539
304	9	2.5188541412353516
304	10	1000.761474609375
304	11	32.606781005859375
304	12	998.2605590820312
304	13	0.4160418212413788
304	14	10.366985321044922
304	15	1.7906378507614136
304	16	997.7830810546875
304	17	1000.4358520507812
304	18	995.7954711914062
304	19	1000.2279052734375
304	20	48.486812591552734
304	21	53.419437408447266
304	22	731.165283203125
304	23	788.5618896484375
304	24	43.20167922973633
304	25	41.90763473510742
305	0	40.88967514038086
305	1	52.34382629394531
305	2	7.934500694274902
305	3	998.9156494140625
305	4	998.799072265625
305	5	781.6572265625
305	6	175.73985290527344
306	0	1.2876001596450806
306	1	993.61962890625
306	2	999.824951171875
306	3	6.957705020904541
306	4	0.1273481398820877
306	5	9.852890968322754
306	6	15.307971954345703
306	7	5.54660177230835
306	8	986.2977905273438
306	9	72.6607437133789
306	10	171.98793029785156
306	11	0.7691043615341187
306	12	996.5894165039062
306	13	997.06689453125
306	14	7.6076202392578125
306	15	-1.6407818794250488
306	16	28.233089447021484
306	17	48.7342529296875
306	18	765.5570678710938
306	19	40.48399353027344
306	20	39.64521789550781
306	21	78.3148422241211
306	22	58.90119552612305
306	23	999.8825073242188
306	24	41.107810974121094
306	25	30.8653564453125
306	26	18.54634666442871
306	27	7.586704730987549
306	28	997.5547485351562
306	29	999.7581787109375
306	30	727.6415405273438
306	31	53.05669403076172
306	32	1000.6929321289062
306	33	985.1925659179688
306	34	50.18635940551758
306	35	999.081787109375
306	36	995.8739013671875
306	37	996.9808959960938
306	38	39.707176208496094
307	0	7.6790690422058105
307	1	0.5661934018135071
307	2	4.646285057067871
307	3	180.34230041503906
307	4	73.70679473876953
307	5	996.1951904296875
307	6	18.232574462890625
307	7	11.440723419189453
307	8	2.7114317417144775
307	9	1001.5230712890625
307	10	988.4861450195312
307	11	998.2605590820312
307	12	997.7830810546875
307	13	32.606781005859375
307	14	1.7906378507614136
307	15	9.731568336486816
307	16	1326.1859130859375
307	17	44.95545959472656
307	18	52.48943328857422
307	19	22.842363357543945
307	20	36.96421813964844
307	21	1001.494384765625
307	22	6.765532493591309
307	23	998.4951171875
307	24	32.63655471801758
307	25	785.7153930664062
307	26	88.01597595214844
307	27	60.5308723449707
307	28	45.377281188964844
307	29	55.687171936035156
307	30	1002.26025390625
307	31	731.9150390625
307	32	1001.6555786132812
307	33	989.454833984375
307	34	49.144630432128906
307	35	999.6087646484375
307	36	1001.7831420898438
307	37	1001.5979614257812
307	38	45.78195571899414
308	0	18.232574462890625
308	1	180.34230041503906
308	2	996.8110961914062
308	3	4.646285057067871
308	4	11.440723419189453
308	5	1002.2408447265625
308	6	0.63059002161026
308	7	0.5661934018135071
308	8	988.4861450195312
308	9	73.70679473876953
308	10	7.6790690422058105
308	11	32.606781005859375
308	12	997.7830810546875
308	13	1.7906378507614136
308	14	9.731568336486816
308	15	-26.667150497436523
308	16	998.2605590820312
308	17	43.730682373046875
308	18	45.377281188964844
308	19	989.454833984375
308	20	36.96421813964844
308	21	1001.494384765625
308	22	60.5308723449707
308	23	22.842363357543945
308	24	43.676422119140625
308	25	785.7153930664062
308	26	88.01597595214844
308	27	52.48943328857422
308	28	6.765532493591309
308	29	998.647705078125
308	30	49.18343734741211
308	31	53.196109771728516
308	32	999.8900756835938
308	33	1002.3523559570312
308	34	731.9150390625
308	35	1001.6555786132812
308	36	1002.26025390625
308	37	999.8529052734375
308	38	983.1956176757812
309	0	49.485984802246094
309	1	42.56836700439453
309	2	988.44140625
309	3	777.631591796875
309	4	1000.1914672851562
309	5	46.41402816772461
309	6	3.9910287857055664
309	7	989.5040283203125
309	8	3.437554121017456
309	9	167.34388732910156
309	10	1.7730395793914795
310	0	141.93666076660156
310	1	7.6790690422058105
310	2	6.329323768615723
310	3	998.6682739257812
310	4	73.70679473876953
310	5	11.262322425842285
310	6	2.3026130199432373
310	7	0.5661934018135071
310	8	17.600984573364258
310	9	988.4861450195312
310	10	996.8110961914062
310	11	0.4160418212413788
310	12	32.606781005859375
310	13	997.7830810546875
310	14	9.731568336486816
310	15	998.2605590820312
310	16	1.8191694021224976
311	0	780.8448486328125
311	1	995.6084594726562
311	2	51.9164924621582
311	3	58.49658203125
311	4	-3.2456345558166504
311	5	732.3184814453125
311	6	42.59554672241211
311	7	846.522705078125
311	8	1001.9291381835938
311	9	1000.1764526367188
311	10	1000.786376953125
311	11	141.93666076660156
311	12	2.096330165863037
311	13	17.600984573364258
311	14	998.6682739257812
311	15	11.350869178771973
311	16	5.857555866241455
311	17	70.90491485595703
311	18	986.4773559570312
311	19	5.942299842834473
311	20	54.21894454956055
312	0	16.6468505859375
312	1	1001.6070556640625
312	2	181.93356323242188
312	3	2.421081066131592
312	4	986.4988403320312
312	5	76.18946075439453
312	6	15.508133888244629
312	7	-2.411078929901123
312	8	7.690843105316162
312	9	4.337193012237549
312	10	996.1013793945312
312	11	998.62548828125
312	12	999.1043090820312
312	13	-1.276916742324829
312	14	9.691596031188965
312	15	29.04896354675293
312	16	0.827018678188324
312	17	80.02688598632812
313	0	997.5330810546875
313	1	45.6820182800293
313	2	6.329323768615723
313	3	797.2780151367188
313	4	52.177574157714844
313	5	734.8903198242188
313	6	180.34230041503906
313	7	984.5192260742188
313	8	1005.5737915039062
313	9	1001.9291381835938
313	10	58.374488830566406
313	11	0.5661934018135071
313	12	10.973417282104492
313	13	7.6790690422058105
313	14	16.322467803955078
313	15	988.4861450195312
313	16	2.505147933959961
313	17	73.70679473876953
313	18	996.8110961914062
313	19	1002.2408447265625
313	20	54.21894454956055
313	21	997.7830810546875
313	22	2.844769239425659
313	23	998.2605590820312
313	24	1.8191694021224976
313	25	9.731568336486816
313	26	32.606781005859375
314	0	147.70819091796875
314	1	14.855225563049316
314	2	5.030232906341553
314	3	-0.9940129518508911
314	4	9.600224494934082
314	5	989.7708129882812
314	6	16.872528076171875
314	7	171.98793029785156
314	8	1.1752911806106567
314	9	1005.0679321289062
314	10	68.43008422851562
314	11	999.824951171875
314	12	999.2146606445312
314	13	1001.5384521484375
314	14	1001.8035888671875
314	15	58.9495964050293
314	16	58.8145637512207
314	17	721.9059448242188
314	18	765.5570678710938
314	19	41.734527587890625
314	20	999.7581787109375
314	21	50.60533905029297
314	22	999.97216796875
314	23	1000.2819213867188
314	24	998.8067016601562
314	25	38.334781646728516
314	26	38.37010192871094
314	27	982.1688842773438
314	28	-5.230282783508301
314	29	30.313318252563477
314	30	-1.1300028562545776
314	31	27.29875373840332
314	32	998.3012084960938
314	33	7.489991664886475
314	34	999.9725952148438
314	35	984.1171875
315	0	-3.2456345558166504
315	1	22.02908706665039
315	2	80.02688598632812
315	3	6.28900146484375
315	4	5.942299842834473
315	5	52.23351287841797
315	6	30.259868621826172
315	7	778.350830078125
315	8	11.215826988220215
315	9	43.578590393066406
315	10	141.93666076660156
315	11	4.29141902923584
315	12	19.66620445251465
315	13	990.7723388671875
315	14	55.30071258544922
315	15	998.9679565429688
315	16	982.6673583984375
315	17	1.3798012733459473
315	18	63.08641052246094
315	19	16.6468505859375
315	20	1001.5990600585938
315	21	1002.8460083007812
315	22	729.1334228515625
315	23	1002.4295654296875
315	24	51.788692474365234
315	25	996.1013793945312
315	26	998.774169921875
315	27	995.6373901367188
315	28	-0.9301042556762695
315	29	6.77882719039917
315	30	31.879417419433594
315	31	1002.3396606445312
315	32	986.4988403320312
316	0	181.93356323242188
316	1	996.1013793945312
316	2	7.690843105316162
316	3	9.677726745605469
316	4	-2.411078929901123
316	5	4.29141902923584
316	6	986.4988403320312
316	7	1001.5990600585938
316	8	73.89192199707031
316	9	15.458612442016602
316	10	-1.160996675491333
316	11	-0.9301042556762695
316	12	997.9931640625
316	13	31.879417419433594
316	14	6.523154258728027
316	15	998.774169921875
316	16	1.7905828952789307
316	17	93.21638488769531
317	0	-0.9940129518508911
317	1	91.7528305053711
317	2	39.06856918334961
317	3	26.482900619506836
317	4	46.228450775146484
317	5	-5.230282783508301
317	6	1001.9291381835938
317	7	9.600224494934082
317	8	988.7197875976562
317	9	23.81333351135254
317	10	10.323203086853027
317	11	58.374488830566406
317	12	45.6820182800293
317	13	797.2780151367188
317	14	171.98793029785156
317	15	5.0760064125061035
317	16	50.06586456298828
317	17	997.5330810546875
317	18	16.872528076171875
317	19	2.3231167793273926
317	20	999.824951171875
317	21	68.43008422851562
317	22	15.038132667541504
317	23	1005.0679321289062
317	24	989.7708129882812
317	25	998.3012084960938
317	26	27.29875373840332
317	27	-1.1300028562545776
317	28	7.489991664886475
317	29	998.8067016601562
317	30	48.53062438964844
317	31	1005.5737915039062
317	32	1007.8436889648438
317	33	734.8903198242188
317	34	51.74369430541992
317	35	38.98693084716797
318	0	1.0291082859039307
318	1	38.522586822509766
318	2	17.95050811767578
318	3	40.6983757019043
318	4	45.49546432495117
318	5	1001.6708984375
318	6	3.282712936401367
318	7	55.878971099853516
318	8	55.95801544189453
318	9	3.2350056171417236
318	10	997.5612182617188
318	11	28.00137710571289
318	12	997.8490600585938
318	13	-1.7624555826187134
318	14	0.5838046073913574
318	15	999.85595703125
318	16	41.028202056884766
318	17	51.53782653808594
319	0	1.294690489768982
319	1	24.15021324157715
319	2	18.783828735351562
319	3	35.135093688964844
319	4	47.699684143066406
319	5	1001.1356201171875
319	6	4.343384742736816
319	7	55.912841796875
319	8	59.61204147338867
319	9	3.6739048957824707
319	10	997.8707275390625
319	11	27.94582176208496
319	12	998.1022338867188
319	13	-1.0702645778656006
319	14	1.1676238775253296
319	15	999.5235595703125
319	16	43.721797943115234
319	17	13.38234806060791
320	0	987.2562866210938
320	1	175.5803680419922
320	2	5.260705947875977
320	3	1.2575275897979736
320	4	7.690843105316162
320	5	998.1432495117188
320	6	991.0625
320	7	2.901672601699829
320	8	-0.25420108437538147
320	9	14.846732139587402
320	10	75.0880355834961
320	11	-0.9301042556762695
320	12	29.63793182373047
320	13	997.9931640625
320	14	998.41845703125
320	15	1.7302852869033813
320	16	6.523154258728027
320	17	1004.6481323242188
320	18	1000.6531372070312
320	19	42.30610656738281
320	20	63.46727752685547
320	21	62.738250732421875
320	22	731.4574584960938
320	23	49.49720001220703
320	24	790.8026123046875
320	25	998.0398559570312
321	0	3.9559996128082275
321	1	986.4988403320312
321	2	1001.5990600585938
321	3	181.93356323242188
321	4	76.18946075439453
321	5	16.6468505859375
321	6	1.897483229637146
321	7	-2.411078929901123
321	8	996.1013793945312
321	9	15.508133888244629
321	10	7.690843105316162
321	11	997.9931640625
321	12	-0.9301042556762695
321	13	1.7017537355422974
321	14	998.41845703125
321	15	6.523154258728027
321	16	29.63793182373047
321	17	62.738250732421875
321	18	1000.6531372070312
321	19	1003.0244750976562
321	20	42.30610656738281
321	21	729.1334228515625
321	22	50.905582427978516
321	23	58.69110107421875
321	24	784.841552734375
322	0	729.1334228515625
322	1	996.1013793945312
322	2	999.4295654296875
322	3	59.08086395263672
322	4	42.30610656738281
322	5	62.738250732421875
322	6	1001.7993774414062
322	7	-2.411078929901123
322	8	1003.0244750976562
322	9	1000.6531372070312
322	10	784.841552734375
322	11	50.91104507446289
322	12	181.93356323242188
322	13	3.9102261066436768
322	14	15.458612442016602
322	15	1.897483229637146
322	16	15.60021686553955
322	17	1001.6070556640625
322	18	7.690843105316162
322	19	986.4988403320312
322	20	76.18946075439453
322	21	1001.79541015625
322	22	996.709228515625
322	23	998.41845703125
322	24	997.9931640625
322	25	6.523154258728027
322	26	-0.9301042556762695
322	27	1.7302852869033813
322	28	29.63793182373047
322	29	988.3659057617188
322	30	40.01545715332031
322	31	29.572511672973633
322	32	36.22473907470703
322	33	983.9305419921875
322	34	999.009521484375
322	35	41.34497833251953
323	0	985.54443359375
323	1	1.1676238775253296
323	2	997.8707275390625
323	3	998.1022338867188
323	4	25.704326629638672
323	5	3.6739048957824707
323	6	-1.5673922300338745
323	7	174.82711791992188
323	8	1000.2172241210938
323	9	2.704746723175049
323	10	1.4770536422729492
323	11	15.367313385009766
324	0	985.4960327148438
324	1	6.957705020904541
324	2	0.1273481398820877
324	3	51.42110061645508
324	4	82.59705352783203
324	5	997.5547485351562
324	6	141.93666076660156
324	7	3.4823694229125977
324	8	999.9956665039062
324	9	53.01820373535156
324	10	1000.6929321289062
324	11	727.6415405273438
324	12	59.544185638427734
324	13	42.99028778076172
324	14	781.071533203125
324	15	999.744140625
324	16	995.6373901367188
324	17	0.7366621494293213
324	18	6.77882719039917
324	19	995.5753784179688
324	20	1.3798012733459473
324	21	-22.089710235595703
