157	0	-2.7675881385803223
157	1	-1.3687021732330322
157	2	3.589132070541382
157	3	3.589132070541382
157	4	2.7978155612945557
157	5	-2.4877572059631348
157	6	-2.2707979679107666
157	7	3.533132314682007
157	8	-3.241117477416992
157	9	-2.942943572998047
157	10	2.7978155612945557
157	11	-2.2016875743865967
157	12	-2.942943572998047
157	13	2.508121967315674
157	14	-2.6920766830444336
157	15	1.369083285331726
157	16	-1.453818678855896
157	17	-1.0872249603271484
157	18	-0.3027891218662262
157	19	0.7856667041778564
157	20	2.3970401287078857
157	21	-0.9126749038696289
157	22	-0.9119216203689575
157	23	-3.2857494354248047
157	24	-2.2707979679107666
157	25	2.7978155612945557
158	0	-2.816436529159546
158	1	2.714059352874756
158	2	-2.759063482284546
158	3	2.7978155612945557
158	4	-2.2016875743865967
158	5	-2.2016875743865967
158	6	2.7978155612945557
158	7	-2.2707979679107666
158	8	2.788299798965454
158	9	-3.2877352237701416
158	10	-3.224616289138794
158	11	2.788299798965454
158	12	-2.9084579944610596
158	13	-0.9119216203689575
158	14	2.788299798965454
158	15	-2.2016875743865967
158	16	-2.9084579944610596
158	17	1.331961989402771
159	0	-2.942943572998047
159	1	-2.7675881385803223
159	2	-2.2016875743865967
159	3	1.369083285331726
159	4	3.574833631515503
159	5	-2.6920766830444336
159	6	2.7978155612945557
159	7	-2.942943572998047
159	8	2.7978155612945557
159	9	3.574833631515503
159	10	2.5830748081207275
159	11	3.518833875656128
159	12	-3.241117477416992
159	13	-1.5229289531707764
159	14	-2.779315233230591
159	15	-0.9119216203689575
159	16	-3.2857494354248047
159	17	-1.5125706195831299
159	18	-2.2016875743865967
159	19	2.3970401287078857
159	20	0.7856667041778564
159	21	-0.9817851781845093
159	22	-1.1563352346420288
159	23	-0.3027891218662262
159	24	2.7978155612945557
159	25	-2.2016875743865967
160	0	0.7856667041778564
160	1	-2.2016875743865967
160	2	2.7978155612945557
160	3	2.7978155612945557
160	4	3.574833631515503
160	5	1.369083285331726
160	6	2.5830748081207275
160	7	-3.241117477416992
160	8	-2.7675881385803223
160	9	3.574833631515503
160	10	-2.942943572998047
160	11	-2.6229662895202637
160	12	3.518833875656128
160	13	-2.942943572998047
160	14	-0.9119216203689575
160	15	-3.2857494354248047
160	16	-2.779315233230591
160	17	-1.3687021732330322
160	18	-2.2016875743865967
160	19	-1.453818678855896
160	20	2.3970401287078857
160	21	-0.45736613869667053
160	22	-1.0872249603271484
160	23	-0.9126749038696289
160	24	2.7978155612945557
160	25	-2.2016875743865967
161	0	-3.2494454383850098
161	1	-1.453818678855896
161	2	-2.9084579944610596
161	3	2.387524366378784
161	4	-0.9126749038696289
161	5	-1.0872249603271484
162	0	2.5830748081207275
162	1	3.574833631515503
162	2	2.7978155612945557
162	3	2.7978155612945557
162	4	-2.9084579944610596
162	5	-2.2016875743865967
162	6	-2.759063482284546
162	7	-3.224616289138794
162	8	3.518833875656128
162	9	3.574833631515503
162	10	-2.6144416332244873
162	11	1.369083285331726
162	12	-2.9084579944610596
163	0	2.45430064201355
163	1	-2.6144416332244873
163	2	3.5086967945098877
163	3	2.788299798965454
163	4	2.788299798965454
163	5	-2.9084579944610596
163	6	-3.224616289138794
163	7	-2.2016875743865967
163	8	-2.9084579944610596
163	9	-2.759063482284546
163	10	1.331961989402771
163	11	3.5086967945098877
163	12	3.440774440765381
164	0	-1.5125706195831299
164	1	3.440774440765381
164	2	2.788299798965454
164	3	-2.2707979679107666
164	4	3.5086967945098877
164	5	3.5086967945098877
164	6	-2.779315233230591
164	7	-2.759063482284546
164	8	1.331961989402771
164	9	2.788299798965454
164	10	-2.6144416332244873
164	11	-2.9084579944610596
164	12	-2.2016875743865967
164	13	-2.9084579944610596
164	14	-3.2494454383850098
164	15	2.45430064201355
165	0	-2.816436529159546
165	1	-2.2016875743865967
165	2	3.440774440765381
165	3	-1.3687021732330322
165	4	3.5086967945098877
165	5	2.788299798965454
165	6	3.5086967945098877
165	7	-2.759063482284546
165	8	-2.6144416332244873
165	9	-3.224616289138794
165	10	-2.2016875743865967
165	11	1.331961989402771
165	12	2.45430064201355
165	13	-2.9084579944610596
165	14	-2.9084579944610596
165	15	2.788299798965454
166	0	3.574833631515503
166	1	-2.2016875743865967
166	2	-2.779315233230591
166	3	-1.3687021732330322
166	4	3.518833875656128
166	5	3.574833631515503
166	6	2.7978155612945557
166	7	-2.2016875743865967
166	8	-2.7675881385803223
166	9	-2.942943572998047
166	10	-3.241117477416992
166	11	2.5830748081207275
166	12	-2.6229662895202637
166	13	-2.942943572998047
166	14	2.7978155612945557
166	15	1.369083285331726
167	0	-2.816436529159546
167	1	3.5086967945098877
167	2	3.5086967945098877
167	3	-2.9084579944610596
167	4	2.45430064201355
167	5	-2.9084579944610596
167	6	2.788299798965454
167	7	1.331961989402771
167	8	2.788299798965454
167	9	3.440774440765381
167	10	-3.224616289138794
167	11	-2.2016875743865967
167	12	-2.6144416332244873
167	13	-2.759063482284546
168	0	-2.816436529159546
168	1	3.5086967945098877
168	2	-2.2016875743865967
168	3	-2.6144416332244873
168	4	-2.9084579944610596
168	5	-2.9084579944610596
168	6	2.45430064201355
168	7	-2.759063482284546
168	8	2.788299798965454
168	9	3.440774440765381
168	10	3.5086967945098877
168	11	-3.224616289138794
168	12	1.331961989402771
168	13	2.788299798965454
169	0	-2.759063482284546
169	1	-1.5125706195831299
169	2	-2.779315233230591
169	3	3.574833631515503
169	4	3.574833631515503
169	5	2.7978155612945557
169	6	1.369083285331726
169	7	-2.2707979679107666
169	8	-2.2707979679107666
169	9	2.7978155612945557
169	10	2.7978155612945557
169	11	2.7978155612945557
169	12	-2.2707979679107666
169	13	-2.803539991378784
169	14	-0.9810320138931274
169	15	-2.9084579944610596
169	16	2.7978155612945557
169	17	-2.9084579944610596
169	18	-2.2016875743865967
169	19	-3.224616289138794
169	20	-2.6144416332244873
169	21	3.518833875656128
169	22	2.5830748081207275
170	0	-1.3687021732330322
170	1	3.574833631515503
170	2	2.7978155612945557
170	3	-2.7675881385803223
170	4	-2.779315233230591
170	5	3.574833631515503
170	6	-3.324570894241333
170	7	1.369083285331726
170	8	2.5830748081207275
170	9	-2.942943572998047
170	10	-2.6229662895202637
170	11	-2.942943572998047
170	12	2.7978155612945557
170	13	3.518833875656128
170	14	-2.2016875743865967
170	15	-0.9119216203689575
170	16	-3.2857494354248047
170	17	-2.2016875743865967
170	18	-2.2016875743865967
170	19	2.7978155612945557
170	20	2.7978155612945557
170	21	-2.2016875743865967
170	22	2.7978155612945557
171	0	-2.816436529159546
171	1	3.5086967945098877
171	2	-2.6144416332244873
171	3	-2.9084579944610596
171	4	-2.9084579944610596
171	5	2.788299798965454
171	6	1.331961989402771
171	7	2.45430064201355
171	8	2.788299798965454
171	9	-3.224616289138794
171	10	-2.2016875743865967
171	11	-2.759063482284546
171	12	3.5086967945098877
171	13	3.440774440765381
172	0	2.788299798965454
172	1	-1.3687021732330322
172	2	-2.759063482284546
172	3	3.5086967945098877
172	4	-2.816436529159546
172	5	3.5086967945098877
172	6	3.440774440765381
172	7	-2.2016875743865967
172	8	2.45430064201355
173	0	-1.3687021732330322
173	1	2.788299798965454
173	2	-2.973794460296631
173	3	-2.2016875743865967
173	4	3.5086967945098877
173	5	3.440774440765381
173	6	3.5086967945098877
173	7	-1.5288105010986328
173	8	-2.759063482284546
174	0	-1.5288105010986328
174	1	3.5086967945098877
174	2	-2.973794460296631
174	3	-1.3687021732330322
174	4	3.5086967945098877
174	5	2.788299798965454
174	6	-2.759063482284546
174	7	3.440774440765381
174	8	-2.2016875743865967
175	0	-2.2707979679107666
175	1	0.7856667041778564
175	2	2.714059352874756
175	3	-1.3687021732330322
175	4	0.07460944354534149
175	5	-0.9817851781845093
175	6	-1.1563352346420288
175	7	-1.2059097290039062
175	8	-2.759063482284546
175	9	-3.012053966522217
175	10	-3.310227870941162
175	11	-3.012053966522217
175	12	-3.0633015632629395
175	13	-0.9810320138931274
175	14	2.7978155612945557
175	15	2.7978155612945557
176	0	-3.2857494354248047
176	1	-2.759063482284546
176	2	-0.9119216203689575
176	3	-2.9084579944610596
176	4	2.7978155612945557
176	5	-3.224616289138794
176	6	-2.9084579944610596
176	7	0.7856667041778564
176	8	2.7978155612945557
176	9	2.3970401287078857
176	10	-0.9126749038696289
176	11	-1.453818678855896
176	12	-1.0872249603271484
176	13	-0.2503051161766052
176	14	-2.2016875743865967
176	15	-1.3687021732330322
177	0	-2.2707979679107666
177	1	0.7856667041778564
177	2	-1.1563352346420288
177	3	-1.5229289531707764
177	4	2.3970401287078857
177	5	-0.9817851781845093
177	6	-0.3777419626712799
177	7	-2.7675881385803223
177	8	-1.5125706195831299
177	9	-3.012053966522217
177	10	-3.012053966522217
177	11	-0.9810320138931274
177	12	-3.310227870941162
177	13	-3.3548595905303955
177	14	2.7978155612945557
177	15	2.7978155612945557
177	16	2.7978155612945557
177	17	-2.2707979679107666
177	18	2.7978155612945557
177	19	-2.2707979679107666
177	20	2.7978155612945557
177	21	-2.2707979679107666
177	22	2.714059352874756
178	0	2.714059352874756
178	1	-2.682236433029175
178	2	-2.759063482284546
178	3	-2.9084579944610596
178	4	-2.2016875743865967
178	5	-3.2857494354248047
178	6	-3.224616289138794
178	7	2.788299798965454
178	8	2.788299798965454
178	9	-2.9084579944610596
178	10	-0.9119216203689575
178	11	-2.2016875743865967
178	12	-2.2016875743865967
178	13	2.788299798965454
178	14	-2.2016875743865967
178	15	2.788299798965454
178	16	2.788299798965454
178	17	1.369083285331726
179	0	-2.816436529159546
179	1	-2.759063482284546
179	2	1.331961989402771
179	3	2.387524366378784
179	4	-2.2016875743865967
179	5	2.788299798965454
179	6	-3.224616289138794
179	7	-0.9119216203689575
179	8	-2.9084579944610596
179	9	2.788299798965454
179	10	-3.2857494354248047
179	11	-2.9084579944610596
180	0	-2.816436529159546
180	1	2.387524366378784
180	2	-2.759063482284546
180	3	-3.2857494354248047
180	4	-2.9084579944610596
180	5	-2.9084579944610596
180	6	-3.224616289138794
180	7	2.788299798965454
180	8	2.788299798965454
180	9	-2.2016875743865967
180	10	-0.9119216203689575
180	11	1.331961989402771
180	12	-2.2016875743865967
180	13	2.7978155612945557
180	14	2.7978155612945557
180	15	2.7978155612945557
180	16	-2.2016875743865967
180	17	-2.2016875743865967
181	0	-2.759063482284546
181	1	-2.816436529159546
181	2	1.331961989402771
181	3	-3.224616289138794
181	4	-3.2857494354248047
181	5	2.788299798965454
181	6	-0.9119216203689575
181	7	-2.9084579944610596
181	8	-2.2016875743865967
181	9	2.788299798965454
181	10	-2.9084579944610596
181	11	2.387524366378784
182	0	-2.9084579944610596
182	1	-2.2016875743865967
182	2	2.7978155612945557
182	3	-2.9084579944610596
182	4	-3.2494454383850098
182	5	-3.2857494354248047
182	6	-0.9119216203689575
182	7	2.7978155612945557
182	8	-1.1563352346420288
182	9	2.322087287902832
182	10	-0.9817851781845093
182	11	-1.5978819131851196
182	12	-2.759063482284546
182	13	-1.5125706195831299
182	14	0.7856667041778564
182	15	-0.5323189496994019
183	0	2.7978155612945557
183	1	-2.779315233230591
183	2	-2.759063482284546
183	3	-2.2707979679107666
183	4	2.7978155612945557
183	5	-2.2707979679107666
183	6	2.7978155612945557
183	7	-2.2707979679107666
183	8	2.7978155612945557
183	9	2.788299798965454
183	10	-0.9119216203689575
183	11	-3.224616289138794
183	12	-2.2016875743865967
183	13	-3.2877352237701416
183	14	-2.9084579944610596
183	15	-2.9084579944610596
183	16	2.788299798965454
183	17	1.369083285331726
184	0	-2.816436529159546
184	1	-2.759063482284546
184	2	2.788299798965454
184	3	2.788299798965454
184	4	2.788299798965454
184	5	-2.2016875743865967
184	6	2.788299798965454
184	7	-2.2016875743865967
184	8	-2.2016875743865967
184	9	1.331961989402771
184	10	-2.2016875743865967
184	11	-0.9119216203689575
184	12	-2.9084579944610596
184	13	-2.9084579944610596
184	14	-3.224616289138794
184	15	-3.2877352237701416
184	16	2.788299798965454
184	17	2.788299798965454
185	0	0.6295831203460693
185	1	-2.860072135925293
185	2	0.7093139886856079
185	3	-2.7329022884368896
185	4	-2.229081392288208
185	5	-2.7812626361846924
185	6	-2.2016875743865967
185	7	-2.886138916015625
185	8	-3.036817789077759
185	9	-3.170027494430542
185	10	-2.9060211181640625
186	0	-2.779315233230591
186	1	-2.7812626361846924
186	2	-2.7675881385803223
186	3	1.369083285331726
186	4	-2.9060211181640625
186	5	-3.241117477416992
186	6	2.7978155612945557
186	7	2.7978155612945557
186	8	-2.229081392288208
186	9	-2.942943572998047
186	10	-3.2857494354248047
186	11	-2.2016875743865967
186	12	2.8550760746002197
186	13	-2.2016875743865967
186	14	2.7978155612945557
186	15	-2.2016875743865967
186	16	2.7978155612945557
186	17	-3.036817789077759
186	18	-2.886138916015625
187	0	-2.759063482284546
187	1	-2.816436529159546
187	2	-2.7812626361846924
187	3	-2.2016875743865967
187	4	-2.2016875743865967
187	5	-3.036817789077759
187	6	-2.886138916015625
187	7	2.788299798965454
187	8	2.788299798965454
187	9	1.331961989402771
187	10	-2.9084579944610596
187	11	-2.2016875743865967
187	12	-3.2494454383850098
187	13	-3.2857494354248047
187	14	2.788299798965454
187	15	-2.9060211181640625
187	16	2.8550760746002197
187	17	2.788299798965454
187	18	-2.229081392288208
188	0	-3.224616289138794
188	1	-3.0945968627929688
188	2	-2.694597005844116
188	3	-2.9084579944610596
188	4	-2.5131030082702637
188	5	0.7093139886856079
188	6	-2.759063482284546
188	7	0.30931422114372253
188	8	2.7978155612945557
188	9	-2.2016875743865967
188	10	2.7978155612945557
188	11	-2.9060211181640625
188	12	1.369083285331726
188	13	-2.7854881286621094
188	14	-3.2857494354248047
188	15	-2.779315233230591
188	16	2.9443225860595703
188	17	0.7856667041778564
188	18	-2.229081392288208
188	19	-1.5125706195831299
188	20	-3.170027494430542
188	21	2.714059352874756
188	22	-2.7441413402557373
188	23	-2.2016875743865967
189	0	-2.2016875743865967
189	1	-2.849017381668091
189	2	2.7978155612945557
189	3	-2.2016875743865967
189	4	-3.036817789077759
189	5	2.7978155612945557
190	0	-2.2707979679107666
190	1	-1.5125706195831299
190	2	2.3970401287078857
190	3	0.22918640077114105
190	4	-0.9817851781845093
190	5	0.7856667041778564
190	6	-2.7675881385803223
190	7	-3.170027494430542
190	8	-1.1563352346420288
190	9	-3.3568456172943115
190	10	2.9443225860595703
190	11	-3.0096170902252197
190	12	-2.2950751781463623
190	13	-3.310227870941162
190	14	-3.012053966522217
190	15	2.7978155612945557
190	16	2.7978155612945557
190	17	-2.2016875743865967
190	18	-2.849017381668091
190	19	2.7978155612945557
190	20	-2.2016875743865967
190	21	2.714059352874756
191	0	-0.9126749038696289
191	1	-1.3687021732330322
191	2	-1.0872249603271484
191	3	2.387524366378784
191	4	-3.1232659816741943
191	5	0.9312616586685181
191	6	-2.759063482284546
191	7	-0.28742629289627075
191	8	-2.2016875743865967
192	0	0.3840723931789398
192	1	1.369083285331726
192	2	-3.0096170902252197
192	3	-2.860072135925293
192	4	-2.6920766830444336
192	5	-2.7675881385803223
192	6	-3.310227870941162
192	7	-3.0945968627929688
192	8	0.30931422114372253
192	9	-3.0945968627929688
192	10	2.7978155612945557
192	11	-3.012053966522217
192	12	2.7978155612945557
192	13	-2.2016875743865967
192	14	2.3970401287078857
192	15	-3.170027494430542
192	16	-2.2950751781463623
192	17	-3.3548595905303955
192	18	2.9443225860595703
192	19	-1.3687021732330322
192	20	-2.4877572059631348
192	21	-2.2707979679107666
192	22	-2.8084075450897217
192	23	0.7856667041778564
192	24	2.7978155612945557
192	25	-3.036818027496338
192	26	-2.2707979679107666
192	27	2.7978155612945557
192	28	-2.849017381668091
192	29	0.06950362026691437
192	30	3.5086967945098877
192	31	3.039999008178711
192	32	3.5086967945098877
192	33	1.5272834300994873
192	34	-0.006320549640804529
193	0	2.3970401287078857
193	1	-1.1563352346420288
193	2	-2.886138916015625
193	3	-3.170027494430542
193	4	-0.9817851781845093
193	5	-3.310227870941162
193	6	-3.0096170902252197
193	7	2.9443225860595703
193	8	0.11053140461444855
194	0	3.509401321411133
194	1	3.440774440765381
194	2	2.7978155612945557
194	3	-3.0945284366607666
194	4	2.7978155612945557
194	5	2.9443225860595703
194	6	-2.7675881385803223
194	7	2.7978155612945557
194	8	-2.2950751781463623
194	9	-3.241117477416992
194	10	0.7856667041778564
194	11	-3.012053966522217
194	12	-2.94050669670105
194	13	-3.3548595905303955
194	14	2.7978155612945557
194	15	-3.036818027496338
194	16	-2.2707979679107666
194	17	-2.2707979679107666
194	18	-2.769286870956421
194	19	3.509401321411133
194	20	-1.0872249603271484
194	21	-2.2707979679107666
194	22	2.3970401287078857
194	23	-1.5125706195831299
194	24	-3.170027494430542
194	25	0.014230075292289257
194	26	-0.9126749038696289
195	0	-3.224616289138794
195	1	2.387524366378784
195	2	2.8550760746002197
195	3	-2.9060211181640625
195	4	-3.1232659816741943
195	5	-2.6920766830444336
196	0	2.387524366378784
196	1	-2.9060211181640625
196	2	-2.615194797515869
196	3	-3.1232659816741943
196	4	-2.769286870956421
196	5	-3.224616289138794
197	0	2.7978155612945557
197	1	-3.3548595905303955
197	2	-2.2950751781463623
197	3	-2.6144416332244873
197	4	-3.1232659816741943
197	5	2.387524366378784
197	6	-2.9060211181640625
197	7	-2.886138916015625
197	8	-3.224616289138794
197	9	2.9443225860595703
197	10	0.11053140461444855
197	11	-0.9817851781845093
197	12	-1.1563352346420288
198	0	-3.0945968627929688
198	1	0.5438387989997864
198	2	1.369083285331726
198	3	-2.94050669670105
198	4	-2.6229662895202637
198	5	2.7978155612945557
198	6	-3.012053966522217
198	7	0.30931422114372253
198	8	-3.019838571548462
198	9	-2.7675881385803223
198	10	-3.241117477416992
198	11	-3.0945968627929688
198	12	2.7978155612945557
198	13	-2.769286870956421
198	14	-2.2707979679107666
198	15	-2.842003107070923
198	16	-3.2857494354248047
198	17	-2.2259647846221924
198	18	-1.5125706195831299
198	19	2.9443225860595703
198	20	-3.170027494430542
198	21	0.7856667041778564
198	22	-2.7701022624969482
198	23	-2.2707979679107666
198	24	2.3970401287078857
198	25	-1.0872249603271484
198	26	-0.9126749038696289
198	27	-0.3777419626712799
198	28	3.509401321411133
198	29	3.453401565551758
198	30	2.7978155612945557
198	31	2.7978155612945557
198	32	-2.849017381668091
198	33	3.509401321411133
198	34	-3.036818027496338
198	35	-2.2707979679107666
199	0	-2.7675881385803223
199	1	-3.0945966243743896
199	2	-2.94050669670105
199	3	0.29501619935035706
199	4	2.7978155612945557
199	5	-2.2016875743865967
199	6	-2.6229662895202637
199	7	1.369083285331726
199	8	2.7978155612945557
199	9	-3.241117477416992
199	10	-2.769286870956421
199	11	-2.942943572998047
199	12	-2.950728178024292
199	13	0.529540479183197
199	14	-3.0945966243743896
199	15	-2.2259647846221924
199	16	-3.2857494354248047
199	17	0.7856667041778564
199	18	2.9443225860595703
199	19	-2.779315233230591
199	20	-3.170027494430542
199	21	2.3970401287078857
199	22	-1.3687021732330322
199	23	-2.2016875743865967
199	24	-2.8084075450897217
199	25	-0.3027891218662262
199	26	-1.0872249603271484
199	27	-0.9126749038696289
199	28	3.495103120803833
199	29	3.439103364944458
199	30	2.7978155612945557
199	31	-3.036817789077759
199	32	-2.2016875743865967
199	33	2.7978155612945557
199	34	-2.849017381668091
199	35	3.495103120803833
200	0	-2.2016875743865967
200	1	-3.0686357021331787
200	2	0.4895995557308197
200	3	-2.759063482284546
200	4	2.788299798965454
200	5	-3.224616289138794
200	6	0.3457309901714325
200	7	-2.6144416332244873
200	8	-2.886138916015625
200	9	-2.9084579944610596
200	10	-3.0686357021331787
200	11	-2.9060211181640625
200	12	2.788299798965454
200	13	-2.924767255783081
200	14	1.331961989402771
200	15	-2.229081392288208
200	16	2.8550760746002197
200	17	-3.2857494354248047
200	18	-2.816436529159546
200	19	-1.3687021732330322
200	20	-2.2016875743865967
200	21	2.788299798965454
200	22	2.788299798965454
201	0	2.788299798965454
201	1	-2.2016875743865967
201	2	-2.849017381668091
201	3	-2.2016875743865967
201	4	2.788299798965454
201	5	-3.036817789077759
201	6	-0.3027891218662262
201	7	2.714059352874756
201	8	3.439103364944458
202	0	2.788299798965454
202	1	2.788299798965454
202	2	-3.036817789077759
202	3	-2.2016875743865967
202	4	-2.2016875743865967
202	5	-2.886138916015625
203	0	-2.2016875743865967
203	1	-2.886138916015625
203	2	-3.036817789077759
203	3	2.788299798965454
203	4	-2.2016875743865967
203	5	2.788299798965454
204	0	-2.886138916015625
204	1	-3.036817789077759
204	2	2.788299798965454
204	3	-2.2016875743865967
204	4	-2.2016875743865967
204	5	2.788299798965454
204	6	-0.3027891218662262
205	0	0.30931422114372253
205	1	-3.0945968627929688
205	2	1.369083285331726
205	3	-3.0096170902252197
205	4	-2.769286870956421
205	5	-3.310227870941162
205	6	-2.860072135925293
205	7	-2.7675881385803223
205	8	-3.012053966522217
205	9	-2.6920766830444336
205	10	0.5438387989997864
205	11	-2.2707979679107666
205	12	2.7978155612945557
205	13	2.7978155612945557
205	14	-3.0945968627929688
205	15	-3.170027494430542
205	16	2.322087287902832
205	17	-2.4877572059631348
205	18	2.9443225860595703
205	19	-3.3579201698303223
205	20	-2.2950751781463623
205	21	-2.8084075450897217
205	22	0.7856667041778564
205	23	-2.2016875743865967
205	24	-1.5125706195831299
205	25	2.7978155612945557
205	26	-2.2016875743865967
205	27	-3.036817789077759
205	28	2.7978155612945557
205	29	-2.849017381668091
205	30	-0.3027891218662262
205	31	2.322087287902832
206	0	-2.2016875743865967
206	1	-3.036817789077759
206	2	2.788299798965454
206	3	2.788299798965454
206	4	-2.886138916015625
206	5	-2.2016875743865967
206	6	-0.28742629289627075
206	7	2.387524366378784
207	0	-3.0945966243743896
207	1	-2.2016875743865967
207	2	-2.769286870956421
207	3	-2.860072135925293
207	4	-2.6229662895202637
207	5	-2.94050669670105
207	6	-2.942943572998047
207	7	-3.241117477416992
207	8	0.43888458609580994
207	9	2.7978155612945557
207	10	-2.7675881385803223
207	11	2.7978155612945557
207	12	1.369083285331726
207	13	-3.0945966243743896
207	14	0.29501619935035706
207	15	2.9443225860595703
207	16	-3.2857494354248047
207	17	-2.2259647846221924
207	18	-2.2016875743865967
207	19	-1.3687021732330322
207	20	-2.779315233230591
207	21	2.7978155612945557
207	22	2.7978155612945557
207	23	-3.036817789077759
207	24	-2.849017381668091
207	25	-2.2016875743865967
207	26	-0.2503051161766052
207	27	2.3970401287078857
208	0	2.788299798965454
208	1	-2.2016875743865967
208	2	-2.886138916015625
208	3	2.788299798965454
208	4	-2.2016875743865967
208	5	-3.036817789077759
208	6	-0.28742629289627075
208	7	2.387524366378784
208	8	-3.224616289138794
208	9	2.3970401287078857
208	10	-3.170027494430542
208	11	-2.9060211181640625
208	12	-2.6144416332244873
208	13	2.8550760746002197
209	0	2.7978155612945557
209	1	-2.2950751781463623
209	2	-3.012053966522217
209	3	-2.6920766830444336
209	4	-3.0096170902252197
209	5	-3.310227870941162
209	6	-3.0633015632629395
209	7	-2.769286870956421
209	8	0.7856667041778564
209	9	2.322087287902832
209	10	-0.9817851781845093
209	11	-2.2707979679107666
209	12	-2.7675881385803223
209	13	-1.083181619644165
209	14	-2.7670273780822754
209	15	-1.5125706195831299
209	16	-1.1563352346420288
209	17	-0.3777419626712799
210	0	-2.2016875743865967
210	1	-2.759063482284546
210	2	-1.0872249603271484
210	3	0.7856667041778564
210	4	-1.3687021732330322
210	5	-2.75850248336792
210	6	-2.769286870956421
210	7	2.3970401287078857
210	8	-0.2503051161766052
210	9	-1.083181619644165
210	10	-0.9126749038696289
210	11	2.7978155612945557
210	12	-2.9084579944610596
210	13	-2.229081392288208
210	14	-3.2877352237701416
210	15	-3.224616289138794
210	16	2.7978155612945557
210	17	-2.9060211181640625
210	18	-1.152292013168335
211	0	-2.9060211181640625
211	1	-3.2494454383850098
211	2	-2.886138916015625
211	3	2.387524366378784
211	4	-0.9126749038696289
211	5	-1.0872249603271484
211	6	-2.75850248336792
212	0	0.7856667041778564
212	1	-2.75850248336792
212	2	-2.769286870956421
212	3	2.3970401287078857
212	4	-0.3027891218662262
212	5	-0.9126749038696289
212	6	-2.7675881385803223
212	7	-1.083181619644165
212	8	-1.3687021732330322
212	9	-2.2016875743865967
212	10	-1.0872249603271484
213	0	-0.2503051161766052
213	1	-1.3687021732330322
213	2	-0.9126749038696289
213	3	-2.759063482284546
213	4	0.7856667041778564
213	5	2.3970401287078857
213	6	-2.75850248336792
213	7	-1.0872249603271484
213	8	-1.083181619644165
213	9	-2.2016875743865967
213	10	-2.769286870956421
214	0	-2.7675881385803223
214	1	-2.2707979679107666
214	2	0.7856667041778564
214	3	0.2818441092967987
214	4	3.039999008178711
214	5	3.509401321411133
214	6	0.30931422114372253
214	7	1.369083285331726
214	8	-3.0945968627929688
214	9	0.5438387989997864
214	10	-3.0945968627929688
214	11	-3.019838571548462
214	12	3.369645357131958
214	13	-2.2950751781463623
214	14	-0.3027891218662262
214	15	3.509401321411133
214	16	3.369645357131958
214	17	-2.7701022624969482
214	18	2.7978155612945557
214	19	-1.5125706195831299
214	20	-1.152292013168335
214	21	2.7978155612945557
214	22	-2.4877572059631348
214	23	-3.012053966522217
214	24	-3.0633015632629395
214	25	3.509401321411133
214	26	-2.2707979679107666
214	27	2.7978155612945557
214	28	2.714059352874756
214	29	0.030800895765423775
214	30	2.7978155612945557
214	31	-3.036818027496338
214	32	3.440774440765381
214	33	-2.2707979679107666
214	34	3.453401565551758
214	35	-2.7670273780822754
214	36	-1.1563352346420288
214	37	-0.9817851781845093
214	38	0.11053140461444855
214	39	-3.310227870941162
214	40	-3.0096170902252197
214	41	-2.5131030082702637
214	42	2.9443225860595703
214	43	-2.769286870956421
214	44	2.3970401287078857
215	0	-2.2016875743865967
215	1	2.7978155612945557
215	2	-1.3687021732330322
215	3	3.495103120803833
215	4	-2.2016875743865967
215	5	-2.7670273780822754
215	6	-1.0872249603271484
215	7	-3.0254180431365967
215	8	2.3970401287078857
216	0	-0.3777419626712799
216	1	-1.0872249603271484
216	2	-2.7675881385803223
216	3	-0.9817851781845093
216	4	2.3970401287078857
216	5	-2.7670273780822754
216	6	-1.152292013168335
216	7	-2.769286870956421
216	8	0.7856667041778564
216	9	-1.3687021732330322
216	10	-2.2016875743865967
216	11	2.9443225860595703
216	12	-3.0096170902252197
216	13	-3.310227870941162
216	14	2.7978155612945557
216	15	-3.012053966522217
216	16	-2.2950751781463623
216	17	2.7978155612945557
216	18	-3.3548595905303955
216	19	-2.6920766830444336
217	0	2.7978155612945557
217	1	-2.2707979679107666
217	2	0.030800895765423775
217	3	-3.036818027496338
217	4	-2.2707979679107666
217	5	2.7978155612945557
218	0	-0.9817851781845093
218	1	-1.152292013168335
218	2	-2.2707979679107666
218	3	-0.3027891218662262
218	4	-2.7675881385803223
218	5	-2.7670273780822754
218	6	-1.1563352346420288
218	7	-2.769286870956421
218	8	-1.5125706195831299
218	9	0.7856667041778564
218	10	2.3970401287078857
219	0	-2.2016875743865967
219	1	-0.2503051161766052
219	2	0.7856667041778564
219	3	-0.9126749038696289
219	4	-1.5125706195831299
219	5	2.3970401287078857
219	6	-2.759063482284546
219	7	-1.083181619644165
219	8	-2.769286870956421
219	9	-2.75850248336792
219	10	-1.0872249603271484
219	11	-3.310227870941162
219	12	-3.0096170902252197
220	0	-2.2016875743865967
220	1	-0.2503051161766052
220	2	0.7856667041778564
220	3	-1.083181619644165
220	4	2.3970401287078857
220	5	-2.769286870956421
220	6	-0.9126749038696289
220	7	-1.5125706195831299
220	8	-2.75850248336792
220	9	-2.759063482284546
220	10	-1.0872249603271484
221	0	2.3970401287078857
221	1	-2.7670273780822754
221	2	-1.3687021732330322
221	3	-0.9126749038696289
221	4	-2.769286870956421
221	5	-1.0872249603271484
221	6	-0.3027891218662262
221	7	-2.2016875743865967
221	8	-1.083181619644165
221	9	-2.7675881385803223
221	10	0.7856667041778564
222	0	0.7856667041778564
222	1	2.3970401287078857
222	2	-0.9126749038696289
222	3	-1.083181619644165
222	4	-1.3687021732330322
222	5	-2.75850248336792
222	6	-2.759063482284546
222	7	-2.2016875743865967
222	8	-2.769286870956421
222	9	-1.0872249603271484
222	10	-0.2503051161766052
223	0	-0.2503051161766052
223	1	0.7856667041778564
223	2	-1.0872249603271484
223	3	2.3970401287078857
223	4	-0.9126749038696289
223	5	-2.2016875743865967
223	6	-2.769286870956421
223	7	-1.083181619644165
223	8	-2.759063482284546
223	9	-2.75850248336792
223	10	-1.3687021732330322
224	0	-1.0872249603271484
224	1	2.3970401287078857
224	2	-2.75850248336792
224	3	-0.9126749038696289
224	4	-0.2503051161766052
224	5	-1.083181619644165
224	6	-2.769286870956421
224	7	-2.759063482284546
224	8	0.7856667041778564
224	9	-1.3687021732330322
224	10	-2.2016875743865967
225	0	0.7856667041778564
225	1	-2.769286870956421
225	2	-0.2503051161766052
225	3	-1.083181619644165
225	4	-1.3687021732330322
225	5	-1.0872249603271484
225	6	2.3970401287078857
225	7	-0.9126749038696289
225	8	-2.759063482284546
225	9	-2.2016875743865967
225	10	-2.75850248336792
226	0	-1.3687021732330322
226	1	0.7856667041778564
226	2	-2.75850248336792
226	3	-2.769286870956421
226	4	2.3970401287078857
226	5	-2.759063482284546
226	6	-1.0872249603271484
226	7	-2.2016875743865967
226	8	-0.2503051161766052
226	9	-0.9126749038696289
226	10	-1.083181619644165
226	11	3.369645357131958
226	12	2.7978155612945557
226	13	2.9443225860595703
226	14	-2.833080291748047
226	15	-2.83064341545105
226	16	-3.0633015632629395
226	17	-3.131253957748413
227	0	-1.0872249603271484
227	1	-0.9126749038696289
227	2	0.7856667041778564
227	3	-2.7670273780822754
227	4	2.3970401287078857
227	5	-2.7675881385803223
227	6	-1.3687021732330322
227	7	-0.3027891218662262
227	8	-2.2016875743865967
227	9	-2.769286870956421
227	10	-1.083181619644165
227	11	-2.942943572998047
227	12	3.038327932357788
227	13	2.7978155612945557
227	14	-2.94050669670105
227	15	-3.2857494354248047
227	16	-3.241117477416992
227	17	2.9443225860595703
227	18	0.5438387989997864
227	19	-2.5131030082702637
227	20	0.30931422114372253
227	21	-3.0945968627929688
227	22	2.7978155612945557
227	23	-3.0945968627929688
227	24	-3.019838571548462
227	25	1.369083285331726
227	26	-2.2950751781463623
227	27	-2.4877572059631348
227	28	-2.7701022624969482
227	29	-2.2707979679107666
227	30	2.7978155612945557
227	31	-2.2707979679107666
227	32	-3.036818027496338
227	33	-2.849017381668091
227	34	2.7978155612945557
227	35	2.714059352874756
228	0	-2.7675881385803223
228	1	-3.0945966243743896
228	2	-2.2016875743865967
228	3	0.29501619935035706
228	4	-1.3687021732330322
228	5	-2.950728178024292
228	6	0.529540479183197
228	7	-2.779315233230591
228	8	2.7978155612945557
228	9	-3.324570894241333
228	10	2.7978155612945557
228	11	-2.2016875743865967
228	12	-2.942943572998047
228	13	-2.94050669670105
228	14	-2.6229662895202637
228	15	-2.769286870956421
228	16	1.369083285331726
228	17	-3.0945966243743896
228	18	-2.7670273780822754
228	19	-0.3027891218662262
228	20	0.7856667041778564
228	21	-1.0872249603271484
228	22	2.3970401287078857
228	23	-1.083181619644165
228	24	-0.9126749038696289
228	25	2.9443225860595703
228	26	-3.2857494354248047
228	27	3.038327932357788
228	28	-2.7701022624969482
228	29	-2.2259647846221924
229	0	-2.7675881385803223
229	1	-3.0945966243743896
229	2	-2.942943572998047
229	3	-2.769286870956421
229	4	-2.950728178024292
229	5	1.369083285331726
229	6	-2.94050669670105
229	7	-2.2016875743865967
229	8	2.7978155612945557
229	9	-3.241117477416992
229	10	2.7978155612945557
229	11	-2.6229662895202637
229	12	0.529540479183197
229	13	-3.0945966243743896
229	14	0.29501619935035706
229	15	-1.3687021732330322
229	16	-2.2016875743865967
229	17	-2.779315233230591
229	18	-0.9126749038696289
229	19	-1.083181619644165
229	20	-0.3027891218662262
229	21	-2.7670273780822754
229	22	0.7856667041778564
229	23	2.3970401287078857
229	24	-1.0872249603271484
229	25	2.9443225860595703
229	26	-3.2857494354248047
229	27	3.038327932357788
229	28	-2.7701022624969482
229	29	-2.2259647846221924
230	0	-0.3027891218662262
230	1	0.7856667041778564
230	2	-1.0872249603271484
230	3	-2.7675881385803223
230	4	-2.2016875743865967
230	5	2.3970401287078857
230	6	-2.769286870956421
230	7	-2.7670273780822754
230	8	-1.083181619644165
230	9	-1.3687021732330322
230	10	-0.9126749038696289
230	11	-2.942943572998047
230	12	-3.241117477416992
230	13	3.038327932357788
230	14	-2.94050669670105
230	15	-3.2877352237701416
230	16	2.7978155612945557
230	17	2.9443225860595703
230	18	-3.0945966243743896
230	19	-2.6229662895202637
230	20	2.7978155612945557
230	21	0.529540479183197
230	22	1.369083285331726
230	23	0.29501619935035706
230	24	-3.0945966243743896
230	25	-2.860072135925293
230	26	-2.2259647846221924
230	27	-2.779315233230591
230	28	-2.8084075450897217
230	29	-2.2016875743865967
230	30	-2.849017381668091
230	31	2.7978155612945557
230	32	-2.2707979679107666
230	33	2.7978155612945557
230	34	-3.036818027496338
230	35	2.322087287902832
231	0	-2.75850248336792
231	1	-2.2016875743865967
231	2	-2.769286870956421
231	3	-0.2503051161766052
231	4	-0.9126749038696289
231	5	-2.759063482284546
231	6	0.7856667041778564
231	7	-1.083181619644165
231	8	-1.0872249603271484
231	9	2.3970401287078857
231	10	-1.3687021732330322
231	11	-3.224616289138794
231	12	-2.9060211181640625
231	13	3.038327932357788
231	14	-2.9084579944610596
231	15	2.7978155612945557
231	16	2.9443225860595703
231	17	-3.2857494354248047
232	0	-0.9126749038696289
232	1	-2.2016875743865967
232	2	0.7856667041778564
232	3	-1.0872249603271484
232	4	-2.769286870956421
232	5	-1.3687021732330322
232	6	-1.083181619644165
232	7	-2.759063482284546
232	8	-2.75850248336792
232	9	-0.2503051161766052
232	10	2.3970401287078857
233	0	-0.9126749038696289
233	1	-2.759063482284546
233	2	-0.2503051161766052
233	3	-2.769286870956421
233	4	-1.3687021732330322
233	5	-1.083181619644165
233	6	-1.0872249603271484
233	7	0.7856667041778564
233	8	-2.2016875743865967
233	9	2.3970401287078857
233	10	-2.75850248336792
234	0	-2.769286870956421
234	1	-1.3687021732330322
234	2	-2.2016875743865967
234	3	2.3970401287078857
234	4	-1.0872249603271484
234	5	-2.75850248336792
234	6	-0.9126749038696289
234	7	-1.083181619644165
234	8	-0.2503051161766052
234	9	-2.759063482284546
234	10	0.7856667041778564
235	0	-0.9126749038696289
235	1	-0.2503051161766052
235	2	-1.083181619644165
235	3	-2.769286870956421
235	4	-2.759063482284546
235	5	0.7856667041778564
235	6	-1.3687021732330322
235	7	2.3970401287078857
235	8	-2.75850248336792
235	9	-2.2016875743865967
235	10	-1.0872249603271484
236	0	-2.769286870956421
236	1	0.7856667041778564
236	2	-2.759063482284546
236	3	-1.3687021732330322
236	4	2.3970401287078857
236	5	-2.2016875743865967
236	6	-2.75850248336792
236	7	-1.0872249603271484
236	8	-0.9126749038696289
236	9	-0.2503051161766052
236	10	-1.083181619644165
237	0	-2.769286870956421
237	1	-1.5125706195831299
237	2	-2.2016875743865967
237	3	-1.0872249603271484
237	4	-1.083181619644165
237	5	-0.9126749038696289
237	6	2.3970401287078857
237	7	-2.7675881385803223
237	8	-2.7670273780822754
237	9	0.7856667041778564
237	10	-0.3027891218662262
237	11	2.9443225860595703
237	12	-2.83064341545105
237	13	2.7978155612945557
237	14	-3.131253957748413
237	15	-3.0633015632629395
237	16	-2.833080291748047
237	17	3.369645357131958
238	0	2.7978155612945557
238	1	0.030800895765423775
238	2	-2.2707979679107666
238	3	2.7978155612945557
238	4	-2.2707979679107666
238	5	-3.036818027496338
238	6	-0.28742629289627075
238	7	2.714059352874756
239	0	-2.94050669670105
239	1	-3.0945968627929688
239	2	-2.5131030082702637
239	3	2.7978155612945557
239	4	-2.769286870956421
239	5	-3.241117477416992
239	6	-2.7675881385803223
239	7	1.369083285331726
239	8	0.30931422114372253
239	9	-2.860072135925293
239	10	2.7978155612945557
239	11	0.5438387989997864
239	12	-3.0945968627929688
239	13	-2.2016875743865967
239	14	-2.942943572998047
239	15	-2.4877572059631348
239	16	-2.8084075450897217
239	17	-3.2857494354248047
239	18	-2.2950751781463623
239	19	0.7856667041778564
239	20	2.9443225860595703
239	21	-1.5125706195831299
239	22	-2.2016875743865967
239	23	2.3970401287078857
239	24	-2.7670273780822754
240	0	-3.241117477416992
240	1	-3.2857494354248047
240	2	2.9443225860595703
240	3	-2.942943572998047
240	4	-2.94050669670105
240	5	2.7978155612945557
240	6	2.977673292160034
240	7	-2.769286870956421
240	8	-1.5125706195831299
240	9	-0.9817851781845093
240	10	2.3970401287078857
240	11	-1.152292013168335
240	12	-2.2016875743865967
240	13	-2.7675881385803223
240	14	0.7856667041778564
240	15	-1.1563352346420288
240	16	-2.7670273780822754
240	17	-0.3027891218662262
241	0	2.7978155612945557
241	1	-2.2707979679107666
241	2	-2.2707979679107666
241	3	0.030800895765423775
241	4	2.7978155612945557
241	5	-3.036818027496338
241	6	2.322087287902832
241	7	-0.28742629289627075
242	0	-0.9126749038696289
242	1	2.3970401287078857
242	2	-1.5125706195831299
242	3	-2.2016875743865967
242	4	-2.7670273780822754
242	5	-1.083181619644165
242	6	-2.769286870956421
242	7	-0.2503051161766052
242	8	0.7856667041778564
242	9	-2.7675881385803223
242	10	-1.0872249603271484
242	11	2.9443225860595703
242	12	2.7978155612945557
242	13	-3.2857494354248047
242	14	-2.942943572998047
242	15	3.038327932357788
242	16	-3.241117477416992
242	17	-2.94050669670105
243	0	-2.860072135925293
243	1	-2.769286870956421
243	2	-2.9084579944610596
243	3	-2.9060211181640625
243	4	-3.0945968627929688
243	5	2.7978155612945557
243	6	1.369083285331726
243	7	0.5438387989997864
243	8	2.7978155612945557
243	9	-2.2016875743865967
243	10	0.30931422114372253
243	11	-2.6920766830444336
243	12	-2.759063482284546
243	13	-3.224616289138794
243	14	-3.0945968627929688
243	15	2.3970401287078857
243	16	-2.75850248336792
243	17	-1.5125706195831299
243	18	-2.4877572059631348
243	19	-2.2707979679107666
243	20	0.7856667041778564
243	21	-2.2950751781463623
243	22	2.9443225860595703
243	23	-3.2857494354248047
243	24	-2.7701022624969482
244	0	-2.769286870956421
244	1	-0.3027891218662262
244	2	2.3970401287078857
244	3	-1.5125706195831299
244	4	-2.75850248336792
244	5	-2.2016875743865967
244	6	-1.152292013168335
244	7	-1.1563352346420288
244	8	-0.9817851781845093
244	9	0.7856667041778564
244	10	-2.759063482284546
244	11	-3.2857494354248047
244	12	3.038327932357788
244	13	2.9443225860595703
244	14	-2.9060211181640625
244	15	-3.224616289138794
244	16	-2.9084579944610596
244	17	2.7978155612945557
245	0	-2.759063482284546
245	1	2.7978155612945557
245	2	-2.9060211181640625
245	3	1.369083285331726
245	4	0.2950160801410675
245	5	-3.0945968627929688
245	6	-2.9084579944610596
245	7	-3.224616289138794
245	8	-2.2016875743865967
245	9	-2.886138916015625
245	10	-3.0945968627929688
245	11	2.788299798965454
245	12	0.529540479183197
245	13	-2.860072135925293
245	14	-2.6932661533355713
245	15	-1.5125706195831299
245	16	-2.779315233230591
245	17	-2.2707979679107666
245	18	-2.8084075450897217
246	0	-2.2016875743865967
246	1	0.3457309901714325
246	2	0.5802554488182068
246	3	2.788299798965454
246	4	-2.834111213684082
246	5	-2.816436529159546
246	6	-1.5125706195831299
246	7	-3.0686357021331787
246	8	2.7978155612945557
246	9	2.7978155612945557
246	10	-3.224616289138794
246	11	-2.9084579944610596
246	12	-2.6144416332244873
246	13	-3.0686357021331787
246	14	1.331961989402771
246	15	-2.9060211181640625
246	16	-2.759063482284546
246	17	-2.886138916015625
246	18	2.788299798965454
246	19	-2.2016875743865967
246	20	2.9443225860595703
246	21	-2.2950751781463623
246	22	-3.3548595905303955
247	0	-0.9817851781845093
247	1	-1.152292013168335
247	2	2.322087287902832
247	3	-2.759063482284546
247	4	-2.2016875743865967
247	5	-0.3777419626712799
247	6	0.7856667041778564
247	7	-1.1563352346420288
247	8	-1.5125706195831299
247	9	-2.769286870956421
247	10	-2.7670273780822754
248	0	2.7978155612945557
248	1	-3.036818027496338
248	2	-2.2707979679107666
248	3	2.7978155612945557
248	4	-2.2016875743865967
248	5	0.030800895765423775
249	0	2.788299798965454
249	1	-2.2016875743865967
249	2	-0.006320549640804529
249	3	-3.036817789077759
249	4	2.788299798965454
249	5	-2.2016875743865967
250	0	-3.019838571548462
250	1	-3.310227870941162
250	2	-3.012053966522217
250	3	1.369083285331726
250	4	0.30931422114372253
250	5	-2.6932661533355713
250	6	-3.0945968627929688
250	7	2.7978155612945557
250	8	0.5438387989997864
250	9	-3.0096170902252197
250	10	-2.2707979679107666
250	11	-2.769286870956421
250	12	-3.0945968627929688
250	13	-2.7675881385803223
250	14	2.7978155612945557
250	15	-2.4877572059631348
250	16	-1.5125706195831299
250	17	-2.7670273780822754
250	18	2.3970401287078857
250	19	0.7856667041778564
250	20	-2.803539991378784
250	21	2.9443225860595703
250	22	-2.2950751781463623
250	23	-2.8084075450897217
250	24	-2.2016875743865967
251	0	-2.7675881385803223
251	1	-2.112715244293213
251	2	-2.860072135925293
251	3	2.7978155612945557
251	4	0.2950160801410675
251	5	-2.769286870956421
251	6	-2.6920766830444336
251	7	-3.0945968627929688
251	8	-3.0945968627929688
251	9	-3.0096170902252197
251	10	-3.310227870941162
251	11	-3.012053966522217
251	12	-2.2707979679107666
251	13	0.529540479183197
251	14	2.7978155612945557
251	15	-1.5125706195831299
251	16	-2.779315233230591
251	17	-2.2707979679107666
251	18	-2.7670273780822754
251	19	-1.1563352346420288
251	20	2.3970401287078857
251	21	-0.9817851781845093
251	22	-0.3777419626712799
251	23	-1.152292013168335
251	24	0.7856667041778564
251	25	-3.3548595905303955
251	26	2.9443225860595703
251	27	-2.2950751781463623
251	28	-2.8084075450897217
251	29	3.039999008178711
251	30	-3.036818027496338
251	31	2.7978155612945557
251	32	-2.2707979679107666
251	33	2.7978155612945557
251	34	0.030800895765423775
251	35	2.714059352874756
252	0	-2.860072135925293
252	1	-2.112715244293213
252	2	-3.012053966522217
252	3	0.529540479183197
252	4	-2.759063482284546
252	5	-2.6920766830444336
252	6	-3.310227870941162
252	7	2.7978155612945557
252	8	-3.0945968627929688
252	9	2.7978155612945557
252	10	-2.769286870956421
252	11	-3.0945968627929688
252	12	0.2950160801410675
252	13	-2.2707979679107666
252	14	-3.0096170902252197
252	15	-3.3548595905303955
252	16	-2.2950751781463623
252	17	2.3970401287078857
252	18	-2.7670273780822754
252	19	2.9443225860595703
252	20	0.7856667041778564
252	21	-2.779315233230591
252	22	-2.2707979679107666
252	23	-1.5125706195831299
252	24	-2.7441413402557373
252	25	2.7978155612945557
252	26	0.030800895765423775
252	27	2.7978155612945557
252	28	-2.2707979679107666
252	29	-3.036818027496338
253	0	2.977673292160034
253	1	-2.924767255783081
253	2	-1.7836687564849854
253	3	2.788299798965454
253	4	-2.816436529159546
253	5	-2.2016875743865967
253	6	0.3457309901714325
253	7	0.5802554488182068
253	8	-1.5125706195831299
253	9	-2.9060211181640625
253	10	-3.224616289138794
253	11	-2.9084579944610596
253	12	-2.886138916015625
253	13	-3.0686357021331787
253	14	-2.759063482284546
253	15	-2.2016875743865967
253	16	-3.0686357021331787
253	17	-2.6144416332244873
253	18	2.788299798965454
254	0	-1.7836687564849854
254	1	3.039999008178711
254	2	-2.7854881286621094
254	3	2.788299798965454
254	4	0.5802554488182068
254	5	0.3457309901714325
254	6	-2.816436529159546
254	7	-1.5125706195831299
254	8	-2.2016875743865967
254	9	-2.886138916015625
254	10	-3.224616289138794
254	11	-2.9084579944610596
254	12	-2.6144416332244873
254	13	-2.2016875743865967
254	14	-2.759063482284546
254	15	2.788299798965454
254	16	-3.0686357021331787
254	17	-3.0686357021331787
254	18	-2.9060211181640625
255	0	2.7978155612945557
255	1	-2.759063482284546
255	2	-2.2016875743865967
255	3	-3.224616289138794
255	4	-3.0686357021331787
255	5	2.7978155612945557
255	6	0.529540479183197
255	7	-2.769286870956421
255	8	-2.9084579944610596
255	9	0.29501619935035706
255	10	-2.6144416332244873
255	11	-3.0686357021331787
255	12	-2.9060211181640625
255	13	-2.834111213684082
255	14	-1.6668167114257812
255	15	2.9443225860595703
255	16	-2.2950751781463623
255	17	-3.0633015632629395
255	18	-2.779315233230591
255	19	-2.7701022624969482
255	20	-2.2016875743865967
255	21	-1.5125706195831299
255	22	-2.7670273780822754
255	23	2.322087287902832
255	24	0.7856667041778564
256	0	-1.7836687564849854
256	1	-2.759063482284546
256	2	-2.924767255783081
256	3	-2.886138916015625
256	4	-2.2016875743865967
256	5	2.788299798965454
256	6	-3.224616289138794
256	7	-2.6144416332244873
256	8	2.788299798965454
256	9	-2.9060211181640625
256	10	-2.9084579944610596
256	11	0.5802554488182068
256	12	-3.0686357021331787
256	13	-3.0686357021331787
256	14	0.3457309901714325
256	15	-1.5125706195831299
256	16	-2.816436529159546
256	17	-2.2016875743865967
257	0	-3.0945966243743896
257	1	-3.0945966243743896
257	2	0.29501619935035706
257	3	0.529540479183197
257	4	-2.950728178024292
257	5	2.7978155612945557
257	6	-1.5125706195831299
257	7	-2.779315233230591
257	8	-2.2016875743865967
257	9	-3.241117477416992
257	10	2.7978155612945557
257	11	2.9443225860595703
257	12	-2.769286870956421
257	13	-2.2016875743865967
257	14	-3.3548595905303955
257	15	-2.942943572998047
257	16	-2.2950751781463623
257	17	-2.94050669670105
257	18	-2.6229662895202637
257	19	-1.6668167114257812
257	20	-2.7675881385803223
257	21	2.7978155612945557
257	22	2.7978155612945557
257	23	2.977673292160034
257	24	0.11053140461444855
257	25	-2.7670273780822754
257	26	2.3970401287078857
257	27	-1.1563352346420288
257	28	-0.9817851781845093
258	0	-1.0872249603271484
258	1	2.387524366378784
258	2	-2.75850248336792
258	3	-2.886138916015625
258	4	-0.9126749038696289
258	5	-3.224616289138794
258	6	2.8550760746002197
258	7	-2.9060211181640625
258	8	-0.006320549640804529
259	0	2.8550760746002197
259	1	-3.224616289138794
259	2	-0.006320549640804529
259	3	-2.9060211181640625
259	4	2.387524366378784
259	5	-0.9126749038696289
259	6	-2.886138916015625
259	7	-1.0872249603271484
259	8	-2.75850248336792
260	0	-3.036818027496338
260	1	0.030800895765423775
260	2	2.7978155612945557
260	3	-2.2707979679107666
260	4	-2.2707979679107666
260	5	2.7978155612945557
261	0	-2.769286870956421
261	1	-0.9817851781845093
261	2	2.322087287902832
261	3	-1.152292013168335
261	4	-2.2707979679107666
261	5	-2.7670273780822754
261	6	-2.7675881385803223
261	7	-2.0568740367889404
261	8	-1.1563352346420288
261	9	-1.8942914009094238
261	10	0.22918640077114105
261	11	-2.2016875743865967
261	12	-3.036817789077759
261	13	-2.2016875743865967
261	14	2.7978155612945557
261	15	2.7978155612945557
261	16	0.030800895765423775
261	17	0.2818441092967987
261	18	2.9443225860595703
261	19	-3.012053966522217
261	20	-3.0096170902252197
261	21	-2.2950751781463623
261	22	2.7978155612945557
261	23	2.7978155612945557
261	24	-3.0633015632629395
261	25	-3.310227870941162
261	26	-2.6920766830444336
261	27	-1.6668167114257812
261	28	-2.4877572059631348
261	29	-2.7701022624969482
262	0	-2.769286870956421
262	1	-0.9126749038696289
262	2	2.3970401287078857
262	3	-1.083181619644165
262	4	-1.0872249603271484
262	5	-2.7670273780822754
262	6	0.7856667041778564
262	7	-2.7675881385803223
262	8	-2.2016875743865967
262	9	-1.8942914009094238
262	10	-0.3027891218662262
262	11	-2.2016875743865967
262	12	-2.2016875743865967
262	13	-3.036817789077759
262	14	2.7978155612945557
262	15	2.7978155612945557
262	16	0.030800895765423775
262	17	0.10287006199359894
263	0	0.30931422114372253
263	1	-2.6920766830444336
263	2	-2.2016875743865967
263	3	-3.0945968627929688
263	4	2.7978155612945557
263	5	-1.8942914009094238
263	6	2.7978155612945557
263	7	-3.0945968627929688
263	8	-3.310227870941162
263	9	-3.0096170902252197
263	10	0.5438387989997864
263	11	-2.769286870956421
263	12	-3.012053966522217
263	13	-1.6668167114257812
263	14	-2.759063482284546
263	15	-2.860072135925293
263	16	-2.779315233230591
263	17	-2.8084075450897217
263	18	-3.3548595905303955
263	19	2.9443225860595703
263	20	-2.2950751781463623
263	21	-2.75850248336792
263	22	0.7856667041778564
263	23	2.3970401287078857
263	24	-2.2016875743865967
264	0	-2.7670273780822754
264	1	-0.3777419626712799
264	2	-1.1563352346420288
264	3	-2.769286870956421
264	4	-1.0565433502197266
264	5	-2.2016875743865967
264	6	-1.152292013168335
264	7	2.3970401287078857
264	8	-1.8942914009094238
264	9	-2.7675881385803223
264	10	0.7856667041778564
264	11	-3.036818027496338
264	12	0.030800895765423775
264	13	-2.2016875743865967
264	14	-2.2707979679107666
264	15	2.7978155612945557
264	16	2.7978155612945557
265	0	-1.0872249603271484
265	1	-2.7670273780822754
265	2	-1.8942914009094238
265	3	-0.3027891218662262
265	4	-1.083181619644165
265	5	2.3970401287078857
265	6	-2.7675881385803223
265	7	0.7856667041778564
265	8	-0.9126749038696289
265	9	-2.2016875743865967
265	10	-2.769286870956421
265	11	0.030800895765423775
265	12	2.7978155612945557
265	13	-2.2016875743865967
265	14	2.7978155612945557
265	15	-2.2016875743865967
265	16	-3.036817789077759
266	0	-1.8942914009094238
266	1	-1.6668167114257812
266	2	-2.4877572059631348
266	3	-2.759063482284546
266	4	-2.8084075450897217
266	5	-3.0633015632629395
266	6	-3.0096170902252197
266	7	2.7978155612945557
266	8	-3.012053966522217
266	9	-2.2016875743865967
266	10	-3.310227870941162
266	11	2.7978155612945557
266	12	2.9443225860595703
266	13	-2.886138916015625
266	14	-2.2950751781463623
266	15	0.9312616586685181
267	0	-1.7836687564849854
267	1	-1.8942914009094238
267	2	-2.7812626361846924
267	3	-2.759063482284546
267	4	-2.816436529159546
267	5	-2.229081392288208
267	6	2.788299798965454
267	7	-2.9084579944610596
267	8	-3.2857494354248047
267	9	-2.9060211181640625
267	10	2.788299798965454
267	11	-3.224616289138794
267	12	2.8550760746002197
267	13	0.9312616586685181
267	14	-2.886138916015625
267	15	-2.2016875743865967
268	0	-2.7812626361846924
268	1	-2.759063482284546
268	2	-1.8942914009094238
268	3	-2.816436529159546
268	4	-1.7836687564849854
268	5	-2.229081392288208
268	6	-3.224616289138794
268	7	-2.9060211181640625
268	8	-2.9084579944610596
268	9	-2.2016875743865967
268	10	2.8550760746002197
268	11	-2.886138916015625
268	12	2.788299798965454
268	13	-3.2857494354248047
268	14	2.788299798965454
268	15	0.9312616586685181
269	0	-2.759063482284546
269	1	-2.816436529159546
269	2	-1.8942914009094238
269	3	-2.7812626361846924
269	4	-1.7836687564849854
269	5	-2.9084579944610596
269	6	2.788299798965454
269	7	-2.2016875743865967
269	8	-3.2857494354248047
269	9	2.788299798965454
269	10	2.8550760746002197
269	11	-3.224616289138794
269	12	-2.886138916015625
269	13	-2.229081392288208
269	14	-2.9060211181640625
269	15	0.9312616586685181
270	0	2.7978155612945557
270	1	0.030800895765423775
270	2	2.7978155612945557
270	3	-2.2707979679107666
270	4	-2.2707979679107666
270	5	-3.036818027496338
271	0	-0.006320549640804529
271	1	-2.2016875743865967
271	2	2.788299798965454
271	3	-3.036817789077759
271	4	2.788299798965454
271	5	-2.2016875743865967
271	6	2.714059352874756
271	7	-0.3777419626712799
272	0	0.7856667041778564
272	1	-1.8942914009094238
272	2	-2.7675881385803223
272	3	-2.3455560207366943
272	4	-0.3027891218662262
272	5	2.714059352874756
272	6	-2.769286870956421
272	7	-1.152292013168335
272	8	-1.0565433502197266
272	9	-2.5880534648895264
272	10	-1.1563352346420288
272	11	2.7978155612945557
272	12	-3.036817789077759
272	13	0.030800895765423775
272	14	-2.2016875743865967
272	15	2.7978155612945557
272	16	-2.2016875743865967
273	0	-1.0872249603271484
273	1	-0.9126749038696289
273	2	-0.3027891218662262
273	3	-2.769286870956421
273	4	-1.083181619644165
273	5	2.3970401287078857
273	6	0.7856667041778564
273	7	-2.7670273780822754
273	8	-2.7675881385803223
273	9	-1.8942914009094238
273	10	-2.2016875743865967
273	11	0.030800895765423775
273	12	-2.2016875743865967
273	13	2.7978155612945557
273	14	-2.2016875743865967
273	15	-3.036817789077759
273	16	2.7978155612945557
274	0	-2.3455560207366943
274	1	-1.1563352346420288
274	2	-2.7675881385803223
274	3	-0.3027891218662262
274	4	-1.0565433502197266
274	5	-1.8942914009094238
274	6	-2.769286870956421
274	7	-1.152292013168335
274	8	0.7856667041778564
274	9	-2.7670273780822754
274	10	2.3970401287078857
274	11	0.030800895765423775
274	12	-2.2707979679107666
274	13	-2.2707979679107666
274	14	2.7978155612945557
274	15	-3.036818027496338
274	16	2.7978155612945557
275	0	0.2818441092967987
275	1	-2.7670273780822754
275	2	2.3970401287078857
275	3	-1.083181619644165
275	4	-1.8942914009094238
275	5	-0.3027891218662262
275	6	0.7856667041778564
275	7	-0.9126749038696289
275	8	-2.769286870956421
275	9	-1.0872249603271484
275	10	-2.2016875743865967
275	11	-2.7675881385803223
275	12	2.9443225860595703
275	13	-3.0633015632629395
275	14	2.7978155612945557
275	15	-3.131253957748413
275	16	-2.83064341545105
275	17	2.7978155612945557
275	18	-2.833080291748047
275	19	-2.2950751781463623
275	20	-2.5131030082702637
275	21	-1.6668167114257812
275	22	-2.7701022624969482
275	23	-2.4877572059631348
276	0	-2.8084075450897217
276	1	-1.8942914009094238
276	2	-2.7675881385803223
276	3	-2.779315233230591
276	4	2.7978155612945557
276	5	-3.0254180431365967
276	6	-3.012053966522217
276	7	2.9443225860595703
276	8	-2.2950751781463623
276	9	-2.2016875743865967
276	10	-3.3548595905303955
276	11	-3.310227870941162
276	12	2.7978155612945557
276	13	-3.0096170902252197
276	14	2.7978155612945557
276	15	2.7978155612945557
276	16	0.030800895765423775
276	17	-2.2707979679107666
276	18	-3.036818027496338
276	19	-2.2707979679107666
276	20	-1.6668167114257812
276	21	3.453401565551758
276	22	-0.3027891218662262
276	23	3.453401565551758
277	0	0.10287006199359894
277	1	-1.8942914009094238
277	2	0.7856667041778564
277	3	-1.1563352346420288
277	4	2.322087287902832
277	5	-2.7675881385803223
277	6	-2.2016875743865967
277	7	-2.7670273780822754
277	8	-0.3027891218662262
277	9	-2.769286870956421
277	10	-1.152292013168335
277	11	-1.0565433502197266
278	0	-3.0096170902252197
278	1	-2.3455560207366943
278	2	-1.6668167114257812
278	3	0.30931422114372253
278	4	-2.7675881385803223
278	5	-1.8942914009094238
278	6	0.5438387989997864
278	7	2.7978155612945557
278	8	2.7978155612945557
278	9	-3.0945968627929688
278	10	-3.012053966522217
278	11	-2.6920766830444336
278	12	-3.0945968627929688
278	13	-3.310227870941162
278	14	-2.769286870956421
278	15	-3.019838571548462
278	16	-3.0633015632629395
278	17	2.9443225860595703
278	18	-2.2950751781463623
278	19	-2.7670273780822754
278	20	-2.4877572059631348
278	21	0.7856667041778564
278	22	2.3970401287078857
278	23	-2.7701022624969482
278	24	-2.2707979679107666
278	25	3.369645357131958
278	26	3.453401565551758
278	27	3.509401321411133
278	28	-1.152292013168335
278	29	-1.0565433502197266
278	30	-0.3027891218662262
278	31	-1.1563352346420288
278	32	3.509401321411133
278	33	2.7978155612945557
278	34	2.7978155612945557
278	35	0.030800895765423775
278	36	-2.2707979679107666
278	37	-3.036818027496338
278	38	3.453401565551758
279	0	-1.8942914009094238
279	1	-2.779315233230591
279	2	-2.7675881385803223
279	3	-2.8084075450897217
279	4	-1.6668167114257812
279	5	-3.0096170902252197
279	6	-3.012053966522217
279	7	2.7978155612945557
279	8	-2.3455560207366943
279	9	2.7978155612945557
279	10	2.9443225860595703
279	11	-2.2950751781463623
279	12	-3.393681287765503
279	13	-3.3548595905303955
279	14	-2.769286870956421
279	15	2.7978155612945557
279	16	-2.2707979679107666
279	17	2.7978155612945557
279	18	0.030800895765423775
279	19	-3.036818027496338
279	20	-2.2707979679107666
279	21	3.439103364944458
279	22	-0.3027891218662262
279	23	3.439103364944458
280	0	-2.769286870956421
280	1	-2.2016875743865967
280	2	2.7978155612945557
280	3	2.7978155612945557
280	4	-2.860072135925293
280	5	0.30931422114372253
280	6	-2.9060211181640625
280	7	-1.6668167114257812
280	8	-2.6920766830444336
280	9	-3.224616289138794
280	10	-1.8942914009094238
280	11	0.5438387989997864
280	12	-3.0945968627929688
280	13	-2.9084579944610596
280	14	-2.759063482284546
280	15	-3.0945968627929688
280	16	2.9443225860595703
280	17	-2.7670273780822754
280	18	-2.779315233230591
280	19	-3.2857494354248047
280	20	-2.229081392288208
280	21	2.322087287902832
280	22	-2.2016875743865967
280	23	0.7856667041778564
280	24	-2.7441413402557373
281	0	2.7978155612945557
281	1	-2.94050669670105
281	2	-2.6229662895202637
281	3	-3.0945966243743896
281	4	-2.7675881385803223
281	5	-2.2016875743865967
281	6	-1.8942914009094238
281	7	-2.769286870956421
281	8	-1.6668167114257812
281	9	0.29501619935035706
281	10	-3.241117477416992
281	11	-3.0945966243743896
281	12	-2.942943572998047
281	13	2.7978155612945557
281	14	-2.950728178024292
281	15	0.529540479183197
281	16	-2.2259647846221924
281	17	-3.2857494354248047
281	18	-2.779315233230591
281	19	2.9443225860595703
281	20	-2.7701022624969482
281	21	-2.2016875743865967
281	22	2.3970401287078857
281	23	-2.7670273780822754
281	24	0.7856667041778564
281	25	3.509401321411133
281	26	0.030800895765423775
282	0	-2.2016875743865967
282	1	0.9312616586685181
282	2	2.7978155612945557
282	3	-2.2016875743865967
282	4	-0.006320549640804529
282	5	-0.3777419626712799
282	6	-2.2707979679107666
282	7	2.788299798965454
282	8	-1.8942914009094238
282	9	-2.9060211181640625
283	0	-1.0565433502197266
283	1	-2.7675881385803223
283	2	-2.769286870956421
283	3	-1.152292013168335
283	4	-1.8942914009094238
283	5	-0.3027891218662262
283	6	-2.7670273780822754
283	7	2.322087287902832
283	8	0.7856667041778564
283	9	-1.1563352346420288
283	10	-2.3455560207366943
283	11	0.030800895765423775
283	12	-3.036818027496338
283	13	-2.2707979679107666
283	14	-2.2707979679107666
283	15	2.7978155612945557
283	16	2.7978155612945557
283	17	-3.012053966522217
283	18	2.7978155612945557
283	19	0.2950160801410675
283	20	-3.019838571548462
283	21	-3.0945968627929688
283	22	-3.0103704929351807
283	23	-3.0945968627929688
283	24	2.7978155612945557
283	25	-1.6668167114257812
283	26	-3.310227870941162
283	27	-2.6920766830444336
283	28	0.529540479183197
283	29	2.9443225860595703
283	30	-2.2950751781463623
283	31	-3.3548595905303955
283	32	-2.779315233230591
283	33	-2.7701022624969482
283	34	3.369645357131958
283	35	3.453401565551758
283	36	3.509401321411133
283	37	3.509401321411133
283	38	3.369645357131958
284	0	-2.759063482284546
284	1	-1.8942914009094238
284	2	-2.7441413402557373
284	3	-1.6668167114257812
284	4	-2.779315233230591
284	5	2.7978155612945557
285	0	-2.769286870956421
285	1	-3.0945968627929688
285	2	-1.8942914009094238
285	3	-3.019838571548462
285	4	2.7978155612945557
285	5	-3.012053966522217
285	6	-2.112715244293213
285	7	2.7978155612945557
285	8	-3.0096170902252197
285	9	-3.310227870941162
285	10	0.5438387989997864
285	11	-2.6932661533355713
285	12	-2.3455560207366943
285	13	-2.7675881385803223
285	14	0.30931422114372253
285	15	-3.0945968627929688
285	16	-3.3579201698303223
285	17	-2.2707979679107666
285	18	-2.779315233230591
285	19	2.9443225860595703
285	20	-2.7670273780822754
285	21	-2.2950751781463623
285	22	-2.7701022624969482
285	23	0.7856667041778564
285	24	2.322087287902832
285	25	2.7978155612945557
285	26	-2.2707979679107666
285	27	0.030800895765423775
285	28	-3.036818027496338
285	29	2.7978155612945557
285	30	3.453401565551758
285	31	-0.3777419626712799
285	32	-1.1563352346420288
286	0	-1.6668167114257812
286	1	-3.241117477416992
286	2	-2.942943572998047
286	3	0.6950154304504395
286	4	2.7978155612945557
286	5	0.29501619935035706
286	6	-2.7675881385803223
286	7	-2.6229662895202637
286	8	2.7978155612945557
286	9	-3.0945966243743896
286	10	-3.0945966243743896
286	11	-2.2016875743865967
286	12	-2.94050669670105
286	13	-1.8942914009094238
286	14	-2.769286870956421
286	15	-2.950728178024292
286	16	-2.779315233230591
286	17	-2.2016875743865967
286	18	-3.2857494354248047
286	19	-2.2259647846221924
286	20	-2.7670273780822754
286	21	2.9443225860595703
286	22	-2.7701022624969482
286	23	2.3970401287078857
286	24	0.7856667041778564
286	25	2.7978155612945557
286	26	-3.036817789077759
286	27	-0.3027891218662262
286	28	-2.2016875743865967
286	29	0.030800895765423775
286	30	2.7978155612945557
286	31	2.714059352874756
287	0	2.788299798965454
287	1	-3.036817789077759
287	2	-0.28742629289627075
287	3	2.788299798965454
287	4	-2.2016875743865967
287	5	-0.006320549640804529
287	6	-2.2016875743865967
288	0	-2.779315233230591
288	1	-1.8942914009094238
288	2	-1.6668167114257812
288	3	-2.7701022624969482
288	4	-2.7675881385803223
288	5	-3.310227870941162
288	6	-2.2950751781463623
288	7	-3.3548595905303955
288	8	2.7978155612945557
288	9	2.7978155612945557
288	10	2.9443225860595703
288	11	-3.0096170902252197
288	12	0.7856667041778564
288	13	-3.012053966522217
288	14	-2.769286870956421
288	15	-2.3455560207366943
288	16	-1.1563352346420288
288	17	2.3970401287078857
288	18	-2.7670273780822754
288	19	-1.0565433502197266
288	20	-1.152292013168335
288	21	-0.3027891218662262
288	22	-2.6920766830444336
288	23	0.030800895765423775
288	24	-3.036818027496338
288	25	2.7978155612945557
288	26	-2.2707979679107666
288	27	2.7978155612945557
288	28	-2.2707979679107666
288	29	2.3970401287078857
289	0	2.7978155612945557
289	1	0.30931422114372253
289	2	2.7978155612945557
289	3	0.5438387989997864
289	4	-2.769286870956421
289	5	-1.6668167114257812
289	6	-2.2016875743865967
289	7	-1.8942914009094238
289	8	-3.0096170902252197
289	9	-2.950728178024292
289	10	-3.310227870941162
289	11	-2.7675881385803223
289	12	-2.6920766830444336
289	13	-3.0945968627929688
289	14	-3.0945968627929688
289	15	-3.012053966522217
289	16	-2.779315233230591
289	17	2.3970401287078857
289	18	-2.7670273780822754
289	19	2.9443225860595703
289	20	-2.2950751781463623
289	21	-3.3548595905303955
289	22	-2.8084075450897217
289	23	0.7856667041778564
289	24	-2.2707979679107666
289	25	-2.2707979679107666
289	26	2.7978155612945557
289	27	2.7978155612945557
289	28	-3.036818027496338
289	29	0.030800895765423775
290	0	-2.2259647846221924
290	1	-2.769286870956421
290	2	-3.241117477416992
290	3	2.7978155612945557
290	4	2.7978155612945557
290	5	-2.942943572998047
290	6	-3.2857494354248047
290	7	-2.94050669670105
290	8	2.9443225860595703
290	9	-2.2016875743865967
290	10	-1.8942914009094238
290	11	-0.3777419626712799
290	12	0.7856667041778564
290	13	-1.152292013168335
290	14	-2.7670273780822754
290	15	2.3970401287078857
290	16	-2.7675881385803223
290	17	-1.1563352346420288
290	18	-1.0565433502197266
290	19	-2.6229662895202637
291	0	0.7856667041778564
291	1	-2.3455560207366943
291	2	2.7978155612945557
291	3	-2.7675881385803223
291	4	-3.310227870941162
291	5	-3.012053966522217
291	6	-3.0945968627929688
291	7	0.5438387989997864
291	8	-2.769286870956421
291	9	-1.6668167114257812
291	10	-3.019838571548462
291	11	-2.6932661533355713
291	12	2.7978155612945557
291	13	-3.0945968627929688
291	14	0.30931422114372253
291	15	-3.0096170902252197
291	16	-1.8942914009094238
291	17	-2.2950751781463623
291	18	-3.3548595905303955
291	19	2.9443225860595703
291	20	-2.4877572059631348
291	21	-2.8084075450897217
291	22	-2.2707979679107666
291	23	2.3970401287078857
291	24	-2.7670273780822754
291	25	2.7978155612945557
291	26	2.7978155612945557
291	27	-2.2707979679107666
291	28	-3.036818027496338
291	29	0.030800895765423775
291	30	-1.0565433502197266
291	31	-1.1563352346420288
291	32	-1.152292013168335
291	33	-0.3027891218662262
291	34	2.714059352874756
292	0	-1.152292013168335
292	1	-2.7675881385803223
292	2	-1.0565433502197266
292	3	-2.0568740367889404
292	4	-1.1563352346420288
292	5	-0.3027891218662262
292	6	-1.8942914009094238
292	7	-2.769286870956421
292	8	-2.7670273780822754
292	9	2.3970401287078857
292	10	-2.3455560207366943
292	11	2.7978155612945557
292	12	-2.2707979679107666
292	13	-2.2707979679107666
292	14	-3.036818027496338
292	15	0.030800895765423775
292	16	2.7978155612945557
292	17	-3.012053966522217
292	18	-1.6668167114257812
292	19	-3.310227870941162
292	20	2.7978155612945557
292	21	0.2950160801410675
292	22	0.529540479183197
292	23	-3.0945968627929688
292	24	-2.6920766830444336
292	25	2.7978155612945557
292	26	-3.019838571548462
292	27	-3.0945968627929688
292	28	-3.0096170902252197
292	29	-2.779315233230591
292	30	-2.7701022624969482
292	31	-3.3548595905303955
292	32	-2.2950751781463623
292	33	2.9443225860595703
293	0	-2.94050669670105
293	1	-2.942943572998047
293	2	-2.2259647846221924
293	3	-2.6229662895202637
293	4	-3.2857494354248047
293	5	-3.324570894241333
293	6	-2.769286870956421
293	7	2.7978155612945557
293	8	2.3970401287078857
293	9	-1.0872249603271484
293	10	0.7856667041778564
293	11	-1.8942914009094238
293	12	-0.9126749038696289
293	13	-2.2016875743865967
293	14	-2.7670273780822754
293	15	-2.7675881385803223
293	16	-0.3027891218662262
293	17	-1.083181619644165
294	0	2.7978155612945557
294	1	-2.769286870956421
294	2	-2.2016875743865967
294	3	-3.241117477416992
294	4	-3.2857494354248047
294	5	2.7978155612945557
294	6	2.9443225860595703
294	7	-2.94050669670105
294	8	-2.2259647846221924
294	9	-2.942943572998047
294	10	-2.6229662895202637
294	11	-2.7670273780822754
294	12	-1.8942914009094238
294	13	-1.083181619644165
294	14	-0.3027891218662262
294	15	2.3970401287078857
294	16	-2.7675881385803223
294	17	-1.0872249603271484
294	18	0.7856667041778564
294	19	-0.9126749038696289
295	0	-2.94050669670105
295	1	2.9443225860595703
295	2	-3.241117477416992
295	3	-2.942943572998047
295	4	2.7978155612945557
295	5	-3.2857494354248047
295	6	-2.7675881385803223
295	7	0.7856667041778564
295	8	-2.2259647846221924
295	9	2.7978155612945557
295	10	-2.6229662895202637
295	11	-2.769286870956421
295	12	-2.2016875743865967
295	13	2.3970401287078857
295	14	-1.8942914009094238
295	15	-1.0872249603271484
295	16	-0.3027891218662262
295	17	-1.083181619644165
295	18	-0.9126749038696289
295	19	-2.7670273780822754
296	0	-3.2857494354248047
296	1	-2.2016875743865967
296	2	-3.241117477416992
296	3	-2.94050669670105
296	4	2.9443225860595703
296	5	-2.942943572998047
296	6	-2.2259647846221924
296	7	-2.769286870956421
296	8	2.7978155612945557
296	9	2.7978155612945557
296	10	-2.6229662895202637
296	11	-1.0872249603271484
296	12	2.3970401287078857
296	13	-0.9126749038696289
296	14	-2.7670273780822754
296	15	0.7856667041778564
296	16	-2.7675881385803223
296	17	-1.8942914009094238
296	18	-1.083181619644165
296	19	-0.3027891218662262
297	0	-2.2016875743865967
297	1	-3.2857494354248047
297	2	-3.241117477416992
297	3	-2.9416961669921875
297	4	-2.2259647846221924
297	5	-2.942943572998047
297	6	2.7978155612945557
297	7	2.9443225860595703
297	8	-2.769286870956421
297	9	2.7978155612945557
297	10	-1.8971076011657715
297	11	-1.083181619644165
297	12	-2.7675881385803223
297	13	-0.9126749038696289
297	14	-0.3027891218662262
297	15	-1.0872249603271484
297	16	-1.8942914009094238
297	17	-2.7670273780822754
297	18	2.3970401287078857
297	19	-2.6229662895202637
298	0	-3.241117477416992
298	1	-2.942943572998047
298	2	-2.2259647846221924
298	3	2.9443225860595703
298	4	-2.94050669670105
298	5	-2.2016875743865967
298	6	-2.769286870956421
298	7	2.7978155612945557
298	8	2.7978155612945557
298	9	-3.2857494354248047
298	10	0.7856667041778564
298	11	-2.6229662895202637
298	12	-0.3027891218662262
298	13	-2.7675881385803223
298	14	-0.9126749038696289
298	15	-1.8942914009094238
298	16	-2.7670273780822754
298	17	-1.0872249603271484
298	18	-1.083181619644165
298	19	2.3970401287078857
299	0	-3.019838571548462
299	1	-1.8942914009094238
299	2	2.788299798965454
299	3	0.5438387989997864
299	4	-2.2707979679107666
299	5	0.30931422114372253
299	6	-2.4877572059631348
299	7	-3.0945968627929688
299	8	-3.0945968627929688
299	9	2.7978155612945557
299	10	2.7978155612945557
299	11	-2.229081392288208
299	12	-2.9084579944610596
299	13	-2.2016875743865967
299	14	-3.224616289138794
299	15	-2.886138916015625
299	16	2.788299798965454
299	17	-3.2857494354248047
299	18	2.8550760746002197
299	19	-2.9060211181640625
299	20	-2.759063482284546
299	21	-2.6144416332244873
299	22	-1.6668167114257812
300	0	2.7978155612945557
300	1	2.7978155612945557
300	2	-3.2857494354248047
300	3	-2.769286870956421
300	4	-2.94050669670105
300	5	-3.241117477416992
300	6	-2.942943572998047
300	7	2.9443225860595703
300	8	-2.2016875743865967
300	9	-2.2259647846221924
300	10	2.7978155612945557
300	11	2.7978155612945557
300	12	-3.0945966243743896
300	13	-3.0945966243743896
300	14	-2.7675881385803223
300	15	-2.6229662895202637
300	16	-1.6668167114257812
300	17	0.529540479183197
300	18	-1.8942914009094238
300	19	0.29501619935035706
300	20	-2.950728178024292
300	21	-2.779315233230591
300	22	-2.2016875743865967
301	0	0.030800895765423775
301	1	2.788299798965454
301	2	-3.036818027496338
301	3	-2.2016875743865967
301	4	-2.2707979679107666
301	5	2.788299798965454
302	0	-3.036817789077759
302	1	-2.2016875743865967
302	2	-2.2016875743865967
302	3	2.788299798965454
302	4	2.788299798965454
302	5	-0.006320549640804529
303	0	-2.2016875743865967
303	1	-0.9119216203689575
303	2	-2.2016875743865967
303	3	-3.036817789077759
303	4	2.788299798965454
303	5	-0.006320549640804529
303	6	2.714059352874756
303	7	-0.3777419626712799
304	0	-0.3027891218662262
304	1	0.7856667041778564
304	2	-1.152292013168335
304	3	-1.8942914009094238
304	4	-3.0254180431365967
304	5	-2.3455560207366943
304	6	-1.1563352346420288
304	7	-2.7675881385803223
304	8	-2.5880534648895264
304	9	-1.0565433502197266
304	10	2.714059352874756
304	11	0.030800895765423775
304	12	2.7978155612945557
304	13	-3.036818027496338
304	14	-2.2707979679107666
304	15	-2.2707979679107666
304	16	2.7978155612945557
304	17	2.7978155612945557
304	18	2.7978155612945557
304	19	2.9443225860595703
304	20	-3.0633015632629395
304	21	-3.012053966522217
304	22	-2.2950751781463623
304	23	-3.310227870941162
304	24	-3.0096170902252197
304	25	-2.6920766830444336
305	0	-2.615631103515625
305	1	-2.9060211181640625
305	2	-2.75850248336792
305	3	2.387524366378784
305	4	2.8550760746002197
305	5	-3.224616289138794
305	6	-2.886138916015625
306	0	-1.0565433502197266
306	1	0.7856667041778564
306	2	2.3970401287078857
306	3	-1.8942914009094238
306	4	-2.7675881385803223
306	5	-2.7774906158447266
306	6	-2.7670273780822754
306	7	-2.3455560207366943
306	8	-0.3027891218662262
306	9	-1.152292013168335
306	10	-2.769286870956421
306	11	-2.2707979679107666
306	12	2.7978155612945557
306	13	2.7978155612945557
306	14	-2.2707979679107666
306	15	-3.036818027496338
306	16	0.030800895765423775
306	17	-2.6920766830444336
306	18	-3.310227870941162
306	19	-2.860072135925293
306	20	0.5438387989997864
306	21	-1.6668167114257812
306	22	-3.012053966522217
306	23	2.7978155612945557
306	24	-3.0096170902252197
306	25	0.30931422114372253
306	26	-3.0945968627929688
306	27	-3.0945968627929688
306	28	2.7978155612945557
306	29	2.9443225860595703
306	30	-2.2950751781463623
306	31	-3.354290008544922
306	32	2.9443225860595703
306	33	-2.4877572059631348
306	34	-2.8084075450897217
306	35	2.322087287902832
306	36	3.453401565551758
306	37	3.453401565551758
306	38	0.11053140461444855
307	0	-1.8942914009094238
307	1	-2.7675881385803223
307	2	-2.3455560207366943
307	3	-2.769286870956421
307	4	-1.152292013168335
307	5	0.7856667041778564
307	6	-2.7670273780822754
307	7	-2.7774906158447266
307	8	-1.0565433502197266
307	9	2.3970401287078857
307	10	-0.3027891218662262
307	11	2.7978155612945557
307	12	2.7978155612945557
307	13	0.030800895765423775
307	14	-2.2707979679107666
307	15	-2.2707979679107666
307	16	-3.036818027496338
307	17	-3.0096170902252197
307	18	-2.6920766830444336
307	19	-3.0945968627929688
307	20	-3.019838571548462
307	21	2.7978155612945557
307	22	-3.0945968627929688
307	23	2.7978155612945557
307	24	0.2950160801410675
307	25	-3.310227870941162
307	26	-1.6668167114257812
307	27	-3.012053966522217
307	28	0.529540479183197
307	29	-3.354290008544922
307	30	2.9443225860595703
307	31	-2.2950751781463623
307	32	2.9443225860595703
307	33	-2.779315233230591
307	34	-2.7701022624969482
307	35	2.3970401287078857
307	36	3.439103364944458
307	37	3.439103364944458
307	38	0.11053140461444855
308	0	-2.7670273780822754
308	1	-2.769286870956421
308	2	0.7856667041778564
308	3	-2.3455560207366943
308	4	-2.7774906158447266
308	5	2.3970401287078857
308	6	-1.0565433502197266
308	7	-2.7675881385803223
308	8	-0.3027891218662262
308	9	-1.152292013168335
308	10	-1.8942914009094238
308	11	0.030800895765423775
308	12	2.7978155612945557
308	13	-2.2707979679107666
308	14	-2.2707979679107666
308	15	-3.036818027496338
308	16	2.7978155612945557
308	17	0.2950160801410675
308	18	0.529540479183197
308	19	-2.779315233230591
308	20	-3.019838571548462
308	21	2.7978155612945557
308	22	-3.012053966522217
308	23	-3.0945968627929688
308	24	-3.0108065605163574
308	25	-3.310227870941162
308	26	-1.6668167114257812
308	27	-2.6920766830444336
308	28	-3.0945968627929688
308	29	2.7978155612945557
308	30	-2.8084075450897217
308	31	-3.354290008544922
308	32	3.509401321411133
308	33	3.439103364944458
308	34	-2.2950751781463623
308	35	2.9443225860595703
308	36	2.9443225860595703
308	37	3.369645357131958
308	38	3.509401321411133
309	0	-3.285179853439331
309	1	0.11053140461444855
309	2	2.8550760746002197
309	3	-3.2494454383850098
309	4	2.8550760746002197
309	5	-2.9060211181640625
309	6	-2.75850248336792
309	7	2.387524366378784
309	8	-2.7083804607391357
309	9	-2.886138916015625
309	10	-0.9126749038696289
310	0	-2.769286870956421
310	1	-1.8942914009094238
310	2	-2.3455560207366943
310	3	2.3970401287078857
310	4	-1.152292013168335
310	5	-2.7083804607391357
310	6	-0.9126749038696289
310	7	-2.7675881385803223
310	8	-2.7670273780822754
310	9	-0.3027891218662262
310	10	0.7856667041778564
310	11	-3.036818027496338
310	12	0.030800895765423775
310	13	2.7978155612945557
310	14	-2.2707979679107666
310	15	2.7978155612945557
310	16	-2.2707979679107666
311	0	-3.310227870941162
311	1	2.7978155612945557
311	2	-3.354290008544922
311	3	-3.012053966522217
311	4	-2.7675881385803223
311	5	-2.2950751781463623
311	6	-3.0096170902252197
311	7	0.7856667041778564
311	8	2.7978155612945557
311	9	2.9443225860595703
311	10	2.9443225860595703
311	11	-2.769286870956421
311	12	-0.9126749038696289
311	13	-2.7670273780822754
311	14	2.3970401287078857
311	15	-2.7083804607391357
311	16	-2.2016875743865967
311	17	-1.083181619644165
311	18	-0.3027891218662262
311	19	-1.8942914009094238
311	20	-2.6920766830444336
312	0	-2.7670273780822754
312	1	2.3970401287078857
312	2	-2.769286870956421
312	3	-0.9126749038696289
312	4	-0.3027891218662262
312	5	-1.083181619644165
312	6	-2.7083804607391357
312	7	-2.7675881385803223
312	8	-1.8942914009094238
312	9	-2.2016875743865967
312	10	0.7856667041778564
312	11	2.7978155612945557
312	12	2.7978155612945557
312	13	-3.036818027496338
312	14	-2.2707979679107666
312	15	0.030800895765423775
312	16	-2.2707979679107666
312	17	-1.6668167114257812
313	0	2.7978155612945557
313	1	-3.0096170902252197
313	2	-2.3455560207366943
313	3	-3.310227870941162
313	4	-3.354290008544922
313	5	-2.2950751781463623
313	6	-2.769286870956421
313	7	-1.0783228874206543
313	8	2.9443225860595703
313	9	2.7978155612945557
313	10	-3.012053966522217
313	11	-2.7675881385803223
313	12	-2.7774906158447266
313	13	-1.8942914009094238
313	14	-2.7670273780822754
313	15	-0.3027891218662262
313	16	-1.0565433502197266
313	17	-1.152292013168335
313	18	0.7856667041778564
313	19	2.3970401287078857
313	20	-2.6920766830444336
313	21	2.7978155612945557
313	22	-3.036818027496338
313	23	2.7978155612945557
313	24	-2.2707979679107666
313	25	-2.2707979679107666
313	26	0.030800895765423775
314	0	0.2818441092967987
314	1	-2.7774906158447266
314	2	-2.3455560207366943
314	3	-2.7675881385803223
314	4	-1.8942914009094238
314	5	-0.3027891218662262
314	6	-2.7670273780822754
314	7	-2.769286870956421
314	8	-1.0565433502197266
314	9	0.7856667041778564
314	10	-1.152292013168335
314	11	2.3970401287078857
314	12	2.7978155612945557
314	13	2.9443225860595703
314	14	2.7978155612945557
314	15	-3.356276035308838
314	16	-3.012053966522217
314	17	-2.2950751781463623
314	18	-3.310227870941162
314	19	-3.0096170902252197
314	20	2.9443225860595703
314	21	-2.6920766830444336
314	22	3.453401565551758
314	23	3.509401321411133
314	24	2.7978155612945557
314	25	0.30931422114372253
314	26	0.5438387989997864
314	27	-2.4877572059631348
314	28	-2.2707979679107666
314	29	-3.019838571548462
314	30	-3.036818027496338
314	31	0.030800895765423775
314	32	2.7978155612945557
314	33	-2.2707979679107666
314	34	3.369645357131958
314	35	3.509401321411133
315	0	-2.7675881385803223
315	1	-2.950728178024292
315	2	-1.6668167114257812
315	3	-3.0945968627929688
315	4	-1.8942914009094238
315	5	-2.6229662895202637
315	6	0.29501619935035706
315	7	-3.241117477416992
315	8	0.43888458609580994
315	9	-2.94050669670105
315	10	-2.769286870956421
315	11	-2.2016875743865967
315	12	-3.0945968627929688
315	13	2.7978155612945557
315	14	-2.942943572998047
315	15	2.7978155612945557
315	16	-2.779315233230591
315	17	-2.2016875743865967
315	18	-3.285179853439331
315	19	-2.7670273780822754
315	20	2.3970401287078857
315	21	2.9443225860595703
315	22	-2.2259647846221924
315	23	2.9443225860595703
315	24	-2.7701022624969482
315	25	0.7856667041778564
315	26	2.7978155612945557
315	27	2.7978155612945557
315	28	-3.036817789077759
315	29	-2.2016875743865967
315	30	0.030800895765423775
315	31	2.714059352874756
315	32	-0.3027891218662262
316	0	-2.769286870956421
316	1	0.7856667041778564
316	2	-1.8942914009094238
316	3	-2.7774906158447266
316	4	-2.7675881385803223
316	5	-2.2016875743865967
316	6	-0.3027891218662262
316	7	2.3970401287078857
316	8	-1.152292013168335
316	9	-2.7670273780822754
316	10	-1.0565433502197266
316	11	-3.036817789077759
316	12	2.7978155612945557
316	13	0.030800895765423775
316	14	-2.2016875743865967
316	15	2.7978155612945557
316	16	-2.2016875743865967
316	17	0.10287006199359894
317	0	-2.7675881385803223
317	1	-1.6668167114257812
317	2	-3.019838571548462
317	3	0.30931422114372253
317	4	0.5438387989997864
317	5	-2.2707979679107666
317	6	2.7978155612945557
317	7	-1.8942914009094238
317	8	-2.4877572059631348
317	9	-3.0945968627929688
317	10	-3.0945968627929688
317	11	-3.012053966522217
317	12	-3.0096170902252197
317	13	-3.310227870941162
317	14	-2.769286870956421
317	15	-2.3455560207366943
317	16	-2.6920766830444336
317	17	2.7978155612945557
317	18	-2.7670273780822754
317	19	-1.0565433502197266
317	20	2.3970401287078857
317	21	-1.152292013168335
317	22	-2.7774906158447266
317	23	0.7856667041778564
317	24	-0.3027891218662262
317	25	2.7978155612945557
317	26	0.030800895765423775
317	27	-3.036818027496338
317	28	-2.2707979679107666
317	29	2.7978155612945557
317	30	-2.7701022624969482
317	31	2.9443225860595703
317	32	2.9443225860595703
317	33	-2.2950751781463623
317	34	-3.354290008544922
317	35	0.11053140461444855
318	0	-2.2016875743865967
318	1	0.3457309901714325
318	2	-3.0686357021331787
318	3	0.5802554488182068
318	4	-2.7812626361846924
318	5	2.788299798965454
318	6	-1.8942914009094238
318	7	-2.9084579944610596
318	8	-3.285179853439331
318	9	-2.2016875743865967
318	10	2.788299798965454
318	11	-0.006320549640804529
318	12	2.788299798965454
318	13	-3.036817789077759
318	14	-2.2016875743865967
318	15	3.453401565551758
318	16	-2.9060211181640625
318	17	-2.6144416332244873
319	0	-2.2016875743865967
319	1	0.29501619935035706
319	2	-3.0686357021331787
319	3	0.43888458609580994
319	4	-2.7441413402557373
319	5	2.7978155612945557
319	6	-1.8942914009094238
319	7	-2.9084579944610596
319	8	-3.2888100147247314
319	9	-2.2016875743865967
319	10	2.7978155612945557
319	11	0.030800895765423775
319	12	2.7978155612945557
319	13	-3.036817789077759
319	14	-2.2016875743865967
319	15	3.439103364944458
319	16	-2.9060211181640625
319	17	-2.615194797515869
320	0	0.7856667041778564
320	1	-2.769286870956421
320	2	-2.7774906158447266
320	3	-1.0565433502197266
320	4	-1.8942914009094238
320	5	2.322087287902832
320	6	-0.3777419626712799
320	7	-2.3455560207366943
320	8	-2.7675881385803223
320	9	-2.7670273780822754
320	10	-1.152292013168335
320	11	-3.036817789077759
320	12	0.030800895765423775
320	13	2.7978155612945557
320	14	2.7978155612945557
320	15	-2.2016875743865967
320	16	-2.2016875743865967
320	17	2.9443225860595703
320	18	2.7978155612945557
320	19	-2.94050669670105
320	20	-2.942943572998047
320	21	-3.285179853439331
320	22	-2.2950751781463623
320	23	-2.6237196922302246
320	24	-3.310227870941162
320	25	2.714059352874756
321	0	-2.3455560207366943
321	1	-0.3027891218662262
321	2	2.3970401287078857
321	3	-2.769286870956421
321	4	-1.083181619644165
321	5	-2.7670273780822754
321	6	-1.056543231010437
321	7	-2.7675881385803223
321	8	0.7856667041778564
321	9	-2.7083804607391357
321	10	-1.8942914009094238
321	11	2.7978155612945557
321	12	-3.036817789077759
321	13	-2.2016875743865967
321	14	2.7978155612945557
321	15	-2.2016875743865967
321	16	0.030800895765423775
321	17	-3.285179853439331
321	18	2.7978155612945557
321	19	2.9443225860595703
321	20	-2.94050669670105
321	21	-2.2259647846221924
321	22	-2.6229662895202637
321	23	-2.942943572998047
321	24	-3.241117477416992
322	0	-2.2259647846221924
322	1	0.7856667041778564
322	2	2.7978155612945557
322	3	-2.942943572998047
322	4	-2.94050669670105
322	5	-3.285179853439331
322	6	2.9443225860595703
322	7	-2.7675881385803223
322	8	2.9443225860595703
322	9	2.7978155612945557
322	10	-3.241117477416992
322	11	-2.6229662895202637
322	12	-2.769286870956421
322	13	-2.3455560207366943
322	14	-2.7670273780822754
322	15	-1.056543231010437
322	16	-2.7083804607391357
322	17	2.3970401287078857
322	18	-1.8942914009094238
322	19	-0.3027891218662262
322	20	-1.083181619644165
322	21	3.509401321411133
322	22	3.453401565551758
322	23	2.7978155612945557
322	24	2.7978155612945557
322	25	-2.2016875743865967
322	26	-3.036817789077759
322	27	-2.2016875743865967
322	28	0.030800895765423775
322	29	3.509401321411133
322	30	-2.860072135925293
322	31	0.30931422114372253
322	32	0.5438387989997864
322	33	-2.4877572059631348
322	34	3.369645357131958
322	35	0.11053140461444855
323	0	3.495103120803833
323	1	-2.2016875743865967
323	2	2.7978155612945557
323	3	2.7978155612945557
323	4	0.030800895765423775
323	5	-2.2016875743865967
323	6	-3.036817789077759
323	7	-2.769286870956421
323	8	2.3970401287078857
323	9	-2.7083804607391357
323	10	-1.056543231010437
323	11	-2.75850248336792
324	0	-2.779315233230591
324	1	-1.8942914009094238
324	2	-2.7675881385803223
324	3	-2.7701022624969482
324	4	-1.6668167114257812
324	5	2.7978155612945557
324	6	-2.769286870956421
324	7	-2.3455560207366943
324	8	2.9443225860595703
324	9	-3.354290008544922
324	10	2.9443225860595703
324	11	-2.2950751781463623
324	12	-3.012053966522217
324	13	-3.0096170902252197
324	14	-3.310227870941162
324	15	2.7978155612945557
324	16	2.7978155612945557
324	17	-3.036817789077759
324	18	-2.2016875743865967
324	19	2.7978155612945557
324	20	-2.2016875743865967
324	21	0.030800895765423775
