157	0	-0.18174268904826787
157	1	-0.17957223015915835
157	2	-0.25109326542346017
157	3	-0.2510932654784136
157	4	-0.15417610918034277
157	5	-0.1511752792711307
157	6	0.15351283569221885
157	7	-0.16846667060449566
157	8	-0.10047156756492216
157	9	-0.1454860729926035
157	10	-0.20455951628136526
157	11	0.49722914834382453
157	12	-0.14606440637824128
157	13	-0.3035981191394401
157	14	-0.1526559850880864
157	15	-0.15032476477011833
157	16	-0.32621328662634946
157	17	-0.015638873542267794
157	18	-0.1103617215348352
157	19	-0.13280689916576516
157	20	-0.3247772802436171
157	21	-0.34690156449050863
157	22	-0.009894777386093047
157	23	-0.11971117204369146
157	24	-0.22953951174956128
157	25	-0.2519921286357435
158	0	-0.15117556667218873
158	1	-0.43795926369270377
158	2	-0.18174276181812307
158	3	-0.13062383359514718
158	4	0.1535125411874001
158	5	-0.22954004600602107
158	6	-0.24185798522279625
158	7	-0.11715278413319898
158	8	-0.2519926713358687
158	9	-0.11971125233207662
158	10	-0.10047163093006366
158	11	-0.15417617307241496
158	12	-0.1454861451072417
158	13	-0.009894844877749338
158	14	-0.20455958042104022
158	15	0.4972290768693242
158	16	-0.14606447108492673
158	17	-0.15032505161904255
159	0	-0.14606437159606903
159	1	-0.1817426643215667
159	2	0.4972291569178207
159	3	-0.15032496330719106
159	4	-0.25109338416143845
159	5	-0.15265611331294202
159	6	-0.20455949190090933
159	7	-0.14548604889349567
159	8	-0.15417608436948294
159	9	-0.2510933840651597
159	10	-0.3035982375577052
159	11	-0.16846678950361138
159	12	-0.1004715411010574
159	13	-0.32621318329263294
159	14	-0.1511754760302715
159	15	-0.009894753834330618
159	16	-0.11971113706111912
159	17	-0.17957214017462095
159	18	0.15351257876543928
159	19	-0.32477717753845814
159	20	-0.13280679939026188
159	21	-0.3469014528066871
159	22	-0.015638742032841556
159	23	-0.11036173013428519
159	24	-0.2519925816267046
159	25	-0.22953996562901607
160	0	-0.13280690666958794
160	1	0.4972291302309693
160	2	-0.15417611354432628
160	3	-0.20455952052911613
160	4	-0.251093491476323
160	5	-0.15032499175550632
160	6	-0.3035983447643323
160	7	-0.10047157029359992
160	8	-0.1817427024949471
160	9	-0.2510934913191731
160	10	-0.1460644029534218
160	11	-0.15265620350118556
160	12	-0.16846689639696483
160	13	-0.14548606107344467
160	14	-0.009894784281234505
160	15	-0.11971118439747296
160	16	-0.15117550557222112
160	17	-0.17957225826474366
160	18	0.1535125834712967
160	19	-0.3262132896376589
160	20	-0.3247772846837585
160	21	-0.1103617269583691
160	22	-0.0156389239158098
160	23	-0.3469015603386763
160	24	-0.2519926108381306
160	25	-0.22953998796778602
161	0	-0.10047163836678334
161	1	-0.32621335446436217
161	2	-0.14606449075191122
161	3	-0.3247773565909988
161	4	-0.34690163030584126
161	5	-0.015639030691449906
162	0	-0.3035983574258534
162	1	-0.2510935039241572
162	2	-0.15417612567909295
162	3	-0.2045595328240652
162	4	-0.1454860972882636
162	5	0.49722911518940943
162	6	-0.1817426778598503
162	7	-0.10047164899586546
162	8	-0.16846690901131445
162	9	-0.25109350350878656
162	10	-0.15265624004043551
162	11	-0.1503250039266484
162	12	-0.14606447433280964
163	0	-0.3035984270487404
163	1	-0.15265629365328323
163	2	-0.2510935733625871
163	3	-0.15417619514760406
163	4	-0.2045596022716703
163	5	-0.14548615881090451
163	6	-0.10047164942302657
163	7	0.4972290663799744
163	8	-0.14606449037123645
163	9	-0.18174280567510806
163	10	-0.15032507218269453
163	11	-0.25109357282262174
163	12	-0.1684669782841779
164	0	-0.1795721079010957
164	1	-0.16846694676110152
164	2	-0.15417616317485805
164	3	0.15351272126288296
164	4	-0.2510935411078797
164	5	-0.2510935413225727
164	6	-0.15117537408821166
164	7	-0.18174277602172548
164	8	-0.1503250411964225
164	9	-0.20455957016216053
164	10	-0.1526562608095425
164	11	-0.14548612623074106
164	12	0.49722908263322846
164	13	-0.14606445139286692
164	14	-0.10047161379174595
164	15	-0.30359839440513703
165	0	-0.15117555639401356
165	1	0.15351255161174987
165	2	-0.16846694768612314
165	3	-0.17957231070110632
165	4	-0.2510935424589135
165	5	-0.15417616430091705
165	6	-0.25109354230889713
165	7	-0.18174277239703854
165	8	-0.15265627033877735
165	9	-0.10047162063694352
165	10	0.497229071281126
165	11	-0.15032504233569283
165	12	-0.30359839622866586
165	13	-0.14548611978965317
165	14	-0.1460644453425877
165	15	-0.20455957137514957
166	0	-0.2510934899848841
166	1	0.15351259233009762
166	2	-0.15117550347266462
166	3	-0.1795722533310553
166	4	-0.16846689506021872
166	5	-0.25109348979102264
166	6	-0.1541761117428963
166	7	0.4972291428419961
166	8	-0.17830288718227594
166	9	-0.14606440801362983
166	10	-0.1004715684216367
166	11	-0.3035983435929592
166	12	-0.15265621775672003
166	13	-0.1454860750506671
166	14	-0.20455951898917624
166	15	-0.15032498975432432
167	0	-0.15117558488302404
167	1	-0.2510935711354719
167	2	-0.2510935709667408
167	3	-0.14548614918947297
167	4	-0.3035984250203208
167	5	-0.14606448910290823
167	6	-0.2045596003693112
167	7	-0.15032507064015038
167	8	-0.15417619286619005
167	9	-0.1684669761262081
167	10	-0.10047164772731916
167	11	0.4972290530066659
167	12	-0.15265630621834717
167	13	-0.17830278629629293
168	0	-0.1511755838146982
168	1	-0.2510935702517261
168	2	0.4972290664125388
168	3	-0.15265629146477863
168	4	-0.14606448056498902
168	5	-0.1454861636828483
168	6	-0.3035984238761236
168	7	-0.17830278701332797
168	8	-0.15417619210389003
168	9	-0.16846697544188888
168	10	-0.2510935700260257
168	11	-0.10047164693752862
168	12	-0.15032506946737087
168	13	-0.2045595991461745
169	0	-0.1783027154888287
169	1	-0.1795721631629785
169	2	-0.15117553127659472
169	3	-0.2510935166615512
169	4	-0.25109351646733713
169	5	-0.1541761385966891
169	6	-0.15032501700950343
169	7	-0.229539394135662
169	8	0.15351269121416433
169	9	-0.13062353369260662
169	10	-0.24185768554775242
169	11	-0.2519920204925716
169	12	-0.11715290414205477
169	13	-0.11971060208886862
169	14	-0.009894192911905887
169	15	-0.14606442635359965
169	16	-0.20455954550079364
169	17	-0.14548610998714798
169	18	0.4972291063516752
169	19	-0.10047159485175132
169	20	-0.15265623725178676
169	21	-0.1684669213040152
169	22	-0.3035983699113691
170	0	-0.179572260450282
170	1	-0.2510934972776587
170	2	-0.15417611930194905
170	3	-0.1783026783537507
170	4	-0.15117551184767405
170	5	-0.2510934971968779
170	6	-0.10047157331824592
170	7	-0.15032499749550055
170	8	-0.3035983513718349
170	9	-0.14606442378693194
170	10	-0.15265623356591088
170	11	-0.14548608500137397
170	12	-0.20455952646657938
170	13	-0.16846690261624453
170	14	0.497229135915685
170	15	-0.009894790020450274
170	16	-0.11971118807298077
170	17	0.15351256961770116
170	18	-0.11715349435042864
170	19	-0.2519926159788823
170	20	-0.24185855071745424
170	21	-0.22953999955457022
170	22	-0.13062439870430811
171	0	-0.15117558141242285
171	1	-0.2510935673292706
171	2	-0.15265628874515227
171	3	-0.14548615295175474
171	4	-0.14606449315442108
171	5	-0.15417618921440854
171	6	-0.1503250677708246
171	7	-0.3035984211058141
171	8	-0.20455959669736296
171	9	-0.10047164518440087
171	10	0.49722905240545184
171	11	-0.17830272950268833
171	12	-0.251093567162344
171	13	-0.16846697239018787
172	0	-0.15417618077766737
172	1	-0.17957226985315328
172	2	-0.1783027694616472
172	3	-0.251093558861236
172	4	-0.15117557229873382
172	5	-0.2510935585888804
172	6	-0.1684669641107659
172	7	0.15351258375076587
172	8	-0.3035984123578889
173	0	-0.17957229629138258
173	1	-0.1541761621389469
173	2	-0.15117554905273145
173	3	0.15351255309334405
173	4	-0.2510935402243578
173	5	-0.16846694559111475
173	6	-0.2510935402046375
173	7	-0.30359838822332785
173	8	-0.1783027545075776
174	0	-0.30359840398346905
174	1	-0.2510935581706813
174	2	-0.15117556558789053
174	3	-0.1795723196879054
174	4	-0.25109355805212363
174	5	-0.15417617989020582
174	6	-0.178302752760923
174	7	-0.1684669632936961
174	8	0.153512533175437
175	0	0.4973921273033068
175	1	-0.13277200237995304
175	2	-0.32477621607798557
175	3	-0.17957227218440458
175	4	-0.11036059193324388
175	5	-0.34690048423352077
175	6	-0.015637763721141684
175	7	-0.32621222885122736
175	8	-0.1783027064423926
175	9	-0.145485849757532
175	10	-0.10047135938512707
175	11	-0.14606418987963246
175	12	-0.11971090228635593
175	13	-0.00989450981328225
175	14	-0.20455930868986205
175	15	-0.15417613322700063
176	0	-0.11971120760141075
176	1	-0.17830269863644987
176	2	-0.009894806531147056
176	3	-0.14606443380738668
176	4	-0.15417613628465865
176	5	-0.10047159538427129
176	6	-0.14548608437055724
176	7	-0.1327731595362292
176	8	-0.2045595433075193
176	9	-0.3247773071592876
176	10	-0.3469015765675025
176	11	-0.3262133216416514
176	12	-0.015638951251459098
176	13	-0.1103617484793788
176	14	0.49739189252026933
176	15	-0.17957228529869992
177	0	0.4973920475521136
177	1	-0.13277300249351165
177	2	-0.01563884936785621
177	3	-0.3262132272692225
177	4	-0.3247772201884325
177	5	-0.3469014824137762
177	6	-0.11036159135028012
177	7	-0.1783025166532356
177	8	-0.17957211754895247
177	9	-0.1454859341308025
177	10	-0.14606427510585687
177	11	-0.009894648553400977
177	12	-0.10047143613755875
177	13	-0.11971104887133895
177	14	-0.20455938520412248
177	15	-0.15417597794496388
177	16	-0.25199194803221886
177	17	-0.22953932004265376
177	18	-0.13062373073544087
177	19	-0.11715274480159012
177	20	-0.24185788252373153
177	21	0.15351295693433142
177	22	-0.35228844624974875
178	0	-0.437957902970701
178	1	-0.15117503984614866
178	2	-0.17830266257888744
178	3	-0.1454861247704615
178	4	0.49739185605883024
178	5	-0.11971123208573455
178	6	-0.10047161829746847
178	7	-0.20455956798634384
178	8	-0.154176160689917
178	9	-0.1460644498137175
178	10	-0.009894831162472924
178	11	-0.11715384236514921
178	12	-0.2295400357288077
178	13	-0.130624440702298
178	14	0.15351261316769438
178	15	-0.2519926577685891
178	16	-0.2418585924825384
178	17	-0.15032429954542897
179	0	-0.15117558467775594
179	1	-0.17830277778450965
179	2	-0.1503250706200415
179	3	-0.4379599019416832
179	4	0.49739191626895246
179	5	-0.1541761916687098
179	6	-0.10047165091464218
179	7	-0.009894863077647094
179	8	-0.14606448559613158
179	9	-0.20455959898473597
179	10	-0.11971125911978726
179	11	-0.14548614895590703
180	0	-0.15117555856164427
180	1	-0.43795987699473204
180	2	-0.17830276458857847
180	3	-0.11971122641710812
180	4	-0.14606446867023506
180	5	-0.145486138361017
180	6	-0.10047162428463023
180	7	-0.15417616667873735
180	8	-0.20455957390235624
180	9	0.4973918684578584
180	10	-0.009894837050618173
180	11	-0.15032504459020404
180	12	-0.11715339925343889
180	13	-0.25199260449147565
180	14	-0.24185853898660095
180	15	-0.13062438694196496
180	16	-0.22953998590930919
180	17	0.15351260636297148
181	0	-0.17830276826528013
181	1	-0.1511755833804079
181	2	-0.15032506961285338
181	3	-0.10047164705884361
181	4	-0.11971125329383546
181	5	-0.20455959826355463
181	6	-0.009894861636929327
181	7	-0.14548615554152786
181	8	0.4973918345759713
181	9	-0.15417619068344146
181	10	-0.1460644854079959
181	11	-0.43795990100827914
182	0	-0.145486090776087
182	1	0.4973918916432181
182	2	-0.20455954142182803
182	3	-0.1460644193488899
182	4	-0.10047158633530058
182	5	-0.11971118442552824
182	6	-0.009894805358521365
182	7	-0.1541761338570456
182	8	-0.015638611270466406
182	9	-0.3247770090598943
182	10	-0.34690128958535543
182	11	-0.32621302185146617
182	12	-0.17830272968686595
182	13	-0.1795719872343964
182	14	-0.13277286251828505
182	15	-0.11036145114853196
183	0	-0.22264365653189166
183	1	-0.151175440096879
183	2	-0.17830271544551063
183	3	-0.11715354971333798
183	4	-0.24185842025391593
183	5	0.15351270217172047
183	6	-0.13062426838151095
183	7	-0.22953986987092273
183	8	-0.2519924857127506
183	9	-0.15417616607211887
183	10	-0.00989483572726766
183	11	-0.10047162426076374
183	12	0.4973918650775417
183	13	-0.11971124304652327
183	14	-0.14548613672387442
183	15	-0.14606446269989729
183	16	-0.2045595729591167
183	17	-0.15032492611922352
184	0	-0.15117555240593705
184	1	-0.17830273934033375
184	2	-0.2226437689113647
184	3	-0.24185859338540971
184	4	-0.2519926589779399
184	5	-0.22954004767986969
184	6	-0.13062444142867718
184	7	-0.11715383141043072
184	8	0.1535125286112059
184	9	-0.15032503977734726
184	10	0.4973918568279581
184	11	-0.009894832118316495
184	12	-0.14606445518310293
184	13	-0.14548611644132223
184	14	-0.10047161842861659
184	15	-0.11971123781577038
184	16	-0.20455956847474804
184	17	-0.15417616096452252
185	0	0.1515306633718193
185	1	0.2713694986061339
185	2	0.00895428289926367
185	3	0.011364175223975051
185	4	0.0016550946422739894
185	5	-0.1754495719971705
185	6	-0.08761719810354533
185	7	0.5984192964366996
185	8	0.1588754247150864
185	9	-0.15253871744771608
185	10	-0.13172927073004007
186	0	-0.15117548830844402
186	1	-0.17544953456837173
186	2	-0.1783026567957532
186	3	-0.15032497497412792
186	4	-0.1317292386755159
186	5	-0.10047155462044847
186	6	-0.1541760965175691
186	7	-0.20455950391084604
186	8	0.001655132989591422
186	9	-0.1454860615486763
186	10	-0.11971116448303722
186	11	0.4973919286513449
186	12	-0.35676099103294917
186	13	-0.08761760315278312
186	14	-0.24185852805796332
186	15	0.1535125959872019
186	16	-0.2519925932619364
186	17	0.15887544981518453
186	18	0.5984193346681521
187	0	-0.17830272653854023
187	1	-0.1511755488609827
187	2	-0.17544953660818238
187	3	0.15351253094195216
187	4	-0.08761724317003884
187	5	0.15887546148547332
187	6	0.5984193314094548
187	7	-0.24185858964459514
187	8	-0.251992655240863
187	9	-0.15032503547352058
187	10	-0.14548612072545972
187	11	0.4973918643532195
187	12	-0.1004716100310185
187	13	-0.11971122579151673
187	14	-0.2045595643924984
187	15	-0.13172921303452484
187	16	-0.35676089669112293
187	17	-0.15417615714795055
187	18	0.0016551299304617502
188	0	-0.10047158563993146
188	1	0.27136872655586736
188	2	0.011363332792302908
188	3	-0.14548608657558273
188	4	-0.15265434404232556
188	5	0.00895344466022399
188	6	-0.17830267320870646
188	7	0.1515298356733757
188	8	-0.15417613029879176
188	9	0.49739189346896023
188	10	-0.20455953729615006
188	11	-0.13172919305382172
188	12	-0.15032500837160553
188	13	0.3087201893501779
188	14	-0.11971119024121758
188	15	-0.15117552222163447
188	16	-0.35676086930000594
188	17	-0.13277272861537412
188	18	0.0016551580280815643
188	19	-0.1795718315337896
188	20	-0.1525386156722935
188	21	-0.3247768758197778
188	22	-0.1754495084784631
188	23	0.15351259724641098
189	0	-0.08761701432404019
189	1	0.5984194035237643
189	2	-0.24185851787050852
189	3	0.15351249386307197
189	4	0.15887552549148393
189	5	-0.251992583359575
190	0	0.49739195685783727
190	1	-0.1795722160213642
190	2	-0.32477724350378856
190	3	-0.11036113859123087
190	4	-0.34690095532949455
190	5	-0.13277309699992862
190	6	-0.17830265164522646
190	7	-0.1525387671872548
190	8	-0.015638270752520344
190	9	-0.11971114858024003
190	10	-0.3567608113209009
190	11	-0.13172914246157705
190	12	0.0016552178907671784
190	13	-0.10047152741330594
190	14	-0.14548602016711273
190	15	-0.20455947877511077
190	16	-0.15417607153891064
190	17	-0.0876175361431404
190	18	0.5984193737911969
190	19	-0.24185854690633649
190	20	0.1535126054626404
190	21	-0.3522916772279082
191	0	-0.3469015734336865
191	1	-0.17957228589691562
191	2	-0.015638962151095625
191	3	-0.3247773190896115
191	4	-0.15253882286037007
191	5	-0.1327731725631748
191	6	-0.17830269826639566
191	7	-0.11036175952184546
191	8	0.49739185244268397
192	0	0.008953555937529221
192	1	-0.1503247120139757
192	2	-0.13172909113492692
192	3	0.011363446479592657
192	4	-0.15265561442960604
192	5	-0.17830260008153448
192	6	-0.10047146747800607
192	7	0.3087206194388931
192	8	0.15152995574515385
192	9	0.2713688410152605
192	10	-0.20455942033298635
192	11	-0.14548598476225108
192	12	-0.1541760130944664
192	13	0.4973919063000855
192	14	-0.32477728641001924
192	15	-0.15253880344738457
192	16	0.0016552770885805796
192	17	-0.11971106631551427
192	18	-0.35676075210351404
192	19	-0.17957225709161057
192	20	-0.15117522486219795
192	21	0.1535127960405135
192	22	-0.17544921272923533
192	23	-0.13277313997772558
192	24	-0.25199237450955503
192	25	0.15887575656195854
192	26	-0.08761743025841386
192	27	-0.2418584444550657
192	28	0.5984194773828299
192	29	-0.04898294431719268
192	30	-0.1399834071149682
192	31	-0.365449282881801
192	32	-0.46380551298571776
192	33	-0.3446437994422046
192	34	0.06455848435850975
193	0	-0.32477720126275483
193	1	-0.015638654140548335
193	2	-0.010095742806527417
193	3	-0.1525387253202385
193	4	-0.3469013275879798
193	5	-0.10047148653390205
193	6	-0.13172909196521623
193	7	-0.3567607693608919
193	8	0.06455870600170396
194	0	-0.6417323524129883
194	1	-0.2429482805131287
194	2	-0.241858316612118
194	3	0.5984195251779993
194	4	-0.2358988504306712
194	5	-0.35676084580945433
194	6	-0.1783024284617657
194	7	-0.2045592915053948
194	8	0.0016552860629407513
194	9	-0.10047156507631792
194	10	-0.13277290844799644
194	11	-0.14548583371751647
194	12	-0.1317291695156909
194	13	-0.11967944250276104
194	14	-0.15417629379703096
194	15	0.15887571373683843
194	16	0.15351281105345788
194	17	-0.08542498384716593
194	18	-0.01009559562702461
194	19	-0.13998304018457985
194	20	-0.015638919478511714
194	21	0.4973921421359259
194	22	-0.32477727701010256
194	23	-0.17957199418927702
194	24	-0.15253880470168052
194	25	-0.11036136007856073
194	26	-0.3469015479059911
195	0	-0.10047164292192977
195	1	-0.32477736032882976
195	2	-0.35676092778006796
195	3	-0.13172925134261654
195	4	-0.1525388781059845
195	5	-0.1236999115219724
196	0	-0.3247773581816862
196	1	-0.13172928717793847
196	2	-0.09463804362923561
196	3	-0.15253888182605935
196	4	-0.010095613611947494
196	5	-0.1004716409212532
197	0	-0.15417634294305527
197	1	-0.11967947999930671
197	2	0.0016552363672964294
197	3	-0.09463804822770011
197	4	-0.15253886783698573
197	5	-0.3247773526783747
197	6	-0.1317292531357667
197	7	-0.010095670866051535
197	8	-0.10047163629232737
197	9	-0.35676085612537206
197	10	0.06455882820456366
197	11	-0.3469014965013096
197	12	-0.01563885889645723
198	0	0.27136913669616014
198	1	0.00895384745500377
198	2	-0.1503244169138121
198	3	-0.13172916779454777
198	4	-0.09463798105393631
198	5	-0.154176391530433
198	6	-0.14548587021114337
198	7	0.15153029981339436
198	8	0.011363743948931401
198	9	-0.1783024423044881
198	10	-0.10047156112833526
198	11	0.3087209188420912
198	12	-0.2045593125470191
198	13	-0.0100955929265967
198	14	0.4973921111368543
198	15	-0.15117503690337264
198	16	-0.11967954910599658
198	17	0.0016551870362409944
198	18	-0.1795720443155653
198	19	-0.3567608428092624
198	20	-0.15253878700601786
198	21	-0.13277292974592447
198	22	-0.1754490133271496
198	23	0.15351278284569808
198	24	-0.3247772743495566
198	25	-0.015638905264917857
198	26	-0.34690153867712675
198	27	-0.11036154512935686
198	28	-0.6417364173518051
198	29	-0.24294793374198148
198	30	-0.23589889697716102
198	31	-0.24185833627740258
198	32	0.5984195850379976
198	33	-0.13998306073197925
198	34	0.15887572198224348
198	35	-0.08542530148721231
199	0	-0.17830266594847788
199	1	0.2713686427750821
199	2	-0.13172916340475532
199	3	0.15152969128285268
199	4	-0.15417637982724647
199	5	0.4973919233995803
199	6	-0.09463794270383058
199	7	-0.15032496917016575
199	8	-0.20455949822442576
199	9	-0.10047155021293437
199	10	-0.01009558079973538
199	11	-0.14548605554201818
199	12	0.011363191876825565
199	13	0.008953295085525169
199	14	0.3087203625872085
199	15	0.0016551990252831978
199	16	-0.11967952474212222
199	17	-0.13277311641771578
199	18	-0.35676083040560946
199	19	-0.151175482918297
199	20	-0.15253876820260792
199	21	-0.3247772623577479
199	22	-0.179572233950478
199	23	0.1535126115278243
199	24	-0.1754494702392617
199	25	-0.11036170360278669
199	26	-0.01563889521308338
199	27	-0.34690154215901187
199	28	-0.6417366035733097
199	29	-0.24294811987302403
199	30	-0.24185852276167932
199	31	0.1588755411784713
199	32	-0.08542554987154985
199	33	-0.23589905645756784
199	34	0.5984193986728296
199	35	-0.13998324647200394
200	0	0.49739186361884163
200	1	0.2713686043375596
200	2	0.008953235222578402
200	3	-0.17830273366793298
200	4	-0.2045595611925492
200	5	-0.10047161352790467
200	6	0.1515296259572407
200	7	-0.09463802046004088
200	8	-0.010095643852265272
200	9	-0.14548611772394895
200	10	0.3087202994160582
200	11	-0.13172922596128606
200	12	-0.15417644236297678
200	13	0.0113631287151411
200	14	-0.15032503169290318
200	15	0.001655136291430252
200	16	-0.35676089322057014
200	17	-0.11967958742722053
200	18	-0.1511755452952073
200	19	-0.1795722958296781
200	20	0.15351258065083667
200	21	-0.23589911960350182
200	22	-0.24185858531393947
201	0	-0.2418586333657849
201	1	0.15351250045168652
201	2	0.5984193855546975
201	3	-0.08542522153132123
201	4	-0.23589916574112083
201	5	0.15887552143473654
201	6	-0.1103617157895383
201	7	-0.35229155717827815
201	8	-0.24294813269336804
202	0	-0.23589917486722686
202	1	-0.2418586404093125
202	2	0.15887542716827485
202	3	0.15351259590528143
202	4	-0.08542560641384617
202	5	0.5984192807653814
203	0	-0.0854256921541893
203	1	0.5984192804146625
203	2	0.15887541378924971
203	3	-0.24185864026587994
203	4	0.15351251812426214
203	5	-0.23589917416250575
204	0	0.5984192828361177
204	1	0.15887542267961854
204	2	-0.24185863801192428
204	3	-0.08542556789713524
204	4	0.15351249165832193
204	5	-0.23589917189414036
204	6	-0.11036173315040698
205	0	0.1515298396689226
205	1	0.30872050914234545
205	2	-0.15032482187937163
205	3	-0.13172901325356529
205	4	-0.01009543207797786
205	5	-0.10047140221495825
205	6	0.011363335762465468
205	7	-0.17830252933304608
205	8	-0.14548591502560773
205	9	-0.09463780202154962
205	10	0.008953442178752406
205	11	0.497392088593322
205	12	-0.20455935091893734
205	13	-0.15417623285687299
205	14	0.2713687223100063
205	15	-0.15253853666190664
205	16	-0.32477701762487604
205	17	-0.1511753359211886
205	18	-0.35676068335251193
205	19	-0.11967936531300104
205	20	0.0016553464928871038
205	21	-0.17544922561434986
205	22	-0.13277287172641197
205	23	0.1535125861053614
205	24	-0.17957208785603535
205	25	-0.2358990895962921
205	26	-0.08542558455597399
205	27	0.15887551355302157
205	28	-0.24185855527643005
205	29	0.5984193657168657
205	30	-0.11036173445094022
205	31	-0.3522925595593556
206	0	-0.08542565361697643
206	1	0.1588754117855702
206	2	-0.23589917015062847
206	3	-0.24185863651715128
206	4	0.5984192850223314
206	5	0.1535125819107161
206	6	-0.11036181708212467
206	7	-0.3522927705558376
207	0	0.30872037137459923
207	1	0.4973919359167896
207	2	-0.010095572274948976
207	3	0.011363197046178844
207	4	-0.09463794150058513
207	5	-0.1317291475490322
207	6	-0.14548604785606564
207	7	-0.10047154013374722
207	8	0.008953306553437705
207	9	-0.20455949020905762
207	10	-0.1783026600424698
207	11	-0.1541763712346882
207	12	-0.15032496091847924
207	13	0.2713686048775067
207	14	0.15152970764212215
207	15	-0.35676082232107914
207	16	-0.11967951575875772
207	17	0.0016552069832192302
207	18	0.15351266785544954
207	19	-0.17957221256827827
207	20	-0.15117547464604678
207	21	-0.23589909529342742
207	22	-0.24185856099446842
207	23	0.15887550188973054
207	24	0.5984193596155268
207	25	-0.08542556107216298
207	26	-0.11036174107368019
207	27	-0.3522926956266029
208	0	-0.2358991542749259
208	1	-0.08542533512252057
208	2	0.598419301160199
208	3	-0.24185862011608558
208	4	0.1535126047222657
208	5	0.15887544347092178
208	6	-0.11036180086920588
208	7	-0.35229275448833974
208	8	-0.10047164448874936
208	9	-0.32477719103686387
208	10	-0.1525387076353663
208	11	-0.1317292571773385
208	12	-0.09463804461597558
208	13	-0.3567609276542187
209	0	-0.15417605817412894
209	1	0.0016555202559609778
209	2	-0.14548572546359287
209	3	-0.09463770613667027
209	4	-0.13172889624060916
209	5	-0.10047128709267537
209	6	-0.11967919569253126
209	7	-0.01009540041923229
209	8	-0.13277262542788756
209	9	-0.32477708106128644
209	10	-0.3469012576717276
209	11	0.5001013981892681
209	12	-0.17830227689335704
209	13	-0.180782951135383
209	14	-0.11089586850213368
209	15	-0.17957182794098747
209	16	-0.01563876305494206
209	17	-0.11036144474227394
210	0	0.5001010517934611
210	1	-0.17830259810613064
210	2	-0.0156390574755766
210	3	-0.13277315604915824
210	4	-0.1795721809791457
210	5	-0.1108960641587928
210	6	-0.010095621544818327
210	7	-0.32477730268612826
210	8	-0.11036174509299818
210	9	-0.18078298190800135
210	10	-0.3469014978128457
210	11	-0.20455905593999463
210	12	-0.14548609558889428
210	13	0.0016551597253651002
210	14	-0.11967958054375001
210	15	-0.10047158691912818
210	16	-0.15417641969282392
210	17	-0.13172919441561853
210	18	-0.3537825011114553
211	0	-0.13172926033886995
211	1	-0.10047164266166998
211	2	-0.010095680216972101
211	3	-0.32477736148236086
211	4	-0.3469015507729008
211	5	-0.01563913516762695
211	6	-0.11089610999206326
212	0	-0.1327731080509383
212	1	-0.11089606929477303
212	2	-0.010095635036389298
212	3	-0.324777316451699
212	4	-0.11036169468264645
212	5	-0.34690150674723513
212	6	-0.1783025481730427
212	7	-0.18078294582460602
212	8	-0.17957214132449248
212	9	0.5001011043908271
212	10	-0.01563912623292064
213	0	-0.11036175350079985
213	1	-0.17957219794613336
213	2	-0.3469014801598123
213	3	-0.17830261142280973
213	4	-0.1327731670402246
213	5	-0.3247773138249739
213	6	-0.11089609265374495
213	7	-0.015639100381308457
213	8	-0.18078300354628013
213	9	0.5001010452618709
213	10	-0.01009563246856479
214	0	-0.17830251032899724
214	1	0.5001019409339165
214	2	-0.13277305099276696
214	3	-0.04898046597418922
214	4	-0.48957954878302734
214	5	-0.13998172880430376
214	6	0.15153063461056143
214	7	-0.15032402461459152
214	8	0.27136951843147517
214	9	0.008954240334900552
214	10	0.30872130850993407
214	11	0.011364160117511554
214	12	-0.3654467305053767
214	13	0.004632760493407262
214	14	-0.11036163668597754
214	15	-0.4638029604781857
214	16	-0.34464177159466525
214	17	-0.1754497629165145
214	18	-0.15417603772617616
214	19	-0.17957208728868504
214	20	-0.18078288670898401
214	21	-0.20769586652119293
214	22	-0.1511745379139924
214	23	-0.14548572038392524
214	24	-0.11967919004470522
214	25	-0.641735084904485
214	26	-0.0833957414174307
214	27	-0.23589817451155323
214	28	-0.35229177497492903
214	29	0.6146138238867446
214	30	-0.24185764039739371
214	31	0.15887589033812272
214	32	-0.27180306003487703
214	33	0.15351270434314576
214	34	-0.2429467487485775
214	35	-0.10886806367892896
214	36	-0.015638960044029326
214	37	-0.34690135268912486
214	38	0.08889952164271968
214	39	-0.10047126507341074
214	40	-0.12469623493927154
214	41	-0.0946374856996697
214	42	-0.353782539326571
214	43	-0.01009551550867793
214	44	-0.3148301946940078
215	0	0.5001936812122458
215	1	-0.15417640697224638
215	2	-0.1765956268303066
215	3	-0.7072201551582343
215	4	-0.083526608492904
215	5	-0.10890040529255403
215	6	-0.015768063549121896
215	7	-0.012757773635305015
215	8	-0.3087515832550446
216	0	-0.1103615991142412
216	1	-0.015768046277530184
216	2	-0.1783022783385299
216	3	-0.3469013404823144
216	4	-0.3087515847279844
216	5	-0.108900379176313
216	6	-0.18078284682407547
216	7	-0.012757745799948662
216	8	-0.1327730117002066
216	9	-0.1765956416727704
216	10	0.5001936890846028
216	11	-0.3537827781077014
216	12	-0.1246964030716636
216	13	-0.10047144639340923
216	14	-0.20769610429010937
216	15	-0.14548595719589655
216	16	0.0046325241107127045
216	17	-0.15417640815462158
216	18	-0.11967941389196034
216	19	-0.094637839920273
217	0	-0.24185831782042158
217	1	-0.08130183807160445
217	2	0.6146131477106855
217	3	0.158876038053435
217	4	0.15351200274327628
217	5	-0.23589885153744303
218	0	-0.3469013084482922
218	1	-0.18078285838578895
218	2	0.5033539222734996
218	3	-0.11036161104300085
218	4	-0.1783023942425357
218	5	-0.10890025817633901
218	6	-0.015767998914333264
218	7	-0.012757683014322741
218	8	-0.17659542350716378
218	9	-0.13277302434819158
218	10	-0.3087515203172743
219	0	0.5033537893417489
219	1	-0.11036173875868344
219	2	-0.1327731519692004
219	3	-0.3469013744866804
219	4	-0.17659556062163062
219	5	-0.308751592065326
219	6	-0.17830252265803864
219	7	-0.18078298679838078
219	8	-0.012757754623523505
219	9	-0.10890034439176226
219	10	-0.015768111882985696
219	11	-0.10047133818143074
219	12	-0.12469630039972104
220	0	0.5033537711764932
220	1	-0.11036175437845985
220	2	-0.13277316667728525
220	3	-0.18078299770565787
220	4	-0.3087516070392593
220	5	-0.012757769960147892
220	6	-0.3469014141220577
220	7	-0.17659557047181598
220	8	-0.10890035102571986
220	9	-0.17830248665891935
220	10	-0.015768132340417223
221	0	-0.3247772946852256
221	1	-0.11089606177287273
221	2	-0.17957214720031472
221	3	-0.346901452260128
221	4	-0.010095613504959631
221	5	-0.015639024958268865
221	6	-0.11036173427711571
221	7	0.500101054049528
221	8	-0.1807829830332614
221	9	-0.17830259686506794
221	10	-0.13277314657961994
222	0	-0.1327731691540406
222	1	-0.3247773154777318
222	2	-0.34690148667377046
222	3	-0.18078300258035207
222	4	-0.1795721909501203
222	5	-0.11089609354052132
222	6	-0.178302606365623
222	7	0.5001010364682353
222	8	-0.010095634343948666
222	9	-0.01563911635692995
222	10	-0.11036175495711215
223	0	-0.1103617563514529
223	1	-0.13277317048265097
223	2	-0.01563910225980004
223	3	-0.3247773165720989
223	4	-0.34690147377082187
223	5	0.5001010344252509
223	6	-0.01009563605470573
223	7	-0.18078300637131356
223	8	-0.17830261559057514
223	9	-0.11089608541709933
223	10	-0.179572196816401
224	0	-0.015639057989011006
224	1	-0.32477731546665667
224	2	-0.11089609142775222
224	3	-0.3469014646973499
224	4	-0.1103617552101096
224	5	-0.18078300170872824
224	6	-0.010095634083953474
224	7	-0.17830263102065702
224	8	-0.1327731685964247
224	9	-0.17957219763612023
224	10	0.5001010346098188
225	0	-0.1327731670804443
225	1	-0.010095632514753676
225	2	-0.11036175320461894
225	3	-0.18078300924103335
225	4	-0.17957219480139835
225	5	-0.015639073720115425
225	6	-0.32477731325857306
225	7	-0.34690145806885636
225	8	-0.17830260789240876
225	9	0.5001010244000207
225	10	-0.1108960830329884
226	0	-0.17957218124043173
226	1	-0.13277315754166957
226	2	-0.11089606238322886
226	3	-0.010095623053238799
226	4	-0.32477730437412655
226	5	-0.1783025893245162
226	6	-0.015638973919141718
226	7	0.5001010495881694
226	8	-0.11036174423361012
226	9	-0.34690146912657577
226	10	-0.1807829915148359
226	11	-0.36544785613965175
226	12	-0.20455849725328085
226	13	-0.353781880844074
226	14	-0.14548506024896776
226	15	-0.1317285254994599
226	16	-0.11967866303144796
226	17	-0.10047092915164023
227	0	-0.015639018077121657
227	1	-0.346901449020051
227	2	-0.13277312308986317
227	3	-0.1108960488757739
227	4	-0.3247772693866191
227	5	-0.1783025562309044
227	6	-0.17957214670134403
227	7	-0.11036170979883131
227	8	0.5001010734259544
227	9	-0.010095587949886435
227	10	-0.1807829523632124
227	11	-0.14548605499915082
227	12	-0.3654491293990617
227	13	-0.20455950534917727
227	14	-0.13172916194476045
227	15	-0.1196795409321761
227	16	-0.10047155684230143
227	17	-0.3537828889744669
227	18	0.008954715011258189
227	19	-0.09463679405645792
227	20	0.15153111188608223
227	21	0.308721785647821
227	22	-0.154175225330687
227	23	0.2713699905520222
227	24	0.011364611373080383
227	25	-0.1503235492142037
227	26	0.0016563546136087
227	27	-0.15117406290476387
227	28	-0.17544945615063903
227	29	0.1535127814851888
227	30	-0.24185746751653847
227	31	-0.08542449063808585
227	32	0.15887685680274424
227	33	0.5984204541844766
227	34	-0.23589800199636649
227	35	-0.3522916381113067
228	0	-0.1783025756379758
228	1	0.308720341147578
228	2	0.15351179812143576
228	3	0.15152967126148317
228	4	-0.17957217191915495
228	5	0.011363170512825024
228	6	0.008953276368893702
228	7	-0.1511755043501493
228	8	-0.15417640111627146
228	9	-0.10047156430113245
228	10	-0.20455951917396092
228	11	0.5001010631677415
228	12	-0.14548606836894665
228	13	-0.1317291833383568
228	14	-0.0946379873538111
228	15	-0.010095601980541933
228	16	-0.15032499022536833
228	17	0.2713685847541395
228	18	-0.11089604531486569
228	19	-0.1103617239405072
228	20	-0.13277313686385023
228	21	-0.015639037567413038
228	22	-0.32477728258041516
228	23	-0.1807829676496751
228	24	-0.346901478243173
228	25	-0.3537829024628204
228	26	-0.11967955380852961
228	27	-0.3654491427181432
228	28	-0.1754508970346507
228	29	0.0016551784798734632
229	0	-0.1783026029011313
229	1	0.3087203377302167
229	2	-0.14548606346284523
229	3	-0.010095604434306652
229	4	0.011363168179951685
229	5	-0.15032499299328494
229	6	-0.13172919392584959
229	7	0.5001010633620622
229	8	-0.15417640320836512
229	9	-0.10047156833282751
229	10	-0.2045595213083402
229	11	-0.09463797929189952
229	12	0.008953270498140707
229	13	0.27136858771887074
229	14	0.15152966661418596
229	15	-0.17957218315882503
229	16	0.15351168926927808
229	17	-0.15117550565384086
229	18	-0.34690147305999014
229	19	-0.18078298101622003
229	20	-0.11036172599698696
229	21	-0.11089604685482041
229	22	-0.13277313942959565
229	23	-0.32477728547952184
229	24	-0.015638999899266436
229	25	-0.3537829051824064
229	26	-0.11967954096541998
229	27	-0.36544914545974905
229	28	-0.1754508993516218
229	29	0.0016551760058880578
230	0	-0.11036171139608164
230	1	-0.13277312504010327
230	2	-0.015639045575601817
230	3	-0.17830260915867985
230	4	0.5001010791857535
230	5	-0.32477727066207923
230	6	-0.010095589095411082
230	7	-0.11089604730328242
230	8	-0.1807829523899453
230	9	-0.17957216191603845
230	10	-0.3469014583998811
230	11	-0.14548606281005264
230	12	-0.1004715528675021
230	13	-0.3654491305355586
230	14	-0.1317291705396305
230	15	-0.11967954891093203
230	16	-0.2045595057615761
230	17	-0.3537828899292647
230	18	0.30872035403159975
230	19	-0.09463795077307971
230	20	-0.15417638729868038
230	21	0.008953286218680743
230	22	-0.15032497658491417
230	23	0.1515296795561503
230	24	0.27136858184397594
230	25	0.011363183002555802
230	26	0.0016551913434689576
230	27	-0.1511754902379346
230	28	-0.1754508839246771
230	29	0.15351171219071622
230	30	0.5984196675932159
230	31	-0.23589878733217304
230	32	-0.08542534038033234
230	33	-0.24185825342088996
230	34	0.1588760832627487
230	35	-0.35229238745142855
231	0	-0.11089608588600361
231	1	0.5001010531311332
231	2	-0.010095623060229373
231	3	-0.11036174498545381
231	4	-0.34690149042975243
231	5	-0.17830262639710115
231	6	-0.13277315823748748
231	7	-0.18078299012993365
231	8	-0.01563910190379637
231	9	-0.32477730391496223
231	10	-0.17957217840625167
231	11	-0.1004715897440376
231	12	-0.13172921198067492
231	13	-0.36544916404842
231	14	-0.145486105243308
231	15	-0.20455953994088583
231	16	-0.3537829236391192
231	17	-0.11967956789283969
232	0	-0.34690150036119244
232	1	0.5001010376190436
232	2	-0.13277316846979845
232	3	-0.015639062429697936
232	4	-0.010095633801483454
232	5	-0.1795721964876813
232	6	-0.18078300441975897
232	7	-0.17830261780580342
232	8	-0.11089608276612806
232	9	-0.11036175441617707
232	10	-0.32477731505911583
233	0	-0.3469014704060526
233	1	-0.17830260254609198
233	2	-0.11036175315930774
233	3	-0.010095632380227674
233	4	-0.1795721880600409
233	5	-0.18078299926285896
233	6	-0.015639072612965054
233	7	-0.13277316661040645
233	8	0.5001010402477911
233	9	-0.3247773136349087
233	10	-0.1108960789895202
234	0	-0.01009563452804063
234	1	-0.17957219427874366
234	2	0.5001010282561384
234	3	-0.32477731585017366
234	4	-0.01563903382838373
234	5	-0.11089610428530736
234	6	-0.34690146878518296
234	7	-0.18078300263776664
234	8	-0.11036175542525822
234	9	-0.17830254877624496
234	10	-0.13277316880727358
235	0	-0.3469014824008643
235	1	-0.11036175702852558
235	2	-0.18078299899891898
235	3	-0.010095635030886728
235	4	-0.17830262963542415
235	5	-0.13277316964959665
235	6	-0.17957219111547654
235	7	-0.3247773160501713
235	8	-0.110896083274374
235	9	0.5001010364771892
235	10	-0.015639047550078177
236	0	-0.010095633888237364
236	1	-0.1327731680768721
236	2	-0.17830260165466882
236	3	-0.17957219727351378
236	4	-0.32477731485071704
236	5	0.5001010449419397
236	6	-0.11089608717560054
236	7	-0.01563909242460183
236	8	-0.34690148442128516
236	9	-0.11036175434226364
236	10	-0.18078299514095542
237	0	-0.01275774180360596
237	1	-0.17659556889394304
237	2	0.5033537961142472
237	3	-0.01576803682286469
237	4	-0.1807829797768012
237	5	-0.34690136838912505
237	6	-0.3087515785965092
237	7	-0.17830251137366376
237	8	-0.10890032293112713
237	9	-0.1327731388928441
237	10	-0.11036172515678228
237	11	-0.3537823667053399
237	12	-0.12469600667076164
237	13	-0.2076956933626597
237	14	-0.10047103303831552
237	15	-0.11967901049784622
237	16	-0.14548553897439778
237	17	-0.3654486068147881
238	0	-0.24185784315381276
238	1	0.6146136214828011
238	2	-0.08130117514516973
238	3	-0.2358983769168191
238	4	0.15351248432764478
238	5	0.15887650099701314
238	6	-0.11036181684375412
238	7	-0.35229197722382555
239	0	-0.12469652181101576
239	1	0.27136944067395624
239	2	-0.09463716972233252
239	3	-0.15417559250006968
239	4	-0.012757725042842267
239	5	-0.10047156162893948
239	6	-0.17830246440019187
239	7	-0.15032418198975803
239	8	0.15153047558985805
239	9	0.01136397450844008
239	10	-0.2076962154669978
239	11	0.008954082538922574
239	12	0.30872115295410696
239	13	0.5033538166956087
239	14	-0.1454860606542501
239	15	-0.15117469571396847
239	16	-0.1754500887380551
239	17	-0.11967953888506828
239	18	0.0046332063128204535
239	19	-0.13277312130522292
239	20	-0.35378288858386586
239	21	-0.17659553597141794
239	22	0.15351175085178095
239	23	-0.30875156187964614
239	24	-0.10890031117490011
240	0	-0.1004715645941494
240	1	-0.11967954712414598
240	2	-0.3537828987520667
240	3	-0.14548606340713874
240	4	-0.12469652304665105
240	5	-0.2076962252799357
240	6	-0.36544898524809777
240	7	-0.012757733594819532
240	8	-0.17659556081148817
240	9	-0.3469012299524327
240	10	-0.30875157211262305
240	11	-0.18078281482627256
240	12	0.5033537967133076
240	13	-0.17830252812455688
240	14	-0.13277313253932382
240	15	-0.01576791516270541
240	16	-0.10890029766218305
240	17	-0.11036161114363324
241	0	-0.235898919137672
241	1	-0.08130181438439034
241	2	0.15351173121753067
241	3	0.6146130803138943
241	4	-0.241858384583635
241	5	0.158875962412308
241	6	-0.3522925192308834
241	7	-0.11036181606487533
242	0	-0.34690133584715993
242	1	-0.30875154858437714
242	2	-0.1765955208423954
242	3	0.5033538352906198
242	4	-0.10890027710286161
242	5	-0.18078294251689325
242	6	-0.012757711266980566
242	7	-0.11036174171719021
242	8	-0.13277310822004856
242	9	-0.1783024378652155
242	10	-0.015768028819405238
242	11	-0.35378287444006934
242	12	-0.20769620104932485
242	13	-0.11967952231715433
242	14	-0.1454860385286911
242	15	-0.3654491149361992
242	16	-0.1004715423427101
242	17	-0.12469651336894824
243	0	0.011363448726790057
243	1	-0.01275776981399211
243	2	-0.14548609791176118
243	3	-0.12469657484281155
243	4	0.3087206270926509
243	5	-0.1541761191192617
243	6	-0.15032470879482765
243	7	0.008953555941908551
243	8	-0.20769626002528768
243	9	0.5033537714619315
243	10	0.15152995277988307
243	11	-0.0946376861138521
243	12	-0.17830251743070202
243	13	-0.10047160504480802
243	14	0.2713688367046656
243	15	-0.3087516062127847
243	16	-0.10890033859623964
243	17	-0.17659556458839906
243	18	-0.15117522192616126
243	19	0.153511870551193
243	20	-0.1327731659675464
243	21	0.004632679306727411
243	22	-0.35378293279395606
243	23	-0.1196795797792138
243	24	-0.17545061519587649
244	0	-0.012757751917021788
244	1	-0.11036162778443781
244	2	-0.30875158993217333
244	3	-0.1765955640247956
244	4	-0.10890032392108816
244	5	0.5033537960178124
244	6	-0.18078286360133416
244	7	-0.0157679130331491
244	8	-0.3469012906687759
244	9	-0.13277315029078446
244	10	-0.17830254978114735
244	11	-0.11967955412028759
244	12	-0.36544904725424915
244	13	-0.3537829161811517
244	14	-0.12469654809145594
244	15	-0.10047158491569662
244	16	-0.14548607974585345
244	17	-0.20769624250972263
245	0	-0.17830254160862175
245	1	-0.15417631502439766
245	2	-0.12469656019629391
245	3	-0.15032490483752925
245	4	0.15152975823018147
245	5	0.3087204302100151
245	6	-0.14548612340319142
245	7	-0.10047161212751694
245	8	0.503353775953623
245	9	-0.012757780105609058
245	10	0.27136864646264774
245	11	-0.20769627042686623
245	12	0.00895336070388436
245	13	0.011363255107797635
245	14	-0.0946378705238709
245	15	-0.17659557957986347
245	16	-0.15117541788714497
245	17	0.15351179623242014
245	18	-0.17545081177893476
246	0	0.15351168748293278
246	1	0.15152963536431338
246	2	0.008953235778682454
246	3	-0.15417643914000972
246	4	0.011363127386191593
246	5	-0.15117554305520423
246	6	-0.17659557608849194
246	7	0.3087203091606024
246	8	-0.24185812565498072
246	9	-0.23589866031034964
246	10	-0.10047161059627498
246	11	-0.14548610520025626
246	12	-0.09463801366349123
246	13	0.27136853907022773
246	14	-0.15032502783522156
246	15	-0.12469656498266221
246	16	-0.17830256212624135
246	17	-0.012757777281430556
246	18	-0.20769626876992098
246	19	0.5033537679542411
246	20	-0.3537828429527715
246	21	0.004632583892171155
246	22	-0.11967947679531125
247	0	-0.346901204968927
247	1	-0.1807828077271208
247	2	-0.30875140931785106
247	3	-0.17830256153927537
247	4	0.503353781112828
247	5	-0.11036155604682735
247	6	-0.13277296939072958
247	7	-0.015767867829437215
247	8	-0.17659556028181736
247	9	-0.012757768920046665
247	10	-0.10890013490778126
248	0	-0.24185853044422045
248	1	0.15887639918652832
248	2	-0.08130129596506645
248	3	-0.23589906364480004
248	4	0.15351174909089207
248	5	0.6146134910203251
249	0	-0.2358991702859107
249	1	0.15351163017339117
249	2	0.614612829246027
249	3	0.15887570540834198
249	4	-0.24185863590439596
249	5	-0.0813019477156832
250	0	0.01599790057785187
250	1	-0.10047139655585156
250	2	-0.1454858988374089
250	3	-0.15032481356468141
250	4	0.15152984980155942
250	5	-0.09463778168555922
250	6	0.3087205252629005
250	7	-0.15417622443166978
250	8	0.00895345270533973
250	9	-0.1246963576370077
250	10	0.5033538737125215
250	11	-0.012757670373117687
250	12	0.27136874860084204
250	13	-0.1783024403252823
250	14	-0.20769605379110934
250	15	-0.15117532700632835
250	16	-0.1765954670979221
250	17	-0.10890024102390185
250	18	-0.30875150722684297
250	19	-0.13277306616517598
250	20	-0.11967938820274727
250	21	-0.3537827263813731
250	22	0.004632574154431901
250	23	-0.175450620337556
250	24	0.15351167813222324
251	0	-0.1783024466051465
251	1	-0.1193546863963592
251	2	0.015997795079238968
251	3	-0.1541763280059067
251	4	0.15152974453567447
251	5	-0.012757666342392044
251	6	-0.09463789861962996
251	7	0.2713686279710233
251	8	0.3087204180071605
251	9	-0.12469644686651374
251	10	-0.1004714959436999
251	11	-0.14548600454281127
251	12	0.5033538852595966
251	13	0.008953348576983265
251	14	-0.20769615696521282
251	15	-0.17659547857514832
251	16	-0.151175430321821
251	17	0.1535117687170334
251	18	-0.10890022803727407
251	19	-0.015767812967803534
251	20	-0.3087515033855509
251	21	-0.3469010838307521
251	22	-0.11036144145231325
251	23	-0.1807826929580727
251	24	-0.1327730642155022
251	25	-0.11967946223859806
251	26	-0.35378282975782754
251	27	0.004632471012409617
251	28	-0.17545082407423637
251	29	-0.39154440672645446
251	30	0.15887600118793563
251	31	-0.23589888687950702
251	32	-0.08130165434361815
251	33	-0.2418583530039801
251	34	0.614613111723959
251	35	-0.35229173175524786
252	0	0.015997831926080546
252	1	-0.11935475386818738
252	2	-0.1454859623431172
252	3	0.00895338587836511
252	4	-0.1783025392136744
252	5	-0.09463787151718389
252	6	-0.10047145690426083
252	7	-0.15417641543086524
252	8	0.3087204606559961
252	9	-0.20769611727664533
252	10	-0.012757625974558274
252	11	0.2713686641441726
252	12	0.15152978682904375
252	13	0.5033539286402754
252	14	-0.12469642252720498
252	15	-0.11967943226769949
252	16	0.004632511186179622
252	17	-0.3087514637640645
252	18	-0.10890020683565667
252	19	-0.35378279029309617
252	20	-0.1327730249440853
252	21	-0.15117551843355348
252	22	0.15351190759172792
252	23	-0.17659543254985302
252	24	-0.1754509114688678
252	25	-0.2358989647519624
252	26	0.6146130347572244
252	27	-0.24185843015115946
252	28	-0.0813001573562674
252	29	0.15887591857124703
253	0	-0.3915440479465453
253	1	0.015997692236015725
253	2	-0.11935478239537127
253	3	-0.15417643542325954
253	4	-0.15117553912951873
253	5	0.15351166080485154
253	6	0.1515296399280738
253	7	0.008953240903016411
253	8	-0.17659557806597126
253	9	-0.12469656940025281
253	10	-0.10047160380395197
253	11	-0.14548610964136552
253	12	-0.012757773000973622
253	13	0.2713685244779932
253	14	-0.17830255133008344
253	15	0.5033537738526636
253	16	0.308720309709727
253	17	-0.09463800580998763
253	18	-0.20769626422562143
254	0	-0.11935479001495593
254	1	-0.3179831348812133
254	2	0.015997674593968596
254	3	-0.1541764441974594
254	4	0.008953231280885791
254	5	0.1515296299883595
254	6	-0.15117554630194768
254	7	-0.17659558137810122
254	8	0.15351167431171878
254	9	-0.012757781120247598
254	10	-0.10047161181662219
254	11	-0.14548612419451554
254	12	-0.09463801650497208
254	13	0.5033537722650564
254	14	-0.1783025653592472
254	15	-0.20769627360281234
254	16	0.30872030330560113
254	17	0.2713685317907416
254	18	-0.12469658363148803
255	0	-0.2076962607527269
255	1	-0.17830256173287973
255	2	0.5033537684249728
255	3	-0.10047160017150854
255	4	0.27136853760363006
255	5	-0.1541764305407463
255	6	0.008953243538396575
255	7	-0.012757767833735984
255	8	-0.14548609689503053
255	9	0.15152964219154477
255	10	-0.0946380024649903
255	11	0.3087203192283298
255	12	-0.12469657174706078
255	13	0.01599769045713943
255	14	-0.11935477581371882
255	15	-0.35378273233910046
255	16	0.004632568789912517
255	17	-0.11967937138702854
255	18	-0.15117553314236212
255	19	-0.17545072663713693
255	20	0.15351170344100487
255	21	-0.1765955678619404
255	22	-0.10890013204353476
255	23	-0.3087514054445089
255	24	-0.13277296675139474
256	0	-0.11935479211441215
256	1	-0.17830256763291863
256	2	0.01599768116162954
256	3	-0.012757782590130535
256	4	0.5033537681158872
256	5	-0.2076962729437563
256	6	-0.10047161282616225
256	7	-0.09463801442051539
256	8	-0.15417644383428686
256	9	-0.1246965777849792
256	10	-0.1454861108001909
256	11	0.008953232050458502
256	12	0.30872030207423734
256	13	0.27136851572235854
256	14	0.1515296297064338
256	15	-0.17659559014889764
256	16	-0.15117554714721182
256	17	0.15351165057680607
257	0	0.27136855811219485
257	1	0.308720340976054
257	2	0.15152966646431293
257	3	0.008953270896064179
257	4	0.015997722695080718
257	5	-0.15417640307446323
257	6	-0.17659553752673646
257	7	-0.15117550668123142
257	8	0.15351169541326468
257	9	-0.10047157469756464
257	10	-0.20769623243607604
257	11	-0.3537828094538665
257	12	-0.012757737958131827
257	13	0.5033538017918274
257	14	-0.11967945190966382
257	15	-0.14548608492459156
257	16	0.004632490898211511
257	17	-0.12469653575880546
257	18	-0.094637967049081
257	19	-0.11935474900716812
257	20	-0.17830252714720468
257	21	-0.23589867421191932
257	22	-0.2418581397858326
257	23	-0.31798288912258627
257	24	0.08890256288482358
257	25	-0.10890021114843716
257	26	-0.30875148329839386
257	27	-0.01576740791658208
257	28	-0.34690072975506275
258	0	-0.01576818240849646
258	1	-0.30875164825587065
258	2	-0.10326899249265635
258	3	-0.012757810168256513
258	4	-0.34690145686096413
258	5	-0.10047164259156967
258	6	-0.3537829736742078
258	7	-0.1246966083222546
258	8	0.0888976024383424
259	0	-0.3537829854788536
259	1	-0.10047165113834973
259	2	0.0888975912754353
259	3	-0.12469662336353893
259	4	-0.3087516587591645
259	5	-0.34690144884603474
259	6	-0.012757821479715227
259	7	-0.015768156378409486
259	8	-0.10326897069713027
260	0	0.15887652743586692
260	1	0.6146136351540191
260	2	-0.2418583727990277
260	3	0.1535118842348039
260	4	-0.08130116233579991
260	5	-0.2358989063461707
261	0	-0.012757537583243201
261	1	-0.34690109681519415
261	2	-0.30875137451886764
261	3	-0.18078185626098897
261	4	0.5110111253668818
261	5	-0.10326862669419516
261	6	-0.1783020543749762
261	7	-0.13270833071251717
261	8	-0.015767878153394015
261	9	-0.1687361842153421
261	10	-0.11036060182080809
261	11	0.15351172215346245
261	12	0.1588758257949293
261	13	-0.08130185143012307
261	14	-0.23589906003773528
261	15	-0.24185852584138998
261	16	0.6146129398892523
261	17	-0.046850713150246956
261	18	-0.35378270043304527
261	19	-0.14548574040865356
261	20	-0.12469633340527325
261	21	0.0046327254580062925
261	22	-0.20769590175371738
261	23	-0.15417607254732113
261	24	-0.11967922180862535
261	25	-0.10047136589048268
261	26	-0.0946376363256414
261	27	-0.11935441996653372
261	28	-0.15117517572701536
261	29	-0.17545033654353911
262	0	-0.01275773811284124
262	1	-0.3469010662222399
262	2	-0.3087515746243281
262	3	-0.1807829684264436
262	4	-0.015768092279573247
262	5	-0.10326859530997178
262	6	-0.13270850947265014
262	7	-0.17830220749503
262	8	0.5192528721191966
262	9	-0.16873630402656203
262	10	-0.11036172194851379
262	11	-0.08130188881610063
262	12	0.15351170901385766
262	13	0.15887580638551613
262	14	-0.23589907576604632
262	15	-0.24185854193186498
262	16	0.6146129240413055
262	17	-0.046856068471731585
263	0	0.1515302512734048
263	1	-0.09463785239492636
263	2	0.9331960211167651
263	3	0.3087209241366549
263	4	-0.2076961154011696
263	5	-0.1687363157817146
263	6	-0.15417628612106904
263	7	0.27136914192160505
263	8	-0.10047145759031685
263	9	-0.12469642232379274
263	10	0.008953855391878816
263	11	-0.012757765535717681
263	12	-0.1454859669179919
263	13	-0.08804996235993141
263	14	-0.17830219985768525
263	15	0.015998302951138948
263	16	-0.1511753889395875
263	17	-0.17545078249563387
263	18	-0.11967943585324674
263	19	-0.3537827877580744
263	20	0.00463251310455916
263	21	-0.1032686152108528
263	22	-0.13270853726566773
263	23	-0.30875160209647023
263	24	0.1535116732064877
264	0	-0.10326856282669773
264	1	-0.11036159758341763
264	2	-0.01576792761913885
264	3	-0.012757726506954876
264	4	-0.3469009227472419
264	5	0.5192528320717144
264	6	-0.18078284787447246
264	7	-0.3087515641146922
264	8	-0.16873625892309618
264	9	-0.1783021844237464
264	10	-0.1327084992549328
264	11	0.15887592371347195
264	12	0.6146130480072648
264	13	0.15351172662964316
264	14	-0.0813018205371563
264	15	-0.23589895104325684
264	16	-0.24185841673930208
265	0	-0.01576809209363687
265	1	-0.10326856663817495
265	2	-0.16873626679624304
265	3	-0.11036171189133265
265	4	-0.18078295983003068
265	5	-0.30875156479514876
265	6	-0.17830215795179566
265	7	-0.13270849954325595
265	8	-0.34690025032646926
265	9	0.5192528289630242
265	10	-0.01275772721333619
265	11	0.614612933866163
265	12	-0.23589906540195008
265	13	-0.0813018734509179
265	14	-0.24185853091537235
265	15	0.15351171925260174
265	16	0.15887581676863238
266	0	-0.16873633007356942
266	1	-0.08804982573063262
266	2	-0.15117525219310457
266	3	-0.17830219122877233
266	4	-0.17545064604893781
266	5	-0.11967929822936767
266	6	-0.12469628589687767
266	7	-0.1541761487485156
266	8	-0.14548581549545234
266	9	0.5192527724833862
266	10	-0.10047132244988898
266	11	-0.20769597788036498
266	12	-0.3537826513618335
266	13	-0.012757791523330437
266	14	0.004632649338475947
266	15	-0.13270856275255707
267	0	-0.08805012265824046
267	1	-0.16873631828445668
267	2	-0.1754509432192851
267	3	-0.17830225931762034
267	4	-0.15117554909405503
267	5	0.004632351928760397
267	6	-0.15417644691019822
267	7	-0.1454861262613493
267	8	-0.11967958101032168
267	9	-0.12469657492992525
267	10	-0.2076962754622348
267	11	-0.10047161354060989
267	12	-0.35378294915900516
267	13	-0.1327085535192113
267	14	-0.012757782755339715
267	15	0.5192527907603579
268	0	-0.17545094976091483
268	1	-0.1783022602799761
268	2	-0.1687363272866747
268	3	-0.15117555524263854
268	4	-0.08805012882489528
268	5	0.00463234569759004
268	6	-0.10047162598459876
268	7	-0.12469657534676884
268	8	-0.14548612288576204
268	9	0.5192527671421111
268	10	-0.3537829555636901
268	11	-0.012757790364492328
268	12	-0.15417645295340432
268	13	-0.11967959487905148
268	14	-0.20769628216192387
268	15	-0.13270856132064676
269	0	-0.1783022660166974
269	1	-0.15117555523255358
269	2	-0.16873632402032396
269	3	-0.17545094930187352
269	4	-0.08805012912505701
269	5	-0.14548611652891344
269	6	-0.15417645296363097
269	7	0.5192527889774197
269	8	-0.11967959923748266
269	9	-0.20769628192037298
269	10	-0.3537829549676453
269	11	-0.10047162068865408
269	12	-0.012757789926923958
269	13	0.004632345958695844
269	14	-0.12469657635997305
269	15	-0.132708560919852
270	0	-0.24185827710951194
270	1	0.6146131883845253
270	2	-0.23589881127257503
270	3	-0.08130162369046663
270	4	0.15351196843325923
270	5	0.15887607552500185
271	0	0.6146128332333783
271	1	0.1535116255446605
271	2	-0.23589916539436037
271	3	0.15887571454083566
271	4	-0.2418586310051755
271	5	-0.08130193682894483
271	6	-0.3522905401142397
271	7	-0.11036140635862085
272	0	-0.1327083865397956
272	1	-0.1687361579565564
272	2	-0.17830208697858946
272	3	0.5192529446396859
272	4	-0.11036170188715821
272	5	-0.30875109916123933
272	6	-0.012757614958042353
272	7	-0.18078249542828523
272	8	-0.34689978614075395
272	9	-0.10326811946316948
272	10	-0.015767633128085972
272	11	-0.24185852312971082
272	12	0.15887584394492216
272	13	0.6146129423977117
272	14	-0.08130182277414004
272	15	-0.23589905696977706
272	16	0.15351181348337675
273	0	-0.01576803499725103
273	1	-0.3469002552665493
273	2	-0.11036171071232492
273	3	-0.012757725527382259
273	4	-0.1807829546732868
273	5	-0.3087515624884355
273	6	-0.1327084971161815
273	7	-0.10326856464051971
273	8	-0.17830213211078105
273	9	-0.16873625560699895
273	10	0.5192528326504061
273	11	0.6146129357843687
273	12	0.15351174660663616
273	13	-0.23589906356158488
273	14	-0.08130181291579981
273	15	0.15887583150506468
273	16	-0.2418585290823522
274	0	0.5192528654535103
274	1	-0.01576805014580677
274	2	-0.17830211324288525
274	3	-0.1103616904891368
274	4	-0.3469002270019534
274	5	-0.16873623943145488
274	6	-0.012757706464265812
274	7	-0.1807829403955285
274	8	-0.13270847795085355
274	9	-0.10326854740601053
274	10	-0.3087515435294736
274	11	0.6146129548165612
274	12	0.15351174759099537
274	13	-0.08130176892446171
274	14	-0.2358990442656745
274	15	0.15890409209520145
274	16	-0.24185850990626476
275	0	-0.046854682332489225
275	1	-0.10326854172378348
275	2	-0.3087515478686783
275	3	-0.18078294117418875
275	4	-0.16873624863779224
275	5	-0.11036169536554541
275	6	-0.13270848213247677
275	7	-0.34690024062170294
275	8	-0.012757710406631968
275	9	-0.015768063184835073
275	10	0.519252851444348
275	11	-0.1783021781963745
275	12	-0.353782286795678
275	13	-0.1196789260881544
275	14	-0.15417578427319667
275	15	-0.10047095293360749
275	16	-0.12469590945651207
275	17	-0.20769561291415606
275	18	-0.1454854480053359
275	19	0.004633014568452709
275	20	-0.09463669722276832
275	21	-0.08804945991706443
275	22	-0.17545028038801994
275	23	-0.151174886235662
276	0	-0.1754508634522214
276	1	-0.16873622385149079
276	2	-0.17830216224450124
276	3	-0.15117546951232338
276	4	-0.20769619577485016
276	5	-0.012757725999859427
276	6	-0.14548604031133547
276	7	-0.35378286867871817
276	8	0.0046324321732684635
276	9	0.519252830886303
276	10	-0.1196795222695476
276	11	-0.10047153757989379
276	12	-0.15417636631786458
276	13	-0.12469650100484461
276	14	-0.235898874642718
276	15	-0.24185834041515075
276	16	0.6146131243258232
276	17	-0.08130014361897035
276	18	0.15881984935516924
276	19	0.15351193197109467
276	20	-0.08805004251381097
276	21	-0.2717957209064791
276	22	-0.1103616882461485
276	23	-0.24294094147763556
277	0	-0.0468558804316352
277	1	-0.16873625994773372
277	2	-0.13270832121721743
277	3	-0.015767946209604238
277	4	-0.3087513865057357
277	5	-0.17830218400676506
277	6	0.5192528388883665
277	7	-0.10326839403657238
277	8	-0.11036170855319216
277	9	-0.012757722051413746
277	10	-0.180782807859325
277	11	-0.3469008643071873
278	0	-0.1246963300254341
278	1	0.5192528647533498
278	2	-0.08804988342816879
278	3	0.15153017522514337
278	4	-0.17830215869133464
278	5	-0.16873623889090172
278	6	0.00895377058550728
278	7	-0.20769603573358925
278	8	-0.15417620677487648
278	9	0.30872084551830264
278	10	-0.14548588702478663
278	11	-0.09463759907243738
278	12	0.2713703352298681
278	13	-0.10047138068955837
278	14	-0.012757700024732766
278	15	0.01599828068003743
278	16	-0.11967934525289824
278	17	-0.35378270880958923
278	18	0.004632592648663269
278	19	-0.10326854391273803
278	20	-0.15117530916342267
278	21	-0.13270847147856363
278	22	-0.30875153762967344
278	23	-0.17545070255631687
278	24	0.1210695158797283
278	25	-0.36544511578815314
278	26	-0.24294794695960842
278	27	-0.7072127487052051
278	28	-0.18078293391779882
278	29	-0.34690100968515974
278	30	-0.11036168370211519
278	31	-0.015768024702855692
278	32	-0.1399757335352188
278	33	-0.24185834878865703
278	34	-0.23589888288635988
278	35	0.6146131165977874
278	36	-0.08130011939790703
278	37	0.15887608572180537
278	38	-0.2718027260858462
279	0	-0.16873622185963028
279	1	-0.15117544859150153
279	2	-0.17830208304196093
279	3	-0.1754508421715166
279	4	-0.08805002132814709
279	5	-0.12469646443409557
279	6	-0.14548601106390494
279	7	-0.20769617421453485
279	8	0.5192528804283804
279	9	-0.15417634493968713
279	10	-0.353782847492786
279	11	0.004632453732137265
279	12	-0.10047150965128863
279	13	-0.11967949465856174
279	14	-0.012757683314540759
279	15	-0.23589902226093065
279	16	-0.08130177887283598
279	17	-0.24185848819325034
279	18	0.6146129772194827
279	19	0.5728190990670418
279	20	0.12106941222898254
279	21	-0.2718028652718946
279	22	-0.11036166876919634
279	23	-0.242948085433343
280	0	-0.012757759800509012
280	1	0.5192527956008715
280	2	-0.15417642348786087
280	3	-0.20769625247781004
280	4	0.01599789478309317
280	5	0.15152984213555096
280	6	-0.12469654673489369
280	7	-0.08805009923639374
280	8	-0.09463779677213607
280	9	-0.10047159178477445
280	10	-0.16873551935747366
280	11	0.008953446003807817
280	12	0.30872051513823373
280	13	-0.14548609564774148
280	14	-0.17830223120727806
280	15	0.2713687316055053
280	16	-0.35378292523933175
280	17	-0.10326762301782345
280	18	-0.15117552531747758
280	19	-0.11967957203581915
280	20	0.004632375528154808
280	21	-0.3087514038049842
280	22	0.12106941374217678
280	23	-0.13270833913890465
280	24	-0.1754509190856369
281	0	-0.15417641091853024
281	1	-0.12469655091063953
281	2	-0.09463797253222117
281	3	0.3087203333572895
281	4	-0.1783022042493695
281	5	0.5192528129979636
281	6	-0.16873628306381394
281	7	-0.012757748012740029
281	8	-0.08805008698875595
281	9	0.15152965892006942
281	10	-0.1004715798716445
281	11	0.2713685686692263
281	12	-0.1454860849292843
281	13	-0.20769623924764935
281	14	0.015997715383518112
281	15	0.008953266346286041
281	16	0.004632387765525286
281	17	-0.11967955858535635
281	18	-0.15117551326069434
281	19	-0.35378291286911556
281	20	-0.17545090730797028
281	21	0.12106936991494599
281	22	-0.30875158642458395
281	23	-0.10326858793880776
281	24	-0.13270852084479404
281	25	-0.4637973980932891
281	26	0.6145807163520954
282	0	0.5192527868900886
282	1	-0.13270857091039356
282	2	-0.24185835574659212
282	3	0.1208774693256203
282	4	0.6145805513925705
282	5	-0.11036153649012392
282	6	-0.08130032099647212
282	7	-0.1571862916442049
282	8	-0.1687686515941784
282	9	-0.12773832308355448
283	0	-0.34690048659464573
283	1	-0.17830205773481395
283	2	-0.012757614381380107
283	3	-0.18078240554870484
283	4	-0.16876853215295753
283	5	-0.11036168044493966
283	6	-0.10326766859463836
283	7	-0.3087514527363105
283	8	-0.13270846664162037
283	9	-0.015767551612211255
283	10	0.5192529254605831
283	11	0.6145806535070837
283	12	0.15887617951544147
283	13	-0.08130181796721932
283	14	0.1208775756378064
283	15	-0.2358987064661466
283	16	-0.2418584995007913
283	17	-0.1454859502420812
283	18	-0.15718618962307696
283	19	0.1515297936357273
283	20	0.015997848783941292
283	21	0.271368689053031
283	22	-0.12773818210104074
283	23	0.3087204696553764
283	24	-0.20769610470815758
283	25	-0.08804995177283349
283	26	-0.10047144430500136
283	27	-0.09463785005604367
283	28	0.008953398182386966
283	29	-0.35378277802898134
283	30	0.004632522788508969
283	31	-0.11967942301283703
283	32	-0.15117537814075477
283	33	-0.17545077219578706
283	34	-0.3179798815952618
283	35	-0.24294776943635335
283	36	-0.7072195822270045
283	37	-0.13998270103653954
283	38	-0.3654485766077292
284	0	-0.1783021613803068
284	1	-0.1687686141872443
284	2	-0.17545092338991716
284	3	-0.08805010303994047
284	4	-0.15117552982006455
284	5	-0.15718625940466424
285	0	-0.012757552998768613
285	1	0.27136876151676687
285	2	-0.16876772288412842
285	3	0.015997909790810488
285	4	-0.20769604528247138
285	5	-0.14548588974007845
285	6	-0.08804999634179404
285	7	-0.15718616289011245
285	8	-0.12773807290826164
285	9	-0.10047138319231995
285	10	0.008953460048647636
285	11	-0.09467011652814608
285	12	0.5192528834538689
285	13	-0.17830212102258186
285	14	0.15152985515580605
285	15	0.30872052677053535
285	16	-0.11967934752512786
285	17	0.12087771055880961
285	18	-0.15117543349745244
285	19	-0.3537827177635685
285	20	-0.1032683958475016
285	21	0.0046325827917797656
285	22	-0.1754508255170711
285	23	-0.13270832459874246
285	24	-0.3087513902814711
285	25	-0.24185835717488197
285	26	-0.0813016035959445
285	27	0.6145807951738241
285	28	0.1588759987111734
285	29	-0.23589889153264978
285	30	-0.2718022241645873
285	31	-0.11036153731489201
285	32	-0.015767898009515207
286	0	-0.08805008651627937
286	1	-0.10047157579021902
286	2	-0.1454860755598865
286	3	0.008953262425179158
286	4	-0.20769623884153915
286	5	0.1515296611079702
286	6	-0.1783021079888341
286	7	-0.09467028492490981
286	8	-0.15718624295871103
286	9	0.30872033460583664
286	10	0.27136855262786996
286	11	0.5192528163834781
286	12	-0.12773826487345222
286	13	-0.16876782285014627
286	14	-0.012757745913497083
286	15	0.015997716738055428
286	16	-0.1511755126798812
286	17	0.12087753055682146
286	18	-0.11967954827313591
286	19	0.0046323885550276665
286	20	-0.1032678072530455
286	21	-0.35378291203353823
286	22	-0.1754509065714526
286	23	-0.3087515858657467
286	24	-0.13270852084718962
286	25	-0.23589908715283445
286	26	0.15887580597476111
286	27	-0.11036173355826406
286	28	-0.0813018416571517
286	29	0.6145805994721164
286	30	-0.24185855278710133
286	31	-0.3522904948967033
287	0	-0.2358991673895279
287	1	0.15887572451057508
287	2	-0.1103618142765958
287	3	-0.24185863312537395
287	4	0.12087749705662856
287	5	0.6145805193777146
287	6	-0.08130191314251133
288	0	-0.1511754014239681
288	1	-0.16876848488711385
288	2	-0.08804997408535371
288	3	-0.1754507948266901
288	4	-0.17830208995711416
288	5	-0.10047146742572842
288	6	0.004632500418388047
288	7	-0.11967943854730652
288	8	-0.1571861305989583
288	9	-0.20769612682049093
288	10	-0.35378280037262766
288	11	-0.12773815385004553
288	12	-0.13270840948143742
288	13	-0.14548597238802732
288	14	-0.012757635705118326
288	15	0.51925291476637
288	16	-0.015767837085131225
288	17	-0.3087514737479913
288	18	-0.1032684571907035
288	19	-0.3468997185654232
288	20	-0.18078241415321744
288	21	-0.11036166993114294
288	22	-0.09467017304152389
288	23	0.6145806628795432
288	24	0.15887587239749293
288	25	-0.24185848969214932
288	26	0.12087759595969108
288	27	-0.23589902388600067
288	28	-0.08130182255709963
288	29	-0.3522925749498239
289	0	-0.15718619084434582
289	1	0.1515299538148152
289	2	-0.20769618692059866
289	3	0.00895355864904837
289	4	-0.012757696719089008
289	5	-0.08805003378397612
289	6	0.5192521968124404
289	7	-0.16876854132779587
289	8	-0.1277382292873562
289	9	0.015997016258597622
289	10	-0.10047152441047967
289	11	-0.17830216543000132
289	12	-0.09467024290554096
289	13	0.27136884206405953
289	14	0.3087206305149851
289	15	-0.1454860317947814
289	16	-0.15117546027747197
289	17	-0.30875153345523165
289	18	-0.10326852947450903
289	19	-0.35378285962425576
289	20	0.004632441568716106
289	21	-0.11967950592207195
289	22	-0.17545085370823285
289	23	-0.1327084679744299
289	24	0.1208777891422971
289	25	-0.08129998167040249
289	26	-0.24185850026250624
289	27	-0.23589903429130402
289	28	0.15887584218044257
289	29	0.6145806526517636
290	0	0.004632414416901226
290	1	-0.012757721547787466
290	2	-0.10047155177928559
290	3	-0.15718621609486405
290	4	-0.20769621229920687
290	5	-0.14548604993564598
290	6	-0.11967953239595121
290	7	-0.12773824902638906
290	8	-0.3537828861878752
290	9	0.519251437537576
290	10	-0.16876857250276636
290	11	-0.1103615244642025
290	12	-0.13270849440930527
290	13	-0.1807827714990043
290	14	-0.10326854466906428
290	15	-0.3087515594653254
290	16	-0.17830216438210222
290	17	-0.015767876458212465
290	18	-0.34690085520265707
290	19	-0.09467026055748148
291	0	-0.13270845301123715
291	1	0.5192196320171104
291	2	-0.1571861751101446
291	3	-0.17830214799199723
291	4	-0.10047150913902268
291	5	-0.14548601755891774
291	6	0.27136876608752275
291	7	0.008953491518134292
291	8	-0.012757680651653431
291	9	-0.08804986175069728
291	10	0.015997177256491028
291	11	-0.09467021059245367
291	12	-0.2076961711048968
291	13	0.3087205563151923
291	14	0.15152988420582567
291	15	-0.1277381989781229
291	16	-0.16876850037087263
291	17	0.004632457391970146
291	18	-0.11967948268322805
291	19	-0.35378284415096606
291	20	-0.15117528833863117
291	21	-0.17545068224460017
291	22	0.12087776148390653
291	23	-0.30875151775262694
291	24	-0.103267744979694
291	25	-0.23589886239559807
291	26	-0.24185832812553565
291	27	-0.0813016208725963
291	28	0.158876031090473
291	29	0.6145808246850409
291	30	-0.3469002238293835
291	31	-0.015768052727131037
291	32	-0.18078291084851716
291	33	-0.11036166404912734
291	34	-0.35229228001523133
292	0	-0.18078286004623906
292	1	-0.17817413388068398
292	2	-0.34690094662965826
292	3	-0.132708460486139
292	4	-0.015767965506842268
292	5	-0.11036161248793408
292	6	-0.16876846002023724
292	7	-0.012757627083580398
292	8	-0.10326771345175044
292	9	-0.30875146463460823
292	10	0.5192196208639662
292	11	-0.24185843136896104
292	12	0.12087773052555398
292	13	-0.08130078899600636
292	14	0.15887591777732396
292	15	0.6145807213024024
292	16	-0.2358989654767217
292	17	-0.14548596289206397
292	18	-0.08804996456847057
292	19	-0.10047145498617514
292	20	-0.15718612094953877
292	21	0.1515297801963213
292	22	0.008953386269619749
292	23	0.27136874245548714
292	24	-0.09467016107142473
292	25	-0.20769611708569297
292	26	0.01599707528170147
292	27	0.3087204549614461
292	28	-0.12773815288841528
292	29	-0.15117539146379505
292	30	-0.17545078464092498
292	31	-0.11967942730308147
292	32	0.004632510761880276
292	33	-0.35378278995415136
293	0	-0.127738284254204
293	1	-0.1454860770753307
293	2	0.004632387699480589
293	3	-0.09467029692400095
293	4	-0.11967955185065689
293	5	-0.10047157549809287
293	6	-0.012757747885328003
293	7	-0.1571862437418659
293	8	-0.30875158592599894
293	9	-0.015768050758523094
293	10	-0.13270852066858532
293	11	-0.16876859745279862
293	12	-0.3469010665235012
293	13	0.5192195476371636
293	14	-0.10326857574006036
293	15	-0.17817424523232367
293	16	-0.1103617328793774
293	17	-0.18078297561236928
294	0	-0.15718621907080654
294	1	-0.012757724792502851
294	2	0.5192195811743242
294	3	-0.10047155661670094
294	4	-0.11967953610740283
294	5	-0.20769608551201046
294	6	-0.35378275868337966
294	7	-0.12773824447079954
294	8	0.00463241308619482
294	9	-0.14548605978302123
294	10	-0.0946702729419539
294	11	-0.103268569025546
294	12	-0.16876856530197273
294	13	-0.18078295400559874
294	14	-0.1103617087226802
294	15	-0.30875156150194577
294	16	-0.17817420359945646
294	17	-0.015768058942821666
294	18	-0.13270849600586443
294	19	-0.3469010450420657
295	0	-0.12773826171431762
295	1	-0.35378289873114693
295	2	-0.10047156309394963
295	3	-0.14548607814227618
295	4	-0.20769622526696474
295	5	-0.1196795444204528
295	6	-0.1781742501722383
295	7	-0.1327085068682879
295	8	0.0046324029190755065
295	9	-0.15718622891136413
295	10	-0.094670284578108
295	11	-0.012757734595311055
295	12	0.5192195818461725
295	13	-0.30875157209820875
295	14	-0.16876779507653158
295	15	-0.015768076473826092
295	16	-0.11036171774303427
295	17	-0.1807829639315196
295	18	-0.34690028534819045
295	19	-0.1032685728031089
296	0	-0.11967953236252364
296	1	0.5192195943422782
296	2	-0.10047155747091531
296	3	-0.12773824824482682
296	4	-0.3537828863438828
296	5	-0.14548604860195954
296	6	0.004632414846190608
296	7	-0.012757722477292633
296	8	-0.20769621284973316
296	9	-0.15718621717582731
296	10	-0.09467026910327547
296	11	-0.015768061532723514
296	12	-0.30875156018477673
296	13	-0.34690026112147004
296	14	-0.10326856548284848
296	15	-0.132708493751057
296	16	-0.17817422894116974
296	17	-0.1687685471916889
296	18	-0.1807829582568321
296	19	-0.11036170616844598
297	0	0.5192195669666444
297	1	-0.11967956695673009
297	2	-0.10047157553243878
297	3	-0.12773825155492727
297	4	0.004632389795052638
297	5	-0.14548608261238663
297	6	-0.20769623848034374
297	7	-0.35378291137811757
297	8	-0.012757747906430595
297	9	-0.15718624221113298
297	10	-0.13270851457925653
297	11	-0.18078297702593288
297	12	-0.17817424765448142
297	13	-0.34690027855834465
297	14	-0.11036173148681366
297	15	-0.01576808330480432
297	16	-0.16876859483700893
297	17	-0.10326782897396568
297	18	-0.30875158483540627
297	19	-0.09467028890876855
298	0	-0.1004715784850158
298	1	-0.14548608435892188
298	2	0.004632387537025123
298	3	-0.35378291373563336
298	4	-0.12773826026728055
298	5	0.5192195571675371
298	6	-0.012757750362730564
298	7	-0.1571862447209043
298	8	-0.20769624037479395
298	9	-0.11967956028201655
298	10	-0.13270852161173255
298	11	-0.09467029445340996
298	12	-0.11036173407950939
298	13	-0.1781742568285759
298	14	-0.3469010547207419
298	15	-0.16876857946265192
298	16	-0.1032686032414424
298	17	-0.015768109572534755
298	18	-0.18078298765501727
298	19	-0.30875158713795586
299	0	0.015997770540898907
299	1	-0.16876861620537845
299	2	-0.1571862701404485
299	3	0.008954080190256673
299	4	0.1208783379058063
299	5	0.1515304784497126
299	6	-0.15117469666169275
299	7	0.27136937392347815
299	8	0.3087211489353467
299	9	-0.24185773541115044
299	10	-0.23589826977844666
299	11	0.004632362400478113
299	12	-0.14548610268845016
299	13	0.5192195407222491
299	14	-0.10047160246517108
299	15	-0.012757775156874275
299	16	-0.2076962657643308
299	17	-0.11967958536576824
299	18	-0.35378293858896803
299	19	-0.1277383112882613
299	20	-0.1781742713117852
299	21	-0.09467032003351508
299	22	-0.08804926922054775
300	0	-0.23589908444636112
300	1	-0.24185855101650325
300	2	-0.1196795455949083
300	3	-0.012757744586796916
300	4	-0.1277382624711857
300	5	-0.10047157544270781
300	6	-0.14548608950287326
300	7	-0.353782910857922
300	8	0.5192195745883958
300	9	0.004632390310996537
300	10	-0.20769623784807606
300	11	-0.15718624090947986
300	12	0.30872034000725723
300	13	0.2713685644859501
300	14	-0.17817426093861455
300	15	-0.09467028486091073
300	16	-0.08805008383570172
300	17	0.008953268749074287
300	18	-0.16876859630769328
300	19	0.15152966095117976
300	20	0.01599695469845056
300	21	-0.1511755103342191
300	22	0.12087754951182181
301	0	0.6145816000894643
301	1	-0.24185863093320062
301	2	0.1588768452113133
301	3	0.12087746395060542
301	4	-0.0813008129106932
301	5	-0.23589916397497532
302	0	0.15887571778128923
302	1	0.1208774460036299
302	2	-0.0813019095683974
302	3	-0.23589916794366786
302	4	-0.24185863339303684
302	5	0.6145805196947987
303	0	0.12087747643008004
303	1	-0.24185861326251476
303	2	-0.08130189770679548
303	3	0.15887576153260086
303	4	-0.23589915867322173
303	5	0.6145805516726058
303	6	-0.35229130484104465
303	7	-0.11036144518160612
304	0	-0.11036166317790247
304	1	-0.13270803333958098
304	2	-0.1807824921536143
304	3	-0.16876833435679642
304	4	-0.012692981059510495
304	5	0.5192205946217296
304	6	-0.01576765070378598
304	7	-0.17817324232080956
304	8	-0.10326809660514268
304	9	-0.3469005790111395
304	10	-0.3087510986913121
304	11	0.61458066980648
304	12	-0.2418584820698561
304	13	0.15887587900151268
304	14	-0.08130175456326304
304	15	0.12087769466839163
304	16	-0.23589901654084963
304	17	-0.15718599040828857
304	18	-0.20769598673104056
304	19	-0.3537826595703748
304	20	-0.11967929381459637
304	21	-0.14548581524268847
304	22	0.0046326413606016135
304	23	-0.10047132335851496
304	24	-0.12773801850287758
304	25	-0.09467004081680286
305	0	-0.09467035287910627
305	1	-0.12773833922185532
305	2	-0.10326789102379329
305	3	-0.30875165791592196
305	4	-0.22739827820882447
305	5	-0.10047164867187748
305	6	-0.012693118537812987
306	0	-0.3351829601876267
306	1	-0.13270840588935082
306	2	-0.2851277024930202
306	3	-0.1687684746815861
306	4	-0.17817407545313724
306	5	-0.010002925396310505
306	6	-0.10047914365587948
306	7	0.5192196781385191
306	8	-0.1103616180828837
306	9	-0.18078286614377603
306	10	-0.006927914849267596
306	11	0.12087762198428184
306	12	-0.23589897231382165
306	13	-0.24185843768039214
306	14	-0.08130174887277093
306	15	0.1588759130106265
306	16	0.6145807151976033
306	17	-0.09188161302128581
306	18	-0.0947064428939466
306	19	0.015997446369766192
306	20	0.008953764079946745
306	21	-0.08804958805902828
306	22	-0.1454859773479986
306	23	-0.15718612811362997
306	24	-0.12197315049302249
306	25	0.15153016315623546
306	26	0.2713690644934257
306	27	0.3087208363805262
306	28	-0.20769612391995323
306	29	-0.2273980907357937
306	30	0.004632503913024266
306	31	-0.11967868192399933
306	32	-0.3537827966502878
306	33	-0.15117501498120348
306	34	-0.1754493301920861
306	35	-0.3522923715025858
306	36	-0.2718001919876206
306	37	-0.24294508777297683
306	38	0.08890395204395625
307	0	-0.16876852599930994
307	1	-0.17817417673430935
307	2	0.5192196406627279
307	3	-0.006927904385722926
307	4	-0.180782916408752
307	5	-0.13270845244697005
307	6	-0.10047991539875767
307	7	-0.010002880208614475
307	8	-0.33518299998538487
307	9	-0.2851276896954235
307	10	-0.11036166449647383
307	11	-0.24185848441642083
307	12	-0.2358990178945303
307	13	0.61458066838338
307	14	0.12087766501224481
307	15	-0.08130180316088302
307	16	0.15890415897443075
307	17	-0.12197314056834141
307	18	-0.09188160677791646
307	19	0.2713686260799689
307	20	0.015997021243397306
307	21	-0.15718617436372045
307	22	0.3087204005398843
307	23	-0.20769617047342642
307	24	0.15152972745234236
307	25	-0.09470642852345663
307	26	-0.0880500174003274
307	27	-0.14548601554073762
307	28	0.008953333575163423
307	29	-0.11967872807172769
307	30	-0.22739807861331407
307	31	0.004632457303087495
307	32	-0.3537828432494503
307	33	-0.15117544408930988
307	34	-0.17545083749290066
307	35	-0.35229261814439766
307	36	-0.2718028608078692
307	37	-0.24294808128174952
307	38	0.08889773339120123
308	0	-0.1004799230257711
308	1	-0.0069279107590885115
308	2	-0.13270845885539384
308	3	0.5192196324070374
308	4	-0.0100028867866819
308	5	-0.28512769673451027
308	6	-0.3351822387269342
308	7	-0.17817418867792362
308	8	-0.11036167132223029
308	9	-0.18078291833105742
308	10	-0.16876852140120133
308	11	0.6145806617574543
308	12	-0.23589902459362935
308	13	0.12087768376490735
308	14	-0.08130184506064729
308	15	0.15887601386280542
308	16	-0.24185849034763862
308	17	0.15152972361176759
308	18	0.008953325545927508
308	19	-0.15117545112809158
308	20	0.015997014380497613
308	21	-0.15718618090663544
308	22	-0.1454860228679499
308	23	0.27136861354896624
308	24	-0.12197311509739933
308	25	-0.09470643576286873
308	26	-0.08805002426024054
308	27	-0.09188161338008116
308	28	0.30872039470305246
308	29	-0.2076961766901288
308	30	-0.17545084449768947
308	31	-0.1196787191221397
308	32	-0.7072167041939423
308	33	-0.2429480881660593
308	34	0.004632450866502896
308	35	-0.35378284997509496
308	36	-0.2273980855809452
308	37	-0.36544569855155606
308	38	-0.1399798228065119
309	0	-0.11967885586025717
309	1	0.08889779641830604
309	2	-0.22739820800119548
309	3	-0.09470655646737837
309	4	-0.35378297231404104
309	5	-0.12197326087416532
309	6	-0.1004792616395207
309	7	-0.28512781823925065
309	8	-0.010003051407053678
309	9	-0.0069280318990246215
309	10	-0.3351831286590928
310	0	-0.006927962823343502
310	1	-0.16876772302985057
310	2	0.5192196442590932
310	3	-0.28512774869387814
310	4	-0.18078290151787335
310	5	-0.010002996218789497
310	6	-0.3351830590997671
310	7	-0.1781741163295037
310	8	-0.10047997260868696
310	9	-0.11036165203139275
310	10	-0.13270843933173884
310	11	0.15881973555902862
310	12	0.6145806813104577
310	13	-0.2358990056371633
310	14	-0.08130176640657623
310	15	-0.24185847120750778
310	16	0.12087763485422534
311	0	-0.09470635952668056
311	1	-0.20769603052509694
311	2	-0.11967866246983547
311	3	-0.14548586808044825
311	4	-0.17817417609502556
311	5	0.004632597182736081
311	6	-0.12197305588608634
311	7	-0.13270852295219712
311	8	-0.15718603391066027
311	9	-0.2273980085771411
311	10	-0.3537827736101382
311	11	-0.006927973984293111
311	12	-0.33518305065599147
311	13	-0.100479974510091
311	14	-0.28512776040314125
311	15	-0.010003027998238791
311	16	0.519219564450917
311	17	-0.18078298870988657
311	18	-0.11036173468437416
311	19	-0.1687686004441066
311	20	-0.09188147357277593
312	0	-0.100479950591841
312	1	-0.28512773662089375
312	2	-0.006927950272814886
312	3	-0.33518304421882483
312	4	-0.11036171060675704
312	5	-0.1807829516586622
312	6	-0.010003024124020734
312	7	-0.1781742171102909
312	8	-0.1687685688089193
312	9	0.5192195869213218
312	10	-0.13270849747420513
312	11	-0.235898935661667
312	12	-0.24185840161620487
312	13	0.1588760328661196
312	14	-0.08130169760753937
312	15	0.6145807512292574
312	16	0.12087766991676671
312	17	-0.08804972452203329
313	0	-0.20769602208257942
313	1	-0.12197299276870716
313	2	0.519219629429431
313	3	-0.09470628489030104
313	4	-0.11967857014486336
313	5	0.004632606081475604
313	6	-0.006927908634160583
313	7	-0.22739808683557733
313	8	-0.3537826952762994
313	9	-0.15718602588095487
313	10	-0.14548586666177868
313	11	-0.17817417293497262
313	12	-0.010002947845198586
313	13	-0.16876852085363206
313	14	-0.10047914808999103
313	15	-0.11036166949994713
313	16	-0.33518296653756025
313	17	-0.18078291512382938
313	18	-0.13270845625394825
313	19	-0.2851276942290224
313	20	-0.09188146703131347
313	21	-0.23589902227466344
313	22	0.5728190843029123
313	23	-0.2418584879158654
313	24	0.12087760307581383
313	25	-0.08130178613820725
313	26	0.6145806645409443
314	0	-0.046850871784061984
314	1	-0.010002979841642303
314	2	0.5192196010070002
314	3	-0.1781741810561263
314	4	-0.1687685469704425
314	5	-0.1103616803907081
314	6	-0.10047992698464184
314	7	-0.006927920150884963
314	8	-0.3351822490437647
314	9	-0.13270846792472218
314	10	-0.18078292649102018
314	11	-0.2851277059964679
314	12	-0.20769618564614517
314	13	-0.3537828590279778
314	14	-0.15718618947111734
314	15	-0.11967875257248056
314	16	-0.14548602367807248
314	17	0.004632442383919399
314	18	-0.0947064457466932
314	19	-0.12197314813408325
314	20	-0.22739809457390275
314	21	-0.09188163187788603
314	22	-0.24294741088981336
314	23	-0.7072194187916263
314	24	-0.24185849937091575
314	25	0.15153040188395067
314	26	0.008954003661701264
314	27	-0.15117477305154212
314	28	0.12087759679334156
314	29	0.015997694137960903
314	30	0.15887584932352775
314	31	0.6145806533813111
314	32	-0.23589903320522596
314	33	-0.08130178203732448
314	34	-0.36544841295616826
314	35	-0.13998253726820808
315	0	-0.17817422744724226
315	1	0.01599702440931267
315	2	-0.08804969128264227
315	3	0.30872122100103044
315	4	-0.16876857857457153
315	5	-0.0918816591111955
315	6	0.15152968960930482
315	7	-0.0947064843289311
315	8	0.008953285785289254
315	9	-0.12197317661137572
315	10	-0.006927954902512844
315	11	0.5192195740086296
315	12	0.2713694304438629
315	13	-0.15721806381582099
315	14	-0.14548606597448602
315	15	-0.20769622086995054
315	16	-0.15117549514174536
315	17	0.12087753256238362
315	18	-0.11967877183664913
315	19	-0.10047995989161027
315	20	-0.28512774047324985
315	21	-0.22739812903168355
315	22	0.00463240707574743
315	23	-0.3537828938502264
315	24	-0.17545001869374396
315	25	-0.13270850215379115
315	26	-0.24185853421250814
315	27	-0.23589906878768538
315	28	0.15887581390562566
315	29	-0.08130110137080702
315	30	0.6145806179473121
315	31	-0.3522916068269252
315	32	-0.11036171398194583
316	0	-0.0069279336747975085
316	1	-0.1327084831221466
316	2	-0.16876847741006526
316	3	-0.010002837365844033
316	4	-0.1781741278742463
316	5	0.5261136033449207
316	6	-0.1103616952080349
316	7	-0.28512772049115087
316	8	-0.18078278317246138
316	9	-0.10047909791402057
316	10	-0.33518203325705287
316	11	0.15887584234693758
316	12	-0.23589904852769314
316	13	0.6145806380682423
316	14	-0.08130186315981926
316	15	-0.24185851411265602
316	16	0.12087767126973828
316	17	-0.04685589214535228
317	0	-0.17817408008717134
317	1	-0.08804985934529401
317	2	0.015997179268365583
317	3	0.15143501039862134
317	4	0.008826985672193954
317	5	0.12087760517140997
317	6	-0.15721785530155202
317	7	-0.1687684662538355
317	8	-0.15120691353987406
317	9	0.2712739168155366
317	10	0.3087205629346161
317	11	-0.1455491121128404
317	12	-0.12203623545505204
317	13	-0.09476952518102816
317	14	-0.00692791386881038
317	15	0.5260820036789188
317	16	-0.09188145938826581
317	17	-0.2077276389207996
317	18	-0.10047983902670571
317	19	-0.33518292066487465
317	20	-0.2851277003778267
317	21	-0.1808145535387169
317	22	-0.010002935582222618
317	23	-0.13270846187602964
317	24	-0.11039330191512253
317	25	-0.2359306551738317
317	26	0.6145806584819298
317	27	0.15887586447855764
317	28	-0.0813334319352605
317	29	-0.24189012041740146
317	30	-0.1754506792906997
317	31	-0.3537826849778229
317	32	-0.22739792057037556
317	33	0.004632616486815694
317	34	-0.11971019673827582
317	35	0.08867745007223841
318	0	0.5260819080594488
318	1	0.15143475431370446
318	2	0.2712736395469811
318	3	0.008826731821210748
318	4	-0.17545017121038245
318	5	-0.15721734625456477
318	6	-0.16876855515070968
318	7	-0.1455493654724487
318	8	-0.11970969651389571
318	9	-0.08133347629093153
318	10	-0.23592997817029607
318	11	0.6145805731396657
318	12	-0.23891298696503174
318	13	0.16185376117136727
318	14	0.12087824944925951
318	15	-0.24592553416190316
318	16	-0.12203570284521029
318	17	-0.09188094870032285
319	0	0.5260819392174944
319	1	0.15143477583368042
319	2	0.2712736825578538
319	3	0.008826750821441581
319	4	-0.17545015303448877
319	5	-0.15721732824759174
319	6	-0.16876852913138105
319	7	-0.14554934963301694
319	8	-0.11970964706476361
319	9	-0.08133348803848943
319	10	-0.2359299602624418
319	11	0.6145805909682984
319	12	-0.23891296911221568
319	13	0.16185376503906523
319	14	0.12087828700997877
319	15	-0.2459260220439608
319	16	-0.12203569490579602
319	17	-0.09188088974665007
320	0	-0.13270827131018553
320	1	-0.006927722641107735
320	2	-0.010002758865760044
320	3	-0.3351825922842391
320	4	-0.16876833038762193
320	5	-0.28512750873481724
320	6	-0.11039311024054216
320	7	0.5302755626003826
320	8	-0.17817369021309343
320	9	-0.10047873085049133
320	10	-0.18081435276704327
320	11	0.16185381342507218
320	12	0.6187727940075483
320	13	-0.2359299251231548
320	14	-0.23891293407360262
320	15	0.12087831136366872
320	16	-0.08133345187083642
320	17	-0.22739789784852577
320	18	-0.1572172928486809
320	19	-0.12203566148060849
320	20	-0.1354053475577646
320	21	-0.11970962615573841
320	22	0.004632638546119938
320	23	-0.09188086895711925
320	24	-0.09476950468684225
320	25	-0.352292079461768
321	0	0.5344595387625043
321	1	-0.11039332424608134
321	2	-0.2851277221565232
321	3	-0.006927936326840288
321	4	-0.18081457117027028
321	5	-0.10047971522459256
321	6	-0.3351828065379113
321	7	-0.17817397037058963
321	8	-0.13270848345714342
321	9	-0.01000300041700727
321	10	-0.1687683443857458
321	11	-0.23592991450433745
321	12	0.1618538148462029
321	13	0.12087842040780533
321	14	-0.23891292355958463
321	15	-0.08133345900920132
321	16	0.6187728042658359
321	17	-0.1197096157939827
321	18	-0.15721728254732645
321	19	-0.22739811122127146
321	20	-0.12203565617800469
321	21	0.004632426156908081
321	22	-0.09188087325263494
321	23	-0.12824235186778712
321	24	-0.0947697193808607
322	0	0.004632415903870024
322	1	-0.13270849253727862
322	2	-0.20772729127622347
322	3	-0.1282423534880139
322	4	-0.12203565857332857
322	5	-0.11970962675447752
322	6	-0.3537823375186244
322	7	-0.17817393926842506
322	8	-0.22739812060058728
322	9	-0.15721729183163086
322	10	-0.09476972577326054
322	11	-0.09188088832613464
322	12	-0.00692794520270955
322	13	0.5344595227767627
322	14	-0.10047895124286055
322	15	-0.3351828127955333
322	16	-0.010003043974944083
322	17	-0.2851277307450807
322	18	-0.16876833398040572
322	19	-0.11039333225963283
322	20	-0.18081458157456348
322	21	-0.7072190772749675
322	22	-0.24592566191525922
322	23	-0.2389129319972804
322	24	-0.2359299230051823
322	25	-0.08133347548144261
322	26	0.16185381657756714
322	27	0.12087830703911512
322	28	0.6187727959144879
322	29	-0.1399821960262318
322	30	0.015997525910540742
322	31	0.15143514060700355
322	32	0.008827110223121304
322	33	-0.1512065638904187
322	34	-0.36544807176978666
322	35	0.08867685026222626
323	0	-0.13998329499779139
323	1	0.1208782666746312
323	2	-0.2359299688919185
323	3	-0.23891297798917974
323	4	0.6187727497578075
323	5	-0.08133349896805457
323	6	0.16185377061743725
323	7	-0.00692799016214825
323	8	-0.2851277762803499
323	9	-0.01000303940689259
323	10	-0.33518285861098795
323	11	-0.10047976620356847
324	0	-0.15120702128824065
324	1	-0.16876823988358888
324	2	-0.1781738613332487
324	3	-0.17544954305713859
324	4	-0.08804926082439361
324	5	-0.20772774640930386
324	6	-0.006927965974795157
324	7	0.5344596365185743
324	8	-0.22739802762642009
324	9	-0.11970954127032823
324	10	-0.3537827922957196
324	11	0.004632508953840392
324	12	-0.12824226067090352
324	13	-0.12203556716436359
324	14	-0.0947696342481669
324	15	-0.1572171995243076
324	16	-0.2359299438875445
324	17	0.16185379630992877
324	18	-0.08133210823280297
324	19	-0.23891295295964324
324	20	0.1208782892580928
324	21	0.6187727754066965
