## RankNet
## Epochs = 50
## No. of features = 48
## No. of hidden layers = 2
## Layer 1: 10 neurons
## Layer 2: 10 neurons
1 2 3 4 5 6 7 8 9 10 11 12 13 14 15 16 17 18 19 20 21 22 23 24 25 26 27 28 29 30 31 32 33 34 35 36 37 38 39 40 41 42 43 44 45 46 47 48
2
10
10
0 0 -0.011944842102891665 -0.11663121253925543 -0.013618656486200234 -0.023839743955202587 0.043710922685977434 0.047651895476913765 0.07489190174686362 -0.0957646999822935 -0.035626976524970246 0.018650627902631757
0 1 0.0838154445514963 0.011767861721921279 0.0046729019977951635 -0.0156254830574209 0.07195877030274683 0.023637272409590158 -0.06481077206519661 -0.040803432803151345 -0.06289763034839982 -0.05211645008414623
0 2 -0.0646299560786527 -0.07203820117006882 -0.017853368924360555 0.02826185312642246 0.08975860502898356 0.05675623928407595 0.06748223374223479 -0.05476948047701865 0.0924791204573318 0.046781036875425994
0 3 0.005627278884046082 0.07756187114903682 -0.02900710418306521 -0.005196934077062771 0.0825686338095851 0.010937221827062962 0.036685162109699895 -0.0276741548888797 0.028769351632316684 -0.06706340068069716
0 4 0.01136518794492966 -0.07639812390738503 -0.09268114770974606 0.08829165820749642 0.05539956838781049 0.03733159301106726 -0.0742465904883711 -0.08694137672865357 -0.07217900775432438 -0.042414780351065065
0 5 0.07111022505845127 0.07258783668258781 -0.07596001495137075 -0.042529756539810275 -0.031629354010424514 0.08828787161386624 0.07158698189801072 -0.0779335881601508 -0.02664523747377982 -0.08165841792388234
0 6 0.04925278585752998 -0.08158841403832127 0.009246814651709005 -0.017949680420768506 0.0896175432777485 -0.0440225857654661 0.033799550297470574 0.002376171669735499 4.663770324858321E-4 -0.021099477376072113
0 7 -0.058306909323701354 -0.081456703021377 0.01531286065334545 -0.06941997733931189 -0.03708174565672705 -0.08452219592616678 0.042113139838225566 -0.056668711139999106 -0.08696694901631867 -0.07155704168671985
0 8 0.09952712560171273 -0.06216287206637104 0.09723618105624164 -0.0495772429130846 0.05550388395164669 -0.0530536021175944 -0.08635086943494796 -0.004051088885402243 -0.0077769334342598475 -0.04744730374052279
0 9 -0.08145138865238044 -0.09338890727388215 0.0937379173991486 0.09024750140086782 0.026207135611516493 -0.09000119521051396 -0.017856452661629208 0.08584703545179151 0.018961627324271237 -0.0021883824022773096
0 10 0.06547551358217385 -0.09756522591935944 0.009984504809714276 0.07343775477782857 0.04329491182540119 -0.02795184730320895 -0.006903407677138946 0.0017632012544218862 -0.05521387391800844 -0.03808776518537753
0 11 0.05514648337561882 -0.02680645366688819 0.0628021862464101 -0.019696579430393768 -0.010296464092814496 -0.008478013945741799 0.0398798089727939 -0.08149490099598607 -0.05091468602061083 -0.07890218423373868
0 12 -0.05023507159174667 -0.07246416671529064 -0.05580594072534999 -0.014491429268433977 0.06221353540390953 0.08409977475239858 0.06856922361056317 0.07310884618737401 -0.003961766681427018 -0.06939495278612519
0 13 -0.04957486822301477 -0.05545883372757009 -0.07320066027623862 0.08997629940801755 -0.021171966712465067 -0.08604754003969554 0.004704126557175364 0.06596062253836012 -0.09246237901870027 -0.008652065862791441
0 14 -0.03770006554810777 -0.05047532563967522 -0.05082151417261198 0.08574726066864263 0.05428596059936735 0.04042840676732045 -0.043170397767302526 0.001134345206298398 0.08293523319490306 -0.0965795203119232
0 15 0.056488090445655476 0.044946442947223705 -0.036982986528781556 -0.05763270113134626 0.05413100752954131 -0.013937829570608063 -0.07111172231161597 0.08758260636200726 -0.06622994526886823 -0.005854868128699297
0 16 0.08725046974014483 -0.08663416942668287 -0.02835768681305334 0.09329637380538851 0.05487690645619325 -0.032517974863454646 0.07219487558204543 0.017268528759468812 -0.04405575410697972 0.08725086840948726
0 17 0.09158581101221708 -0.09992238724437122 0.04700301369608313 -0.04696605458124965 -0.053200770325018215 0.046536117334273035 -0.06976503558300803 0.08785053089862165 0.028697963777927448 0.05818704229111631
0 18 -0.018304234589842514 0.011355653615271235 -0.006277265492674439 -0.09274285596329002 -0.001866132563445404 -0.07487594624995839 -0.05148551038530349 -0.06226159258692913 -0.030688192027152148 -0.05123769178563319
0 19 -0.05823180368816242 -0.009636076068069285 -0.09942136693008269 0.014786520634182117 0.03910006010989703 0.0030310615585094364 0.03941208520508041 -0.04209685987917639 0.07290992286622185 0.004579210963209125
0 20 0.10164595409530122 0.04423736931909696 -0.05216054844210552 0.07224786552288488 0.06462532255124084 0.02285180703535221 0.05223791749772175 -0.014657378017942115 -0.022023680697516694 -0.028117383468076775
0 21 -0.07252959498787964 -0.04380182925625264 0.05565780765880377 0.013227216916906958 0.024404736123744313 0.023081331941723005 -0.06327642372409802 -0.05444290870288252 -0.08699297816989876 0.027521212087992096
0 22 -0.014751147783763036 -0.024404083831540663 -0.0875680858515579 -0.038838217432960946 0.011874885477564502 -0.06637357667069754 -0.03872195734595841 0.06383300103638614 -0.05625829916471755 0.03215258234606462
0 23 0.07738988860744024 0.0745702922545796 -0.08664690556476409 -0.02426236597201961 -0.024733782082091392 -0.0942157944963942 -0.09874176903072224 0.015712685130496725 0.005742307674749885 -0.10480623562924522
0 24 0.008834482216454949 0.05808849891968202 0.027963200423919175 0.09210268456607236 -0.09415369514085926 0.09721650779872444 0.06507774581807939 -0.050055498167537245 -0.08340265290921703 -0.034432610133700706
0 25 -0.09467813472525612 -0.03140385055435842 0.028582880031956873 -0.06148174287868673 0.08253679806518684 -0.05483393783527951 0.08886339591834022 -0.024953946138397794 0.017930786954599397 0.08589861082197997
0 26 0.037765261042736344 -0.08928617985339778 0.008602806325303069 0.06345442984350291 -0.06735346396533805 0.06587305010167901 -0.015239261612009029 -0.010035544334608494 0.03719889321705547 0.014777604229289157
0 27 -0.01981762293701499 0.07074816173580131 0.047597036744413145 -0.049812810602041326 -0.020848826301404548 0.07671817952847285 0.060508792343505674 0.024024836175995677 -0.007975364817503766 0.058212368019258144
0 28 0.42360285380326856 -0.3780058521480224 0.0335114016946921 -0.25531521345126656 0.14741541864397611 -0.015345543435523204 -0.21280842829816707 -0.11127593146610319 0.06717635399975336 -0.2835992849513838
0 29 -0.025830011921008093 -0.03289252858097478 -0.09508348219945004 -0.11998411872586325 0.0426281660512083 0.02631407097799355 -0.015201176870659614 -0.11157003715845251 0.07961756349036034 -0.07661568250830864
0 30 0.37078577082823316 -0.17862707300904798 0.051667498802301245 -0.23332255150355577 0.12401225480512221 0.051762639017040146 -0.13984260113779792 -0.060563195531720994 -0.007391442023690643 -0.22502280247572984
0 31 0.02678795131389838 -0.09416947865657663 -0.05825654653746823 0.022721956855844758 0.13834087041231644 0.08456687971002388 -0.08878644826777501 0.014180117406720169 -0.05444380807080048 0.020719476084055843
0 32 0.20350793815393847 -0.21096882284320856 -0.004820682730965714 -0.11782211527125028 0.11909067532253781 0.050997419838693776 -0.10238174262589261 -0.18163939139640625 0.06771803854957396 -0.18827278358025357
0 33 -0.03357873491889474 0.056110479764495784 -0.030526364476810845 -0.09152541585140478 0.0010218856745011367 -0.048642514550808494 0.03158374009850079 -0.0783861834480002 7.994453152654345E-4 0.053448870895554536
0 34 0.23499014102162563 -0.19125408975772712 0.0269322771841163 -0.17655749289662784 0.11571141299987478 -0.09609514142901954 -0.10039838676393324 -0.1372255396487987 -0.01367405524389224 -0.1021395444101893
0 35 0.22766072896705203 -0.15322752262578093 0.0803693771410061 -0.22997749746305843 0.05543464711182754 0.05047241787857628 -0.16821249849372155 -0.17357410249077837 0.0890259423036216 -0.21139398236332296
0 36 0.10865261296742688 0.030000948688996523 0.006255169461463907 -0.1337051780006753 0.029297864705601123 0.04336297668444818 -0.049857520994180074 0.0357553491261037 0.056493734110444636 0.04384121859897375
0 37 0.09466498675219878 -0.20925655681478267 -0.07014937089928842 -0.12513683354505 0.1581056866928481 -0.09673778679649936 -0.14014624191433123 -0.014061919596075084 -0.07228583789980926 -0.15214551075386332
0 38 -0.007300533901382599 -0.07730927792575594 0.07078205188219863 -0.0160687755895135 -0.08912088698374719 -0.041264116572086174 -0.03631952217812085 0.07957767409154919 -0.0701910644569078 -0.08446913087649652
0 39 -0.03629906437121699 -0.08230364796903368 -0.032192653515882484 0.034426234279823685 -0.050659049066183286 0.09282556940441782 -0.06446849367613351 0.012753899142833197 0.08003004493335099 -0.05511714393181924
0 40 0.05976257884181669 0.041405021127197815 0.01977958855634113 -0.052324559922265625 -0.09058888232933969 0.05928669889097993 -0.06474061868185556 -0.055808483689336434 -0.02567887825748168 0.09324913596825293
0 41 0.0076659739662070965 0.04658158228117501 0.00604068397883085 0.02049627176631619 0.06822235610725966 -0.07245011682021277 -0.0694512184627027 0.08956486251587183 0.04856604494105385 0.09826478760426259
0 42 -0.005756397173977305 0.09099445109781486 0.048632895938387925 -0.05257282984186371 -0.0792582992256776 -0.06353786236023083 0.04138697521108204 0.06683909228816211 -0.042886056503737176 -0.04163882599329468
0 43 0.04585394540424286 0.059064552869542646 -0.05237266512093477 0.08447125796401975 0.05792542268331757 0.021487264238701023 0.023883003698416044 0.011487938094611768 -0.08563233344798572 0.013653893786729978
0 44 -0.05073805172199002 -0.09913705234445636 -0.045250716982920096 -0.07516857697776844 -0.05137878936310322 -0.04588996526317027 0.009441296729735545 0.05488115677519692 -0.0050818482898273825 0.03988051677649839
0 45 0.08939756061679043 0.009986229790077746 -0.0939688565121491 -0.07751536085418809 -0.007717979145840434 -0.09024967533068179 -0.05830475765139647 -0.010965137389460661 -0.08250576355681927 0.05748654420083384
0 46 0.003607185111029034 -0.11541206293367838 0.046127623140162784 0.05714783407414796 0.084200912431221 0.013463411986335131 0.03473682109772151 0.06196182357972384 -0.05865076578781085 -0.1158132197691578
0 47 -0.039584195570894945 -0.0355536959992464 -0.015678139011418925 -0.04184725893277524 0.06473699872792373 -0.07157498539573476 -0.0522641583448861 -0.060158868210928786 0.08641596036871138 0.07090761319736494
0 48 -0.07587574225278762 -0.09255453560311887 0.006824988630230876 0.007996024567449932 -0.07960976860421802 -0.016921988358225577 0.023016276746656558 -0.09206988232644367 -0.03438688783297684 0.05228829074582778 -0.09282631975370773 -0.04897499708235508 0.007444233315300674 0.09901636437327263 0.019620525885656073 0.05982033709643456 0.0273228398764825 0.08045805660837985 -0.08962642011851828 0.08961787217311759 0.09954729254387308
1 0 0.008219395492793205 0.0497165025522505 -0.06499057184544407 -0.024979633126728105 0.020463914050151553 -0.07518667116844147 -0.004036519512894039 0.00837497258778817 -0.0037510777091474554 0.08404785086238582
1 1 0.013570642126452741 -0.09131956943525577 0.042794867433987395 0.003626108720385742 0.0029951923690489106 -0.024529226033437518 0.018509501985116958 -0.006292583838603607 -0.07060291996230675 -0.08951646556767287
1 2 -0.02752347788694298 0.0054459498364446204 0.0895081595658481 -0.09477407262414311 0.09900845593249384 -0.06663484729719946 0.041477029372555235 -0.07019477236254848 0.08582876591129289 -0.010530012632692477
1 3 0.0785253899564136 -0.07265315629584264 0.09938517865476074 -0.05660780251682251 -0.04441359134664333 -0.045592496744280106 -0.07259748776824013 0.052994919369135106 -0.05826663248288041 0.015091806483034917
1 4 0.026509378191944318 0.025035232402386854 -0.009277859867985136 0.002307649192898618 0.011265016021087766 0.017596513635325533 0.0728756791242124 -0.06988291107758564 0.0703472988592111 0.06253277237584048
1 5 -0.08646736127165928 -0.08617113258931865 -0.03500852981372901 -0.06358238915130117 -0.04068825713392224 -0.02193404749569564 0.02989546556430166 0.004559200154029401 -0.07517110583403296 0.015044975620187235
1 6 0.028906152326866413 0.055139694477153764 -0.08249028545890214 -0.09520768613744783 0.08943082786838402 0.06264496362702249 0.08035672671639695 0.042969321058059506 -0.012221491671950071 0.01735014582583084
1 7 -0.06542605840427346 0.030399836701415047 0.014289588692826472 -0.015064413736348321 0.08154332372249053 -0.006852801999674868 -0.05135615279612679 0.015139372982488587 0.054077947080440655 -0.07793413643907007
1 8 0.06499502523850988 0.08153595614996022 -0.06904318644984588 0.021128959809911963 -0.011884974083646188 0.08780011920631076 0.04198968991457763 0.06741767827036321 0.07613130798188868 0.038424128152264606
1 9 0.07371378483877392 0.05750391069462766 0.09737862805561125 0.047050865741606024 -0.0023603378980422023 -0.0017756048261022732 0.09766126337674592 0.023371131254661105 -0.09934493562876916 -0.012703142342458704
2 0 -0.018716513215446644
2 1 -0.0510815127602709
2 2 0.07322327814667356
2 3 -0.01038785892086807
2 4 0.03026440915828141
2 5 0.0785898660516049
2 6 0.02664591813310665
2 7 0.08716783738927926
2 8 -0.003169402441758003
2 9 -0.0553307295991037
