84	0	-2.3436825275421143
84	1	-2.455472707748413
84	2	-0.06389904767274857
84	3	3.277989149093628
84	4	-2.3436825275421143
84	5	2.045612096786499
84	6	-2.1692283153533936
84	7	-2.5486502647399902
84	8	2.0512754917144775
84	9	-2.3436825275421143
84	10	-2.3436825275421143
85	0	-2.227804660797119
85	1	3.277989149093628
85	2	-2.3436825275421143
85	3	-2.5258729457855225
85	4	-2.0183703899383545
85	5	-2.3436825275421143
85	6	-2.1507558822631836
85	7	-2.5301778316497803
85	8	2.0512754917144775
85	9	-2.3436825275421143
85	10	-2.3436825275421143
86	0	-0.06389904767274857
86	1	3.277989149093628
86	2	-2.3436825275421143
86	3	-2.3436825275421143
86	4	-2.455472707748413
86	5	2.045612096786499
87	0	3.277989149093628
87	1	-2.0819594860076904
87	2	-2.241161823272705
87	3	-2.455472707748413
87	4	-2.3436825275421143
87	5	-2.5148229598999023
87	6	2.0512754917144775
87	7	-2.5301778316497803
87	8	-2.1507558822631836
87	9	-2.3436825275421143
87	10	-2.3436825275421143
88	0	-2.3436825275421143
88	1	-2.3436825275421143
88	2	-2.5258729457855225
88	3	-2.3436825275421143
88	4	3.277989149093628
88	5	2.0512754917144775
88	6	-2.53760027885437
88	7	-2.3436825275421143
89	0	-2.455472707748413
89	1	-2.3436825275421143
89	2	-0.20184917747974396
89	3	-2.5258729457855225
89	4	-2.5486502647399902
89	5	2.0512754917144775
89	6	3.277989149093628
89	7	-2.3436825275421143
90	0	-2.078110456466675
90	1	3.277989149093628
90	2	-2.3436825275421143
90	3	-2.241161823272705
90	4	-2.5258729457855225
90	5	-2.455472707748413
90	6	-2.1507558822631836
90	7	-2.3436825275421143
90	8	-0.20184917747974396
90	9	-2.5486502647399902
90	10	2.0512754917144775
91	0	3.277989149093628
91	1	-1.9854375123977661
91	2	-2.3436825275421143
91	3	-2.3436825275421143
91	4	-2.455472707748413
91	5	-2.226071357727051
92	0	-0.06389904767274857
92	1	-0.06389904767274857
92	2	3.277989149093628
92	3	-2.3436825275421143
92	4	-2.5258729457855225
92	5	-2.455472707748413
92	6	-2.7086336612701416
92	7	-2.53760027885437
92	8	2.0512754917144775
92	9	-2.3436825275421143
92	10	-2.3436825275421143
92	11	-2.1581783294677734
93	0	-2.3868050575256348
93	1	-2.3436825275421143
93	2	-2.227804660797119
93	3	-2.455472707748413
93	4	-2.3436825275421143
93	5	-1.267086148262024
93	6	2.0512754917144775
93	7	-2.5486502647399902
93	8	-2.3436825275421143
93	9	-2.3436825275421143
93	10	-2.1692283153533936
93	11	-2.241161823272705
94	0	-2.5258729457855225
94	1	-2.3436825275421143
94	2	-2.455472707748413
94	3	-2.3436825275421143
94	4	-2.078110456466675
94	5	3.277989149093628
94	6	2.045612096786499
94	7	-2.3436825275421143
94	8	-2.3436825275421143
94	9	-2.1581783294677734
94	10	-2.53760027885437
94	11	2.0512754917144775
95	0	-2.3436825275421143
95	1	-2.3436825275421143
95	2	-2.3436825275421143
95	3	-2.455472707748413
95	4	-2.3436825275421143
95	5	3.277989149093628
95	6	2.0512754917144775
95	7	-2.5486502647399902
96	0	-2.535942316055298
96	1	-2.3436825275421143
96	2	-2.5074005126953125
96	3	-2.3436825275421143
96	4	-2.3436825275421143
96	5	-2.455472707748413
96	6	-2.5148229598999023
96	7	-0.20184917747974396
96	8	-2.3436825275421143
96	9	3.277989149093628
96	10	-2.53760027885437
96	11	2.0512754917144775
96	12	-2.067995548248291
96	13	2.815260887145996
96	14	-0.20184917747974396
96	15	1.7237650156021118
96	16	-2.5074005126953125
96	17	-2.3436825275421143
96	18	2.3527634143829346
96	19	2.2045702934265137
96	20	2.2073936462402344
96	21	1.7237650156021118
96	22	-2.864863395690918
96	23	1.7237650156021118
96	24	1.9462944269180298
96	25	2.3539395332336426
96	26	-2.0359129905700684
96	27	2.991838216781616
96	28	-1.0843873023986816
96	29	-2.815491199493408
96	30	3.16554594039917
96	31	2.398310661315918
96	32	1.9530433416366577
96	33	2.928558111190796
96	34	-0.38470667600631714
96	35	2.73748779296875
96	36	2.9134931564331055
97	0	-2.078110456466675
97	1	3.277989149093628
97	2	-2.0819594860076904
97	3	-2.3436825275421143
97	4	-2.4928200244903564
97	5	-2.3436825275421143
97	6	-2.0183703899383545
98	0	3.277989149093628
98	1	-1.9854375123977661
98	2	-2.227804660797119
98	3	-2.5258729457855225
98	4	-2.3436825275421143
98	5	-2.4928200244903564
98	6	2.045612096786499
99	0	2.9202420711517334
99	1	-2.1096408367156982
99	2	-2.5301778316497803
99	3	2.9202420711517334
99	4	2.0512754917144775
99	5	-2.455472707748413
99	6	3.284738302230835
100	0	-0.9146252870559692
100	1	3.277989149093628
100	2	-0.7523505091667175
100	3	2.0512754917144775
100	4	2.6498377323150635
100	5	2.9202420711517334
100	6	0.10085636377334595
100	7	-2.070202350616455
100	8	-2.168307304382324
100	9	-2.018406391143799
100	10	2.9202420711517334
100	11	2.7992069721221924
100	12	2.9202420711517334
100	13	2.9202420711517334
100	14	2.9202420711517334
100	15	2.6498377323150635
100	16	-1.2237346172332764
100	17	-2.502685785293579
100	18	2.0580244064331055
100	19	-2.688466787338257
100	20	2.9202420711517334
101	0	-2.455472707748413
101	1	-2.5301778316497803
101	2	-1.5824822187423706
101	3	3.277989149093628
101	4	2.9134931564331055
101	5	-2.3436825275421143
101	6	-2.455472707748413
101	7	-0.06389904767274857
101	8	3.277989149093628
102	0	2.9134931564331055
102	1	3.277989149093628
102	2	-1.35372793674469
102	3	-2.5486502647399902
102	4	-2.455472707748413
102	5	-2.078110456466675
102	6	-2.5258729457855225
102	7	3.277989149093628
102	8	-2.3436825275421143
103	0	-2.3436825275421143
103	1	-1.654563069343567
103	2	3.277989149093628
103	3	-2.5486502647399902
103	4	2.9134931564331055
103	5	-2.455472707748413
103	6	-3.093693494796753
103	7	3.009427785873413
103	8	-2.5148229598999023
103	9	2.9134931564331055
103	10	-1.321940541267395
103	11	3.277989149093628
104	0	-0.7100794911384583
104	1	-2.3436825275421143
104	2	2.9134931564331055
104	3	-2.455472707748413
104	4	-2.5486502647399902
104	5	3.277989149093628
104	6	-1.321940541267395
105	0	2.9134931564331055
105	1	2.0512754917144775
105	2	-2.455472707748413
105	3	-2.5486502647399902
105	4	-2.018406391143799
105	5	3.277989149093628
105	6	-1.4121959209442139
105	7	-2.5148229598999023
105	8	3.277989149093628
106	0	3.009427785873413
106	1	2.9134931564331055
106	2	-2.392025947570801
106	3	3.277989149093628
106	4	-2.455472707748413
106	5	2.9134931564331055
106	6	-2.5486502647399902
106	7	-2.3436825275421143
106	8	-1.321940541267395
106	9	3.277989149093628
106	10	-2.5258729457855225
106	11	-2.078110456466675
107	0	2.9134931564331055
107	1	2.9134931564331055
107	2	-2.5486502647399902
107	3	-2.3868050575256348
107	4	2.9134931564331055
107	5	3.277989149093628
107	6	-2.455472707748413
107	7	2.0512754917144775
107	8	-2.5258729457855225
107	9	-0.06389904767274857
107	10	3.277989149093628
107	11	-2.392025947570801
108	0	-2.4120121002197266
108	1	1.3692333698272705
108	2	2.9134931564331055
108	3	2.9134931564331055
108	4	-0.7905076742172241
108	5	-2.5486502647399902
108	6	2.9134931564331055
108	7	-1.321940541267395
108	8	-2.3436825275421143
108	9	-2.455472707748413
108	10	-0.06389904767274857
108	11	-2.5258729457855225
108	12	3.277989149093628
109	0	1.3692333698272705
109	1	2.9134931564331055
109	2	2.9134931564331055
109	3	-1.321940541267395
109	4	-0.7813463807106018
109	5	2.9134931564331055
109	6	2.9134931564331055
109	7	-2.5486502647399902
109	8	-2.3868050575256348
109	9	-2.455472707748413
109	10	2.9134931564331055
109	11	3.277989149093628
109	12	-0.06389904767274857
109	13	-2.5258729457855225
109	14	-2.4120121002197266
110	0	-2.3436825275421143
110	1	1.3692333698272705
110	2	2.9134931564331055
110	3	2.9134931564331055
110	4	2.9134931564331055
110	5	2.9134931564331055
110	6	2.9134931564331055
110	7	-2.455472707748413
110	8	-1.9878551959991455
110	9	-2.5486502647399902
110	10	-1.0532231330871582
110	11	-2.4120121002197266
110	12	3.277989149093628
110	13	-0.06389904767274857
110	14	-2.5258729457855225
111	0	-0.2310081422328949
111	1	1.3692333698272705
111	2	-1.2535021305084229
111	3	2.9134931564331055
111	4	2.9134931564331055
111	5	2.9134931564331055
111	6	2.9134931564331055
111	7	-2.5486502647399902
111	8	-2.455472707748413
111	9	-2.227804660797119
111	10	2.0512754917144775
111	11	2.9134931564331055
112	0	1.3692333698272705
112	1	2.9134931564331055
112	2	-2.111079454421997
112	3	2.9134931564331055
112	4	-2.455472707748413
112	5	2.9134931564331055
112	6	-2.53760027885437
112	7	2.0512754917144775
112	8	2.9134931564331055
112	9	2.9134931564331055
112	10	2.9134931564331055
112	11	2.9134931564331055
113	0	1.3692333698272705
113	1	-0.6845846772193909
113	2	0.10085636377334595
113	3	-2.056180953979492
113	4	2.9134931564331055
113	5	-0.8098849058151245
113	6	2.9134931564331055
113	7	2.9134931564331055
113	8	-1.2535021305084229
113	9	2.9134931564331055
113	10	-0.06389904767274857
113	11	2.2045702934265137
113	12	2.9134931564331055
113	13	2.6498377323150635
113	14	-0.09686791151762009
113	15	2.9202420711517334
113	16	-2.5659749507904053
113	17	2.0512754917144775
113	18	2.6498377323150635
113	19	-1.8590456247329712
113	20	-2.502685785293579
113	21	-2.392025947570801
113	22	-1.9468895196914673
113	23	-2.5301778316497803
113	24	-2.455472707748413
113	25	2.9134931564331055
113	26	-0.06389904767274857
113	27	3.277989149093628
113	28	-2.5074005126953125
114	0	-1.770440936088562
114	1	2.9134931564331055
114	2	-2.3436825275421143
114	3	2.9134931564331055
114	4	2.0512754917144775
114	5	-2.53760027885437
114	6	2.9134931564331055
114	7	2.9134931564331055
114	8	-1.0532231330871582
114	9	1.3692333698272705
114	10	2.9134931564331055
114	11	-2.455472707748413
114	12	2.9134931564331055
115	0	-1.5087177753448486
115	1	-0.8336300253868103
115	2	-2.5301778316497803
115	3	-2.455472707748413
115	4	2.9134931564331055
115	5	2.9134931564331055
115	6	2.9134931564331055
115	7	-2.111079454421997
115	8	1.3692333698272705
115	9	2.9134931564331055
115	10	-1.9878551959991455
115	11	2.9134931564331055
116	0	-3.0941286087036133
116	1	2.9134931564331055
116	2	-2.111079454421997
116	3	-2.455472707748413
116	4	-0.06389904767274857
116	5	-1.5717628002166748
116	6	-2.5486502647399902
116	7	2.0512754917144775
116	8	-2.078110456466675
116	9	-1.0532231330871582
116	10	2.9134931564331055
116	11	2.9134931564331055
116	12	2.9134931564331055
116	13	2.9134931564331055
116	14	-2.5074005126953125
116	15	3.277989149093628
117	0	-2.078110456466675
117	1	2.9134931564331055
117	2	-2.5486502647399902
117	3	-2.3868050575256348
117	4	1.3692333698272705
117	5	2.9134931564331055
117	6	-1.9878551959991455
117	7	2.9134931564331055
117	8	2.9134931564331055
117	9	-0.7813463807106018
117	10	2.9134931564331055
117	11	-2.455472707748413
118	0	-2.5486502647399902
118	1	-1.2535021305084229
118	2	2.9134931564331055
118	3	2.9134931564331055
118	4	2.0512754917144775
118	5	2.9134931564331055
118	6	1.3692333698272705
118	7	2.9134931564331055
118	8	-2.455472707748413
118	9	2.9134931564331055
118	10	-0.06389904767274857
118	11	-2.018406391143799
118	12	3.277989149093628
118	13	-2.392025947570801
118	14	-1.4121959209442139
118	15	-2.5148229598999023
118	16	1.9530433416366577
118	17	-2.5074005126953125
119	0	-1.4121959209442139
119	1	-2.455472707748413
119	2	-1.0532231330871582
119	3	2.9134931564331055
119	4	1.3692333698272705
119	5	2.9134931564331055
119	6	-2.5486502647399902
119	7	2.9134931564331055
119	8	-1.35372793674469
119	9	2.9134931564331055
119	10	2.9134931564331055
119	11	-2.3436825275421143
120	0	-2.5486502647399902
120	1	3.277989149093628
120	2	-1.321940541267395
120	3	-2.455472707748413
120	4	2.9134931564331055
120	5	2.9134931564331055
120	6	-1.5717628002166748
120	7	2.9134931564331055
120	8	-2.111079454421997
120	9	-1.0532231330871582
120	10	-1.5087177753448486
120	11	2.9134931564331055
120	12	2.9134931564331055
120	13	-3.154958963394165
120	14	-0.5123549699783325
120	15	-1.9487881660461426
120	16	2.0512754917144775
120	17	3.1768410205841064
120	18	0.5284857153892517
120	19	-3.0941286087036133
121	0	-1.321940541267395
121	1	-2.5258729457855225
121	2	3.277989149093628
121	3	-2.5486502647399902
121	4	-3.2375199794769287
121	5	-0.4212743639945984
121	6	-0.9058481454849243
121	7	1.9964274168014526
121	8	-2.392025947570801
121	9	-0.8222041726112366
121	10	-1.321940541267395
121	11	2.9134931564331055
121	12	2.9134931564331055
121	13	2.9134931564331055
121	14	-2.3868050575256348
121	15	2.9134931564331055
121	16	-1.0101008415222168
121	17	2.9134931564331055
121	18	-1.5087177753448486
121	19	-2.743203639984131
122	0	-2.5486502647399902
122	1	-2.5258729457855225
122	2	3.277989149093628
122	3	2.0512754917144775
122	4	-0.6553086638450623
122	5	1.3692333698272705
122	6	-2.3868050575256348
122	7	2.9134931564331055
122	8	2.9134931564331055
122	9	2.9134931564331055
122	10	2.9134931564331055
122	11	2.9134931564331055
122	12	-2.078110456466675
122	13	-1.0532231330871582
122	14	0.13038592040538788
122	15	-2.6625406742095947
122	16	-2.743203639984131
122	17	-2.392025947570801
122	18	2.166815757751465
122	19	2.0512754917144775
123	0	-2.455472707748413
123	1	3.277989149093628
123	2	2.0512754917144775
123	3	-2.5486502647399902
123	4	1.3692333698272705
123	5	-0.06389904767274857
123	6	2.9134931564331055
123	7	2.9134931564331055
123	8	2.9134931564331055
123	9	2.9134931564331055
123	10	2.9134931564331055
123	11	-2.111079454421997
123	12	-0.8942228555679321
123	13	-2.6625406742095947
123	14	0.1672532856464386
123	15	1.9964274168014526
123	16	-2.4060475826263428
123	17	-2.743203639984131
123	18	-0.5844180583953857
123	19	2.0512754917144775
124	0	2.0512754917144775
124	1	3.277989149093628
124	2	-2.455472707748413
124	3	-2.5486502647399902
124	4	1.3692333698272705
124	5	-2.743203639984131
124	6	-0.5844180583953857
124	7	-2.078110456466675
124	8	2.9134931564331055
124	9	2.9134931564331055
124	10	-1.0532231330871582
124	11	2.9134931564331055
124	12	2.9134931564331055
124	13	2.9134931564331055
124	14	-2.227804660797119
124	15	3.1768410205841064
124	16	-2.6625406742095947
124	17	-2.392025947570801
124	18	1.9964274168014526
124	19	2.0512754917144775
125	0	3.277989149093628
125	1	-1.35372793674469
125	2	-2.455472707748413
125	3	-2.5486502647399902
125	4	-2.743203639984131
125	5	-1.5717628002166748
125	6	-3.2375199794769287
125	7	-0.060278117656707764
125	8	-1.654563069343567
125	9	-1.0101008415222168
125	10	2.9134931564331055
125	11	-2.111079454421997
125	12	2.9134931564331055
125	13	2.9134931564331055
125	14	2.9134931564331055
125	15	2.9134931564331055
125	16	-2.392025947570801
125	17	2.0512754917144775
125	18	2.166815757751465
125	19	-0.7790818810462952
126	0	-1.35372793674469
126	1	3.277989149093628
126	2	-2.455472707748413
126	3	-2.5486502647399902
126	4	-0.6553086638450623
126	5	1.3692333698272705
126	6	-2.6625406742095947
126	7	0.13038592040538788
126	8	2.9134931564331055
126	9	-2.3436825275421143
126	10	2.9134931564331055
126	11	-0.8942228555679321
126	12	2.9134931564331055
126	13	-2.078110456466675
126	14	2.9134931564331055
126	15	2.9134931564331055
126	16	-2.392025947570801
126	17	1.9964274168014526
126	18	-1.321940541267395
126	19	-2.743203639984131
126	20	-2.23171329498291
126	21	-2.067995548248291
126	22	-2.035456657409668
126	23	-2.067995548248291
127	0	-2.455472707748413
127	1	-2.3436825275421143
127	2	-2.5258729457855225
127	3	-0.20184917747974396
127	4	-2.3436825275421143
127	5	3.277989149093628
127	6	2.0512754917144775
127	7	-2.5486502647399902
128	0	-2.455472707748413
128	1	-2.3436825275421143
128	2	-2.5258729457855225
128	3	-0.20184917747974396
128	4	-1.9878551959991455
128	5	-2.5486502647399902
128	6	3.277989149093628
128	7	-2.3436825275421143
129	0	-2.5258729457855225
129	1	-2.3436825275421143
129	2	-0.20184917747974396
129	3	-2.455472707748413
129	4	-2.3436825275421143
129	5	3.277989149093628
129	6	2.0512754917144775
129	7	-2.5486502647399902
130	0	-2.5258729457855225
130	1	-2.227804660797119
130	2	-2.3436825275421143
130	3	-2.455472707748413
130	4	2.0512754917144775
130	5	-2.5486502647399902
130	6	3.277989149093628
130	7	-2.3436825275421143
131	0	-2.5258729457855225
131	1	-2.3436825275421143
131	2	-2.455472707748413
131	3	-0.20184917747974396
131	4	-2.3436825275421143
131	5	-2.5486502647399902
131	6	-1.321940541267395
131	7	3.277989149093628
132	0	-2.5258729457855225
132	1	-2.455472707748413
132	2	-0.20184917747974396
132	3	-2.3436825275421143
132	4	-2.5486502647399902
132	5	2.0512754917144775
132	6	3.277989149093628
132	7	-2.3436825275421143
133	0	-2.067995548248291
133	1	-2.3436825275421143
133	2	-2.3436825275421143
133	3	-2.455472707748413
133	4	-2.5258729457855225
133	5	-2.067995548248291
133	6	-2.455472707748413
133	7	-2.067995548248291
134	0	-2.455472707748413
134	1	-2.3436825275421143
134	2	-2.3436825275421143
134	3	-2.3436825275421143
134	4	-2.53760027885437
134	5	3.277989149093628
134	6	-1.321940541267395
134	7	-2.3436825275421143
135	0	-2.3436825275421143
135	1	-2.123387575149536
135	2	-2.5258729457855225
135	3	-2.455472707748413
135	4	-2.3436825275421143
135	5	2.0512754917144775
135	6	3.277989149093628
135	7	-2.5486502647399902
136	0	-2.455472707748413
136	1	-2.5258729457855225
136	2	-2.3868050575256348
136	3	-2.3436825275421143
136	4	-2.5486502647399902
136	5	3.277989149093628
136	6	2.0512754917144775
136	7	-2.3436825275421143
137	0	-2.455472707748413
137	1	-2.5258729457855225
137	2	-2.123387575149536
137	3	-2.3436825275421143
137	4	-2.5486502647399902
137	5	3.277989149093628
137	6	2.0512754917144775
137	7	-2.3436825275421143
138	0	-1.267086148262024
138	1	-2.067995548248291
138	2	-2.043351888656616
138	3	-2.455472707748413
138	4	-2.3436825275421143
138	5	-2.5258729457855225
138	6	-1.4793758392333984
139	0	-0.20184917747974396
139	1	-2.3436825275421143
139	2	-2.5258729457855225
139	3	-2.455472707748413
139	4	-2.3436825275421143
139	5	-2.53760027885437
139	6	3.277989149093628
139	7	2.0512754917144775
140	0	-2.3436825275421143
140	1	-2.3436825275421143
140	2	-2.455472707748413
140	3	-2.5258729457855225
140	4	-2.5486502647399902
140	5	2.0512754917144775
140	6	3.277989149093628
140	7	-2.3436825275421143
141	0	-2.3436825275421143
141	1	-2.455472707748413
141	2	-0.20184917747974396
141	3	-2.5258729457855225
141	4	-2.3436825275421143
141	5	3.277989149093628
141	6	-2.53760027885437
141	7	2.0512754917144775
142	0	-0.06389904767274857
142	1	-2.455472707748413
142	2	-0.8336300253868103
142	3	2.9134931564331055
142	4	2.9134931564331055
142	5	-2.53760027885437
142	6	2.9134931564331055
142	7	2.9134931564331055
142	8	1.3692333698272705
142	9	2.9134931564331055
142	10	-2.3190391063690186
142	11	2.0512754917144775
142	12	3.277989149093628
142	13	-0.3136875033378601
142	14	-2.455472707748413
142	15	-1.5844255685806274
143	0	-1.4121959209442139
143	1	2.9134931564331055
143	2	2.9134931564331055
143	3	2.9202420711517334
143	4	-1.0532231330871582
143	5	2.9134931564331055
143	6	2.9134931564331055
143	7	-2.455472707748413
143	8	1.3692333698272705
143	9	2.9134931564331055
143	10	-2.5486502647399902
143	11	-2.3436825275421143
143	12	-1.321940541267395
143	13	-2.392025947570801
144	0	-2.455472707748413
144	1	-0.20184917747974396
144	2	-2.5074005126953125
144	3	-2.3436825275421143
144	4	-2.3436825275421143
144	5	2.0512754917144775
144	6	-2.5486502647399902
144	7	3.277989149093628
145	0	-2.5486502647399902
145	1	-0.06389904767274857
145	2	2.0512754917144775
145	3	2.9134931564331055
145	4	-2.111079454421997
145	5	1.3692333698272705
145	6	-2.455472707748413
145	7	2.9134931564331055
145	8	2.9134931564331055
145	9	-1.0532231330871582
145	10	2.9134931564331055
145	11	2.9134931564331055
145	12	3.277989149093628
145	13	-1.9487881660461426
145	14	-1.654563069343567
145	15	-2.5074005126953125
146	0	-2.455472707748413
146	1	-2.5148229598999023
146	2	-0.20184917747974396
146	3	-2.3436825275421143
146	4	-2.5486502647399902
146	5	2.0512754917144775
146	6	3.277989149093628
146	7	-2.3436825275421143
147	0	-2.3436825275421143
147	1	-2.455472707748413
147	2	-2.5258729457855225
147	3	-2.3436825275421143
147	4	-2.3436825275421143
147	5	3.277989149093628
147	6	2.0512754917144775
147	7	-2.5486502647399902
148	0	-2.5258729457855225
148	1	-2.455472707748413
148	2	-2.3436825275421143
148	3	-2.3436825275421143
148	4	-2.3436825275421143
148	5	-2.5486502647399902
148	6	-1.9878551959991455
148	7	3.277989149093628
149	0	-2.5258729457855225
149	1	-2.455472707748413
149	2	-2.227804660797119
149	3	-2.3436825275421143
149	4	-2.5486502647399902
149	5	-1.35372793674469
149	6	3.277989149093628
149	7	-2.3436825275421143
150	0	-2.3436825275421143
150	1	-2.5258729457855225
150	2	-2.123387575149536
150	3	-1.941581130027771
150	4	-2.5301778316497803
150	5	2.0512754917144775
150	6	3.277989149093628
150	7	-2.3436825275421143
151	0	-2.5148229598999023
151	1	-2.3436825275421143
151	2	-1.9526311159133911
151	3	-0.20184917747974396
151	4	-2.3436825275421143
151	5	-2.53760027885437
151	6	2.0512754917144775
151	7	3.277989149093628
152	0	-1.8822309970855713
152	1	-2.3436825275421143
152	2	-2.5258729457855225
152	3	-0.20184917747974396
152	4	-2.3436825275421143
152	5	3.277989149093628
152	6	2.0512754917144775
152	7	-2.5486502647399902
153	0	-2.17319393157959
153	1	-2.3190391063690186
153	2	3.277989149093628
153	3	-1.8822309970855713
153	4	-2.5258729457855225
153	5	-2.3436825275421143
153	6	1.4321941137313843
153	7	-1.9878551959991455
153	8	-2.5486502647399902
153	9	-2.231750965118408
153	10	-2.5074005126953125
153	11	1.7237650156021118
153	12	-2.067995548248291
153	13	-2.5074005126953125
154	0	-2.067995548248291
154	1	2.928558111190796
154	2	-2.3436825275421143
154	3	-2.3436825275421143
154	4	-2.5258729457855225
154	5	-1.9854375123977661
154	6	-2.455472707748413
154	7	-2.3436825275421143
154	8	-1.9854375123977661
154	9	-1.8822309970855713
154	10	-2.3436825275421143
154	11	-2.3436825275421143
154	12	0.37431302666664124
154	13	3.277989149093628
154	14	-2.227804660797119
154	15	2.0512754917144775
154	16	-2.5486502647399902
154	17	-2.1692283153533936
155	0	-2.3436825275421143
155	1	-1.9526311159133911
155	2	-2.3436825275421143
155	3	-2.3868050575256348
155	4	-1.2028789520263672
155	5	3.277989149093628
155	6	-2.5301778316497803
155	7	-2.3436825275421143
156	0	-2.3436825275421143
156	1	2.808511972427368
156	2	1.5309196710586548
156	3	-2.3436825275421143
156	4	-2.23171329498291
156	5	-2.067995548248291
157	0	3.277989149093628
157	1	-2.5074005126953125
157	2	-2.0819594860076904
157	3	-2.5074005126953125
157	4	-2.3436825275421143
157	5	-1.8822309970855713
157	6	-2.445514440536499
157	7	2.0512754917144775
157	8	-2.5301778316497803
157	9	-2.3436825275421143
157	10	-0.20184917747974396
157	11	-2.1507558822631836
157	12	1.1014419794082642
158	0	-2.3436825275421143
158	1	-1.9389349222183228
158	2	-2.1507558822631836
158	3	-2.3436825275421143
158	4	-2.3436825275421143
158	5	-2.3436825275421143
158	6	-2.5074005126953125
158	7	1.1014419794082642
158	8	-0.06389904767274857
158	9	-2.455472707748413
158	10	-2.3436825275421143
158	11	-2.5074005126953125
158	12	-2.5301778316497803
158	13	-2.3436825275421143
158	14	-2.3436825275421143
158	15	-2.3436825275421143
159	0	3.277989149093628
159	1	-0.06389904767274857
159	2	-2.5074005126953125
159	3	0.37431302666664124
159	4	-1.941581130027771
159	5	-2.3436825275421143
159	6	-2.3436825275421143
160	0	2.27490496635437
160	1	-2.502685785293579
160	2	3.0696113109588623
160	3	3.299990177154541
160	4	-1.4244356155395508
160	5	3.0696113109588623
160	6	-1.980568289756775
160	7	-0.6747801303863525
160	8	-1.190450668334961
160	9	-2.1096408367156982
160	10	2.9202420711517334
160	11	-1.4121959209442139
160	12	2.9202420711517334
160	13	2.9202420711517334
160	14	2.9202420711517334
160	15	2.9202420711517334
160	16	2.9202420711517334
160	17	2.0512754917144775
160	18	-1.2237346172332764
160	19	2.2073936462402344
160	20	2.7992069721221924
160	21	-1.4295423030853271
160	22	2.7992069721221924
161	0	-0.7905076742172241
161	1	2.9134931564331055
161	2	2.9134931564331055
161	3	-1.4121959209442139
161	4	-0.15014636516571045
161	5	2.9134931564331055
161	6	2.9134931564331055
161	7	1.3692333698272705
161	8	1.9964274168014526
161	9	2.045612096786499
161	10	2.9134931564331055
161	11	-3.091669797897339
161	12	-0.6282328963279724
161	13	-0.7471073865890503
161	14	-3.154958963394165
161	15	-2.392025947570801
161	16	-1.9878551959991455
161	17	-1.612144947052002
161	18	-2.3436825275421143
161	19	-1.4316332340240479
161	20	-3.093693494796753
161	21	-0.4212743639945984
161	22	-3.223498582839966
162	0	-2.3436825275421143
162	1	-2.3436825275421143
162	2	-2.5074005126953125
162	3	-1.919578194618225
162	4	-2.3436825275421143
162	5	3.277989149093628
162	6	-2.5301778316497803
162	7	-1.5824822187423706
163	0	-1.8822309970855713
163	1	-2.3436825275421143
163	2	-2.5258729457855225
163	3	-2.123387575149536
163	4	3.277989149093628
163	5	-2.5486502647399902
163	6	2.0512754917144775
163	7	-2.3436825275421143
164	0	-1.8822309970855713
164	1	-2.5486502647399902
164	2	3.277989149093628
164	3	2.0512754917144775
164	4	1.3692333698272705
164	5	-3.154958963394165
164	6	-2.392025947570801
164	7	-1.321940541267395
164	8	-3.093693494796753
164	9	-0.6282328963279724
164	10	3.0696113109588623
164	11	2.9134931564331055
164	12	-2.3436825275421143
164	13	-0.06389904767274857
164	14	-0.7905076742172241
164	15	2.9134931564331055
164	16	2.9134931564331055
164	17	2.9134931564331055
164	18	-3.2434844970703125
164	19	-0.41524291038513184
165	0	3.277989149093628
165	1	-1.8822309970855713
165	2	-1.321940541267395
165	3	-2.5486502647399902
165	4	1.9964274168014526
165	5	-2.392025947570801
165	6	-1.5717628002166748
165	7	-1.321940541267395
165	8	-0.060278117656707764
165	9	-3.2375199794769287
165	10	-2.743203639984131
165	11	-1.654563069343567
165	12	-1.0101008415222168
165	13	2.9134931564331055
165	14	2.9134931564331055
165	15	-2.227804660797119
165	16	2.9134931564331055
165	17	2.9134931564331055
165	18	2.9134931564331055
165	19	-0.8222041726112366
166	0	-2.5486502647399902
166	1	-1.9878551959991455
166	2	3.277989149093628
166	3	-1.8822309970855713
166	4	-2.743203639984131
166	5	1.3692333698272705
166	6	2.9134931564331055
166	7	2.9134931564331055
166	8	-0.8942228555679321
166	9	2.9134931564331055
166	10	2.9134931564331055
166	11	2.9134931564331055
166	12	-0.09686791151762009
166	13	-0.06389904767274857
166	14	-0.5844180583953857
166	15	1.9964274168014526
166	16	3.1768410205841064
166	17	-3.224989175796509
166	18	-2.4060475826263428
166	19	2.0512754917144775
166	20	-0.06389904767274857
166	21	-2.3868050575256348
166	22	-1.887338399887085
166	23	-2.3436825275421143
166	24	-2.5074005126953125
167	0	-2.3436825275421143
167	1	-1.8822309970855713
167	2	-2.5148229598999023
167	3	-0.20184917747974396
167	4	-2.3436825275421143
167	5	-2.53760027885437
167	6	3.277989149093628
167	7	2.0512754917144775
168	0	-0.20184917747974396
168	1	-2.3436825275421143
168	2	-1.8822309970855713
168	3	-2.5258729457855225
168	4	-2.3436825275421143
168	5	-2.5486502647399902
168	6	3.277989149093628
168	7	2.0512754917144775
169	0	-0.20184917747974396
169	1	-2.5074005126953125
169	2	-2.455472707748413
169	3	-1.9526311159133911
169	4	-2.3436825275421143
169	5	-2.5301778316497803
169	6	3.277989149093628
169	7	2.0512754917144775
170	0	3.277989149093628
170	1	-2.3436825275421143
170	2	-2.227804660797119
170	3	-1.8822309970855713
170	4	-2.3436825275421143
170	5	-2.5148229598999023
170	6	-2.3643860816955566
171	0	-2.5258729457855225
171	1	-1.8822309970855713
171	2	-2.3436825275421143
171	3	-2.3436825275421143
171	4	-2.3436825275421143
171	5	-2.5301778316497803
171	6	2.0512754917144775
171	7	3.277989149093628
172	0	-2.5301778316497803
172	1	-2.5148229598999023
172	2	-0.20184917747974396
172	3	-1.8822309970855713
172	4	-2.3436825275421143
172	5	-2.5301778316497803
172	6	2.0512754917144775
172	7	3.277989149093628
173	0	-0.20184917747974396
173	1	-2.5258729457855225
173	2	-1.8822309970855713
173	3	-2.5486502647399902
173	4	-2.5486502647399902
173	5	3.277989149093628
173	6	2.0512754917144775
173	7	-2.3436825275421143
174	0	-1.8822309970855713
174	1	-2.5258729457855225
174	2	-2.3868050575256348
174	3	-2.5486502647399902
174	4	-2.3436825275421143
174	5	-2.5486502647399902
174	6	2.0512754917144775
174	7	3.277989149093628
175	0	-1.9854375123977661
175	1	-2.3436825275421143
175	2	-2.141594886779785
175	3	-1.8822309970855713
175	4	-2.5258729457855225
175	5	-2.0819594860076904
175	6	3.277989149093628
175	7	2.0512754917144775
175	8	-2.53760027885437
175	9	-2.231750965118408
175	10	-2.5074005126953125
175	11	-2.037144899368286
175	12	-2.455472707748413
175	13	-2.3436825275421143
176	0	-2.3436825275421143
176	1	-0.20184917747974396
176	2	-2.5301778316497803
176	3	-1.8822309970855713
176	4	-2.3436825275421143
176	5	-2.5486502647399902
176	6	3.277989149093628
176	7	-1.9878551959991455
177	0	2.0512754917144775
177	1	-1.9526311159133911
177	2	3.277989149093628
177	3	-2.5301778316497803
177	4	2.27490496635437
177	5	2.0580244064331055
177	6	-2.168307304382324
177	7	-2.037144899368286
177	8	-0.7339829802513123
177	9	2.9202420711517334
177	10	2.9202420711517334
177	11	2.9202420711517334
177	12	2.9202420711517334
177	13	-2.3436825275421143
177	14	2.9202420711517334
177	15	-1.9268114566802979
177	16	-0.6845846772193909
177	17	-1.7061314582824707
177	18	3.1835899353027344
177	19	-0.7692027688026428
178	0	-1.8822309970855713
178	1	3.277989149093628
178	2	-2.5486502647399902
178	3	-1.35372793674469
178	4	2.166815757751465
178	5	-0.5844180583953857
178	6	1.3692333698272705
178	7	-2.743203639984131
178	8	-0.8942228555679321
178	9	2.9134931564331055
178	10	-0.09686791151762009
178	11	2.9134931564331055
178	12	2.9134931564331055
178	13	2.9134931564331055
178	14	-2.078110456466675
178	15	2.9134931564331055
178	16	0.13038592040538788
178	17	-2.6625406742095947
178	18	-2.392025947570801
178	19	2.0512754917144775
179	0	3.277989149093628
179	1	-2.076672077178955
179	2	-2.3868050575256348
179	3	-1.9526311159133911
179	4	-2.5074005126953125
179	5	-2.3436825275421143
179	6	1.2150191068649292
179	7	-2.231750965118408
179	8	-2.5301778316497803
179	9	2.0512754917144775
179	10	0.9634919762611389
179	11	-2.5301778316497803
179	12	-2.5074005126953125
179	13	-2.455472707748413
179	14	1.1014419794082642
179	15	-2.3436825275421143
180	0	-0.06389904767274857
180	1	-1.9854375123977661
180	2	3.277989149093628
180	3	-2.3436825275421143
180	4	-1.8822309970855713
180	5	-2.3436825275421143
180	6	-0.1025313213467598
180	7	-2.5486502647399902
180	8	2.0512754917144775
180	9	-2.1692283153533936
180	10	-2.5486502647399902
180	11	-2.3436825275421143
180	12	-2.455472707748413
180	13	-2.3436825275421143
180	14	-0.06389904767274857
180	15	-2.5258729457855225
181	0	-1.8822309970855713
181	1	-2.3436825275421143
181	2	-2.3436825275421143
181	3	-2.5486502647399902
181	4	-2.3436825275421143
181	5	2.0512754917144775
181	6	-2.5486502647399902
181	7	3.277989149093628
182	0	-2.5486502647399902
182	1	-2.5258729457855225
182	2	-1.8822309970855713
182	3	-0.20184917747974396
182	4	-2.5486502647399902
182	5	3.277989149093628
182	6	2.0512754917144775
182	7	-2.3436825275421143
183	0	-0.20184917747974396
183	1	-2.5258729457855225
183	2	-1.8822309970855713
183	3	-2.5486502647399902
183	4	-2.3436825275421143
183	5	-2.5486502647399902
183	6	2.0512754917144775
183	7	3.277989149093628
184	0	-1.9854375123977661
184	1	-2.078110456466675
184	2	3.277989149093628
184	3	-2.3436825275421143
184	4	-1.8822309970855713
184	5	-2.5258729457855225
184	6	-0.1025313213467598
184	7	-2.1507558822631836
184	8	-2.455472707748413
184	9	-0.06389904767274857
184	10	-2.3436825275421143
184	11	-2.5074005126953125
184	12	2.0512754917144775
184	13	-2.5486502647399902
185	0	-2.3436825275421143
185	1	-0.1025313213467598
185	2	-2.227804660797119
185	3	-1.9854375123977661
185	4	3.277989149093628
185	5	-1.8822309970855713
185	6	-2.3436825275421143
185	7	-2.5486502647399902
185	8	2.0512754917144775
185	9	-2.1692283153533936
185	10	-2.455472707748413
185	11	-0.06389904767274857
185	12	-2.3436825275421143
185	13	-2.5258729457855225
186	0	-2.53760027885437
186	1	-1.9526311159133911
186	2	3.277989149093628
186	3	2.0512754917144775
186	4	3.1768410205841064
186	5	-0.9970825910568237
186	6	-1.7061314582824707
186	7	2.0512754917144775
186	8	2.6430888175964355
186	9	-0.6035894155502319
186	10	-0.9773832559585571
186	11	-1.813563346862793
186	12	2.9134931564331055
186	13	-0.09686791151762009
186	14	2.9134931564331055
186	15	2.9134931564331055
186	16	2.9134931564331055
186	17	2.9134931564331055
186	18	-0.7658641934394836
186	19	-2.168307304382324
187	0	-2.7145979404449463
187	1	1.3692333698272705
187	2	-2.502685785293579
187	3	2.7992069721221924
187	4	3.0696113109588623
187	5	-1.7815731763839722
187	6	2.3539395332336426
187	7	2.0512754917144775
187	8	2.0512754917144775
187	9	1.9964274168014526
187	10	-2.566321849822998
187	11	3.1768410205841064
187	12	-0.34191522002220154
187	13	-0.5844180583953857
187	14	2.9134931564331055
187	15	-2.078110456466675
187	16	2.9134931564331055
187	17	2.9134931564331055
187	18	3.0696113109588623
187	19	2.9134931564331055
187	20	-0.6746297478675842
187	21	-0.04326887056231499
187	22	-0.09686791151762009
187	23	2.9134931564331055
187	24	-1.8822309970855713
187	25	-2.5301778316497803
187	26	-1.9854375123977661
187	27	-2.3868050575256348
187	28	3.277989149093628
187	29	-2.3436825275421143
187	30	-2.3436825275421143
187	31	-0.1025313213467598
187	32	-2.2160606384277344
187	33	-2.5301778316497803
187	34	-2.1507558822631836
188	0	-2.5258729457855225
188	1	-0.06389904767274857
188	2	3.277989149093628
188	3	-1.8822309970855713
188	4	-2.3436825275421143
188	5	-2.3436825275421143
188	6	-0.06389904767274857
189	0	3.009427785873413
189	1	1.3692333698272705
189	2	2.6430888175964355
189	3	2.6430888175964355
189	4	2.9134931564331055
189	5	-0.06389904767274857
189	6	2.9134931564331055
189	7	2.9134931564331055
189	8	-0.5649294257164001
189	9	2.6430888175964355
189	10	2.9134931564331055
189	11	-1.6811659336090088
189	12	0.049678049981594086
189	13	2.6430888175964355
189	14	2.1978213787078857
189	15	2.676057815551758
189	16	-1.7061314582824707
189	17	-2.502685785293579
189	18	2.0512754917144775
189	19	-2.227804660797119
189	20	-0.7387951016426086
189	21	-2.168307304382324
189	22	-0.3136875033378601
189	23	2.9134931564331055
189	24	-1.8822309970855713
189	25	2.9134931564331055
189	26	-2.5301778316497803
189	27	-2.0819594860076904
189	28	-2.227804660797119
189	29	3.277989149093628
189	30	-2.3436825275421143
189	31	-2.5074005126953125
189	32	-1.9854375123977661
190	0	1.3692333698272705
190	1	2.0512754917144775
190	2	2.166815757751465
190	3	-2.1852188110351562
190	4	2.9134931564331055
190	5	2.9134931564331055
190	6	-1.8822309970855713
190	7	-2.5486502647399902
190	8	-0.7157783508300781
190	9	2.9134931564331055
190	10	-0.06389904767274857
190	11	-2.3436825275421143
190	12	2.9134931564331055
190	13	2.9134931564331055
190	14	2.045612096786499
190	15	-2.743203639984131
190	16	1.9964274168014526
190	17	2.9134931564331055
190	18	2.0293962955474854
191	0	2.045612096786499
191	1	1.3692333698272705
191	2	-2.3868050575256348
191	3	-1.2535021305084229
191	4	2.9134931564331055
191	5	-0.06389904767274857
191	6	2.9134931564331055
191	7	2.9134931564331055
191	8	-1.9526311159133911
191	9	-2.8116910457611084
191	10	2.9134931564331055
191	11	2.9134931564331055
191	12	-2.5486502647399902
192	0	3.009427785873413
192	1	0.5265223979949951
192	2	2.6430888175964355
192	3	1.3692333698272705
192	4	-1.321940541267395
192	5	-2.502685785293579
192	6	2.6430888175964355
192	7	-0.09686791151762009
192	8	2.6430888175964355
192	9	-1.6968860626220703
192	10	-2.1621620655059814
192	11	-2.168307304382324
192	12	2.676057815551758
192	13	2.9134931564331055
192	14	0.049678049981594086
192	15	2.9134931564331055
192	16	2.9134931564331055
192	17	2.9134931564331055
192	18	2.9134931564331055
192	19	2.6430888175964355
192	20	-0.06389904767274857
192	21	2.9134931564331055
192	22	-2.0671277046203613
192	23	-1.5829071998596191
192	24	2.9134931564331055
192	25	-1.8822309970855713
192	26	-2.5301778316497803
193	0	1.3692333698272705
193	1	2.045612096786499
193	2	-2.754547357559204
193	3	2.9134931564331055
193	4	2.9134931564331055
193	5	-0.8316563367843628
193	6	2.9134931564331055
193	7	2.9134931564331055
193	8	-2.5486502647399902
193	9	2.9134931564331055
193	10	-1.5087177753448486
193	11	-1.9526311159133911
193	12	-2.3436825275421143
193	13	1.9964274168014526
194	0	-2.3436825275421143
194	1	-2.5301778316497803
194	2	-2.5258729457855225
194	3	-1.9341586828231812
194	4	-2.3436825275421143
194	5	-2.5301778316497803
194	6	-3.009408712387085
194	7	3.284738302230835
194	8	-2.170128345489502
195	0	-2.5301778316497803
195	1	-1.8822309970855713
195	2	-2.123387575149536
195	3	-2.5074005126953125
195	4	-3.009408712387085
195	5	-2.5301778316497803
195	6	3.277989149093628
195	7	-2.7976696491241455
195	8	-2.3436825275421143
196	0	-3.001986265182495
196	1	3.277989149093628
196	2	-0.1025313213467598
196	3	-1.8822309970855713
196	4	-2.5301778316497803
196	5	2.1978213787078857
196	6	-1.3736284971237183
196	7	-1.946978211402893
196	8	-1.348979115486145
196	9	-1.4747556447982788
196	10	-2.168307304382324
196	11	-1.7061314582824707
196	12	2.676057815551758
196	13	2.9134931564331055
196	14	2.9134931564331055
196	15	-0.68080735206604
196	16	-1.4121959209442139
196	17	-1.5755772590637207
196	18	-0.09686791151762009
196	19	0.42000511288642883
196	20	2.9134931564331055
197	0	-1.8822309970855713
197	1	-2.5074005126953125
197	2	-2.5301778316497803
197	3	-2.3868050575256348
197	4	3.277989149093628
197	5	-2.53760027885437
197	6	-0.1025313213467598
197	7	-3.009408712387085
197	8	-2.3436825275421143
197	9	1.3692333698272705
197	10	2.0512754917144775
197	11	-1.3173218965530396
197	12	-2.076672077178955
197	13	-2.3868050575256348
197	14	-2.3190391063690186
197	15	-2.23171329498291
198	0	2.0293962955474854
198	1	0.35809701681137085
198	2	1.3692333698272705
198	3	2.9134931564331055
198	4	2.9134931564331055
198	5	-2.078110456466675
198	6	2.9134931564331055
198	7	-2.5486502647399902
198	8	-2.3868050575256348
198	9	-1.8822309970855713
198	10	-2.754547357559204
198	11	-0.5649294257164001
198	12	2.9134931564331055
198	13	2.9134931564331055
199	0	2.928558111190796
199	1	-2.231750965118408
199	2	-2.1797854900360107
199	3	-2.5301778316497803
199	4	-3.001986265182495
199	5	0.049678049981594086
199	6	-1.9341586828231812
199	7	3.277989149093628
199	8	1.3692333698272705
199	9	-0.6894740462303162
199	10	-2.168307304382324
199	11	2.0512754917144775
199	12	-1.6000373363494873
199	13	-0.06389904767274857
199	14	2.9134931564331055
199	15	2.9134931564331055
199	16	-0.09686791151762009
199	17	2.9134931564331055
199	18	2.9134931564331055
199	19	2.9134931564331055
199	20	2.9134931564331055
199	21	-1.9329566955566406
199	22	-2.070202350616455
199	23	-1.4740952253341675
199	24	-2.502685785293579
199	25	-1.9329566955566406
199	26	-1.2918351888656616
199	27	-2.5659749507904053
199	28	-2.502685785293579
199	29	1.7237650156021118
199	30	-2.067995548248291
199	31	-2.5074005126953125
199	32	-1.8658612966537476
199	33	-1.4214215278625488
199	34	-2.539804697036743
200	0	3.277989149093628
200	1	-1.8822309970855713
200	2	-2.5301778316497803
200	3	-3.001986265182495
200	4	-2.754547357559204
200	5	-2.6313230991363525
200	6	1.3692333698272705
200	7	-1.4747556447982788
200	8	-2.3572962284088135
200	9	-3.100274085998535
200	10	-2.6625406742095947
200	11	-3.114295482635498
200	12	-2.743203639984131
200	13	2.9134931564331055
200	14	-0.09609401971101761
200	15	-2.3436825275421143
200	16	-0.2633088231086731
200	17	-0.68080735206604
200	18	-1.5087177753448486
200	19	2.9134931564331055
200	20	2.9134931564331055
200	21	-2.3436825275421143
200	22	-2.3436825275421143
200	23	-2.5301778316497803
200	24	-2.3436825275421143
201	0	-2.53760027885437
201	1	-0.20184917747974396
201	2	-1.8822309970855713
201	3	-2.5148229598999023
201	4	-2.53760027885437
201	5	-2.2663471698760986
201	6	3.277989149093628
201	7	-3.009408712387085
201	8	-2.3436825275421143
202	0	-2.53760027885437
202	1	-2.5148229598999023
202	2	-2.3436825275421143
202	3	-1.8822309970855713
202	4	3.277989149093628
202	5	-2.53760027885437
202	6	-0.1025313213467598
202	7	-3.009408712387085
202	8	-2.3436825275421143
203	0	-2.3436825275421143
203	1	-1.9341586828231812
203	2	-2.1111178398132324
203	3	-2.067995548248291
203	4	-2.455472707748413
203	5	-2.067995548248291
203	6	-2.23171329498291
203	7	-2.067995548248291
203	8	-2.5074005126953125
203	9	-2.3436825275421143
203	10	-2.5148229598999023
203	11	-1.8822309970855713
203	12	-2.53760027885437
203	13	-2.3868050575256348
203	14	-2.53760027885437
203	15	-3.009408712387085
203	16	3.277989149093628
203	17	-2.6526906490325928
203	18	-2.1111178398132324
204	0	-2.3436825275421143
204	1	-2.53760027885437
204	2	-1.8822309970855713
204	3	-2.3436825275421143
204	4	-2.1852188110351562
204	5	-3.009408712387085
204	6	-2.53760027885437
204	7	3.277989149093628
204	8	-2.3436825275421143
205	0	-2.53760027885437
205	1	-1.8822309970855713
205	2	-2.5148229598999023
205	3	-0.20184917747974396
205	4	-2.8116910457611084
205	5	-3.009408712387085
205	6	-2.53760027885437
205	7	3.277989149093628
205	8	-2.3436825275421143
206	0	-2.5148229598999023
206	1	-2.53760027885437
206	2	-1.8822309970855713
206	3	-0.20184917747974396
206	4	-3.009408712387085
206	5	-2.3436825275421143
206	6	-2.53760027885437
206	7	3.277989149093628
206	8	-0.1025313213467598
207	0	2.9202420711517334
207	1	2.9202420711517334
207	2	2.7992069721221924
207	3	-0.7239297032356262
207	4	2.9202420711517334
207	5	1.1014419794082642
207	6	2.9202420711517334
207	7	-1.4331295490264893
207	8	2.27490496635437
207	9	-2.5301778316497803
207	10	2.9202420711517334
207	11	-2.170128345489502
207	12	-1.9526311159133911
207	13	-2.3436825275421143
208	0	-1.5609838962554932
208	1	-2.3436825275421143
208	2	-2.455472707748413
208	3	-2.3436825275421143
208	4	-2.5074005126953125
208	5	-2.3436825275421143
208	6	1.1014419794082642
208	7	1.7237650156021118
208	8	-2.5074005126953125
208	9	-3.001986265182495
208	10	3.277989149093628
208	11	0.049678049981594086
208	12	-2.5301778316497803
208	13	-1.9341586828231812
208	14	-0.7239297032356262
208	15	-0.09686791151762009
208	16	2.9134931564331055
208	17	2.9134931564331055
208	18	-0.06389904767274857
208	19	-1.5717628002166748
208	20	2.9134931564331055
208	21	-1.5755772590637207
208	22	2.9134931564331055
208	23	-1.676181435585022
208	24	-1.9468895196914673
208	25	2.6828067302703857
208	26	-1.7061314582824707
208	27	-2.168307304382324
208	28	-0.8300295472145081
208	29	-1.6968860626220703
208	30	-2.3436825275421143
208	31	-2.5074005126953125
208	32	-2.5301778316497803
208	33	-2.3436825275421143
208	34	-2.5074005126953125
208	35	-1.7978817224502563
208	36	-1.7978817224502563
208	37	1.7237650156021118
208	38	-0.4761221408843994
209	0	1.3692333698272705
209	1	2.7992069721221924
209	2	2.9134931564331055
209	3	-0.8747786283493042
209	4	2.9134931564331055
209	5	2.9134931564331055
209	6	-2.53760027885437
209	7	2.9134931564331055
209	8	-2.018406391143799
209	9	2.9134931564331055
209	10	-0.1025313213467598
209	11	-0.06389904767274857
209	12	-1.8822309970855713
209	13	-2.5148229598999023
210	0	-2.3436825275421143
210	1	-2.3436825275421143
210	2	2.2073936462402344
210	3	-0.36111655831336975
210	4	-2.5649759769439697
210	5	2.7992069721221924
210	6	-1.9332860708236694
210	7	-1.6472166776657104
210	8	-2.5074005126953125
211	0	-2.5258729457855225
211	1	2.85078501701355
211	2	-1.9526311159133911
211	3	2.928558111190796
211	4	2.5116078853607178
211	5	2.652661085128784
211	6	3.16554594039917
211	7	2.991838216781616
211	8	2.972700595855713
211	9	3.16554594039917
211	10	2.856727123260498
212	0	-2.5258729457855225
212	1	2.8357200622558594
212	2	2.067497968673706
212	3	2.035059690475464
212	4	2.730738878250122
212	5	-0.7066096663475037
212	6	1.9462944269180298
212	7	2.808511972427368
212	8	2.700608968734741
212	9	-0.833075225353241
212	10	-2.067995548248291
212	11	3.009427785873413
212	12	-1.069188117980957
213	0	-1.147067904472351
213	1	-2.3436825275421143
213	2	-2.3436825275421143
213	3	-2.5301778316497803
213	4	-2.3436825275421143
213	5	-1.8658612966537476
214	0	-2.4928200244903564
214	1	-2.5258729457855225
214	2	-2.3436825275421143
214	3	-2.3436825275421143
214	4	-2.3436825275421143
214	5	-2.5148229598999023
214	6	-2.3436825275421143
214	7	-1.9341586828231812
214	8	-2.53760027885437
214	9	-1.5483113527297974
215	0	-2.078110456466675
215	1	-2.5148229598999023
215	2	-2.455472707748413
215	3	-2.3436825275421143
215	4	-2.3436825275421143
215	5	-3.001986265182495
215	6	-2.2282426357269287
215	7	-1.8822309970855713
215	8	-2.5301778316497803
215	9	3.277989149093628
215	10	-2.455249786376953
215	11	1.3692333698272705
215	12	-1.189978837966919
215	13	-1.4740952253341675
215	14	1.0047587156295776
215	15	2.676057815551758
215	16	-2.1481406688690186
215	17	-2.3436825275421143
215	18	2.9134931564331055
215	19	-0.68080735206604
215	20	2.9134931564331055
215	21	2.9134931564331055
215	22	2.9134931564331055
215	23	-1.813563346862793
215	24	2.9134931564331055
215	25	2.0512754917144775
216	0	-2.3436825275421143
216	1	-2.5258729457855225
216	2	-2.5148229598999023
216	3	-2.3436825275421143
216	4	-2.5074005126953125
216	5	-2.3436825275421143
216	6	-2.5301778316497803
216	7	-1.8822309970855713
216	8	-0.20184917747974396
217	0	-2.3436825275421143
217	1	-2.4928200244903564
217	2	-2.5148229598999023
217	3	-2.3436825275421143
217	4	-2.5301778316497803
217	5	-1.8822309970855713
217	6	-2.3436825275421143
217	7	-2.3436825275421143
217	8	-3.001986265182495
217	9	-2.3436825275421143
217	10	-0.1025313213467598
217	11	3.277989149093628
217	12	-2.5301778316497803
218	0	-2.3572962284088135
218	1	1.3692333698272705
218	2	-2.018406391143799
218	3	2.9134931564331055
218	4	2.9134931564331055
218	5	-1.8822309970855713
218	6	2.9134931564331055
218	7	-1.4121959209442139
218	8	-0.5649294257164001
218	9	2.9134931564331055
218	10	-2.5486502647399902
218	11	2.9134931564331055
218	12	-2.2663471698760986
219	0	-2.3436825275421143
219	1	-2.3436825275421143
219	2	-2.455472707748413
219	3	-2.5074005126953125
219	4	-2.3436825275421143
219	5	-1.9341586828231812
219	6	-2.3436825275421143
219	7	-2.5301778316497803
219	8	-2.3436825275421143
219	9	-3.001986265182495
219	10	-2.5301778316497803
219	11	-0.1025313213467598
219	12	3.277989149093628
219	13	-2.3436825275421143
219	14	1.3692333698272705
219	15	-2.502685785293579
219	16	-0.5649294257164001
219	17	2.9134931564331055
219	18	-0.06389904767274857
219	19	2.9134931564331055
219	20	-0.09686791151762009
219	21	2.9134931564331055
219	22	2.9134931564331055
219	23	2.9134931564331055
219	24	-1.855970859527588
219	25	-2.037144899368286
219	26	1.1014419794082642
219	27	-0.5353955626487732
219	28	-0.672915518283844
219	29	-1.113951563835144
219	30	-1.512628436088562
220	0	-2.3436825275421143
220	1	-2.53760027885437
220	2	-1.8822309970855713
220	3	-0.20184917747974396
220	4	-2.3436825275421143
220	5	-3.009408712387085
220	6	-2.53760027885437
220	7	3.277989149093628
220	8	-0.1025313213467598
221	0	-2.231750965118408
221	1	-2.5074005126953125
221	2	-2.3436825275421143
221	3	-2.455472707748413
221	4	-2.3436825275421143
221	5	-2.5074005126953125
221	6	-0.20184917747974396
221	7	-2.5301778316497803
221	8	-1.8822309970855713
221	9	-3.001986265182495
221	10	-2.754547357559204
221	11	3.277989149093628
221	12	-2.5301778316497803
221	13	-2.3436825275421143
221	14	-0.06389904767274857
221	15	-1.6472166776657104
221	16	-2.5074005126953125
222	0	-2.3436825275421143
222	1	-2.1507558822631836
222	2	1.5309196710586548
222	3	-2.067995548248291
222	4	-2.5074005126953125
222	5	-2.3436825275421143
222	6	-2.067995548248291
222	7	-1.7641140222549438
222	8	-1.4331295490264893
222	9	-2.455249786376953
222	10	-2.168307304382324
222	11	-1.980568289756775
222	12	-1.021973729133606
222	13	-2.5659749507904053
222	14	-1.980568289756775
222	15	3.243319034576416
222	16	1.7237650156021118
222	17	-3.1576974391937256
222	18	2.3539395332336426
222	19	-1.9172791242599487
222	20	2.1978213787078857
222	21	2.230790376663208
223	0	-1.941581130027771
223	1	-2.5148229598999023
223	2	-2.3436825275421143
223	3	-2.3436825275421143
223	4	-2.3436825275421143
223	5	2.9202420711517334
223	6	-1.9854375123977661
224	0	-2.3436825275421143
224	1	-2.5258729457855225
224	2	-2.455472707748413
224	3	-2.3436825275421143
224	4	-2.3436825275421143
224	5	-2.3436825275421143
224	6	-2.5301778316497803
224	7	-2.3436825275421143
224	8	-1.8822309970855713
