84	0	0.12118567689545912
84	1	0.5371732927878458
84	2	0.11377916553104013
84	3	0.688967846307447
84	4	0.04777877328918324
84	5	0.5371732927878458
84	6	0.6031736850297028
84	7	0.0
84	8	0.6031736850297028
84	9	0.11377916553104013
84	10	0.6887287976956459
85	0	0.11377916553104013
85	1	0.688967846307447
85	2	0.04777877328918324
85	3	0.5371732927878458
85	4	0.5371732927878458
85	5	0.12118567689545912
85	6	0.6031736850297028
85	7	0.0
85	8	0.6031736850297028
85	9	0.11377916553104013
85	10	0.6887287976956459
86	0	0.11377916553104013
86	1	0.688967846307447
86	2	0.04777877328918324
86	3	0.12118567689545912
86	4	0.5371732927878458
86	5	0.5371732927878458
87	0	0.688967846307447
87	1	0.11377916553104013
87	2	0.5371732927878458
87	3	0.5371732927878458
87	4	0.12118567689545912
87	5	0.04777877328918324
87	6	0.6031736850297028
87	7	0.0
87	8	0.6031736850297028
87	9	0.11377916553104013
87	10	0.6887287976956459
88	0	0.6887287976956459
88	1	0.11377916553104013
88	2	0.5371732927878458
88	3	0.04777877328918324
88	4	0.688967846307447
88	5	0.6031736850297028
88	6	0.0
88	7	0.12118567689545912
89	0	0.5371732927878458
89	1	0.11377916553104013
89	2	0.6887287976956459
89	3	0.04777877328918324
89	4	0.0
89	5	0.6031736850297028
89	6	0.688967846307447
89	7	0.12118567689545912
90	0	0.11377916553104013
90	1	0.688967846307447
90	2	0.12118567689545912
90	3	0.5371732927878458
90	4	0.04777877328918324
90	5	0.5371732927878458
90	6	0.6031736850297028
90	7	0.11377916553104013
90	8	0.6887287976956459
90	9	0.0
90	10	0.6031736850297028
91	0	0.688967846307447
91	1	0.11377916553104013
91	2	0.04777877328918324
91	3	0.12118567689545912
91	4	0.5371732927878458
91	5	0.5371732927878458
92	0	0.11377916553104013
92	1	0.11377916553104013
92	2	0.688967846307447
92	3	0.12118567689545912
92	4	0.04777877328918324
92	5	0.5371732927878458
92	6	0.5371732927878458
92	7	0.0
92	8	0.6031736850297028
92	9	0.6887287976956459
92	10	0.11377916553104013
92	11	0.6031736850297028
93	0	0.11377916553104013
93	1	0.04777877328918324
93	2	0.11377916553104013
93	3	0.5371732927878458
93	4	0.12118567689545912
93	5	0.688967846307447
93	6	0.6031736850297028
93	7	0.0
93	8	0.6887287976956459
93	9	0.11377916553104013
93	10	0.6031736850297028
93	11	0.5371732927878458
94	0	0.7547291899375028
94	1	0.04777877328918324
94	2	0.5371732927878458
94	3	0.12118567689545912
94	4	0.7547291899375028
94	5	0.688967846307447
94	6	0.5371732927878458
94	7	0.6887287976956459
94	8	0.11377916553104013
94	9	0.6031736850297028
94	10	0.0
94	11	0.6031736850297028
95	0	0.04777877328918324
95	1	0.11377916553104013
95	2	0.6887287976956459
95	3	0.5371732927878458
95	4	0.12118567689545912
95	5	0.688967846307447
95	6	0.6031736850297028
95	7	0.0
96	0	0.5371732927878458
96	1	0.11377916553104013
96	2	0.04777877328918324
96	3	0.12118567689545912
96	4	0.11377916553104013
96	5	0.5371732927878458
96	6	0.04777877328918324
96	7	0.6887287976956459
96	8	0.12118567689545912
96	9	0.688967846307447
96	10	0.0
96	11	0.6031736850297028
96	12	0.06600039224185693
96	13	1.2259020904834919
96	14	0.0
96	15	0.5371732927878458
96	16	0.11377916553104013
96	17	0.04777877328918324
96	18	0.6233398532367435
96	19	0.5371732927878458
96	20	0.5371732927878458
96	21	0.0
96	22	0.5371732927878458
96	23	0.5371732927878458
96	24	0.5371732927878458
96	25	0.688967846307447
96	26	0.0
96	27	0.688967846307447
96	28	0.7752677120899785
96	29	0.5371732927878458
96	30	0.688967846307447
96	31	0.688967846307447
96	32	0.5371732927878458
96	33	1.2259020904834919
96	34	0.688967846307447
96	35	0.688967846307447
96	36	0.7752677120899785
97	0	0.7547291899375028
97	1	0.688967846307447
97	2	0.7547291899375028
97	3	0.04777877328918324
97	4	0.5371732927878458
97	5	0.12118567689545912
97	6	0.5371732927878458
98	0	0.688967846307447
98	1	0.7547291899375028
98	2	0.7547291899375028
98	3	0.04777877328918324
98	4	0.12118567689545912
98	5	0.5371732927878458
98	6	0.5371732927878458
99	0	0.7752677120899785
99	1	0.06600039224185693
99	2	0.0
99	3	1.2259020904834919
99	4	0.6031736850297028
99	5	0.5371732927878458
99	6	0.5849520660770289
100	0	0.7752677120899785
100	1	0.5849520660770289
100	2	0.7752677120899785
100	3	0.6031736850297028
100	4	0.688967846307447
100	5	1.3146639908665532
100	6	1.3146639908665532
100	7	0.8412681043318355
100	8	0.5371732927878458
100	9	0.06600039224185693
100	10	1.3146639908665532
100	11	0.7752677120899785
100	12	1.3146639908665532
100	13	1.3146639908665532
100	14	1.3146639908665532
100	15	0.7752677120899785
100	16	0.7752677120899785
100	17	0.688967846307447
100	18	0.5371732927878458
100	19	0.5371732927878458
100	20	1.3146639908665532
101	0	0.5371732927878458
101	1	0.0
101	2	0.6031736850297028
101	3	0.5849520660770289
101	4	1.2259020904834919
101	5	0.06600039224185693
101	6	0.5371732927878458
101	7	0.5371732927878458
101	8	0.688967846307447
102	0	1.2259020904834919
102	1	0.5849520660770289
102	2	0.6031736850297028
102	3	0.0
102	4	0.5371732927878458
102	5	0.5371732927878458
102	6	0.5371732927878458
102	7	0.688967846307447
102	8	0.06600039224185693
103	0	0.06600039224185693
103	1	0.5371732927878458
103	2	0.5849520660770289
103	3	0.0
103	4	1.2259020904834919
103	5	0.5371732927878458
103	6	0.688967846307447
103	7	0.7752677120899785
103	8	0.5371732927878458
103	9	0.7752677120899785
103	10	0.6031736850297028
103	11	0.688967846307447
104	0	0.7752677120899785
104	1	0.06600039224185693
104	2	1.2259020904834919
104	3	0.5371732927878458
104	4	0.0
104	5	0.5849520660770289
104	6	0.6031736850297028
105	0	1.2259020904834919
105	1	0.6031736850297028
105	2	0.5371732927878458
105	3	0.0
105	4	0.06600039224185693
105	5	0.5849520660770289
105	6	0.5371732927878458
105	7	0.5371732927878458
105	8	0.688967846307447
106	0	0.7752677120899785
106	1	1.3146639908665532
106	2	0.7752677120899785
106	3	0.5849520660770289
106	4	0.5371732927878458
106	5	1.2259020904834919
106	6	0.0
106	7	0.06600039224185693
106	8	0.6031736850297028
106	9	0.688967846307447
106	10	0.5371732927878458
106	11	0.5371732927878458
107	0	1.3146639908665532
107	1	1.3146639908665532
107	2	0.0
107	3	0.06600039224185693
107	4	1.2259020904834919
107	5	0.5849520660770289
107	6	0.5371732927878458
107	7	0.6031736850297028
107	8	0.5371732927878458
107	9	0.5371732927878458
107	10	0.688967846307447
107	11	0.7752677120899785
108	0	0.7752677120899785
108	1	0.5849520660770289
108	2	1.2259020904834919
108	3	1.3146639908665532
108	4	0.7752677120899785
108	5	0.0
108	6	1.3146639908665532
108	7	0.6031736850297028
108	8	0.06600039224185693
108	9	0.5371732927878458
108	10	0.5371732927878458
108	11	0.5371732927878458
108	12	0.688967846307447
109	0	0.5849520660770289
109	1	1.2259020904834919
109	2	1.3146639908665532
109	3	0.6031736850297028
109	4	0.7752677120899785
109	5	1.3146639908665532
109	6	1.3146639908665532
109	7	0.0
109	8	0.06600039224185693
109	9	0.5371732927878458
109	10	1.3146639908665532
109	11	0.688967846307447
109	12	0.5371732927878458
109	13	0.5371732927878458
109	14	0.7752677120899785
110	0	0.06600039224185693
110	1	0.5849520660770289
110	2	1.3146639908665532
110	3	1.2259020904834919
110	4	1.3146639908665532
110	5	1.3146639908665532
110	6	1.3146639908665532
110	7	0.5371732927878458
110	8	0.6031736850297028
110	9	0.0
110	10	0.7752677120899785
110	11	0.7752677120899785
110	12	0.688967846307447
110	13	0.5371732927878458
110	14	0.5371732927878458
111	0	1.3146639908665532
111	1	0.5849520660770289
111	2	0.7752677120899785
111	3	1.3146639908665532
111	4	1.3146639908665532
111	5	1.2259020904834919
111	6	1.3146639908665532
111	7	0.0
111	8	0.5371732927878458
111	9	0.06600039224185693
111	10	0.6031736850297028
111	11	1.3146639908665532
112	0	0.5849520660770289
112	1	1.3146639908665532
112	2	0.06600039224185693
112	3	1.3146639908665532
112	4	0.5371732927878458
112	5	1.2259020904834919
112	6	0.0
112	7	0.6031736850297028
112	8	1.3146639908665532
112	9	0.7752677120899785
112	10	1.3146639908665532
112	11	1.3146639908665532
113	0	0.5849520660770289
113	1	0.7752677120899785
113	2	1.3146639908665532
113	3	0.8412681043318355
113	4	1.3146639908665532
113	5	0.7752677120899785
113	6	1.3146639908665532
113	7	1.3146639908665532
113	8	0.7752677120899785
113	9	1.3146639908665532
113	10	0.5371732927878458
113	11	0.5371732927878458
113	12	1.3146639908665532
113	13	0.7752677120899785
113	14	0.06600039224185693
113	15	1.3146639908665532
113	16	0.5371732927878458
113	17	0.6031736850297028
113	18	0.7752677120899785
113	19	0.688967846307447
113	20	0.688967846307447
113	21	0.7752677120899785
113	22	0.5371732927878458
113	23	0.0
113	24	0.5371732927878458
113	25	1.2259020904834919
113	26	0.5371732927878458
113	27	0.688967846307447
113	28	0.5371732927878458
114	0	0.5371732927878458
114	1	1.3146639908665532
114	2	0.06600039224185693
114	3	1.2259020904834919
114	4	0.6031736850297028
114	5	0.0
114	6	1.3146639908665532
114	7	1.3146639908665532
114	8	0.7752677120899785
114	9	0.5849520660770289
114	10	1.3146639908665532
114	11	0.5371732927878458
114	12	0.7752677120899785
115	0	0.5371732927878458
115	1	0.7752677120899785
115	2	0.0
115	3	0.5371732927878458
115	4	1.3146639908665532
115	5	1.3146639908665532
115	6	1.3146639908665532
115	7	0.06600039224185693
115	8	0.5849520660770289
115	9	1.2259020904834919
115	10	0.6031736850297028
115	11	1.3146639908665532
116	0	0.688967846307447
116	1	1.2259020904834919
116	2	0.06600039224185693
116	3	0.5371732927878458
116	4	0.5371732927878458
116	5	0.5849520660770289
116	6	0.0
116	7	0.6031736850297028
116	8	0.5371732927878458
116	9	0.7752677120899785
116	10	1.3146639908665532
116	11	1.3146639908665532
116	12	1.3146639908665532
116	13	1.3146639908665532
116	14	0.5371732927878458
116	15	0.688967846307447
117	0	0.5371732927878458
117	1	1.3146639908665532
117	2	0.0
117	3	0.06600039224185693
117	4	0.5849520660770289
117	5	1.2259020904834919
117	6	0.6031736850297028
117	7	1.3146639908665532
117	8	1.3146639908665532
117	9	0.7752677120899785
117	10	1.3146639908665532
117	11	0.5371732927878458
118	0	0.0
118	1	0.7752677120899785
118	2	1.3146639908665532
118	3	1.3146639908665532
118	4	0.6031736850297028
118	5	1.3146639908665532
118	6	0.5849520660770289
118	7	1.3146639908665532
118	8	0.5371732927878458
118	9	1.2259020904834919
118	10	0.5371732927878458
118	11	0.06600039224185693
118	12	0.688967846307447
118	13	0.7752677120899785
118	14	0.5371732927878458
118	15	0.5371732927878458
118	16	0.5371732927878458
118	17	0.11377916553104013
119	0	0.5371732927878458
119	1	0.5371732927878458
119	2	0.7752677120899785
119	3	1.3146639908665532
119	4	0.5849520660770289
119	5	1.3146639908665532
119	6	0.0
119	7	1.3146639908665532
119	8	0.6031736850297028
119	9	1.3146639908665532
119	10	1.2259020904834919
119	11	0.06600039224185693
120	0	0.0
120	1	0.688967846307447
120	2	0.6031736850297028
120	3	0.5371732927878458
120	4	1.2259020904834919
120	5	1.3146639908665532
120	6	0.5849520660770289
120	7	1.3146639908665532
120	8	0.06600039224185693
120	9	0.7752677120899785
120	10	0.5371732927878458
120	11	1.3146639908665532
120	12	1.3146639908665532
120	13	0.5371732927878458
120	14	0.7752677120899785
120	15	0.7752677120899785
120	16	0.5371732927878458
120	17	1.3146639908665532
120	18	0.8412681043318355
120	19	0.688967846307447
121	0	0.6031736850297028
121	1	0.5371732927878458
121	2	0.688967846307447
121	3	0.0
121	4	0.8412681043318355
121	5	1.3146639908665532
121	6	0.5849520660770289
121	7	0.688967846307447
121	8	0.7752677120899785
121	9	0.7752677120899785
121	10	0.5371732927878458
121	11	1.3146639908665532
121	12	1.3146639908665532
121	13	1.3146639908665532
121	14	0.06600039224185693
121	15	1.2259020904834919
121	16	0.7752677120899785
121	17	1.3146639908665532
121	18	0.5371732927878458
121	19	0.5371732927878458
122	0	0.0
122	1	0.5371732927878458
122	2	0.688967846307447
122	3	0.6031736850297028
122	4	0.7752677120899785
122	5	0.5849520660770289
122	6	0.06600039224185693
122	7	1.3146639908665532
122	8	1.3146639908665532
122	9	1.2259020904834919
122	10	1.3146639908665532
122	11	1.3146639908665532
122	12	0.5371732927878458
122	13	0.7752677120899785
122	14	1.3146639908665532
122	15	0.8412681043318355
122	16	0.5371732927878458
122	17	0.7752677120899785
122	18	0.688967846307447
122	19	0.5371732927878458
123	0	0.5371732927878458
123	1	0.688967846307447
123	2	0.6031736850297028
123	3	0.0
123	4	0.5849520660770289
123	5	0.5371732927878458
123	6	1.3146639908665532
123	7	1.2259020904834919
123	8	1.3146639908665532
123	9	1.3146639908665532
123	10	1.3146639908665532
123	11	0.06600039224185693
123	12	0.7752677120899785
123	13	0.8412681043318355
123	14	1.3146639908665532
123	15	0.688967846307447
123	16	0.7752677120899785
123	17	0.5371732927878458
123	18	0.7752677120899785
123	19	0.5371732927878458
124	0	0.6031736850297028
124	1	0.688967846307447
124	2	0.5371732927878458
124	3	0.0
124	4	0.5849520660770289
124	5	0.5371732927878458
124	6	0.7752677120899785
124	7	0.5371732927878458
124	8	1.3146639908665532
124	9	1.3146639908665532
124	10	0.7752677120899785
124	11	1.2259020904834919
124	12	1.3146639908665532
124	13	1.3146639908665532
124	14	0.06600039224185693
124	15	1.3146639908665532
124	16	0.8412681043318355
124	17	0.7752677120899785
124	18	0.688967846307447
124	19	0.5371732927878458
125	0	0.688967846307447
125	1	0.6031736850297028
125	2	0.5371732927878458
125	3	0.0
125	4	0.5371732927878458
125	5	0.5849520660770289
125	6	0.8412681043318355
125	7	1.3146639908665532
125	8	0.5371732927878458
125	9	0.7752677120899785
125	10	1.3146639908665532
125	11	0.06600039224185693
125	12	1.3146639908665532
125	13	1.2259020904834919
125	14	1.3146639908665532
125	15	1.3146639908665532
125	16	0.7752677120899785
125	17	0.5371732927878458
125	18	0.688967846307447
125	19	0.7752677120899785
126	0	0.6031736850297028
126	1	0.688967846307447
126	2	0.5371732927878458
126	3	0.0
126	4	0.7752677120899785
126	5	0.5849520660770289
126	6	0.8412681043318355
126	7	1.3146639908665532
126	8	1.3146639908665532
126	9	0.06600039224185693
126	10	1.3146639908665532
126	11	0.7752677120899785
126	12	1.3146639908665532
126	13	0.5371732927878458
126	14	1.2259020904834919
126	15	1.3146639908665532
126	16	0.7752677120899785
126	17	0.688967846307447
126	18	0.5371732927878458
126	19	0.5371732927878458
126	20	0.04777877328918324
126	21	0.11377916553104013
126	22	0.6887287976956459
126	23	0.12118567689545912
127	0	0.5371732927878458
127	1	0.11377916553104013
127	2	0.04777877328918324
127	3	0.6887287976956459
127	4	0.12118567689545912
127	5	0.688967846307447
127	6	0.6031736850297028
127	7	0.0
128	0	0.5371732927878458
128	1	0.11377916553104013
128	2	0.04777877328918324
128	3	0.6887287976956459
128	4	0.6031736850297028
128	5	0.0
128	6	0.688967846307447
128	7	0.12118567689545912
129	0	0.04777877328918324
129	1	0.11377916553104013
129	2	0.6887287976956459
129	3	0.5371732927878458
129	4	0.12118567689545912
129	5	0.688967846307447
129	6	0.6031736850297028
129	7	0.0
130	0	0.04777877328918324
130	1	0.6887287976956459
130	2	0.11377916553104013
130	3	0.5371732927878458
130	4	0.6031736850297028
130	5	0.0
130	6	0.688967846307447
130	7	0.12118567689545912
131	0	0.04777877328918324
131	1	0.11377916553104013
131	2	0.5371732927878458
131	3	0.6887287976956459
131	4	0.12118567689545912
131	5	0.0
131	6	0.6031736850297028
131	7	0.688967846307447
132	0	0.04777877328918324
132	1	0.5371732927878458
132	2	0.6887287976956459
132	3	0.11377916553104013
132	4	0.0
132	5	0.6031736850297028
132	6	0.688967846307447
132	7	0.12118567689545912
133	0	0.06600039224185693
133	1	0.11377916553104013
133	2	0.6887287976956459
133	3	0.5371732927878458
133	4	0.04777877328918324
133	5	0.11377916553104013
133	6	0.5371732927878458
133	7	0.04777877328918324
134	0	0.5371732927878458
134	1	0.11377916553104013
134	2	0.6887287976956459
134	3	0.04777877328918324
134	4	0.0
134	5	0.688967846307447
134	6	0.6031736850297028
134	7	0.12118567689545912
135	0	0.11377916553104013
135	1	0.6887287976956459
135	2	0.04777877328918324
135	3	0.5371732927878458
135	4	0.12118567689545912
135	5	0.6031736850297028
135	6	0.688967846307447
135	7	0.0
136	0	0.5371732927878458
136	1	0.04777877328918324
136	2	0.6887287976956459
136	3	0.11377916553104013
136	4	0.0
136	5	0.688967846307447
136	6	0.6031736850297028
136	7	0.12118567689545912
137	0	0.5371732927878458
137	1	0.04777877328918324
137	2	0.6887287976956459
137	3	0.11377916553104013
137	4	0.0
137	5	0.688967846307447
137	6	0.6031736850297028
137	7	0.12118567689545912
138	0	0.688967846307447
138	1	0.7547291899375028
138	2	0.7547291899375028
138	3	0.5371732927878458
138	4	0.12118567689545912
138	5	0.04777877328918324
138	6	0.5371732927878458
139	0	0.6887287976956459
139	1	0.11377916553104013
139	2	0.04777877328918324
139	3	0.5371732927878458
139	4	0.12118567689545912
139	5	0.0
139	6	0.688967846307447
139	7	0.6031736850297028
140	0	0.11377916553104013
140	1	0.6887287976956459
140	2	0.5371732927878458
140	3	0.04777877328918324
140	4	0.0
140	5	0.6031736850297028
140	6	0.688967846307447
140	7	0.12118567689545912
141	0	0.11377916553104013
141	1	0.5371732927878458
141	2	0.6887287976956459
141	3	0.04777877328918324
141	4	0.12118567689545912
141	5	0.688967846307447
141	6	0.0
141	7	0.6031736850297028
142	0	0.5371732927878458
142	1	0.5371732927878458
142	2	0.7752677120899785
142	3	1.3146639908665532
142	4	1.2259020904834919
142	5	0.0
142	6	1.3146639908665532
142	7	1.3146639908665532
142	8	0.5849520660770289
142	9	1.3146639908665532
142	10	0.06600039224185693
142	11	0.6031736850297028
142	12	0.688967846307447
142	13	0.7752677120899785
142	14	0.5371732927878458
142	15	0.5371732927878458
143	0	0.5371732927878458
143	1	1.3146639908665532
143	2	1.3146639908665532
143	3	0.7752677120899785
143	4	0.7752677120899785
143	5	1.3146639908665532
143	6	1.3146639908665532
143	7	0.5371732927878458
143	8	0.5849520660770289
143	9	1.2259020904834919
143	10	0.0
143	11	0.06600039224185693
143	12	0.6031736850297028
143	13	0.7752677120899785
144	0	0.5371732927878458
144	1	0.6887287976956459
144	2	0.04777877328918324
144	3	0.11377916553104013
144	4	0.12118567689545912
144	5	0.6031736850297028
144	6	0.0
144	7	0.688967846307447
145	0	0.0
145	1	0.5371732927878458
145	2	0.6031736850297028
145	3	1.3146639908665532
145	4	0.06600039224185693
145	5	0.5849520660770289
145	6	0.5371732927878458
145	7	1.3146639908665532
145	8	1.2259020904834919
145	9	0.7752677120899785
145	10	1.3146639908665532
145	11	1.3146639908665532
145	12	0.688967846307447
145	13	0.7752677120899785
145	14	0.5371732927878458
145	15	0.5371732927878458
146	0	0.5371732927878458
146	1	0.04777877328918324
146	2	0.6887287976956459
146	3	0.11377916553104013
146	4	0.0
146	5	0.6031736850297028
146	6	0.688967846307447
146	7	0.12118567689545912
147	0	0.6887287976956459
147	1	0.5371732927878458
147	2	0.04777877328918324
147	3	0.11377916553104013
147	4	0.12118567689545912
147	5	0.688967846307447
147	6	0.6031736850297028
147	7	0.0
148	0	0.04777877328918324
148	1	0.5371732927878458
148	2	0.6887287976956459
148	3	0.11377916553104013
148	4	0.12118567689545912
148	5	0.0
148	6	0.6031736850297028
148	7	0.688967846307447
149	0	0.04777877328918324
149	1	0.5371732927878458
149	2	0.6887287976956459
149	3	0.11377916553104013
149	4	0.0
149	5	0.6031736850297028
149	6	0.688967846307447
149	7	0.12118567689545912
150	0	0.11377916553104013
150	1	0.04777877328918324
150	2	0.6887287976956459
150	3	0.5371732927878458
150	4	0.0
150	5	0.6031736850297028
150	6	0.688967846307447
150	7	0.12118567689545912
151	0	0.04777877328918324
151	1	0.11377916553104013
151	2	0.6031736850297028
151	3	0.6887287976956459
151	4	0.12118567689545912
151	5	0.0
151	6	0.6031736850297028
151	7	0.688967846307447
152	0	0.6031736850297028
152	1	0.11377916553104013
152	2	0.04777877328918324
152	3	0.6887287976956459
152	4	0.12118567689545912
152	5	0.688967846307447
152	6	0.6031736850297028
152	7	0.0
153	0	0.7547291899375028
153	1	0.7547291899375028
153	2	0.688967846307447
153	3	0.6031736850297028
153	4	0.04777877328918324
153	5	0.12118567689545912
153	6	0.5371732927878458
153	7	0.6031736850297028
153	8	0.0
153	9	0.6031736850297028
153	10	0.5371732927878458
153	11	0.06600039224185693
153	12	0.12118567689545912
153	13	0.04777877328918324
154	0	0.06600039224185693
154	1	1.2259020904834919
154	2	0.06600039224185693
154	3	0.12118567689545912
154	4	0.04777877328918324
154	5	0.06600039224185693
154	6	0.5371732927878458
154	7	0.11377916553104013
154	8	0.7547291899375028
154	9	0.6031736850297028
154	10	0.12118567689545912
154	11	0.04777877328918324
154	12	0.5371732927878458
154	13	0.688967846307447
154	14	0.7547291899375028
154	15	0.6031736850297028
154	16	0.0
154	17	0.6031736850297028
155	0	0.04777877328918324
155	1	0.6031736850297028
155	2	0.11377916553104013
155	3	0.6887287976956459
155	4	0.6031736850297028
155	5	0.688967846307447
155	6	0.0
155	7	0.12118567689545912
156	0	0.06600039224185693
156	1	1.2259020904834919
156	2	0.0
156	3	0.06600039224185693
156	4	0.11377916553104013
156	5	0.04777877328918324
157	0	0.688967846307447
157	1	0.7547291899375028
157	2	0.7547291899375028
157	3	0.04777877328918324
157	4	0.12118567689545912
157	5	0.6031736850297028
157	6	0.5371732927878458
157	7	0.6031736850297028
157	8	0.0
157	9	0.11377916553104013
157	10	0.6887287976956459
157	11	0.6031736850297028
157	12	0.5371732927878458
158	0	0.06600039224185693
158	1	0.0
158	2	0.6031736850297028
158	3	0.0
158	4	0.06600039224185693
158	5	0.11377916553104013
158	6	0.04777877328918324
158	7	0.5371732927878458
158	8	0.06600039224185693
158	9	0.5371732927878458
158	10	0.12118567689545912
158	11	0.11377916553104013
158	12	0.0
158	13	0.12118567689545912
158	14	0.11377916553104013
158	15	0.04777877328918324
159	0	0.688967846307447
159	1	0.7547291899375028
159	2	0.7547291899375028
159	3	0.5371732927878458
159	4	0.6031736850297028
159	5	0.12118567689545912
159	6	0.04777877328918324
160	0	0.5849520660770289
160	1	0.688967846307447
160	2	1.3146639908665532
160	3	1.3146639908665532
160	4	0.8412681043318355
160	5	1.3146639908665532
160	6	0.5371732927878458
160	7	0.7752677120899785
160	8	0.688967846307447
160	9	0.06600039224185693
160	10	0.7752677120899785
160	11	0.5371732927878458
160	12	1.3146639908665532
160	13	0.7752677120899785
160	14	1.3146639908665532
160	15	1.3146639908665532
160	16	1.3146639908665532
160	17	0.6031736850297028
160	18	0.7752677120899785
160	19	0.5371732927878458
160	20	0.7752677120899785
160	21	0.5371732927878458
160	22	0.7752677120899785
161	0	0.7752677120899785
161	1	1.3146639908665532
161	2	1.3146639908665532
161	3	0.5371732927878458
161	4	0.7752677120899785
161	5	1.3146639908665532
161	6	1.3146639908665532
161	7	0.5849520660770289
161	8	0.7752677120899785
161	9	0.5371732927878458
161	10	1.3146639908665532
161	11	0.688967846307447
161	12	0.7752677120899785
161	13	1.3146639908665532
161	14	0.5371732927878458
161	15	0.7752677120899785
161	16	0.5371732927878458
161	17	0.7752677120899785
161	18	0.06600039224185693
161	19	0.6031736850297028
161	20	0.688967846307447
161	21	1.3146639908665532
161	22	0.8412681043318355
162	0	0.11377916553104013
162	1	0.6887287976956459
162	2	0.04777877328918324
162	3	0.6031736850297028
162	4	0.12118567689545912
162	5	0.688967846307447
162	6	0.0
162	7	0.6031736850297028
163	0	0.6031736850297028
163	1	0.11377916553104013
163	2	0.04777877328918324
163	3	0.6887287976956459
163	4	0.688967846307447
163	5	0.0
163	6	0.6031736850297028
163	7	0.12118567689545912
164	0	0.6031736850297028
164	1	0.0
164	2	0.688967846307447
164	3	0.6031736850297028
164	4	0.5849520660770289
164	5	0.5371732927878458
164	6	0.7752677120899785
164	7	0.5371732927878458
164	8	0.688967846307447
164	9	0.7752677120899785
164	10	1.2259020904834919
164	11	1.3146639908665532
164	12	0.06600039224185693
164	13	0.5371732927878458
164	14	0.7752677120899785
164	15	1.3146639908665532
164	16	1.3146639908665532
164	17	1.3146639908665532
164	18	0.8412681043318355
164	19	1.3146639908665532
165	0	0.688967846307447
165	1	0.6031736850297028
165	2	0.6031736850297028
165	3	0.0
165	4	0.688967846307447
165	5	0.7752677120899785
165	6	0.5849520660770289
165	7	0.5371732927878458
165	8	1.3146639908665532
165	9	0.8412681043318355
165	10	0.5371732927878458
165	11	0.5371732927878458
165	12	0.7752677120899785
165	13	1.3146639908665532
165	14	1.3146639908665532
165	15	0.06600039224185693
165	16	1.3146639908665532
165	17	1.3146639908665532
165	18	1.2259020904834919
165	19	0.7752677120899785
166	0	0.0
166	1	0.6031736850297028
166	2	0.688967846307447
166	3	0.6031736850297028
166	4	0.5371732927878458
166	5	0.5849520660770289
166	6	1.3146639908665532
166	7	1.3146639908665532
166	8	0.7752677120899785
166	9	1.3146639908665532
166	10	1.3146639908665532
166	11	1.2259020904834919
166	12	0.06600039224185693
166	13	0.5371732927878458
166	14	0.7752677120899785
166	15	0.688967846307447
166	16	1.3146639908665532
166	17	0.8412681043318355
166	18	0.7752677120899785
166	19	0.5371732927878458
166	20	0.7547291899375028
166	21	0.7547291899375028
166	22	0.5371732927878458
166	23	0.12118567689545912
166	24	0.04777877328918324
167	0	0.11377916553104013
167	1	0.6031736850297028
167	2	0.04777877328918324
167	3	0.6887287976956459
167	4	0.12118567689545912
167	5	0.0
167	6	0.688967846307447
167	7	0.6031736850297028
168	0	0.6887287976956459
168	1	0.11377916553104013
168	2	0.6031736850297028
168	3	0.04777877328918324
168	4	0.12118567689545912
168	5	0.0
168	6	0.688967846307447
168	7	0.6031736850297028
169	0	0.6887287976956459
169	1	0.04777877328918324
169	2	0.11377916553104013
169	3	0.6031736850297028
169	4	0.12118567689545912
169	5	0.0
169	6	0.688967846307447
169	7	0.6031736850297028
170	0	0.688967846307447
170	1	0.7547291899375028
170	2	0.7547291899375028
170	3	0.6031736850297028
170	4	0.12118567689545912
170	5	0.04777877328918324
170	6	0.5371732927878458
171	0	0.04777877328918324
171	1	0.6031736850297028
171	2	0.6887287976956459
171	3	0.11377916553104013
171	4	0.12118567689545912
171	5	0.0
171	6	0.6031736850297028
171	7	0.688967846307447
172	0	0.11377916553104013
172	1	0.0
172	2	0.6887287976956459
172	3	0.6031736850297028
172	4	0.12118567689545912
172	5	0.0
172	6	0.6031736850297028
172	7	0.688967846307447
173	0	0.6887287976956459
173	1	0.0
173	2	0.6031736850297028
173	3	0.11377916553104013
173	4	0.0
173	5	0.688967846307447
173	6	0.6031736850297028
173	7	0.12118567689545912
174	0	0.6031736850297028
174	1	0.0
174	2	0.6887287976956459
174	3	0.11377916553104013
174	4	0.12118567689545912
174	5	0.0
174	6	0.6031736850297028
174	7	0.688967846307447
175	0	0.7547291899375028
175	1	0.12118567689545912
175	2	0.5371732927878458
175	3	0.6031736850297028
175	4	0.0
175	5	0.7547291899375028
175	6	0.688967846307447
175	7	0.6031736850297028
175	8	0.0
175	9	0.6031736850297028
175	10	0.04777877328918324
175	11	0.06600039224185693
175	12	0.5371732927878458
175	13	0.12118567689545912
176	0	0.0
176	1	0.6887287976956459
176	2	0.11377916553104013
176	3	0.6031736850297028
176	4	0.12118567689545912
176	5	0.0
176	6	0.688967846307447
176	7	0.6031736850297028
177	0	0.6031736850297028
177	1	0.6031736850297028
177	2	0.688967846307447
177	3	0.0
177	4	0.5849520660770289
177	5	0.5371732927878458
177	6	0.5371732927878458
177	7	0.5371732927878458
177	8	0.7752677120899785
177	9	1.3146639908665532
177	10	1.3146639908665532
177	11	1.3146639908665532
177	12	1.2259020904834919
177	13	0.6031736850297028
177	14	1.3146639908665532
177	15	0.688967846307447
177	16	0.7752677120899785
177	17	0.8412681043318355
177	18	1.3146639908665532
177	19	0.7752677120899785
178	0	0.6031736850297028
178	1	0.688967846307447
178	2	0.0
178	3	0.6031736850297028
178	4	0.688967846307447
178	5	0.7752677120899785
178	6	0.5849520660770289
178	7	0.5371732927878458
178	8	0.7752677120899785
178	9	1.2259020904834919
178	10	0.6031736850297028
178	11	1.3146639908665532
178	12	1.3146639908665532
178	13	1.3146639908665532
178	14	0.5371732927878458
178	15	1.3146639908665532
178	16	1.3146639908665532
178	17	0.8412681043318355
178	18	0.7752677120899785
178	19	0.5371732927878458
179	0	0.688967846307447
179	1	0.7547291899375028
179	2	0.7547291899375028
179	3	0.6031736850297028
179	4	0.0
179	5	0.12118567689545912
179	6	0.5371732927878458
179	7	0.6031736850297028
179	8	0.0
179	9	0.6031736850297028
179	10	0.6887287976956459
179	11	0.11377916553104013
179	12	0.04777877328918324
179	13	0.5371732927878458
179	14	0.06600039224185693
179	15	0.12118567689545912
180	0	0.7547291899375028
180	1	0.7547291899375028
180	2	0.688967846307447
180	3	0.0
180	4	0.6031736850297028
180	5	0.12118567689545912
180	6	0.5371732927878458
180	7	0.0
180	8	0.6031736850297028
180	9	0.6031736850297028
180	10	0.11377916553104013
180	11	0.6887287976956459
180	12	0.5371732927878458
180	13	0.12118567689545912
180	14	0.06600039224185693
180	15	0.04777877328918324
181	0	0.6031736850297028
181	1	0.6887287976956459
181	2	0.0
181	3	0.11377916553104013
181	4	0.12118567689545912
181	5	0.6031736850297028
181	6	0.0
181	7	0.688967846307447
182	0	0.11377916553104013
182	1	0.0
182	2	0.6031736850297028
182	3	0.6887287976956459
182	4	0.0
182	5	0.688967846307447
182	6	0.6031736850297028
182	7	0.12118567689545912
183	0	0.6887287976956459
183	1	0.0
183	2	0.6031736850297028
183	3	0.11377916553104013
183	4	0.12118567689545912
183	5	0.0
183	6	0.6031736850297028
183	7	0.688967846307447
184	0	0.7547291899375028
184	1	0.7547291899375028
184	2	0.688967846307447
184	3	0.12118567689545912
184	4	0.6031736850297028
184	5	0.0
184	6	0.5371732927878458
184	7	0.6031736850297028
184	8	0.5371732927878458
184	9	0.06600039224185693
184	10	0.12118567689545912
184	11	0.04777877328918324
184	12	0.6031736850297028
184	13	0.0
185	0	0.12118567689545912
185	1	0.5371732927878458
185	2	0.7547291899375028
185	3	0.7547291899375028
185	4	0.688967846307447
185	5	0.6031736850297028
185	6	0.0
185	7	0.0
185	8	0.6031736850297028
185	9	0.6031736850297028
185	10	0.5371732927878458
185	11	0.06600039224185693
185	12	0.12118567689545912
185	13	0.04777877328918324
186	0	0.0
186	1	0.6031736850297028
186	2	0.688967846307447
186	3	0.6031736850297028
186	4	1.3146639908665532
186	5	0.5849520660770289
186	6	0.8412681043318355
186	7	0.5371732927878458
186	8	0.688967846307447
186	9	0.7752677120899785
186	10	0.7752677120899785
186	11	0.5371732927878458
186	12	1.3146639908665532
186	13	0.6031736850297028
186	14	1.3146639908665532
186	15	1.3146639908665532
186	16	1.3146639908665532
186	17	1.2259020904834919
186	18	0.7752677120899785
186	19	0.5371732927878458
187	0	0.5371732927878458
187	1	0.5849520660770289
187	2	0.688967846307447
187	3	0.7752677120899785
187	4	1.3146639908665532
187	5	0.7752677120899785
187	6	0.5371732927878458
187	7	0.6031736850297028
187	8	0.5371732927878458
187	9	0.688967846307447
187	10	0.8412681043318355
187	11	1.3146639908665532
187	12	0.7752677120899785
187	13	0.7752677120899785
187	14	1.3146639908665532
187	15	0.5371732927878458
187	16	1.3146639908665532
187	17	1.3146639908665532
187	18	0.7752677120899785
187	19	1.3146639908665532
187	20	0.7752677120899785
187	21	1.3146639908665532
187	22	0.6031736850297028
187	23	1.2259020904834919
187	24	0.6031736850297028
187	25	0.0
187	26	0.7547291899375028
187	27	0.7547291899375028
187	28	0.688967846307447
187	29	0.0
187	30	0.12118567689545912
187	31	0.5371732927878458
187	32	0.6887287976956459
187	33	0.11377916553104013
187	34	0.6031736850297028
188	0	0.7547291899375028
188	1	0.7547291899375028
188	2	0.688967846307447
188	3	0.6031736850297028
188	4	0.12118567689545912
188	5	0.0
188	6	0.0
189	0	0.7752677120899785
189	1	0.5849520660770289
189	2	0.7752677120899785
189	3	0.7752677120899785
189	4	1.3146639908665532
189	5	0.5371732927878458
189	6	1.3146639908665532
189	7	1.3146639908665532
189	8	0.7752677120899785
189	9	0.688967846307447
189	10	1.3146639908665532
189	11	0.688967846307447
189	12	0.6031736850297028
189	13	0.688967846307447
189	14	0.5371732927878458
189	15	0.8412681043318355
189	16	0.8412681043318355
189	17	0.5371732927878458
189	18	0.5371732927878458
189	19	0.06600039224185693
189	20	0.688967846307447
189	21	0.5371732927878458
189	22	0.688967846307447
189	23	1.3146639908665532
189	24	0.6031736850297028
189	25	1.2259020904834919
189	26	0.0
189	27	0.7547291899375028
189	28	0.7547291899375028
189	29	0.688967846307447
189	30	0.12118567689545912
189	31	0.0
189	32	0.0
190	0	0.5849520660770289
190	1	0.5371732927878458
190	2	0.688967846307447
190	3	0.6031736850297028
190	4	1.2259020904834919
190	5	1.3146639908665532
190	6	0.6031736850297028
190	7	0.0
190	8	0.7752677120899785
190	9	1.3146639908665532
190	10	0.5371732927878458
190	11	0.06600039224185693
190	12	1.3146639908665532
190	13	1.3146639908665532
190	14	0.5371732927878458
190	15	0.5371732927878458
190	16	0.7752677120899785
190	17	1.3146639908665532
190	18	0.8412681043318355
191	0	0.5371732927878458
191	1	0.5849520660770289
191	2	0.06600039224185693
191	3	0.7752677120899785
191	4	1.3146639908665532
191	5	0.5371732927878458
191	6	1.2259020904834919
191	7	1.3146639908665532
191	8	0.6031736850297028
191	9	0.6031736850297028
191	10	1.3146639908665532
191	11	1.3146639908665532
191	12	0.0
192	0	0.7752677120899785
192	1	0.6031736850297028
192	2	0.7752677120899785
192	3	0.5849520660770289
192	4	0.5371732927878458
192	5	0.5371732927878458
192	6	0.688967846307447
192	7	0.06600039224185693
192	8	0.7752677120899785
192	9	0.688967846307447
192	10	0.688967846307447
192	11	0.5371732927878458
192	12	0.688967846307447
192	13	1.3146639908665532
192	14	0.6031736850297028
192	15	1.3146639908665532
192	16	0.7752677120899785
192	17	1.3146639908665532
192	18	1.3146639908665532
192	19	0.688967846307447
192	20	0.5371732927878458
192	21	1.3146639908665532
192	22	0.8412681043318355
192	23	0.8412681043318355
192	24	1.2259020904834919
192	25	0.6031736850297028
192	26	0.0
193	0	0.5849520660770289
193	1	0.688967846307447
193	2	0.6031736850297028
193	3	1.3146639908665532
193	4	1.3146639908665532
193	5	0.7752677120899785
193	6	1.3146639908665532
193	7	1.3146639908665532
193	8	0.0
193	9	1.2259020904834919
193	10	0.5371732927878458
193	11	0.6031736850297028
193	12	0.06600039224185693
193	13	0.688967846307447
194	0	0.6887287976956459
194	1	0.11377916553104013
194	2	0.0
194	3	0.6031736850297028
194	4	0.12118567689545912
194	5	0.0
194	6	0.0
194	7	0.688967846307447
194	8	0.6031736850297028
195	0	0.11377916553104013
195	1	0.6031736850297028
195	2	0.6887287976956459
195	3	0.0
195	4	0.0
195	5	0.0
195	6	0.688967846307447
195	7	0.6031736850297028
195	8	0.12118567689545912
196	0	0.0
196	1	0.688967846307447
196	2	0.6031736850297028
196	3	0.6031736850297028
196	4	0.0
196	5	0.688967846307447
196	6	0.5849520660770289
196	7	0.688967846307447
196	8	0.688967846307447
196	9	0.5371732927878458
196	10	0.5371732927878458
196	11	0.8412681043318355
196	12	0.8412681043318355
196	13	1.3146639908665532
196	14	1.3146639908665532
196	15	0.7752677120899785
196	16	0.5371732927878458
196	17	1.2259020904834919
196	18	0.06600039224185693
196	19	1.3146639908665532
196	20	1.3146639908665532
197	0	0.6031736850297028
197	1	0.0
197	2	0.11377916553104013
197	3	0.6887287976956459
197	4	0.688967846307447
197	5	0.0
197	6	0.6031736850297028
197	7	0.0
197	8	0.12118567689545912
197	9	0.5849520660770289
197	10	0.5371732927878458
197	11	0.688967846307447
197	12	0.7547291899375028
197	13	0.7547291899375028
197	14	0.0
197	15	0.11377916553104013
198	0	0.8412681043318355
198	1	0.8412681043318355
198	2	0.5849520660770289
198	3	1.3146639908665532
198	4	1.3146639908665532
198	5	0.5371732927878458
198	6	1.3146639908665532
198	7	0.0
198	8	0.06600039224185693
198	9	0.6031736850297028
198	10	0.6031736850297028
198	11	0.7752677120899785
198	12	1.2259020904834919
198	13	1.3146639908665532
199	0	1.2259020904834919
199	1	0.6031736850297028
199	2	0.5371732927878458
199	3	0.0
199	4	0.0
199	5	0.6031736850297028
199	6	0.6031736850297028
199	7	0.688967846307447
199	8	0.5849520660770289
199	9	0.688967846307447
199	10	0.5371732927878458
199	11	0.5371732927878458
199	12	0.688967846307447
199	13	0.5371732927878458
199	14	1.3146639908665532
199	15	1.2259020904834919
199	16	0.06600039224185693
199	17	1.3146639908665532
199	18	0.7752677120899785
199	19	1.3146639908665532
199	20	1.3146639908665532
199	21	0.8412681043318355
199	22	0.8412681043318355
199	23	0.688967846307447
199	24	0.5371732927878458
199	25	0.7752677120899785
199	26	0.688967846307447
199	27	0.688967846307447
199	28	0.6031736850297028
199	29	0.5371732927878458
199	30	0.06600039224185693
199	31	0.0
199	32	0.5371732927878458
199	33	0.688967846307447
199	34	0.5371732927878458
200	0	0.688967846307447
200	1	0.6031736850297028
200	2	0.0
200	3	0.0
200	4	0.6031736850297028
200	5	0.688967846307447
200	6	0.5849520660770289
200	7	0.5371732927878458
200	8	0.688967846307447
200	9	0.8412681043318355
200	10	0.8412681043318355
200	11	0.688967846307447
200	12	0.5371732927878458
200	13	1.3146639908665532
200	14	1.3146639908665532
200	15	0.06600039224185693
200	16	1.3146639908665532
200	17	0.7752677120899785
200	18	0.5371732927878458
200	19	1.2259020904834919
200	20	1.3146639908665532
200	21	0.6887287976956459
200	22	0.0
200	23	0.11377916553104013
200	24	0.12118567689545912
201	0	0.11377916553104013
201	1	0.6887287976956459
201	2	0.6031736850297028
201	3	0.0
201	4	0.0
201	5	0.6031736850297028
201	6	0.688967846307447
201	7	0.0
201	8	0.12118567689545912
202	0	0.11377916553104013
202	1	0.0
202	2	0.6887287976956459
202	3	0.6031736850297028
202	4	0.688967846307447
202	5	0.0
202	6	0.6031736850297028
202	7	0.0
202	8	0.12118567689545912
203	0	0.06600039224185693
203	1	0.6031736850297028
203	2	0.0
203	3	0.06600039224185693
203	4	0.5371732927878458
203	5	0.11377916553104013
203	6	0.04777877328918324
203	7	0.12118567689545912
203	8	0.11377916553104013
203	9	0.12118567689545912
203	10	0.0
203	11	0.6031736850297028
203	12	0.11377916553104013
203	13	0.6887287976956459
203	14	0.0
203	15	0.0
203	16	0.688967846307447
203	17	0.6031736850297028
203	18	0.04777877328918324
204	0	0.0
204	1	0.11377916553104013
204	2	0.6031736850297028
204	3	0.6887287976956459
204	4	0.6031736850297028
204	5	0.0
204	6	0.0
204	7	0.688967846307447
204	8	0.12118567689545912
205	0	0.11377916553104013
205	1	0.6031736850297028
205	2	0.0
205	3	0.6887287976956459
205	4	0.6031736850297028
205	5	0.0
205	6	0.0
205	7	0.688967846307447
205	8	0.12118567689545912
206	0	0.0
206	1	0.11377916553104013
206	2	0.6031736850297028
206	3	0.6887287976956459
206	4	0.0
206	5	0.12118567689545912
206	6	0.0
206	7	0.688967846307447
206	8	0.6031736850297028
207	0	1.3146639908665532
207	1	1.3146639908665532
207	2	0.688967846307447
207	3	0.7752677120899785
207	4	1.3146639908665532
207	5	0.5371732927878458
207	6	1.3146639908665532
207	7	0.688967846307447
207	8	0.5849520660770289
207	9	0.0
207	10	1.2259020904834919
207	11	0.6031736850297028
207	12	0.6031736850297028
207	13	0.06600039224185693
208	0	1.2259020904834919
208	1	0.0
208	2	0.5371732927878458
208	3	0.11377916553104013
208	4	0.04777877328918324
208	5	0.12118567689545912
208	6	0.5371732927878458
208	7	0.06600039224185693
208	8	0.11377916553104013
208	9	0.0
208	10	0.688967846307447
208	11	0.6031736850297028
208	12	0.0
208	13	0.6031736850297028
208	14	0.7752677120899785
208	15	0.06600039224185693
208	16	1.3146639908665532
208	17	1.3146639908665532
208	18	0.5371732927878458
208	19	0.5849520660770289
208	20	1.3146639908665532
208	21	1.2259020904834919
208	22	1.3146639908665532
208	23	0.688967846307447
208	24	0.5371732927878458
208	25	0.8412681043318355
208	26	0.8412681043318355
208	27	0.5371732927878458
208	28	0.688967846307447
208	29	0.688967846307447
208	30	0.12118567689545912
208	31	0.0
208	32	0.11377916553104013
208	33	0.6887287976956459
208	34	0.04777877328918324
208	35	0.7547291899375028
208	36	0.7547291899375028
208	37	0.0
208	38	1.3146639908665532
209	0	0.5849520660770289
209	1	0.688967846307447
209	2	1.2259020904834919
209	3	0.7752677120899785
209	4	1.3146639908665532
209	5	1.3146639908665532
209	6	0.0
209	7	1.3146639908665532
209	8	0.06600039224185693
209	9	1.3146639908665532
209	10	0.6031736850297028
209	11	0.5371732927878458
209	12	0.6031736850297028
209	13	0.04777877328918324
210	0	0.06600039224185693
210	1	0.06600039224185693
210	2	0.5371732927878458
210	3	1.3146639908665532
210	4	0.5371732927878458
210	5	0.7752677120899785
210	6	0.5371732927878458
210	7	0.5371732927878458
210	8	0.11377916553104013
211	0	0.11377916553104013
211	1	0.688967846307447
211	2	0.5371732927878458
211	3	1.2259020904834919
211	4	0.688967846307447
211	5	0.688967846307447
211	6	0.7752677120899785
211	7	0.688967846307447
211	8	0.688967846307447
211	9	0.688967846307447
211	10	0.7752677120899785
212	0	0.11377916553104013
212	1	0.688967846307447
212	2	0.688967846307447
212	3	0.688967846307447
212	4	0.688967846307447
212	5	0.7752677120899785
212	6	0.5371732927878458
212	7	1.2259020904834919
212	8	0.7752677120899785
212	9	0.7752677120899785
212	10	0.0
212	11	0.688967846307447
212	12	0.688967846307447
213	0	1.3146639908665532
213	1	0.06600039224185693
213	2	0.11377916553104013
213	3	0.11377916553104013
213	4	0.0
213	5	0.5371732927878458
214	0	0.5371732927878458
214	1	0.04777877328918324
214	2	0.12118567689545912
214	3	0.11377916553104013
214	4	0.12118567689545912
214	5	0.0
214	6	0.6887287976956459
214	7	0.6031736850297028
214	8	0.11377916553104013
214	9	0.5371732927878458
215	0	0.06600039224185693
215	1	0.04777877328918324
215	2	0.5371732927878458
215	3	0.12118567689545912
215	4	0.11377916553104013
215	5	0.0
215	6	0.6031736850297028
215	7	0.6031736850297028
215	8	0.0
215	9	0.688967846307447
215	10	0.5371732927878458
215	11	0.5849520660770289
215	12	0.688967846307447
215	13	0.688967846307447
215	14	0.8412681043318355
215	15	0.8412681043318355
215	16	0.688967846307447
215	17	0.06600039224185693
215	18	1.3146639908665532
215	19	0.7752677120899785
215	20	1.2259020904834919
215	21	1.3146639908665532
215	22	1.3146639908665532
215	23	0.5371732927878458
215	24	1.3146639908665532
215	25	0.5371732927878458
216	0	0.11377916553104013
216	1	0.5371732927878458
216	2	0.04777877328918324
216	3	0.12118567689545912
216	4	0.0
216	5	0.12118567689545912
216	6	0.11377916553104013
216	7	0.6031736850297028
216	8	0.6887287976956459
217	0	0.11377916553104013
217	1	0.5371732927878458
217	2	0.04777877328918324
217	3	0.12118567689545912
217	4	0.11377916553104013
217	5	0.6031736850297028
217	6	0.6887287976956459
217	7	0.0
217	8	0.0
217	9	0.12118567689545912
217	10	0.6031736850297028
217	11	0.688967846307447
217	12	0.0
218	0	0.688967846307447
218	1	0.5849520660770289
218	2	0.06600039224185693
218	3	1.3146639908665532
218	4	1.3146639908665532
218	5	0.6031736850297028
218	6	1.3146639908665532
218	7	0.5371732927878458
218	8	0.7752677120899785
218	9	1.3146639908665532
218	10	0.0
218	11	1.2259020904834919
218	12	0.6031736850297028
219	0	0.06600039224185693
219	1	0.11377916553104013
219	2	0.5371732927878458
219	3	0.04777877328918324
219	4	0.12118567689545912
219	5	0.6031736850297028
219	6	0.0
219	7	0.11377916553104013
219	8	0.6887287976956459
219	9	0.0
219	10	0.0
219	11	0.6031736850297028
219	12	0.688967846307447
219	13	0.12118567689545912
219	14	0.5849520660770289
219	15	0.6031736850297028
219	16	0.7752677120899785
219	17	1.2259020904834919
219	18	0.5371732927878458
219	19	1.3146639908665532
219	20	0.06600039224185693
219	21	1.3146639908665532
219	22	1.3146639908665532
219	23	1.3146639908665532
219	24	0.7752677120899785
219	25	0.5371732927878458
219	26	0.5371732927878458
219	27	0.7752677120899785
219	28	0.688967846307447
219	29	0.688967846307447
219	30	1.377696644003093
220	0	0.0
220	1	0.11377916553104013
220	2	0.6031736850297028
220	3	0.6887287976956459
220	4	0.12118567689545912
220	5	0.0
220	6	0.0
220	7	0.688967846307447
220	8	0.6031736850297028
221	0	0.6031736850297028
221	1	0.04777877328918324
221	2	0.11377916553104013
221	3	0.5371732927878458
221	4	0.12118567689545912
221	5	0.0
221	6	0.6887287976956459
221	7	0.11377916553104013
221	8	0.6031736850297028
221	9	0.0
221	10	0.6031736850297028
221	11	0.688967846307447
221	12	0.0
221	13	0.12118567689545912
221	14	0.5371732927878458
221	15	0.5371732927878458
221	16	0.11377916553104013
222	0	0.06600039224185693
222	1	0.7549682385493041
222	2	0.0
222	3	0.06600039224185693
222	4	0.04777877328918324
222	5	0.0
222	6	0.04777877328918324
222	7	0.688967846307447
222	8	0.7752677120899785
222	9	0.6031736850297028
222	10	0.5371732927878458
222	11	0.688967846307447
222	12	0.7752677120899785
222	13	0.688967846307447
222	14	0.5371732927878458
222	15	0.688967846307447
222	16	0.0
222	17	0.5371732927878458
222	18	0.688967846307447
222	19	0.688967846307447
222	20	0.5371732927878458
222	21	0.5371732927878458
223	0	0.7549682385493041
223	1	0.04777877328918324
223	2	0.12118567689545912
223	3	0.12118567689545912
223	4	0.0
223	5	1.3146639908665532
223	6	0.0
224	0	0.12118567689545912
224	1	0.04777877328918324
224	2	0.5371732927878458
224	3	0.11377916553104013
224	4	0.12118567689545912
224	5	0.0
224	6	0.11377916553104013
224	7	0.6887287976956459
224	8	0.6031736850297028
