53	0	999.103759765625
53	1	527.7970581054688
53	2	930.9536743164062
53	3	999.5310668945312
53	4	992.208251953125
53	5	1002.8743896484375
53	6	999.68798828125
53	7	998.4029541015625
53	8	902.2665405273438
53	9	975.4909057617188
54	0	999.3847045898438
54	1	1000.8026123046875
54	2	998.8963623046875
54	3	932.4756469726562
54	4	995.548583984375
54	5	474.75201416015625
54	6	1000.3099975585938
54	7	988.7512817382812
54	8	997.0944213867188
54	9	1006.26123046875
54	10	996.6773681640625
54	11	984.86767578125
54	12	986.2509765625
54	13	946.544189453125
54	14	1001.7821655273438
54	15	886.687744140625
54	16	998.6810302734375
55	0	991.7645263671875
55	1	527.7970581054688
55	2	999.4364624023438
55	3	898.6900024414062
55	4	999.103759765625
55	5	952.7554321289062
55	6	1000.4024047851562
55	7	922.0359497070312
55	8	999.68798828125
55	9	784.950927734375
56	0	999.3847045898438
56	1	934.4220581054688
56	2	999.0556640625
56	3	474.75201416015625
56	4	954.8150024414062
56	5	996.4384765625
56	6	999.118896484375
56	7	998.482177734375
56	8	943.2216186523438
56	9	937.4884643554688
57	0	990.3294067382812
57	1	442.6020812988281
57	2	926.9642944335938
57	3	991.7603759765625
57	4	992.431884765625
57	5	993.4240112304688
57	6	781.6829223632812
57	7	1004.4697875976562
57	8	1002.178955078125
57	9	997.697998046875
57	10	992.6572265625
57	11	999.8817749023438
57	12	989.3311157226562
57	13	1003.8533935546875
57	14	836.7632446289062
57	15	999.4584350585938
57	16	949.62939453125
57	17	846.0535278320312
57	18	989.665771484375
57	19	1000.0534057617188
57	20	403.3020324707031
58	0	936.6226806640625
58	1	994.43212890625
58	2	997.818603515625
58	3	169.07492065429688
58	4	999.2359008789062
58	5	1057.6767578125
58	6	1002.1656494140625
58	7	983.9017333984375
58	8	984.3263549804688
58	9	998.8963623046875
58	10	998.833740234375
58	11	935.774658203125
58	12	998.4744262695312
58	13	984.1381225585938
58	14	992.38525390625
58	15	935.7737426757812
58	16	971.8750610351562
58	17	998.482177734375
58	18	790.083251953125
59	0	994.8252563476562
59	1	997.787353515625
59	2	972.5947875976562
59	3	169.07492065429688
59	4	982.2705688476562
59	5	998.375244140625
59	6	983.8106079101562
59	7	995.5625610351562
59	8	1018.4215698242188
59	9	989.103515625
59	10	986.643798828125
59	11	939.0132446289062
59	12	997.70849609375
59	13	997.7650756835938
59	14	951.7752075195312
59	15	995.5625610351562
60	0	886.8603515625
60	1	993.1321411132812
60	2	989.5001831054688
60	3	944.7844848632812
60	4	159.08779907226562
60	5	981.0009155273438
60	6	995.4275512695312
60	7	1001.6143188476562
60	8	987.7241821289062
60	9	993.919189453125
60	10	992.2238159179688
60	11	992.1988525390625
60	12	993.0606079101562
60	13	986.0823974609375
60	14	916.1165161132812
60	15	981.9053955078125
60	16	942.5073852539062
61	0	870.7810668945312
61	1	989.8438110351562
61	2	443.96612548828125
61	3	958.1280517578125
61	4	844.4690551757812
61	5	985.1660766601562
61	6	986.3692626953125
61	7	995.8818359375
61	8	728.7318725585938
61	9	984.242919921875
61	10	984.4068603515625
61	11	921.1137084960938
61	12	128.89439392089844
61	13	984.915283203125
61	14	981.6514892578125
61	15	988.2920532226562
61	16	938.5692749023438
61	17	976.6995849609375
61	18	996.5173950195312
61	19	992.80322265625
61	20	975.2490234375
61	21	980.12158203125
61	22	989.3809814453125
61	23	946.7193603515625
61	24	996.5173950195312
61	25	986.6812744140625
61	26	736.7498168945312
61	27	979.9576416015625
61	28	990.0894165039062
61	29	980.502685546875
61	30	991.6986083984375
61	31	991.4293823242188
61	32	365.337646484375
61	33	1002.0182495117188
61	34	998.5704956054688
61	35	882.2241821289062
61	36	1000.9775390625
61	37	1005.3429565429688
61	38	961.1705322265625
61	39	1000.6901245117188
61	40	962.3446655273438
61	41	997.1368408203125
61	42	987.6890869140625
61	43	948.9478149414062
61	44	1011.8677978515625
61	45	939.7173461914062
61	46	994.1324462890625
61	47	962.9404907226562
61	48	1000.0662231445312
61	49	999.0764770507812
61	50	1000.3134155273438
61	51	1005.3662719726562
61	52	986.2997436523438
61	53	938.8270874023438
61	54	996.2191772460938
61	55	1000.8276977539062
61	56	987.8455200195312
61	57	1000.0662231445312
61	58	935.152587890625
61	59	988.8912963867188
61	60	995.9471435546875
61	61	984.5819702148438
61	62	991.4659423828125
61	63	730.1509399414062
61	64	991.6655883789062
61	65	999.7526245117188
61	66	988.8749389648438
61	67	958.5936279296875
61	68	970.3834838867188
62	0	995.7267456054688
62	1	900.163330078125
62	2	997.818603515625
62	3	169.07492065429688
62	4	999.3847045898438
62	5	937.347900390625
62	6	1002.1656494140625
62	7	999.0556640625
62	8	998.833740234375
62	9	947.67822265625
62	10	1060.830322265625
62	11	980.1603393554688
62	12	998.833740234375
62	13	982.5388793945312
62	14	991.9701538085938
62	15	986.7340087890625
63	0	998.5737915039062
63	1	995.0150146484375
63	2	937.7224731445312
63	3	169.07492065429688
63	4	984.62158203125
63	5	988.7565307617188
63	6	989.9764404296875
63	7	998.4930419921875
63	8	999.0556640625
63	9	1007.2013549804688
63	10	1052.3458251953125
63	11	956.7415771484375
63	12	998.833740234375
63	13	936.8526000976562
63	14	998.833740234375
63	15	983.6170043945312
64	0	966.1171875
64	1	951.802490234375
64	2	1001.6547241210938
64	3	999.118896484375
64	4	973.8499755859375
64	5	990.6643676757812
64	6	991.9474487304688
64	7	169.07492065429688
64	8	995.0362548828125
64	9	515.2237548828125
65	0	1001.5572509765625
65	1	999.5802612304688
65	2	948.3703002929688
65	3	949.0986938476562
65	4	971.2684326171875
65	5	970.4500732421875
65	6	995.4691772460938
65	7	992.208251953125
65	8	190.64869689941406
65	9	496.76495361328125
66	0	963.6826782226562
66	1	917.107666015625
66	2	999.2545776367188
66	3	1001.1261596679688
66	4	850.6616821289062
66	5	959.51025390625
66	6	994.3999633789062
66	7	200.84848022460938
66	8	995.548583984375
66	9	169.07492065429688
67	0	955.4603881835938
67	1	997.6834716796875
67	2	939.8919677734375
67	3	965.4686889648438
67	4	1014.427490234375
67	5	454.93988037109375
67	6	887.2835083007812
67	7	953.9885864257812
67	8	991.5424194335938
67	9	963.4244995117188
67	10	163.6797332763672
67	11	994.4408569335938
68	0	991.9777221679688
68	1	999.2545776367188
68	2	932.9539794921875
68	3	190.64869689941406
68	4	977.1154174804688
68	5	995.74169921875
68	6	984.859619140625
68	7	987.1932983398438
68	8	984.221435546875
68	9	937.84326171875
68	10	988.2920532226562
68	11	983.4129638671875
68	12	990.1734619140625
68	13	996.5173950195312
68	14	942.6921997070312
68	15	975.2420043945312
69	0	998.802490234375
69	1	999.5802612304688
69	2	181.02322387695312
69	3	893.0527954101562
69	4	986.3634033203125
69	5	998.8521118164062
69	6	999.5188598632812
69	7	1000.0185546875
69	8	941.173828125
69	9	998.396728515625
69	10	1018.438720703125
69	11	993.4693603515625
69	12	989.385498046875
69	13	942.1156005859375
69	14	998.396728515625
69	15	982.90283203125
70	0	966.1171875
70	1	999.2545776367188
70	2	995.0362548828125
70	3	169.07492065429688
70	4	999.3847045898438
70	5	986.8278198242188
70	6	991.1028442382812
70	7	998.4744262695312
70	8	984.7987060546875
70	9	998.4744262695312
70	10	935.8912353515625
70	11	1050.1500244140625
70	12	984.62158203125
70	13	998.8963623046875
70	14	1002.1656494140625
70	15	936.8526000976562
71	0	987.4021606445312
71	1	728.6558837890625
71	2	993.6211547851562
71	3	969.05322265625
71	4	992.0183715820312
71	5	973.3218994140625
71	6	960.5264892578125
71	7	994.600341796875
72	0	903.0585327148438
72	1	999.5188598632812
72	2	996.0175170898438
72	3	181.02322387695312
72	4	945.2076416015625
72	5	998.8521118164062
73	0	996.1157836914062
73	1	391.33294677734375
73	2	161.0736541748047
73	3	938.6343383789062
73	4	994.3456420898438
73	5	991.7816772460938
74	0	745.5866088867188
74	1	984.0103759765625
74	2	985.96044921875
74	3	988.0896606445312
74	4	990.6497802734375
74	5	993.6582641601562
75	0	999.6473388671875
75	1	985.899658203125
75	2	939.6627807617188
75	3	998.150146484375
75	4	994.6253051757812
75	5	162.94696044921875
75	6	999.7633056640625
75	7	997.5991821289062
76	0	972.6470947265625
76	1	999.3847045898438
76	2	169.07492065429688
76	3	999.0556640625
76	4	995.0150146484375
76	5	927.6600341796875
77	0	1016.3939819335938
77	1	850.5405883789062
77	2	980.3641967773438
77	3	955.4746704101562
77	4	877.167236328125
77	5	985.0586547851562
77	6	954.279052734375
77	7	998.8191528320312
77	8	763.47119140625
77	9	993.426025390625
77	10	981.3157958984375
77	11	991.7645263671875
77	12	190.64869689941406
77	13	942.3238525390625
77	14	983.0516357421875
77	15	760.8466796875
78	0	1004.6286010742188
78	1	974.3592529296875
78	2	893.1085815429688
78	3	865.9971313476562
78	4	981.0897827148438
78	5	931.177734375
78	6	991.7603759765625
78	7	987.0521240234375
78	8	133.90843200683594
78	9	991.35791015625
78	10	992.6708374023438
78	11	992.930419921875
78	12	995.8334350585938
78	13	925.6622924804688
78	14	976.501953125
78	15	988.2037963867188
78	16	992.7673950195312
78	17	988.2568359375
78	18	992.7673950195312
78	19	989.289794921875
78	20	990.7615966796875
78	21	993.3399658203125
78	22	970.6072387695312
78	23	1002.1092529296875
78	24	1000.55517578125
78	25	997.6189575195312
78	26	339.2762451171875
78	27	973.549072265625
78	28	999.8458862304688
78	29	998.9470825195312
78	30	997.9063720703125
78	31	1003.1145629882812
78	32	974.8307495117188
78	33	953.356201171875
78	34	443.96612548828125
78	35	994.7378540039062
78	36	592.2042236328125
78	37	893.7180786132812
78	38	724.9675903320312
78	39	961.0880126953125
78	40	1001.9771118164062
79	0	178.18429565429688
79	1	932.9644165039062
79	2	998.6810302734375
79	3	990.7081909179688
79	4	982.6110229492188
79	5	1016.7640380859375
79	6	998.35986328125
79	7	979.4373168945312
79	8	938.9321899414062
79	9	989.103515625
79	10	984.8193969726562
79	11	996.1239624023438
79	12	910.2332153320312
79	13	995.5123291015625
79	14	995.5625610351562
79	15	997.70849609375
80	0	997.6834716796875
80	1	983.7890625
80	2	889.804443359375
80	3	798.8572998046875
80	4	819.5640258789062
80	5	979.2166137695312
80	6	997.0200805664062
80	7	969.2640991210938
80	8	163.6797332763672
80	9	996.13232421875
80	10	181.96282958984375
81	0	991.7098388671875
81	1	965.26611328125
81	2	877.173583984375
81	3	869.5253295898438
81	4	976.70947265625
81	5	169.07492065429688
81	6	995.7267456054688
81	7	999.68798828125
82	0	944.84228515625
82	1	943.9901123046875
82	2	974.972900390625
82	3	987.2330322265625
82	4	999.118896484375
82	5	995.548583984375
82	6	169.07492065429688
82	7	975.2236938476562
83	0	998.6865844726562
83	1	984.8092041015625
83	2	828.4214477539062
83	3	972.7759399414062
83	4	945.9751586914062
83	5	986.7508544921875
83	6	976.7572021484375
83	7	990.3997192382812
83	8	190.64869689941406
83	9	991.9777221679688
83	10	182.47445678710938
84	0	979.6697387695312
84	1	944.84228515625
84	2	982.6272583007812
84	3	999.118896484375
84	4	940.9676513671875
84	5	820.4151000976562
84	6	473.1724548339844
84	7	169.07492065429688
84	8	995.548583984375
84	9	968.7477416992188
84	10	992.3533325195312
85	0	988.2606811523438
85	1	997.168701171875
85	2	927.7098999023438
85	3	927.57080078125
85	4	827.7548217773438
85	5	952.8142700195312
85	6	181.56161499023438
85	7	162.7668914794922
85	8	994.3750610351562
85	9	982.1137084960938
85	10	976.7493896484375
86	0	982.5939331054688
86	1	999.118896484375
86	2	961.6480712890625
86	3	976.2933959960938
86	4	976.1302490234375
86	5	819.7029418945312
87	0	998.6810302734375
87	1	986.0361328125
87	2	817.293701171875
87	3	652.5640258789062
87	4	950.2886962890625
87	5	958.0371704101562
87	6	993.9775390625
87	7	163.6797332763672
87	8	454.93988037109375
87	9	975.9483642578125
87	10	996.4797973632812
88	0	978.7044067382812
88	1	971.8610229492188
88	2	984.2244873046875
88	3	748.8656616210938
88	4	998.6810302734375
88	5	991.0419311523438
88	6	178.18429565429688
88	7	945.8108520507812
89	0	973.5780029296875
89	1	982.5128784179688
89	2	987.2330322265625
89	3	923.043701171875
89	4	169.07492065429688
89	5	995.548583984375
89	6	997.818603515625
89	7	976.70947265625
90	0	983.538818359375
90	1	999.68798828125
90	2	968.7535400390625
90	3	827.4280395507812
90	4	945.9751586914062
90	5	994.5853271484375
90	6	181.56161499023438
90	7	976.7572021484375
90	8	988.4844360351562
90	9	190.64869689941406
90	10	992.208251953125
91	0	999.118896484375
91	1	984.6871948242188
91	2	895.244873046875
91	3	593.4725952148438
91	4	895.7036743164062
91	5	820.6531372070312
92	0	983.2142944335938
92	1	983.2142944335938
92	2	999.68798828125
92	3	588.697509765625
92	4	918.2952880859375
92	5	961.4696044921875
92	6	818.09033203125
92	7	178.18429565429688
92	8	991.0419311523438
92	9	994.7069091796875
92	10	987.7962036132812
92	11	217.3765411376953
93	0	987.7807006835938
93	1	945.68603515625
93	2	987.7807006835938
93	3	972.6787109375
93	4	973.4544677734375
93	5	999.7206420898438
93	6	990.7268676757812
93	7	190.64869689941406
93	8	993.4225463867188
93	9	920.701416015625
93	10	496.76495361328125
93	11	818.4625854492188
94	0	953.619384765625
94	1	922.3776245117188
94	2	912.1659545898438
94	3	972.6343383789062
94	4	977.572998046875
94	5	997.787353515625
94	6	816.4241943359375
94	7	994.7069091796875
94	8	972.4129028320312
94	9	217.3765411376953
94	10	178.18429565429688
94	11	989.6705322265625
95	0	960.4290161132812
95	1	953.82470703125
95	2	980.13525390625
95	3	915.6201782226562
95	4	971.9469604492188
95	5	999.5802612304688
95	6	992.208251953125
95	7	190.64869689941406
96	0	905.5890502929688
96	1	984.431396484375
96	2	927.1436767578125
96	3	983.4729614257812
96	4	979.2952880859375
96	5	971.872802734375
96	6	916.014892578125
96	7	987.3507080078125
96	8	972.4827270507812
96	9	998.6787719726562
96	10	178.18429565429688
96	11	990.7081909179688
96	12	977.9066162109375
96	13	993.866455078125
96	14	990.6654052734375
96	15	998.4231567382812
96	16	746.7127075195312
96	17	952.1026611328125
96	18	996.0458984375
96	19	998.95947265625
96	20	999.4921264648438
96	21	942.8609008789062
96	22	990.7484130859375
96	23	997.1732788085938
96	24	992.5054321289062
96	25	1013.1810302734375
96	26	999.4501342773438
96	27	990.9597778320312
96	28	972.8056030273438
96	29	920.1630249023438
96	30	958.5936279296875
96	31	983.80322265625
96	32	985.4609375
96	33	993.2989501953125
96	34	999.394775390625
96	35	988.112548828125
96	36	930.0743408203125
97	0	980.487060546875
97	1	999.118896484375
97	2	984.3663940429688
97	3	936.6407470703125
97	4	947.3641967773438
97	5	980.5800170898438
97	6	828.8338623046875
98	0	999.2545776367188
98	1	978.4619140625
98	2	978.7033081054688
98	3	743.3998413085938
98	4	972.7200927734375
98	5	968.8773193359375
98	6	819.7029418945312
99	0	994.96533203125
99	1	979.3016357421875
99	2	163.6797332763672
99	3	994.3980712890625
99	4	994.4408569335938
99	5	947.5077514648438
99	6	996.6640014648438
100	0	993.4039306640625
100	1	996.4454345703125
100	2	989.6939697265625
100	3	991.7816772460938
100	4	992.736083984375
100	5	997.9063720703125
100	6	996.0347900390625
100	7	993.5232543945312
100	8	903.0258178710938
100	9	979.7136840820312
100	10	997.6189575195312
100	11	1004.3161010742188
100	12	1000.7758178710938
100	13	997.9063720703125
100	14	997.839599609375
100	15	1002.1092529296875
100	16	989.7572021484375
100	17	396.8772277832031
100	18	977.0686645507812
100	19	956.3850708007812
100	20	999.3590698242188
101	0	931.1819458007812
101	1	162.3170623779297
101	2	1000.10498046875
101	3	998.4930419921875
101	4	998.1055297851562
101	5	941.8046875
101	6	891.33740234375
101	7	995.4971923828125
101	8	991.0556640625
102	0	999.103759765625
102	1	999.4364624023438
102	2	994.4160766601562
102	3	190.64869689941406
102	4	974.3524780273438
102	5	999.3864135742188
102	6	920.636962890625
102	7	999.68798828125
102	8	975.2830200195312
103	0	975.170166015625
103	1	1001.605224609375
103	2	998.02587890625
103	3	204.6119842529297
103	4	997.5811767578125
103	5	973.5009765625
103	6	881.0924072265625
103	7	928.3904418945312
103	8	770.491455078125
103	9	999.8458862304688
103	10	991.8633422851562
103	11	998.6810302734375
104	0	942.4096069335938
104	1	975.2830200195312
104	2	999.103759765625
104	3	974.3524780273438
104	4	204.6119842529297
104	5	999.0870971679688
104	6	992.919677734375
105	0	998.9764404296875
105	1	991.7645263671875
105	2	1007.6544189453125
105	3	204.6119842529297
105	4	972.1212768554688
105	5	999.4364624023438
105	6	1000.39111328125
105	7	885.4487915039062
105	8	999.8246459960938
106	0	943.4827270507812
106	1	996.5173950195312
106	2	975.7424926757812
106	3	999.5310668945312
106	4	977.2152709960938
106	5	998.9764404296875
106	6	204.6119842529297
106	7	974.7301025390625
106	8	992.919677734375
106	9	999.5802612304688
106	10	975.512939453125
106	11	999.3864135742188
107	0	997.1539306640625
107	1	996.4299926757812
107	2	204.6119842529297
107	3	975.1002807617188
107	4	998.9764404296875
107	5	999.4364624023438
107	6	977.2152709960938
107	7	990.7268676757812
107	8	920.636962890625
107	9	998.4029541015625
107	10	999.5802612304688
107	11	979.0648803710938
108	0	978.5079345703125
108	1	999.1372680664062
108	2	998.9764404296875
108	3	1000.2431640625
108	4	1014.3198852539062
108	5	204.6119842529297
108	6	997.0941772460938
108	7	992.919677734375
108	8	975.0064697265625
108	9	915.6201782226562
108	10	998.1687622070312
108	11	920.636962890625
108	12	999.68798828125
109	0	999.2496948242188
109	1	999.103759765625
109	2	1003.8533935546875
109	3	992.919677734375
109	4	997.7667846679688
109	5	1000.1129760742188
109	6	1003.8533935546875
109	7	204.6119842529297
109	8	974.8796997070312
109	9	993.8912963867188
109	10	997.1539306640625
109	11	999.5802612304688
109	12	998.4029541015625
109	13	975.512939453125
109	14	983.353759765625
110	0	972.1498413085938
110	1	998.943359375
110	2	1000.3505249023438
110	3	999.0556640625
110	4	998.833740234375
110	5	998.4744262695312
110	6	998.4744262695312
110	7	957.9379272460938
110	8	994.43212890625
110	9	183.03823852539062
110	10	1007.2013549804688
110	11	776.9944458007812
110	12	999.118896484375
110	13	996.5493774414062
110	14	943.2216186523438
111	0	897.5432739257812
111	1	998.943359375
111	2	1005.2138061523438
111	3	998.4744262695312
111	4	998.4744262695312
111	5	998.8963623046875
111	6	1000.34814453125
111	7	183.03823852539062
111	8	893.919189453125
111	9	970.8017578125
111	10	995.548583984375
111	11	998.4744262695312
112	0	998.173095703125
112	1	998.85009765625
112	2	970.5379638671875
112	3	995.5625610351562
112	4	992.0243530273438
112	5	997.5811767578125
112	6	192.1475830078125
112	7	990.7081909179688
112	8	995.5625610351562
112	9	994.9127197265625
112	10	998.7686767578125
112	11	995.5625610351562
113	0	996.2440795898438
113	1	991.6558837890625
113	2	997.017822265625
113	3	999.3970336914062
113	4	996.3165893554688
113	5	659.2653198242188
113	6	993.8707275390625
113	7	994.5787963867188
113	8	993.26904296875
113	9	993.8707275390625
113	10	988.8353271484375
113	11	1000.3698120117188
113	12	995.3036499023438
113	13	999.6036376953125
113	14	977.9617309570312
113	15	996.607421875
113	16	668.5255737304688
113	17	991.7816772460938
113	18	1001.0852661132812
113	19	988.369873046875
113	20	391.33294677734375
113	21	976.790283203125
113	22	982.55810546875
113	23	175.03695678710938
113	24	916.9745483398438
113	25	994.3456420898438
113	26	988.5603637695312
113	27	990.275146484375
113	28	846.0535278320312
114	0	966.4276123046875
114	1	995.5123291015625
114	2	974.9622802734375
114	3	997.5811767578125
114	4	989.6705322265625
114	5	192.1475830078125
114	6	995.5625610351562
114	7	999.0088500976562
114	8	998.093994140625
114	9	998.173095703125
114	10	995.5123291015625
114	11	973.5009765625
114	12	990.3154296875
115	0	990.785400390625
115	1	1000.5591430664062
115	2	177.6430206298828
115	3	920.1122436523438
115	4	1003.0916748046875
115	5	1000.3099975585938
115	6	1000.3099975585938
115	7	977.6714477539062
115	8	998.3916625976562
115	9	997.5023803710938
115	10	993.8984985351562
115	11	1000.8026123046875
116	0	981.7039794921875
116	1	999.0556640625
116	2	971.5368041992188
116	3	931.4462280273438
116	4	990.5523071289062
116	5	998.8798217773438
116	6	183.03823852539062
116	7	995.548583984375
116	8	987.8796997070312
116	9	1007.750244140625
116	10	1000.3505249023438
116	11	998.4744262695312
116	12	998.4744262695312
116	13	998.4744262695312
116	14	702.99560546875
116	15	993.2594604492188
117	0	987.8796997070312
117	1	1000.3505249023438
117	2	183.03823852539062
117	3	971.8750610351562
117	4	999.0921630859375
117	5	998.8963623046875
117	6	994.43212890625
117	7	997.3914794921875
117	8	998.833740234375
117	9	1000.8812866210938
117	10	998.833740234375
117	11	966.7974853515625
118	0	204.6119842529297
118	1	997.119140625
118	2	1000.2431640625
118	3	997.1539306640625
118	4	990.7268676757812
118	5	997.1539306640625
118	6	999.2496948242188
118	7	997.1539306640625
118	8	1076.8372802734375
118	9	999.103759765625
118	10	988.35400390625
118	11	971.7808227539062
118	12	999.8246459960938
118	13	977.843017578125
118	14	1000.6430053710938
118	15	766.7269287109375
118	16	983.9529418945312
118	17	749.1056518554688
119	0	989.9049072265625
119	1	977.2152709960938
119	2	1000.8187255859375
119	3	997.1539306640625
119	4	999.2496948242188
119	5	1000.2431640625
119	6	204.6119842529297
119	7	997.1539306640625
119	8	994.4160766601562
119	9	997.1539306640625
119	10	999.103759765625
119	11	975.3994750976562
120	0	183.03823852539062
120	1	998.6787719726562
120	2	995.0150146484375
120	3	891.1368408203125
120	4	998.8963623046875
120	5	1000.3505249023438
120	6	998.8798217773438
120	7	998.4744262695312
120	8	971.5368041992188
120	9	1007.750244140625
120	10	987.65380859375
120	11	998.4744262695312
120	12	998.4744262695312
120	13	617.3308715820312
120	14	999.4722900390625
120	15	979.7316284179688
120	16	954.4857177734375
120	17	1001.9278564453125
120	18	996.7147827148438
120	19	987.7190551757812
121	0	995.0150146484375
121	1	959.7635498046875
121	2	999.2545776367188
121	3	183.03823852539062
121	4	986.8278198242188
121	5	991.2325439453125
121	6	1001.5827026367188
121	7	984.62158203125
121	8	985.1657104492188
121	9	1056.6895751953125
121	10	937.833740234375
121	11	998.833740234375
121	12	997.3914794921875
121	13	1000.3505249023438
121	14	971.8750610351562
121	15	998.8963623046875
121	16	1006.2955322265625
121	17	998.4744262695312
121	18	987.65380859375
121	19	727.0841674804688
122	0	204.6119842529297
122	1	992.890380859375
122	2	999.68798828125
122	3	991.7645263671875
122	4	1020.5848388671875
122	5	999.2496948242188
122	6	975.1002807617188
122	7	997.1539306640625
122	8	1000.2431640625
122	9	999.103759765625
122	10	997.0941772460938
122	11	997.1539306640625
122	12	988.6224975585938
122	13	1000.2698364257812
122	14	992.6642456054688
122	15	987.9210815429688
122	16	782.9368286132812
122	17	981.0215454101562
122	18	984.9168701171875
122	19	939.564208984375
123	0	991.1442260742188
123	1	999.2545776367188
123	2	993.3406372070312
123	3	183.03823852539062
123	4	999.0921630859375
123	5	986.8861083984375
123	6	1000.3505249023438
123	7	999.0556640625
123	8	998.833740234375
123	9	998.4744262695312
123	10	998.4744262695312
123	11	971.5368041992188
123	12	1003.07763671875
123	13	984.1381225585938
123	14	992.2825317382812
123	15	984.62158203125
123	16	979.87548828125
123	17	774.1441650390625
123	18	1057.6767578125
123	19	936.8526000976562
124	0	995.548583984375
124	1	999.118896484375
124	2	972.6293334960938
124	3	183.03823852539062
124	4	999.0921630859375
124	5	785.9066162109375
124	6	1060.830322265625
124	7	987.8796997070312
124	8	1000.3505249023438
124	9	998.4744262695312
124	10	1007.2013549804688
124	11	999.0556640625
124	12	998.833740234375
124	13	998.4744262695312
124	14	970.8017578125
124	15	992.38525390625
124	16	984.1381225585938
124	17	982.9742431640625
124	18	984.62158203125
124	19	936.8526000976562
125	0	999.2545776367188
125	1	991.8314208984375
125	2	969.7030029296875
125	3	183.03823852539062
125	4	785.9066162109375
125	5	998.8798217773438
125	6	986.8278198242188
125	7	988.7565307617188
125	8	989.2225341796875
125	9	1006.2955322265625
125	10	998.4744262695312
125	11	971.5368041992188
125	12	997.0941772460938
125	13	998.8963623046875
125	14	998.4744262695312
125	15	1000.2431640625
125	16	984.7987060546875
125	17	935.7737426757812
125	18	983.958251953125
125	19	1022.8391723632812
126	0	994.4160766601562
126	1	999.5802612304688
126	2	992.8758544921875
126	3	204.6119842529297
126	4	1020.5848388671875
126	5	998.8927001953125
126	6	987.9210815429688
126	7	992.6642456054688
126	8	1000.1129760742188
126	9	974.7301025390625
126	10	997.0941772460938
126	11	999.4078979492188
126	12	997.0941772460938
126	13	988.6224975585938
126	14	998.9764404296875
126	15	997.0941772460938
126	16	979.431884765625
126	17	985.3367919921875
126	18	940.88427734375
126	19	735.5565185546875
126	20	892.8938598632812
126	21	983.7620849609375
126	22	994.272705078125
126	23	987.0949096679688
127	0	939.1395874023438
127	1	967.59912109375
127	2	743.3998413085938
127	3	987.2330322265625
127	4	980.5800170898438
127	5	999.2545776367188
127	6	995.548583984375
127	7	183.03823852539062
128	0	957.2998046875
128	1	973.297119140625
128	2	943.9901123046875
128	3	987.5263061523438
128	4	994.43212890625
128	5	183.03823852539062
128	6	999.118896484375
128	7	975.9022216796875
129	0	943.9901123046875
129	1	974.4557495117188
129	2	987.5263061523438
129	3	976.1302490234375
129	4	976.971923828125
129	5	999.2545776367188
129	6	993.3406372070312
129	7	183.03823852539062
130	0	743.3998413085938
130	1	990.0271606445312
130	2	971.8753662109375
130	3	895.7036743164062
130	4	995.548583984375
130	5	183.03823852539062
130	6	999.2545776367188
130	7	980.5800170898438
131	0	918.2952880859375
131	1	977.5349731445312
131	2	974.3524780273438
131	3	988.4844360351562
131	4	973.4544677734375
131	5	204.6119842529297
131	6	993.232421875
131	7	999.68798828125
132	0	968.969970703125
132	1	994.5853271484375
132	2	988.4844360351562
132	3	976.7572021484375
132	4	204.6119842529297
132	5	990.7268676757812
132	6	999.5802612304688
132	7	959.771484375
133	0	948.0709838867188
133	1	971.2535400390625
133	2	992.3533325195312
133	3	959.0892333984375
133	4	743.3998413085938
133	5	990.4789428710938
133	6	870.03662109375
133	7	909.9710693359375
134	0	950.4175415039062
134	1	942.040283203125
134	2	991.47802734375
134	3	949.1591796875
134	4	192.1475830078125
134	5	997.787353515625
134	6	992.1760864257812
134	7	950.646240234375
135	0	973.297119140625
135	1	988.9960327148438
135	2	743.3998413085938
135	3	960.615234375
135	4	973.3078002929688
135	5	995.548583984375
135	6	999.2545776367188
135	7	183.03823852539062
136	0	955.8973999023438
136	1	899.3176879882812
136	2	990.0271606445312
136	3	974.4557495117188
136	4	183.03823852539062
136	5	999.2545776367188
136	6	995.548583984375
136	7	977.3880004882812
137	0	994.9531860351562
137	1	871.6727905273438
137	2	990.60546875
137	3	975.7971801757812
137	4	204.6119842529297
137	5	999.68798828125
137	6	991.7645263671875
137	7	973.4544677734375
138	0	998.5737915039062
138	1	987.3463745117188
138	2	987.3463745117188
138	3	895.7036743164062
138	4	975.9022216796875
138	5	708.270751953125
138	6	864.4888305664062
139	0	987.3507080078125
139	1	966.2257690429688
139	2	876.3862915039062
139	3	977.2152709960938
139	4	972.9535522460938
139	5	192.1475830078125
139	6	999.5802612304688
139	7	990.7081909179688
140	0	975.3456420898438
140	1	992.3533325195312
140	2	973.5780029296875
140	3	709.1964111328125
140	4	183.03823852539062
140	5	995.7267456054688
140	6	999.2545776367188
140	7	950.2626342773438
141	0	970.7835693359375
141	1	994.1016845703125
141	2	987.3507080078125
141	3	767.5140380859375
141	4	966.9946899414062
141	5	998.6810302734375
141	6	192.1475830078125
141	7	990.7081909179688
142	0	992.343994140625
142	1	652.5640258789062
142	2	994.4346313476562
142	3	995.9805908203125
142	4	999.6653442382812
142	5	192.1475830078125
142	6	995.9805908203125
142	7	996.2611694335938
142	8	1001.8543701171875
142	9	995.9805908203125
142	10	987.7180786132812
142	11	990.7081909179688
142	12	998.6810302734375
142	13	990.7694091796875
142	14	897.9812622070312
142	15	994.5584716796875
143	0	988.8827514648438
143	1	998.4744262695312
143	2	998.833740234375
143	3	995.1087646484375
143	4	1003.4065551757812
143	5	1000.34814453125
143	6	998.4744262695312
143	7	973.5780029296875
143	8	998.943359375
143	9	999.0556640625
143	10	183.03823852539062
143	11	972.2656860351562
143	12	995.0150146484375
143	13	985.1657104492188
144	0	972.6293334960938
144	1	990.740234375
144	2	903.1886596679688
144	3	586.8547973632812
144	4	972.4548950195312
144	5	995.7267456054688
144	6	183.03823852539062
144	7	998.6787719726562
145	0	183.03823852539062
145	1	987.25830078125
145	2	995.548583984375
145	3	999.0088500976562
145	4	970.5379638671875
145	5	998.1884765625
145	6	650.3694458007812
145	7	995.5625610351562
145	8	997.5811767578125
145	9	998.093994140625
145	10	995.5123291015625
145	11	995.5625610351562
145	12	999.2545776367188
145	13	979.7316284179688
145	14	999.5128784179688
145	15	760.4552612304688
146	0	957.9379272460938
146	1	720.6394653320312
146	2	987.3507080078125
146	3	977.4495849609375
146	4	183.03823852539062
146	5	995.7267456054688
146	6	999.2545776367188
146	7	973.5162963867188
147	0	994.3999633789062
147	1	869.0890502929688
147	2	666.4269409179688
147	3	944.6698608398438
147	4	975.9022216796875
147	5	999.118896484375
147	6	995.7267456054688
147	7	183.03823852539062
148	0	666.4269409179688
148	1	966.7974853515625
148	2	992.3533325195312
148	3	972.0313110351562
148	4	964.3612060546875
148	5	183.03823852539062
148	6	994.43212890625
148	7	999.2545776367188
149	0	666.4269409179688
149	1	959.0892333984375
149	2	990.0271606445312
149	3	974.972900390625
149	4	183.03823852539062
149	5	991.8314208984375
149	6	999.2545776367188
149	7	975.4822387695312
150	0	952.5155639648438
150	1	857.0828247070312
150	2	997.301513671875
150	3	884.950927734375
150	4	176.28036499023438
150	5	996.7650756835938
150	6	1000.5838623046875
150	7	985.6886596679688
151	0	741.19677734375
151	1	953.1605834960938
151	2	768.5405883789062
151	3	987.3507080078125
151	4	973.5162963867188
151	5	192.1475830078125
151	6	991.0419311523438
151	7	998.6810302734375
152	0	869.1178588867188
152	1	974.972900390625
152	2	668.8179931640625
152	3	987.0323486328125
152	4	980.5800170898438
152	5	999.118896484375
152	6	995.548583984375
152	7	183.03823852539062
153	0	892.9966430664062
153	1	986.6102294921875
153	2	999.5802612304688
153	3	882.2115478515625
153	4	693.8119506835938
153	5	961.0731811523438
153	6	858.5366821289062
153	7	991.9777221679688
153	8	204.6119842529297
153	9	449.934814453125
153	10	814.1026000976562
153	11	999.9352416992188
153	12	985.6484375
153	13	955.9990844726562
154	0	1004.4088134765625
154	1	995.2649536132812
154	2	956.8448486328125
154	3	969.09228515625
154	4	767.22021484375
154	5	999.4248657226562
154	6	857.75244140625
154	7	989.1359252929688
154	8	880.244873046875
154	9	880.98486328125
154	10	947.7868041992188
154	11	860.676513671875
154	12	817.51953125
154	13	999.68798828125
154	14	980.9296875
154	15	991.7645263671875
154	16	204.6119842529297
154	17	224.2998046875
155	0	790.151611328125
155	1	743.1417236328125
155	2	971.5194702148438
155	3	996.8551025390625
155	4	997.8181762695312
155	5	999.2420043945312
155	6	177.6430206298828
155	7	966.85791015625
156	0	994.6622314453125
156	1	993.2391967773438
156	2	993.2721557617188
156	3	944.0882568359375
156	4	758.782958984375
156	5	984.9513549804688
157	0	997.6834716796875
157	1	818.14990234375
157	2	981.8516235351562
157	3	663.6241455078125
157	4	957.2060546875
157	5	859.30029296875
157	6	819.8582153320312
157	7	993.9775390625
157	8	177.6430206298828
157	9	966.4390258789062
157	10	990.7406616210938
157	11	468.5632629394531
157	12	990.0094604492188
158	0	969.9302368164062
158	1	993.2727661132812
158	2	454.93988037109375
158	3	910.3770141601562
158	4	932.1814575195312
158	5	970.6253051757812
158	6	947.5473022460938
158	7	992.7783813476562
158	8	1006.769287109375
158	9	895.1378173828125
158	10	989.8675537109375
158	11	760.1138916015625
158	12	177.6430206298828
158	13	971.4049072265625
158	14	967.4717407226562
158	15	984.9502563476562
159	0	998.3491821289062
159	1	978.4661865234375
159	2	883.6002197265625
159	3	826.3200073242188
159	4	880.601318359375
159	5	964.3612060546875
159	6	747.0632934570312
160	0	997.83447265625
160	1	403.3020324707031
160	2	1003.6263427734375
160	3	1002.092041015625
160	4	998.2613525390625
160	5	1000.9775390625
160	6	770.8031005859375
160	7	996.3617553710938
160	8	994.9752807617188
160	9	979.3016357421875
160	10	995.0504760742188
160	11	996.309326171875
160	12	996.7758178710938
160	13	996.0958862304688
160	14	996.7758178710938
160	15	996.6444091796875
160	16	996.4884033203125
160	17	1002.1151733398438
160	18	989.7572021484375
160	19	979.0233764648438
160	20	1004.3161010742188
160	21	1003.5025634765625
160	22	1005.3429565429688
161	0	993.4607543945312
161	1	992.6914672851562
161	2	994.3729858398438
161	3	986.8615112304688
161	4	991.0250854492188
161	5	992.1988525390625
161	6	992.6914672851562
161	7	994.2921752929688
161	8	996.689453125
161	9	959.1892700195312
161	10	992.1988525390625
161	11	362.21832275390625
161	12	1012.4763793945312
161	13	884.88671875
161	14	614.3414306640625
161	15	981.6122436523438
161	16	943.2937622070312
161	17	997.2683715820312
161	18	923.91943359375
161	19	997.4251708984375
161	20	865.0770263671875
161	21	994.7633056640625
161	22	984.7445068359375
162	0	977.5117797851562
162	1	997.9007568359375
162	2	832.1318969726562
162	3	864.9918823242188
162	4	971.3760375976562
162	5	997.3513793945312
162	6	162.16578674316406
162	7	941.3091430664062
163	0	872.071044921875
163	1	971.2535400390625
163	2	858.8720092773438
163	3	988.9960327148438
163	4	999.2545776367188
163	5	183.03823852539062
163	6	995.548583984375
163	7	944.339111328125
164	0	848.5481567382812
164	1	183.03823852539062
164	2	999.2545776367188
164	3	995.548583984375
164	4	998.6578979492188
164	5	623.2230834960938
164	6	984.3435668945312
164	7	945.0242309570312
164	8	872.7374877929688
164	9	884.0645141601562
164	10	995.4851684570312
164	11	1000.8026123046875
164	12	936.3289794921875
164	13	988.451904296875
164	14	999.1358032226562
164	15	1003.0916748046875
164	16	1000.8026123046875
164	17	1000.8026123046875
164	18	990.96435546875
164	19	998.5536499023438
165	0	999.2545776367188
165	1	819.9092407226562
165	2	995.0150146484375
165	3	183.03823852539062
165	4	984.62158203125
165	5	984.7987060546875
165	6	998.8798217773438
165	7	937.833740234375
165	8	988.7565307617188
165	9	986.8278198242188
165	10	727.0841674804688
165	11	989.2225341796875
165	12	1007.2815551757812
165	13	1000.34814453125
165	14	997.3914794921875
165	15	970.8017578125
165	16	998.4744262695312
165	17	998.4744262695312
165	18	998.8963623046875
165	19	1056.140625
166	0	204.6119842529297
166	1	991.9777221679688
166	2	999.68798828125
166	3	914.4728393554688
166	4	742.1788330078125
166	5	999.2496948242188
166	6	997.0941772460938
166	7	997.0941772460938
166	8	1000.2427978515625
166	9	1000.1129760742188
166	10	997.0941772460938
166	11	999.103759765625
166	12	969.9530639648438
166	13	987.62890625
166	14	1021.0733032226562
166	15	985.3367919921875
166	16	990.8369750976562
166	17	989.0408325195312
166	18	980.6282958984375
166	19	939.993408203125
166	20	984.506591796875
166	21	895.12744140625
166	22	858.8081665039062
166	23	585.9911499023438
166	24	721.9417724609375
167	0	973.10009765625
167	1	880.1642456054688
167	2	677.2987060546875
167	3	991.043701171875
167	4	976.406494140625
167	5	192.1475830078125
167	6	998.6810302734375
167	7	990.7081909179688
168	0	987.2330322265625
168	1	1992.1365966796875
168	2	869.7447509765625
168	3	669.6668090820312
168	4	980.5800170898438
168	5	183.03823852539062
168	6	999.118896484375
168	7	995.548583984375
169	0	990.7406616210938
169	1	676.2479248046875
169	2	909.2218017578125
169	3	880.9512329101562
169	4	945.2489624023438
169	5	177.6430206298828
169	6	997.6834716796875
169	7	993.9775390625
170	0	998.6810302734375
170	1	969.87646484375
170	2	876.5780639648438
170	3	874.8634033203125
170	4	970.9442138671875
170	5	677.2987060546875
170	6	813.3628540039062
171	0	814.7595825195312
171	1	856.2504272460938
171	2	976.7498168945312
171	3	983.4412231445312
171	4	964.3612060546875
171	5	177.6430206298828
171	6	993.9775390625
171	7	999.2545776367188
172	0	210.95559692382812
172	1	677.0344848632812
172	2	992.0106201171875
172	3	855.53955078125
172	4	977.3377685546875
172	5	177.6430206298828
172	6	995.6633911132812
172	7	999.2420043945312
173	0	988.4844360351562
173	1	686.4715576171875
173	2	877.314453125
173	3	231.916015625
173	4	204.6119842529297
173	5	999.68798828125
173	6	991.7645263671875
173	7	977.2035522460938
174	0	863.8192749023438
174	1	669.402587890625
174	2	995.1388549804688
174	3	212.53427124023438
174	4	975.9022216796875
174	5	183.03823852539062
174	6	995.548583984375
174	7	999.5802612304688
175	0	879.5234375
175	1	967.9664306640625
175	2	815.7916870117188
175	3	875.3121337890625
175	4	686.4715576171875
175	5	975.9955444335938
175	6	998.6810302734375
175	7	989.6705322265625
175	8	192.1475830078125
175	9	443.96612548828125
175	10	899.5226440429688
175	11	996.5430297851562
175	12	887.0498046875
175	13	989.8207397460938
176	0	749.9378051757812
176	1	990.7406616210938
176	2	210.0594482421875
176	3	862.7161865234375
176	4	980.5800170898438
176	5	183.03823852539062
176	6	999.118896484375
176	7	994.43212890625
177	0	1002.1151733398438
177	1	866.6226806640625
177	2	1005.54150390625
177	3	161.09356689453125
177	4	996.7405395507812
177	5	974.649169921875
177	6	836.4935302734375
177	7	986.1070556640625
177	8	991.23974609375
177	9	995.681884765625
177	10	995.681884765625
177	11	995.3944702148438
177	12	994.3980712890625
177	13	981.2404174804688
177	14	995.5504760742188
177	15	988.431396484375
177	16	990.455078125
177	17	992.3257446289062
177	18	996.3585815429688
177	19	990.5020751953125
178	0	744.8571166992188
178	1	999.118896484375
178	2	183.03823852539062
178	3	991.8314208984375
178	4	983.958251953125
178	5	1057.6767578125
178	6	999.0921630859375
178	7	766.3374633789062
178	8	1002.1656494140625
178	9	998.8963623046875
178	10	971.94873046875
178	11	1000.3505249023438
178	12	998.833740234375
178	13	998.833740234375
178	14	987.8796997070312
178	15	998.833740234375
178	16	994.8497314453125
178	17	984.1381225585938
178	18	982.9742431640625
178	19	936.8526000976562
179	0	1005.7926025390625
179	1	891.8182373046875
179	2	887.2482299804688
179	3	891.7135009765625
179	4	693.2312622070312
179	5	970.5742797851562
179	6	1012.6286010742188
179	7	473.038330078125
179	8	161.09356689453125
179	9	1002.1151733398438
179	10	992.8948364257812
179	11	223.0150909423828
179	12	978.0681762695312
179	13	895.1564331054688
179	14	1001.6336059570312
179	15	986.8065795898438
180	0	878.8936157226562
180	1	872.68115234375
180	2	999.5802612304688
180	3	751.2337646484375
180	4	879.0079956054688
180	5	972.7314453125
180	6	969.165283203125
180	7	204.6119842529297
180	8	991.7645263671875
180	9	496.76495361328125
180	10	231.6613311767578
180	11	992.8718872070312
180	12	939.4323120117188
180	13	977.2656860351562
180	14	997.3211059570312
180	15	825.537841796875
181	0	878.1066284179688
181	1	991.3809814453125
181	2	672.9674072265625
181	3	231.6613311767578
181	4	972.6652221679688
181	5	990.7268676757812
181	6	204.6119842529297
181	7	999.5802612304688
182	0	231.6613311767578
182	1	874.7363891601562
182	2	878.5553588867188
182	3	988.2837524414062
182	4	204.6119842529297
182	5	999.68798828125
182	6	991.7645263671875
182	7	973.2158813476562
183	0	988.4844360351562
183	1	700.1539916992188
183	2	878.5553588867188
183	3	231.6613311767578
183	4	971.7412719726562
183	5	204.6119842529297
183	6	992.208251953125
183	7	999.5802612304688
184	0	877.1383056640625
184	1	883.8005981445312
184	2	999.68798828125
184	3	971.9469604492188
184	4	884.80615234375
184	5	700.1539916992188
184	6	978.3109130859375
184	7	476.6100769042969
184	8	906.6611328125
184	9	997.1141967773438
184	10	964.9566650390625
184	11	748.9920654296875
184	12	992.208251953125
184	13	204.6119842529297
185	0	977.2035522460938
185	1	969.24658203125
185	2	875.9876708984375
185	3	880.1148681640625
185	4	999.5802612304688
185	5	877.7813110351562
185	6	793.1407470703125
185	7	204.6119842529297
185	8	992.208251953125
185	9	484.10003662109375
185	10	909.1893310546875
185	11	997.3211059570312
185	12	969.4942016601562
185	13	825.537841796875
186	0	192.1475830078125
186	1	741.4019165039062
186	2	998.6787719726562
186	3	990.7081909179688
186	4	996.2943115234375
186	5	999.2630004882812
186	6	997.65185546875
186	7	982.2891235351562
186	8	990.6214599609375
186	9	990.3471069335938
186	10	990.553955078125
186	11	994.2855224609375
186	12	995.9805908203125
186	13	985.3815307617188
186	14	995.9805908203125
186	15	996.2680053710938
186	16	996.2611694335938
186	17	999.6653442382812
186	18	994.105712890625
186	19	767.7721557617188
187	0	756.6398315429688
187	1	995.9144287109375
187	2	282.3504333496094
187	3	1005.3429565429688
187	4	1000.9775390625
187	5	983.7667236328125
187	6	1003.4340209960938
187	7	991.7816772460938
187	8	946.8727416992188
187	9	984.9029541015625
187	10	985.3291625976562
187	11	992.0653686523438
187	12	1005.5146484375
187	13	990.7801513671875
187	14	993.8707275390625
187	15	987.1185302734375
187	16	993.8707275390625
187	17	994.5787963867188
187	18	999.953125
187	19	995.8618774414062
187	20	995.6085815429688
187	21	880.7293090820312
187	22	979.2072143554688
187	23	994.6884155273438
187	24	863.1201782226562
187	25	175.03695678710938
187	26	879.5843505859375
187	27	875.6173095703125
187	28	995.1449584960938
187	29	769.5067138671875
187	30	946.5507202148438
187	31	967.9143676757812
187	32	1006.3544921875
187	33	195.81838989257812
187	34	450.7857971191406
188	0	858.5580444335938
188	1	922.5632934570312
188	2	997.787353515625
188	3	883.657958984375
188	4	973.5162963867188
188	5	843.5985107421875
188	6	928.4893798828125
189	0	891.858642578125
189	1	999.2047119140625
189	2	971.7584228515625
189	3	1009.3067626953125
189	4	999.0902099609375
189	5	985.3826293945312
189	6	1000.7687377929688
189	7	999.0902099609375
189	8	1008.2505493164062
189	9	944.409912109375
189	10	996.4591064453125
189	11	944.5032348632812
189	12	964.7747192382812
189	13	1021.055908203125
189	14	992.3095092773438
189	15	986.4841918945312
189	16	991.0352172851562
189	17	350.744873046875
189	18	958.8310546875
189	19	992.4364013671875
189	20	959.395751953125
189	21	720.3450317382812
189	22	1000.7655029296875
189	23	999.0902099609375
189	24	848.3762817382812
189	25	996.982421875
189	26	162.16578674316406
189	27	936.9129638671875
189	28	936.7258911132812
189	29	999.4134521484375
189	30	981.4620361328125
189	31	662.3250122070312
189	32	935.9583129882812
190	0	999.2496948242188
190	1	949.9048461914062
190	2	1022.0840454101562
190	3	974.0383911132812
190	4	999.103759765625
190	5	1000.630859375
190	6	884.80615234375
190	7	204.6119842529297
190	8	1006.2938842773438
190	9	998.1124267578125
190	10	990.2861938476562
190	11	985.6941528320312
190	12	998.1124267578125
190	13	996.0342407226562
190	14	985.58154296875
190	15	721.8291015625
190	16	1011.1173706054688
190	17	998.1721801757812
190	18	982.628662109375
191	0	985.58154296875
191	1	999.3442993164062
191	2	985.3878173828125
191	3	1005.2506713867188
191	4	998.1124267578125
191	5	991.4420166015625
191	6	999.103759765625
191	7	996.093994140625
191	8	902.9954833984375
191	9	977.0189819335938
191	10	1000.630859375
191	11	998.1124267578125
191	12	211.8230438232422
192	0	922.1463623046875
192	1	973.6629028320312
192	2	971.5634155273438
192	3	1006.9613037109375
192	4	958.14453125
192	5	350.744873046875
192	6	1019.7570190429688
192	7	999.197265625
192	8	1008.524658203125
192	9	1000.544677734375
192	10	946.9013671875
192	11	581.6695556640625
192	12	961.4037475585938
192	13	999.04541015625
192	14	981.69287109375
192	15	1003.4098510742188
192	16	1013.8333740234375
192	17	1005.424560546875
192	18	1005.424560546875
192	19	944.409912109375
192	20	998.1591186523438
192	21	1006.3969116210938
192	22	992.3358764648438
192	23	983.42578125
192	24	1004.4285278320312
192	25	822.10400390625
192	26	163.52183532714844
193	0	999.2496948242188
193	1	805.3157958984375
193	2	975.1156005859375
193	3	1000.5711059570312
193	4	998.1721801757812
193	5	1005.2208251953125
193	6	998.1124267578125
193	7	996.0342407226562
193	8	211.8230438232422
193	9	998.9764404296875
193	10	993.4876708984375
193	11	766.4927368164062
193	12	984.9165649414062
193	13	933.529541015625
194	0	989.9183349609375
194	1	221.15345764160156
194	2	686.4715576171875
194	3	789.88720703125
194	4	989.9305419921875
194	5	178.70863342285156
194	6	199.010986328125
194	7	1001.6918334960938
194	8	976.7827758789062
195	0	210.0594482421875
195	1	860.435791015625
195	2	992.918212890625
195	3	675.9837036132812
195	4	201.4333953857422
195	5	182.83737182617188
195	6	997.55615234375
195	7	980.810302734375
195	8	957.2060546875
196	0	181.19412231445312
196	1	997.55615234375
196	2	975.5827026367188
196	3	859.9840698242188
196	4	182.83737182617188
196	5	947.688720703125
196	6	1000.9186401367188
196	7	1000.1324462890625
196	8	960.1619873046875
196	9	960.193603515625
196	10	714.5270385742188
196	11	991.0352172851562
196	12	986.4841918945312
196	13	997.0307006835938
196	14	999.04541015625
196	15	1008.2435913085938
196	16	990.7781982421875
196	17	997.191162109375
196	18	993.4765014648438
196	19	999.99755859375
196	20	999.04541015625
197	0	876.6331176757812
197	1	676.2479248046875
197	2	205.7805633544922
197	3	996.85888671875
197	4	998.6810302734375
197	5	197.34193420410156
197	6	970.8031005859375
197	7	201.4333953857422
197	8	970.6162109375
197	9	998.1884765625
197	10	948.8436279296875
197	11	1016.5806884765625
197	12	928.4550170898438
197	13	931.9261474609375
197	14	938.1136474609375
197	15	751.9520874023438
198	0	987.4937744140625
198	1	985.8029174804688
198	2	999.3442993164062
198	3	1001.799072265625
198	4	999.2500610351562
198	5	989.68115234375
198	6	1001.799072265625
198	7	211.8230438232422
198	8	990.846435546875
198	9	878.1066284179688
198	10	975.66796875
198	11	1006.3585205078125
198	12	997.5023803710938
198	13	1004.2577514648438
199	0	995.2649536132812
199	1	179.9033660888672
199	2	876.6782836914062
199	3	163.7687225341797
199	4	163.99127197265625
199	5	975.6854248046875
199	6	861.4635620117188
199	7	998.0560913085938
199	8	1000.833251953125
199	9	958.7047729492188
199	10	700.38720703125
199	11	958.50634765625
199	12	943.5459594726562
199	13	991.4082641601562
199	14	997.0307006835938
199	15	998.0493774414062
199	16	993.1047973632812
199	17	999.6618041992188
199	18	1007.203125
199	19	1000.6341552734375
199	20	999.04541015625
199	21	984.4262084960938
199	22	991.6757202148438
199	23	992.5069580078125
199	24	398.8155517578125
199	25	972.341796875
199	26	717.8321533203125
199	27	281.8143310546875
199	28	394.33502197265625
199	29	998.4231567382812
199	30	1007.8602905273438
199	31	833.6044921875
199	32	679.5928955078125
199	33	1014.2188110351562
199	34	990.6522827148438
200	0	997.55615234375
200	1	866.6865844726562
200	2	182.83737182617188
200	3	181.19412231445312
200	4	980.2313232421875
200	5	949.66552734375
200	6	998.3916625976562
200	7	957.1698608398438
200	8	958.3731079101562
200	9	987.2626342773438
200	10	987.6275634765625
200	11	1002.529296875
200	12	841.529296875
200	13	1002.2916870117188
200	14	999.2318115234375
200	15	994.8438110351562
200	16	1002.4443359375
200	17	1005.9327392578125
200	18	991.2726440429688
200	19	997.6296997070312
200	20	1004.7503662109375
200	21	990.6135864257812
200	22	871.730712890625
200	23	217.70172119140625
200	24	980.3935546875
201	0	222.95449829101562
201	1	987.3507080078125
201	2	877.8598022460938
201	3	677.2987060546875
201	4	197.34193420410156
201	5	974.2149047851562
201	6	998.6810302734375
201	7	201.4333953857422
201	8	853.0167846679688
202	0	222.95449829101562
202	1	677.2987060546875
202	2	993.3024291992188
202	3	835.6173706054688
202	4	998.6787719726562
202	5	197.34193420410156
202	6	970.8843994140625
202	7	201.4333953857422
202	8	587.8380126953125
203	0	987.4138793945312
203	1	482.5975341796875
203	2	996.8261108398438
203	3	942.5046997070312
203	4	872.119873046875
203	5	650.6856689453125
203	6	775.3956909179688
203	7	988.4405517578125
203	8	750.7610473632812
203	9	971.0499267578125
203	10	684.526123046875
203	11	877.2713012695312
203	12	225.37014770507812
203	13	997.9749145507812
203	14	200.1808624267578
203	15	203.94931030273438
203	16	999.8246459960938
203	17	980.7066040039062
203	18	985.1339721679688
204	0	792.5567626953125
204	1	222.95449829101562
204	2	877.8598022460938
204	3	992.1758422851562
204	4	972.8692016601562
204	5	201.4333953857422
204	6	197.34193420410156
204	7	998.6810302734375
204	8	976.406494140625
205	0	222.95449829101562
205	1	876.9584350585938
205	2	677.2987060546875
205	3	987.3507080078125
205	4	976.0703735351562
205	5	201.4333953857422
205	6	197.34193420410156
205	7	998.6787719726562
205	8	972.4827270507812
206	0	865.5635375976562
206	1	222.95449829101562
206	2	819.19921875
206	3	987.3507080078125
206	4	201.4333953857422
206	5	970.9752197265625
206	6	197.34193420410156
206	7	998.6810302734375
206	8	970.8031005859375
207	0	998.1785888671875
207	1	998.4660034179688
207	2	963.6613159179688
207	3	1008.9254760742188
207	4	995.8348999023438
207	5	993.3115844726562
207	6	1000.7609252929688
207	7	1006.0632934570312
207	8	1002.481201171875
207	9	149.13900756835938
207	10	1000.2921752929688
207	11	965.7728271484375
207	12	786.6786499023438
207	13	995.7743530273438
208	0	1047.7186279296875
208	1	995.8851318359375
208	2	890.5844116210938
208	3	990.150390625
208	4	766.7527465820312
208	5	967.1398315429688
208	6	995.03759765625
208	7	999.9352416992188
208	8	757.8800048828125
208	9	187.40049743652344
208	10	1001.4507446289062
208	11	981.69287109375
208	12	163.52183532714844
208	13	855.4108276367188
208	14	1013.6349487304688
208	15	999.197265625
208	16	1005.424560546875
208	17	1005.424560546875
208	18	997.7874145507812
208	19	1006.47314453125
208	20	1006.3969116210938
208	21	1003.5703125
208	22	1003.4098510742188
208	23	980.291259765625
208	24	985.4139404296875
208	25	997.7551879882812
208	26	992.3257446289062
208	27	604.5439453125
208	28	975.5758666992188
208	29	1005.8514404296875
208	30	969.5338745117188
208	31	692.9478149414062
208	32	219.6490478515625
208	33	997.0042114257812
208	34	961.4644165039062
208	35	932.6988525390625
208	36	932.6988525390625
208	37	938.4024047851562
208	38	998.732421875
209	0	998.173095703125
209	1	1024.4647216796875
209	2	997.70849609375
209	3	1005.3140258789062
209	4	999.3233032226562
209	5	994.452392578125
209	6	197.34193420410156
209	7	996.9148559570312
209	8	981.6436157226562
209	9	996.9148559570312
209	10	971.2318115234375
209	11	989.53125
209	12	893.7352294921875
209	13	937.1243286132812
210	0	996.4839477539062
210	1	938.4786987304688
210	2	998.779541015625
210	3	1003.0017700195312
210	4	987.475341796875
210	5	1003.6931762695312
210	6	1035.6806640625
210	7	998.295166015625
210	8	753.408203125
211	0	788.8005981445312
211	1	993.2435302734375
211	2	986.9505004882812
211	3	993.2989501953125
211	4	990.1310424804688
211	5	995.9501953125
211	6	946.4515380859375
211	7	990.9597778320312
211	8	1004.720458984375
211	9	958.5936279296875
211	10	994.1705932617188
212	0	783.8753051757812
212	1	982.722412109375
212	2	992.1088256835938
212	3	995.2158203125
212	4	997.7853393554688
212	5	994.8250122070312
212	6	989.4442749023438
212	7	997.8655395507812
212	8	964.8770141601562
212	9	969.5446166992188
212	10	872.314697265625
212	11	939.533935546875
212	12	985.994384765625
213	0	998.2202758789062
213	1	989.6396484375
213	2	970.6253051757812
213	3	192.4523468017578
213	4	705.9769287109375
213	5	821.3575439453125
214	0	922.2225952148438
214	1	767.22021484375
214	2	967.9163208007812
214	3	982.06689453125
214	4	983.0864868164062
214	5	690.9811401367188
214	6	1004.9651489257812
214	7	864.0728759765625
214	8	222.95449829101562
214	9	793.8782958984375
215	0	980.0308227539062
215	1	762.103515625
215	2	890.191650390625
215	3	974.5447998046875
215	4	983.4632568359375
215	5	179.37461853027344
215	6	977.0755615234375
215	7	872.9974365234375
215	8	166.0076446533203
215	9	980.611083984375
215	10	831.1431884765625
215	11	998.9579467773438
215	12	956.9834594726562
215	13	992.5069580078125
215	14	975.3988647460938
215	15	983.6509399414062
215	16	942.7842407226562
215	17	993.1604614257812
215	18	1000.410888671875
215	19	1008.3616333007812
215	20	996.943115234375
215	21	999.4385375976562
215	22	996.8074340820312
215	23	991.7884521484375
215	24	1000.054931640625
215	25	952.9050903320312
216	0	996.3414916992188
216	1	921.6693115234375
216	2	756.2874145507812
216	3	950.7083740234375
216	4	676.2479248046875
216	5	976.3475952148438
216	6	206.6934051513672
216	7	877.8598022460938
216	8	992.0106201171875
217	0	999.9839477539062
217	1	918.214599609375
217	2	962.6937866210938
217	3	972.6465454101562
217	4	206.6934051513672
217	5	835.4008178710938
217	6	998.5105590820312
217	7	762.9075317382812
217	8	174.0706329345703
217	9	971.5028076171875
217	10	967.542724609375
217	11	993.1321411132812
217	12	175.4793701171875
218	0	961.626708984375
218	1	1001.3488159179688
218	2	993.1469116210938
218	3	999.252197265625
218	4	998.2798461914062
218	5	879.0079956054688
218	6	995.5501098632812
218	7	992.7616577148438
218	8	1010.7064208984375
218	9	998.4119262695312
218	10	211.8230438232422
218	11	998.1055297851562
218	12	975.3840942382812
219	0	998.9081420898438
219	1	974.5931396484375
219	2	891.789794921875
219	3	917.73095703125
219	4	974.1185302734375
219	5	811.1668701171875
219	6	805.54541015625
219	7	201.75515747070312
219	8	998.22607421875
219	9	174.0706329345703
219	10	181.92453002929688
219	11	976.2207641601562
219	12	993.2594604492188
219	13	978.6016235351562
219	14	999.0733642578125
219	15	400.55499267578125
219	16	1006.7560424804688
219	17	998.0272216796875
219	18	989.8656005859375
219	19	1005.55712890625
219	20	985.9078369140625
219	21	1002.5960083007812
219	22	1003.591064453125
219	23	1001.0420532226562
219	24	1004.8553466796875
219	25	993.1505126953125
219	26	997.6259765625
219	27	930.2218017578125
219	28	936.7721557617188
219	29	1014.7828369140625
219	30	980.7914428710938
220	0	759.8118896484375
220	1	225.37014770507812
220	2	896.2628784179688
220	3	991.9474487304688
220	4	976.23486328125
220	5	203.94931030273438
220	6	200.1808624267578
220	7	999.8246459960938
220	8	975.659912109375
221	0	443.96612548828125
221	1	714.494384765625
221	2	974.0355224609375
221	3	859.8436889648438
221	4	943.5556640625
221	5	673.983642578125
221	6	991.043701171875
221	7	204.42913818359375
221	8	862.1430053710938
221	9	178.68089294433594
221	10	981.0081787109375
221	11	998.2351684570312
221	12	180.3241424560547
221	13	965.9713134765625
221	14	981.8156127929688
221	15	934.8831787109375
221	16	747.151611328125
222	0	1006.66650390625
222	1	424.2764892578125
222	2	993.6994018554688
222	3	939.71044921875
222	4	939.6635131835938
222	5	776.3703002929688
222	6	936.2889404296875
222	7	933.3587036132812
222	8	966.742919921875
222	9	937.4320068359375
222	10	916.1514892578125
222	11	793.2371215820312
222	12	808.029541015625
222	13	291.99774169921875
222	14	892.6512451171875
222	15	996.0970458984375
222	16	941.2756958007812
222	17	982.4598999023438
222	18	1020.6665649414062
222	19	1001.242431640625
222	20	1019.4027709960938
222	21	952.9326782226562
223	0	544.7134399414062
223	1	925.1807250976562
223	2	932.56640625
223	3	948.8707275390625
223	4	759.8118896484375
223	5	991.7074584960938
223	6	942.537109375
224	0	974.7945556640625
224	1	767.4146728515625
224	2	913.3780517578125
224	3	651.7679443359375
224	4	948.8060302734375
224	5	813.3558349609375
224	6	219.10147094726562
224	7	996.9409790039062
224	8	854.9072875976562
