43	0	0.5078279359617305
43	1	0.5078279359617305
43	2	0.5078279359617305
43	3	0.5078279359617305
43	4	0.5078279359617305
43	5	0.5078279359617305
43	6	0.5078279359617305
43	7	0.5078279359617305
43	8	0.5078279359617305
43	9	0.5078279359617305
43	10	0.5078279359617305
43	11	0.5078279359617305
43	12	0.5078279359617305
43	13	0.5078279359617305
43	14	0.5078279359617305
43	15	0.5078279359617305
43	16	0.5078279359617305
43	17	0.5078279359617305
43	18	0.5078279359617305
43	19	0.5078279359617305
43	20	0.5078279359617305
43	21	0.5078279359617305
43	22	0.5078279359617305
43	23	0.5078279359617305
43	24	0.5078279359617305
43	25	0.5078279359617305
43	26	0.5078279359617305
43	27	0.5078279359617305
43	28	0.5078279359617305
43	29	0.5078279359617305
43	30	0.5078279359617305
43	31	0.5078279359617305
43	32	0.5078279359617305
43	33	0.5078279359617305
43	34	0.5078279359617305
43	35	0.5078279359617305
43	36	0.5078279359617305
43	37	0.5078279359617305
43	38	0.5078279359617305
43	39	0.5078279359617305
43	40	0.5078279359617305
43	41	0.5078279359617305
43	42	0.5078279359617305
43	43	0.5078279359617305
43	44	0.5078279359617305
43	45	0.5078279359617305
43	46	0.5078279359617305
43	47	0.5078279359617305
43	48	0.5078279359617305
43	49	0.5078279359617305
43	50	0.5078279359617305
43	51	0.5078279359617305
43	52	0.5078279359617305
43	53	0.5078279359617305
43	54	0.5078279359617305
43	55	0.5078279359617305
43	56	0.5078279359617305
43	57	0.5078279359617305
43	58	0.5078279359617305
43	59	0.5078279359617305
43	60	0.5078279359617305
43	61	0.5078279359617305
43	62	0.5078279359617305
43	63	0.5078279359617305
43	64	0.5078279359617305
43	65	0.5078279359617305
43	66	0.5078279359617305
43	67	0.5078279359617305
43	68	0.5078279359617305
43	69	0.5078279359617305
43	70	0.5078279359617305
43	71	0.5078279359617305
44	0	0.5078279359617305
44	1	0.5078279359617305
44	2	0.5078279359617305
44	3	0.5078279359617305
44	4	0.5078279359617305
44	5	0.5078279359617305
44	6	0.5078279359617305
44	7	0.5078279359617305
44	8	0.5078279359617305
44	9	0.5078279359617305
44	10	0.5078279359617305
44	11	0.5078279359617305
44	12	0.5078279359617305
45	0	0.5078279359617305
45	1	0.5078279359617305
45	2	0.5078279359617305
45	3	0.5078279359617305
45	4	0.5078279359617305
45	5	0.5078279359617305
45	6	0.5078279359617305
45	7	0.5078279359617305
45	8	0.5078279359617305
45	9	0.5078279359617305
45	10	0.5078279359617305
45	11	0.5078279359617305
45	12	0.5078279359617305
45	13	0.5078279359617305
45	14	0.5078279359617305
45	15	0.5078279359617305
45	16	0.5078279359617305
45	17	0.5078279359617305
45	18	0.5078279359617305
45	19	0.5078279359617305
45	20	0.5078279359617305
45	21	0.5078279359617305
45	22	0.5078279359617305
45	23	0.5078279359617305
45	24	0.5078279359617305
45	25	0.5078279359617305
45	26	0.5078279359617305
45	27	0.5078279359617305
45	28	0.5078279359617305
45	29	0.5078279359617305
45	30	0.5078279359617305
45	31	0.5078279359617305
45	32	0.5078279359617305
45	33	0.5078279359617305
45	34	0.5078279359617305
45	35	0.5078279359617305
45	36	0.5078279359617305
45	37	0.5078279359617305
45	38	0.5078279359617305
45	39	0.5078279359617305
45	40	0.5078279359617305
46	0	0.5078279359617305
46	1	0.5078279359617305
46	2	0.5078279359617305
46	3	0.5078279359617305
46	4	0.5078279359617305
46	5	0.5078279359617305
46	6	0.5078279359617305
46	7	0.5078279359617305
46	8	0.5078279359617305
46	9	0.5078279359617305
46	10	0.5078279359617305
46	11	0.5078279359617305
46	12	0.5078279359617305
46	13	0.5078279359617305
46	14	0.5078279359617305
46	15	0.5078279359617305
46	16	0.5078279359617305
46	17	0.5078279359617305
46	18	0.5078279359617305
46	19	0.5078279359617305
46	20	0.5078279359617305
46	21	0.5078279359617305
46	22	0.5078279359617305
46	23	0.5078279359617305
46	24	0.5078279359617305
46	25	0.5078279359617305
46	26	0.5078279359617305
46	27	0.5078279359617305
46	28	0.5078279359617305
46	29	0.5078279359617305
46	30	0.5078279359617305
46	31	0.5078279359617305
46	32	0.5078279359617305
46	33	0.5078279359617305
46	34	0.5078279359617305
46	35	0.5078279359617305
46	36	0.5078279359617305
46	37	0.5078279359617305
46	38	0.5078279359617305
46	39	0.5078279359617305
46	40	0.5078279359617305
46	41	0.5078279359617305
46	42	0.5078279359617305
46	43	0.5078279359617305
46	44	0.5078279359617305
46	45	0.5078279359617305
46	46	0.5078279359617305
46	47	0.5078279359617305
46	48	0.5078279359617305
46	49	0.5078279359617305
46	50	0.5078279359617305
46	51	0.5078279359617305
46	52	0.5078279359617305
46	53	0.5078279359617305
46	54	0.5078279359617305
46	55	0.5078279359617305
46	56	0.5078279359617305
46	57	0.5078279359617305
46	58	0.5078279359617305
46	59	0.5078279359617305
46	60	0.5078279359617305
46	61	0.5078279359617305
46	62	0.5078279359617305
46	63	0.5078279359617305
46	64	0.5078279359617305
46	65	0.5078279359617305
46	66	0.5078279359617305
46	67	0.5078279359617305
46	68	0.5078279359617305
46	69	0.5078279359617305
46	70	0.5078279359617305
46	71	0.5078279359617305
47	0	0.5078279359617305
47	1	0.5078279359617305
47	2	0.5078279359617305
47	3	0.5078279359617305
47	4	0.5078279359617305
47	5	0.5078279359617305
47	6	0.5078279359617305
47	7	0.5078279359617305
47	8	0.5078279359617305
47	9	0.5078279359617305
47	10	0.5078279359617305
47	11	0.5078279359617305
47	12	0.5078279359617305
47	13	0.5078279359617305
47	14	0.5078279359617305
47	15	0.5078279359617305
47	16	0.5078279359617305
47	17	0.5078279359617305
47	18	0.5078279359617305
47	19	0.5078279359617305
47	20	0.5078279359617305
47	21	0.5078279359617305
47	22	0.5078279359617305
47	23	0.5078279359617305
47	24	0.5078279359617305
47	25	0.5078279359617305
47	26	0.5078279359617305
47	27	0.5078279359617305
47	28	0.5078279359617305
47	29	0.5078279359617305
47	30	0.5078279359617305
47	31	0.5078279359617305
47	32	0.5078279359617305
47	33	0.5078279359617305
47	34	0.5078279359617305
47	35	0.5078279359617305
47	36	0.5078279359617305
47	37	0.5078279359617305
47	38	0.5078279359617305
47	39	0.5078279359617305
47	40	0.5078279359617305
48	0	0.5078279359617305
48	1	0.5078279359617305
48	2	0.5078279359617305
48	3	0.5078279359617305
48	4	0.5078279359617305
48	5	0.5078279359617305
48	6	0.5078279359617305
48	7	0.5078279359617305
48	8	0.5078279359617305
48	9	0.5078279359617305
48	10	0.5078279359617305
48	11	0.5078279359617305
48	12	0.5078279359617305
48	13	0.5078279359617305
48	14	0.5078279359617305
48	15	0.5078279359617305
48	16	0.5078279359617305
48	17	0.5078279359617305
48	18	0.5078279359617305
48	19	0.5078279359617305
48	20	0.5078279359617305
48	21	0.5078279359617305
48	22	0.5078279359617305
48	23	0.5078279359617305
48	24	0.5078279359617305
48	25	0.5078279359617305
48	26	0.5078279359617305
48	27	0.5078279359617305
48	28	0.5078279359617305
48	29	0.5078279359617305
48	30	0.5078279359617305
48	31	0.5078279359617305
48	32	0.5078279359617305
48	33	0.5078279359617305
48	34	0.5078279359617305
48	35	0.5078279359617305
48	36	0.5078279359617305
48	37	0.5078279359617305
48	38	0.5078279359617305
48	39	0.5078279359617305
48	40	0.5078279359617305
48	41	0.5078279359617305
48	42	0.5078279359617305
48	43	0.5078279359617305
48	44	0.5078279359617305
48	45	0.5078279359617305
48	46	0.5078279359617305
48	47	0.5078279359617305
48	48	0.5078279359617305
48	49	0.5078279359617305
48	50	0.5078279359617305
48	51	0.5078279359617305
48	52	0.5078279359617305
48	53	0.5078279359617305
48	54	0.5078279359617305
48	55	0.5078279359617305
48	56	0.5078279359617305
48	57	0.5078279359617305
48	58	0.5078279359617305
48	59	0.5078279359617305
48	60	0.5078279359617305
48	61	0.5078279359617305
48	62	0.5078279359617305
48	63	0.5078279359617305
48	64	0.5078279359617305
48	65	0.5078279359617305
48	66	0.5078279359617305
48	67	0.5078279359617305
48	68	0.5078279359617305
48	69	0.5078279359617305
48	70	0.5078279359617305
48	71	0.5078279359617305
49	0	0.5078279359617305
49	1	0.5078279359617305
49	2	0.5078279359617305
49	3	0.5078279359617305
49	4	0.5078279359617305
49	5	0.5078279359617305
49	6	0.5078279359617305
49	7	0.5078279359617305
49	8	0.5078279359617305
49	9	0.5078279359617305
49	10	0.5078279359617305
49	11	0.5078279359617305
49	12	0.5078279359617305
49	13	0.5078279359617305
49	14	0.5078279359617305
49	15	0.5078279359617305
49	16	0.5078279359617305
50	0	0.5078279359617305
50	1	0.5078279359617305
50	2	0.5078279359617305
50	3	0.5078279359617305
50	4	0.5078279359617305
50	5	0.5078279359617305
50	6	0.5078279359617305
50	7	0.5078279359617305
50	8	0.5078279359617305
50	9	0.5078279359617305
50	10	0.5078279359617305
50	11	0.5078279359617305
50	12	0.5078279359617305
50	13	0.5078279359617305
50	14	0.5078279359617305
50	15	0.5078279359617305
50	16	0.5078279359617305
50	17	0.5078279359617305
50	18	0.5078279359617305
50	19	0.5078279359617305
50	20	0.5078279359617305
50	21	0.5078279359617305
50	22	0.5078279359617305
50	23	0.5078279359617305
50	24	0.5078279359617305
50	25	0.5078279359617305
50	26	0.5078279359617305
50	27	0.5078279359617305
50	28	0.5078279359617305
50	29	0.5078279359617305
50	30	0.5078279359617305
50	31	0.5078279359617305
50	32	0.5078279359617305
50	33	0.5078279359617305
50	34	0.5078279359617305
50	35	0.5078279359617305
50	36	0.5078279359617305
50	37	0.5078279359617305
50	38	0.5078279359617305
50	39	0.5078279359617305
50	40	0.5078279359617305
51	0	0.5078279359617305
51	1	0.5078279359617305
51	2	0.5078279359617305
51	3	0.5078279359617305
51	4	0.5078279359617305
51	5	0.5078279359617305
51	6	0.5078279359617305
51	7	0.5078279359617305
51	8	0.5078279359617305
51	9	0.5078279359617305
51	10	0.5078279359617305
51	11	0.5078279359617305
51	12	0.5078279359617305
51	13	0.5078279359617305
51	14	0.5078279359617305
51	15	0.5078279359617305
51	16	0.5078279359617305
51	17	0.5078279359617305
51	18	0.5078279359617305
51	19	0.5078279359617305
51	20	0.5078279359617305
51	21	0.5078279359617305
51	22	0.5078279359617305
51	23	0.5078279359617305
51	24	0.5078279359617305
51	25	0.5078279359617305
51	26	0.5078279359617305
51	27	0.5078279359617305
51	28	0.5078279359617305
51	29	0.5078279359617305
51	30	0.5078279359617305
51	31	0.5078279359617305
51	32	0.5078279359617305
51	33	0.5078279359617305
51	34	0.5078279359617305
51	35	0.5078279359617305
51	36	0.5078279359617305
51	37	0.5078279359617305
51	38	0.5078279359617305
51	39	0.5078279359617305
51	40	0.5078279359617305
52	0	0.5078279359617305
52	1	0.5078279359617305
52	2	0.5078279359617305
52	3	0.5078279359617305
52	4	0.5078279359617305
52	5	0.5078279359617305
52	6	0.5078279359617305
52	7	0.5078279359617305
52	8	0.5078279359617305
52	9	0.5078279359617305
52	10	0.5078279359617305
52	11	0.5078279359617305
52	12	0.5078279359617305
52	13	0.5078279359617305
52	14	0.5078279359617305
52	15	0.5078279359617305
52	16	0.5078279359617305
52	17	0.5078279359617305
52	18	0.5078279359617305
52	19	0.5078279359617305
52	20	0.5078279359617305
52	21	0.5078279359617305
52	22	0.5078279359617305
52	23	0.5078279359617305
52	24	0.5078279359617305
52	25	0.5078279359617305
52	26	0.5078279359617305
52	27	0.5078279359617305
52	28	0.5078279359617305
52	29	0.5078279359617305
52	30	0.5078279359617305
52	31	0.5078279359617305
52	32	0.5078279359617305
52	33	0.5078279359617305
52	34	0.5078279359617305
52	35	0.5078279359617305
52	36	0.5078279359617305
52	37	0.5078279359617305
52	38	0.5078279359617305
52	39	0.5078279359617305
52	40	0.5078279359617305
52	41	0.5078279359617305
52	42	0.5078279359617305
52	43	0.5078279359617305
52	44	0.5078279359617305
52	45	0.5078279359617305
52	46	0.5078279359617305
52	47	0.5078279359617305
52	48	0.5078279359617305
52	49	0.5078279359617305
52	50	0.5078279359617305
52	51	0.5078279359617305
52	52	0.5078279359617305
52	53	0.5078279359617305
52	54	0.5078279359617305
52	55	0.5078279359617305
52	56	0.5078279359617305
52	57	0.5078279359617305
52	58	0.5078279359617305
52	59	0.5078279359617305
52	60	0.5078279359617305
52	61	0.5078279359617305
52	62	0.5078279359617305
52	63	0.5078279359617305
52	64	0.5078279359617305
52	65	0.5078279359617305
52	66	0.5078279359617305
52	67	0.5078279359617305
52	68	0.5078279359617305
52	69	0.5078279359617305
53	0	0.5078279359617305
53	1	0.5078279359617305
53	2	0.5078279359617305
53	3	0.5078279359617305
53	4	0.5078279359617305
53	5	0.5078279359617305
53	6	0.5078279359617305
53	7	0.5078279359617305
53	8	0.5078279359617305
53	9	0.5078279359617305
53	10	0.5078279359617305
53	11	0.5078279359617305
53	12	0.5078279359617305
53	13	0.5078279359617305
53	14	0.5078279359617305
53	15	0.5078279359617305
53	16	0.5078279359617305
53	17	0.5078279359617305
53	18	0.5078279359617305
53	19	0.5078279359617305
53	20	0.5078279359617305
53	21	0.5078279359617305
53	22	0.5078279359617305
53	23	0.5078279359617305
53	24	0.5078279359617305
53	25	0.5078279359617305
53	26	0.5078279359617305
53	27	0.5078279359617305
53	28	0.5078279359617305
53	29	0.5078279359617305
53	30	0.5078279359617305
53	31	0.5078279359617305
53	32	0.5078279359617305
53	33	0.5078279359617305
53	34	0.5078279359617305
53	35	0.5078279359617305
53	36	0.5078279359617305
53	37	0.5078279359617305
53	38	0.5078279359617305
53	39	0.5078279359617305
53	40	0.5078279359617305
53	41	0.5078279359617305
53	42	0.5078279359617305
53	43	0.5078279359617305
53	44	0.5078279359617305
53	45	0.5078279359617305
53	46	0.5078279359617305
53	47	0.5078279359617305
53	48	0.5078279359617305
53	49	0.5078279359617305
53	50	0.5078279359617305
54	0	0.5078279359617305
54	1	0.5078279359617305
54	2	0.5078279359617305
54	3	0.5078279359617305
54	4	0.5078279359617305
54	5	0.5078279359617305
54	6	0.5078279359617305
54	7	0.5078279359617305
54	8	0.5078279359617305
54	9	0.5078279359617305
54	10	0.5078279359617305
54	11	0.5078279359617305
54	12	0.5078279359617305
54	13	0.5078279359617305
54	14	0.5078279359617305
54	15	0.5078279359617305
54	16	0.5078279359617305
54	17	0.5078279359617305
54	18	0.5078279359617305
54	19	0.5078279359617305
54	20	0.5078279359617305
54	21	0.5078279359617305
54	22	0.5078279359617305
54	23	0.5078279359617305
54	24	0.5078279359617305
54	25	0.5078279359617305
54	26	0.5078279359617305
54	27	0.5078279359617305
54	28	0.5078279359617305
54	29	0.5078279359617305
54	30	0.5078279359617305
54	31	0.5078279359617305
54	32	0.5078279359617305
54	33	0.5078279359617305
54	34	0.5078279359617305
54	35	0.5078279359617305
54	36	0.5078279359617305
54	37	0.5078279359617305
54	38	0.5078279359617305
54	39	0.5078279359617305
54	40	0.5078279359617305
54	41	0.5078279359617305
54	42	0.5078279359617305
54	43	0.5078279359617305
54	44	0.5078279359617305
54	45	0.5078279359617305
54	46	0.5078279359617305
54	47	0.5078279359617305
54	48	0.5078279359617305
54	49	0.5078279359617305
54	50	0.5078279359617305
55	0	0.5078279359617305
55	1	0.5078279359617305
55	2	0.5078279359617305
55	3	0.5078279359617305
55	4	0.5078279359617305
55	5	0.5078279359617305
55	6	0.5078279359617305
55	7	0.5078279359617305
55	8	0.5078279359617305
55	9	0.5078279359617305
55	10	0.5078279359617305
55	11	0.5078279359617305
55	12	0.5078279359617305
55	13	0.5078279359617305
55	14	0.5078279359617305
55	15	0.5078279359617305
55	16	0.5078279359617305
55	17	0.5078279359617305
55	18	0.5078279359617305
55	19	0.5078279359617305
55	20	0.5078279359617305
55	21	0.5078279359617305
55	22	0.5078279359617305
55	23	0.5078279359617305
55	24	0.5078279359617305
55	25	0.5078279359617305
55	26	0.5078279359617305
55	27	0.5078279359617305
55	28	0.5078279359617305
55	29	0.5078279359617305
55	30	0.5078279359617305
55	31	0.5078279359617305
55	32	0.5078279359617305
55	33	0.5078279359617305
55	34	0.5078279359617305
55	35	0.5078279359617305
55	36	0.5078279359617305
55	37	0.5078279359617305
55	38	0.5078279359617305
55	39	0.5078279359617305
55	40	0.5078279359617305
55	41	0.5078279359617305
55	42	0.5078279359617305
55	43	0.5078279359617305
55	44	0.5078279359617305
55	45	0.5078279359617305
55	46	0.5078279359617305
55	47	0.5078279359617305
55	48	0.5078279359617305
55	49	0.5078279359617305
55	50	0.5078279359617305
56	0	0.5078279359617305
56	1	0.5078279359617305
56	2	0.5078279359617305
56	3	0.5078279359617305
56	4	0.5078279359617305
56	5	0.5078279359617305
56	6	0.5078279359617305
56	7	0.5078279359617305
56	8	0.5078279359617305
56	9	0.5078279359617305
56	10	0.5078279359617305
56	11	0.5078279359617305
56	12	0.5078279359617305
56	13	0.5078279359617305
56	14	0.5078279359617305
56	15	0.5078279359617305
56	16	0.5078279359617305
56	17	0.5078279359617305
56	18	0.5078279359617305
56	19	0.5078279359617305
56	20	0.5078279359617305
56	21	0.5078279359617305
56	22	0.5078279359617305
56	23	0.5078279359617305
56	24	0.5078279359617305
56	25	0.5078279359617305
56	26	0.5078279359617305
56	27	0.5078279359617305
56	28	0.5078279359617305
56	29	0.5078279359617305
56	30	0.5078279359617305
56	31	0.5078279359617305
56	32	0.5078279359617305
56	33	0.5078279359617305
56	34	0.5078279359617305
56	35	0.5078279359617305
56	36	0.5078279359617305
56	37	0.5078279359617305
56	38	0.5078279359617305
56	39	0.5078279359617305
56	40	0.5078279359617305
56	41	0.5078279359617305
56	42	0.5078279359617305
56	43	0.5078279359617305
56	44	0.5078279359617305
56	45	0.5078279359617305
56	46	0.5078279359617305
56	47	0.5078279359617305
56	48	0.5078279359617305
56	49	0.5078279359617305
56	50	0.5078279359617305
57	0	0.5078279359617305
57	1	0.5078279359617305
57	2	0.5078279359617305
57	3	0.5078279359617305
57	4	0.5078279359617305
57	5	0.5078279359617305
57	6	0.5078279359617305
57	7	0.5078279359617305
57	8	0.5078279359617305
57	9	0.5078279359617305
57	10	0.5078279359617305
57	11	0.5078279359617305
57	12	0.5078279359617305
57	13	0.5078279359617305
57	14	0.5078279359617305
57	15	0.5078279359617305
57	16	0.5078279359617305
57	17	0.5078279359617305
57	18	0.5078279359617305
57	19	0.5078279359617305
57	20	0.5078279359617305
57	21	0.5078279359617305
57	22	0.5078279359617305
57	23	0.5078279359617305
57	24	0.5078279359617305
57	25	0.5078279359617305
57	26	0.5078279359617305
57	27	0.5078279359617305
57	28	0.5078279359617305
57	29	0.5078279359617305
57	30	0.5078279359617305
57	31	0.5078279359617305
57	32	0.5078279359617305
57	33	0.5078279359617305
57	34	0.5078279359617305
57	35	0.5078279359617305
57	36	0.5078279359617305
57	37	0.5078279359617305
57	38	0.5078279359617305
57	39	0.5078279359617305
57	40	0.5078279359617305
57	41	0.5078279359617305
57	42	0.5078279359617305
57	43	0.5078279359617305
57	44	0.5078279359617305
57	45	0.5078279359617305
57	46	0.5078279359617305
57	47	0.5078279359617305
57	48	0.5078279359617305
57	49	0.5078279359617305
57	50	0.5078279359617305
57	51	0.5078279359617305
57	52	0.5078279359617305
57	53	0.5078279359617305
57	54	0.5078279359617305
57	55	0.5078279359617305
57	56	0.5078279359617305
57	57	0.5078279359617305
57	58	0.5078279359617305
57	59	0.5078279359617305
58	0	0.5078279359617305
58	1	0.5078279359617305
58	2	0.5078279359617305
58	3	0.5078279359617305
58	4	0.5078279359617305
58	5	0.5078279359617305
58	6	0.5078279359617305
58	7	0.5078279359617305
58	8	0.5078279359617305
58	9	0.5078279359617305
58	10	0.5078279359617305
58	11	0.5078279359617305
58	12	0.5078279359617305
58	13	0.5078279359617305
58	14	0.5078279359617305
58	15	0.5078279359617305
58	16	0.5078279359617305
58	17	0.5078279359617305
58	18	0.5078279359617305
58	19	0.5078279359617305
58	20	0.5078279359617305
58	21	0.5078279359617305
58	22	0.5078279359617305
58	23	0.5078279359617305
58	24	0.5078279359617305
58	25	0.5078279359617305
58	26	0.5078279359617305
58	27	0.5078279359617305
58	28	0.5078279359617305
58	29	0.5078279359617305
58	30	0.5078279359617305
58	31	0.5078279359617305
58	32	0.5078279359617305
58	33	0.5078279359617305
58	34	0.5078279359617305
58	35	0.5078279359617305
58	36	0.5078279359617305
58	37	0.5078279359617305
58	38	0.5078279359617305
58	39	0.5078279359617305
58	40	0.5078279359617305
58	41	0.5078279359617305
58	42	0.5078279359617305
58	43	0.5078279359617305
58	44	0.5078279359617305
58	45	0.5078279359617305
58	46	0.5078279359617305
58	47	0.5078279359617305
58	48	0.5078279359617305
58	49	0.5078279359617305
58	50	0.5078279359617305
58	51	0.5078279359617305
58	52	0.5078279359617305
58	53	0.5078279359617305
58	54	0.5078279359617305
58	55	0.5078279359617305
58	56	0.5078279359617305
58	57	0.5078279359617305
58	58	0.5078279359617305
58	59	0.5078279359617305
58	60	0.5078279359617305
58	61	0.5078279359617305
58	62	0.5078279359617305
58	63	0.5078279359617305
58	64	0.5078279359617305
58	65	0.5078279359617305
58	66	0.5078279359617305
58	67	0.5078279359617305
58	68	0.5078279359617305
58	69	0.5078279359617305
58	70	0.5078279359617305
58	71	0.5078279359617305
58	72	0.5078279359617305
58	73	0.5078279359617305
58	74	0.5078279359617305
59	0	0.5078279359617305
59	1	0.5078279359617305
59	2	0.5078279359617305
59	3	0.5078279359617305
59	4	0.5078279359617305
59	5	0.5078279359617305
59	6	0.5078279359617305
59	7	0.5078279359617305
59	8	0.5078279359617305
59	9	0.5078279359617305
59	10	0.5078279359617305
59	11	0.5078279359617305
59	12	0.5078279359617305
59	13	0.5078279359617305
59	14	0.5078279359617305
59	15	0.5078279359617305
59	16	0.5078279359617305
59	17	0.5078279359617305
59	18	0.5078279359617305
59	19	0.5078279359617305
59	20	0.5078279359617305
59	21	0.5078279359617305
59	22	0.5078279359617305
59	23	0.5078279359617305
59	24	0.5078279359617305
59	25	0.5078279359617305
59	26	0.5078279359617305
59	27	0.5078279359617305
59	28	0.5078279359617305
59	29	0.5078279359617305
59	30	0.5078279359617305
59	31	0.5078279359617305
59	32	0.5078279359617305
59	33	0.5078279359617305
59	34	0.5078279359617305
59	35	0.5078279359617305
59	36	0.5078279359617305
59	37	0.5078279359617305
59	38	0.5078279359617305
59	39	0.5078279359617305
59	40	0.5078279359617305
59	41	0.5078279359617305
59	42	0.5078279359617305
59	43	0.5078279359617305
59	44	0.5078279359617305
59	45	0.5078279359617305
59	46	0.5078279359617305
59	47	0.5078279359617305
59	48	0.5078279359617305
59	49	0.5078279359617305
59	50	0.5078279359617305
59	51	0.5078279359617305
59	52	0.5078279359617305
59	53	0.5078279359617305
59	54	0.5078279359617305
59	55	0.5078279359617305
59	56	0.5078279359617305
59	57	0.5078279359617305
59	58	0.5078279359617305
59	59	0.5078279359617305
59	60	0.5078279359617305
59	61	0.5078279359617305
59	62	0.5078279359617305
59	63	0.5078279359617305
59	64	0.5078279359617305
59	65	0.5078279359617305
59	66	0.5078279359617305
59	67	0.5078279359617305
59	68	0.5078279359617305
59	69	0.5078279359617305
59	70	0.5078279359617305
59	71	0.5078279359617305
59	72	0.5078279359617305
59	73	0.5078279359617305
59	74	0.5078279359617305
60	0	0.5078279359617305
60	1	0.5078279359617305
60	2	0.5078279359617305
60	3	0.5078279359617305
60	4	0.5078279359617305
60	5	0.5078279359617305
60	6	0.5078279359617305
60	7	0.5078279359617305
60	8	0.5078279359617305
60	9	0.5078279359617305
60	10	0.5078279359617305
60	11	0.5078279359617305
60	12	0.5078279359617305
60	13	0.5078279359617305
60	14	0.5078279359617305
60	15	0.5078279359617305
60	16	0.5078279359617305
60	17	0.5078279359617305
60	18	0.5078279359617305
60	19	0.5078279359617305
60	20	0.5078279359617305
60	21	0.5078279359617305
60	22	0.5078279359617305
60	23	0.5078279359617305
60	24	0.5078279359617305
60	25	0.5078279359617305
60	26	0.5078279359617305
60	27	0.5078279359617305
60	28	0.5078279359617305
60	29	0.5078279359617305
60	30	0.5078279359617305
60	31	0.5078279359617305
60	32	0.5078279359617305
60	33	0.5078279359617305
60	34	0.5078279359617305
60	35	0.5078279359617305
60	36	0.5078279359617305
60	37	0.5078279359617305
60	38	0.5078279359617305
60	39	0.5078279359617305
60	40	0.5078279359617305
60	41	0.5078279359617305
60	42	0.5078279359617305
60	43	0.5078279359617305
60	44	0.5078279359617305
60	45	0.5078279359617305
60	46	0.5078279359617305
60	47	0.5078279359617305
60	48	0.5078279359617305
60	49	0.5078279359617305
60	50	0.5078279359617305
60	51	0.5078279359617305
60	52	0.5078279359617305
60	53	0.5078279359617305
60	54	0.5078279359617305
60	55	0.5078279359617305
60	56	0.5078279359617305
60	57	0.5078279359617305
60	58	0.5078279359617305
60	59	0.5078279359617305
60	60	0.5078279359617305
60	61	0.5078279359617305
60	62	0.5078279359617305
60	63	0.5078279359617305
60	64	0.5078279359617305
60	65	0.5078279359617305
60	66	0.5078279359617305
60	67	0.5078279359617305
60	68	0.5078279359617305
60	69	0.5078279359617305
60	70	0.5078279359617305
60	71	0.5078279359617305
60	72	0.5078279359617305
60	73	0.5078279359617305
60	74	0.5078279359617305
61	0	0.5078279359617305
61	1	0.5078279359617305
61	2	0.5078279359617305
61	3	0.5078279359617305
61	4	0.5078279359617305
61	5	0.5078279359617305
61	6	0.5078279359617305
61	7	0.5078279359617305
61	8	0.5078279359617305
61	9	0.5078279359617305
61	10	0.5078279359617305
61	11	0.5078279359617305
61	12	0.5078279359617305
61	13	0.5078279359617305
61	14	0.5078279359617305
61	15	0.5078279359617305
61	16	0.5078279359617305
61	17	0.5078279359617305
61	18	0.5078279359617305
61	19	0.5078279359617305
61	20	0.5078279359617305
61	21	0.5078279359617305
61	22	0.5078279359617305
61	23	0.5078279359617305
61	24	0.5078279359617305
61	25	0.5078279359617305
61	26	0.5078279359617305
61	27	0.5078279359617305
61	28	0.5078279359617305
61	29	0.5078279359617305
61	30	0.5078279359617305
61	31	0.5078279359617305
61	32	0.5078279359617305
61	33	0.5078279359617305
61	34	0.5078279359617305
61	35	0.5078279359617305
61	36	0.5078279359617305
61	37	0.5078279359617305
61	38	0.5078279359617305
61	39	0.5078279359617305
61	40	0.5078279359617305
61	41	0.5078279359617305
61	42	0.5078279359617305
61	43	0.5078279359617305
61	44	0.5078279359617305
61	45	0.5078279359617305
61	46	0.5078279359617305
61	47	0.5078279359617305
61	48	0.5078279359617305
61	49	0.5078279359617305
61	50	0.5078279359617305
61	51	0.5078279359617305
61	52	0.5078279359617305
61	53	0.5078279359617305
61	54	0.5078279359617305
61	55	0.5078279359617305
61	56	0.5078279359617305
61	57	0.5078279359617305
61	58	0.5078279359617305
61	59	0.5078279359617305
61	60	0.5078279359617305
61	61	0.5078279359617305
61	62	0.5078279359617305
61	63	0.5078279359617305
61	64	0.5078279359617305
61	65	0.5078279359617305
61	66	0.5078279359617305
61	67	0.5078279359617305
61	68	0.5078279359617305
61	69	0.5078279359617305
61	70	0.5078279359617305
61	71	0.5078279359617305
61	72	0.5078279359617305
61	73	0.5078279359617305
61	74	0.5078279359617305
62	0	0.5078279359617305
62	1	0.5078279359617305
62	2	0.5078279359617305
62	3	0.5078279359617305
62	4	0.5078279359617305
62	5	0.5078279359617305
62	6	0.5078279359617305
62	7	0.5078279359617305
62	8	0.5078279359617305
62	9	0.5078279359617305
62	10	0.5078279359617305
62	11	0.5078279359617305
62	12	0.5078279359617305
62	13	0.5078279359617305
62	14	0.5078279359617305
62	15	0.5078279359617305
62	16	0.5078279359617305
62	17	0.5078279359617305
62	18	0.5078279359617305
62	19	0.5078279359617305
62	20	0.5078279359617305
62	21	0.5078279359617305
62	22	0.5078279359617305
62	23	0.5078279359617305
62	24	0.5078279359617305
62	25	0.5078279359617305
62	26	0.5078279359617305
63	0	0.5078279359617305
63	1	0.5078279359617305
63	2	0.5078279359617305
63	3	0.5078279359617305
63	4	0.5078279359617305
63	5	0.5078279359617305
63	6	0.5078279359617305
63	7	0.5078279359617305
63	8	0.5078279359617305
63	9	0.5078279359617305
63	10	0.5078279359617305
63	11	0.5078279359617305
63	12	0.5078279359617305
63	13	0.5078279359617305
63	14	0.5078279359617305
63	15	0.5078279359617305
63	16	0.5078279359617305
63	17	0.5078279359617305
63	18	0.5078279359617305
63	19	0.5078279359617305
63	20	0.5078279359617305
63	21	0.5078279359617305
63	22	0.5078279359617305
63	23	0.5078279359617305
63	24	0.5078279359617305
63	25	0.5078279359617305
63	26	0.5078279359617305
63	27	0.5078279359617305
63	28	0.5078279359617305
63	29	0.5078279359617305
63	30	0.5078279359617305
63	31	0.5078279359617305
63	32	0.5078279359617305
63	33	0.5078279359617305
63	34	0.5078279359617305
63	35	0.5078279359617305
63	36	0.5078279359617305
63	37	0.5078279359617305
63	38	0.5078279359617305
63	39	0.5078279359617305
63	40	0.5078279359617305
63	41	0.5078279359617305
63	42	0.5078279359617305
63	43	0.5078279359617305
63	44	0.5078279359617305
63	45	0.5078279359617305
63	46	0.5078279359617305
63	47	0.5078279359617305
63	48	0.5078279359617305
63	49	0.5078279359617305
63	50	0.5078279359617305
63	51	0.5078279359617305
63	52	0.5078279359617305
64	0	0.5078279359617305
64	1	0.5078279359617305
64	2	0.5078279359617305
64	3	0.5078279359617305
64	4	0.5078279359617305
64	5	0.5078279359617305
64	6	0.5078279359617305
64	7	0.5078279359617305
64	8	0.5078279359617305
64	9	0.5078279359617305
64	10	0.5078279359617305
64	11	0.5078279359617305
64	12	0.5078279359617305
64	13	0.5078279359617305
64	14	0.5078279359617305
64	15	0.5078279359617305
64	16	0.5078279359617305
64	17	0.5078279359617305
64	18	0.5078279359617305
64	19	0.5078279359617305
64	20	0.5078279359617305
64	21	0.5078279359617305
64	22	0.5078279359617305
64	23	0.5078279359617305
64	24	0.5078279359617305
64	25	0.5078279359617305
64	26	0.5078279359617305
64	27	0.5078279359617305
64	28	0.5078279359617305
64	29	0.5078279359617305
64	30	0.5078279359617305
64	31	0.5078279359617305
64	32	0.5078279359617305
64	33	0.5078279359617305
64	34	0.5078279359617305
64	35	0.5078279359617305
64	36	0.5078279359617305
64	37	0.5078279359617305
64	38	0.5078279359617305
64	39	0.5078279359617305
64	40	0.5078279359617305
64	41	0.5078279359617305
64	42	0.5078279359617305
64	43	0.5078279359617305
64	44	0.5078279359617305
64	45	0.5078279359617305
64	46	0.5078279359617305
64	47	0.5078279359617305
64	48	0.5078279359617305
64	49	0.5078279359617305
64	50	0.5078279359617305
64	51	0.5078279359617305
64	52	0.5078279359617305
65	0	0.5078279359617305
65	1	0.5078279359617305
65	2	0.5078279359617305
65	3	0.5078279359617305
65	4	0.5078279359617305
65	5	0.5078279359617305
65	6	0.5078279359617305
65	7	0.5078279359617305
65	8	0.5078279359617305
65	9	0.5078279359617305
65	10	0.5078279359617305
65	11	0.5078279359617305
65	12	0.5078279359617305
65	13	0.5078279359617305
65	14	0.5078279359617305
65	15	0.5078279359617305
65	16	0.5078279359617305
65	17	0.5078279359617305
65	18	0.5078279359617305
65	19	0.5078279359617305
65	20	0.5078279359617305
65	21	0.5078279359617305
65	22	0.5078279359617305
65	23	0.5078279359617305
65	24	0.5078279359617305
65	25	0.5078279359617305
65	26	0.5078279359617305
65	27	0.5078279359617305
65	28	0.5078279359617305
65	29	0.5078279359617305
65	30	0.5078279359617305
65	31	0.5078279359617305
65	32	0.5078279359617305
65	33	0.5078279359617305
65	34	0.5078279359617305
65	35	0.5078279359617305
65	36	0.5078279359617305
65	37	0.5078279359617305
65	38	0.5078279359617305
65	39	0.5078279359617305
65	40	0.5078279359617305
65	41	0.5078279359617305
65	42	0.5078279359617305
65	43	0.5078279359617305
65	44	0.5078279359617305
65	45	0.5078279359617305
65	46	0.5078279359617305
65	47	0.5078279359617305
65	48	0.5078279359617305
65	49	0.5078279359617305
65	50	0.5078279359617305
65	51	0.5078279359617305
65	52	0.5078279359617305
66	0	0.5078279359617305
66	1	0.5078279359617305
66	2	0.5078279359617305
66	3	0.5078279359617305
66	4	0.5078279359617305
66	5	0.5078279359617305
66	6	0.5078279359617305
66	7	0.5078279359617305
66	8	0.5078279359617305
66	9	0.5078279359617305
66	10	0.5078279359617305
66	11	0.5078279359617305
66	12	0.5078279359617305
66	13	0.5078279359617305
66	14	0.5078279359617305
66	15	0.5078279359617305
66	16	0.5078279359617305
66	17	0.5078279359617305
66	18	0.5078279359617305
66	19	0.5078279359617305
66	20	0.5078279359617305
66	21	0.5078279359617305
66	22	0.5078279359617305
66	23	0.5078279359617305
66	24	0.5078279359617305
66	25	0.5078279359617305
66	26	0.5078279359617305
66	27	0.5078279359617305
66	28	0.5078279359617305
66	29	0.5078279359617305
66	30	0.5078279359617305
66	31	0.5078279359617305
66	32	0.5078279359617305
66	33	0.5078279359617305
66	34	0.5078279359617305
66	35	0.5078279359617305
66	36	0.5078279359617305
66	37	0.5078279359617305
66	38	0.5078279359617305
66	39	0.5078279359617305
66	40	0.5078279359617305
66	41	0.5078279359617305
66	42	0.5078279359617305
66	43	0.5078279359617305
66	44	0.5078279359617305
66	45	0.5078279359617305
66	46	0.5078279359617305
66	47	0.5078279359617305
66	48	0.5078279359617305
66	49	0.5078279359617305
66	50	0.5078279359617305
66	51	0.5078279359617305
66	52	0.5078279359617305
66	53	0.5078279359617305
66	54	0.5078279359617305
66	55	0.5078279359617305
66	56	0.5078279359617305
66	57	0.5078279359617305
66	58	0.5078279359617305
66	59	0.5078279359617305
66	60	0.5078279359617305
66	61	0.5078279359617305
66	62	0.5078279359617305
66	63	0.5078279359617305
66	64	0.5078279359617305
66	65	0.5078279359617305
66	66	0.5078279359617305
66	67	0.5078279359617305
67	0	0.5078279359617305
67	1	0.5078279359617305
67	2	0.5078279359617305
67	3	0.5078279359617305
67	4	0.5078279359617305
67	5	0.5078279359617305
67	6	0.5078279359617305
67	7	0.5078279359617305
67	8	0.5078279359617305
67	9	0.5078279359617305
67	10	0.5078279359617305
68	0	0.5078279359617305
68	1	0.5078279359617305
68	2	0.5078279359617305
68	3	0.5078279359617305
68	4	0.5078279359617305
68	5	0.5078279359617305
68	6	0.5078279359617305
68	7	0.5078279359617305
68	8	0.5078279359617305
68	9	0.5078279359617305
68	10	0.5078279359617305
68	11	0.5078279359617305
68	12	0.5078279359617305
68	13	0.5078279359617305
68	14	0.5078279359617305
68	15	0.5078279359617305
68	16	0.5078279359617305
68	17	0.5078279359617305
68	18	0.5078279359617305
68	19	0.5078279359617305
68	20	0.5078279359617305
68	21	0.5078279359617305
68	22	0.5078279359617305
68	23	0.5078279359617305
68	24	0.5078279359617305
68	25	0.5078279359617305
68	26	0.5078279359617305
68	27	0.5078279359617305
68	28	0.5078279359617305
68	29	0.5078279359617305
68	30	0.5078279359617305
68	31	0.5078279359617305
68	32	0.5078279359617305
68	33	0.5078279359617305
68	34	0.5078279359617305
68	35	0.5078279359617305
68	36	0.5078279359617305
68	37	0.5078279359617305
68	38	0.5078279359617305
68	39	0.5078279359617305
68	40	0.5078279359617305
68	41	0.5078279359617305
68	42	0.5078279359617305
68	43	0.5078279359617305
68	44	0.5078279359617305
68	45	0.5078279359617305
68	46	0.5078279359617305
68	47	0.5078279359617305
68	48	0.5078279359617305
68	49	0.5078279359617305
68	50	0.5078279359617305
68	51	0.5078279359617305
68	52	0.5078279359617305
68	53	0.5078279359617305
68	54	0.5078279359617305
68	55	0.5078279359617305
68	56	0.5078279359617305
68	57	0.5078279359617305
68	58	0.5078279359617305
68	59	0.5078279359617305
69	0	0.5078279359617305
69	1	0.5078279359617305
69	2	0.5078279359617305
69	3	0.5078279359617305
69	4	0.5078279359617305
69	5	0.5078279359617305
69	6	0.5078279359617305
69	7	0.5078279359617305
69	8	0.5078279359617305
69	9	0.5078279359617305
69	10	0.5078279359617305
69	11	0.5078279359617305
69	12	0.5078279359617305
69	13	0.5078279359617305
69	14	0.5078279359617305
69	15	0.5078279359617305
69	16	0.5078279359617305
69	17	0.5078279359617305
69	18	0.5078279359617305
69	19	0.5078279359617305
69	20	0.5078279359617305
69	21	0.5078279359617305
69	22	0.5078279359617305
69	23	0.5078279359617305
69	24	0.5078279359617305
69	25	0.5078279359617305
69	26	0.5078279359617305
69	27	0.5078279359617305
69	28	0.5078279359617305
69	29	0.5078279359617305
69	30	0.5078279359617305
69	31	0.5078279359617305
69	32	0.5078279359617305
69	33	0.5078279359617305
69	34	0.5078279359617305
69	35	0.5078279359617305
69	36	0.5078279359617305
69	37	0.5078279359617305
69	38	0.5078279359617305
69	39	0.5078279359617305
69	40	0.5078279359617305
69	41	0.5078279359617305
69	42	0.5078279359617305
69	43	0.5078279359617305
69	44	0.5078279359617305
69	45	0.5078279359617305
69	46	0.5078279359617305
69	47	0.5078279359617305
69	48	0.5078279359617305
69	49	0.5078279359617305
69	50	0.5078279359617305
69	51	0.5078279359617305
69	52	0.5078279359617305
69	53	0.5078279359617305
69	54	0.5078279359617305
69	55	0.5078279359617305
69	56	0.5078279359617305
69	57	0.5078279359617305
69	58	0.5078279359617305
69	59	0.5078279359617305
69	60	0.5078279359617305
69	61	0.5078279359617305
69	62	0.5078279359617305
69	63	0.5078279359617305
69	64	0.5078279359617305
69	65	0.5078279359617305
69	66	0.5078279359617305
69	67	0.5078279359617305
69	68	0.5078279359617305
69	69	0.5078279359617305
69	70	0.5078279359617305
69	71	0.5078279359617305
69	72	0.5078279359617305
69	73	0.5078279359617305
69	74	0.5078279359617305
69	75	0.5078279359617305
69	76	0.5078279359617305
69	77	0.5078279359617305
69	78	0.5078279359617305
69	79	0.5078279359617305
69	80	0.5078279359617305
69	81	0.5078279359617305
70	0	0.5078279359617305
70	1	0.5078279359617305
70	2	0.5078279359617305
70	3	0.5078279359617305
70	4	0.5078279359617305
70	5	0.5078279359617305
70	6	0.5078279359617305
70	7	0.5078279359617305
70	8	0.5078279359617305
70	9	0.5078279359617305
70	10	0.5078279359617305
70	11	0.5078279359617305
70	12	0.5078279359617305
70	13	0.5078279359617305
70	14	0.5078279359617305
70	15	0.5078279359617305
70	16	0.5078279359617305
70	17	0.5078279359617305
70	18	0.5078279359617305
70	19	0.5078279359617305
70	20	0.5078279359617305
70	21	0.5078279359617305
70	22	0.5078279359617305
70	23	0.5078279359617305
70	24	0.5078279359617305
70	25	0.5078279359617305
70	26	0.5078279359617305
70	27	0.5078279359617305
70	28	0.5078279359617305
70	29	0.5078279359617305
70	30	0.5078279359617305
70	31	0.5078279359617305
70	32	0.5078279359617305
70	33	0.5078279359617305
70	34	0.5078279359617305
70	35	0.5078279359617305
70	36	0.5078279359617305
70	37	0.5078279359617305
70	38	0.5078279359617305
70	39	0.5078279359617305
70	40	0.5078279359617305
70	41	0.5078279359617305
70	42	0.5078279359617305
70	43	0.5078279359617305
70	44	0.5078279359617305
70	45	0.5078279359617305
70	46	0.5078279359617305
70	47	0.5078279359617305
70	48	0.5078279359617305
70	49	0.5078279359617305
70	50	0.5078279359617305
70	51	0.5078279359617305
70	52	0.5078279359617305
70	53	0.5078279359617305
70	54	0.5078279359617305
70	55	0.5078279359617305
70	56	0.5078279359617305
70	57	0.5078279359617305
70	58	0.5078279359617305
70	59	0.5078279359617305
70	60	0.5078279359617305
70	61	0.5078279359617305
71	0	0.5078279359617305
71	1	0.5078279359617305
71	2	0.5078279359617305
71	3	0.5078279359617305
71	4	0.5078279359617305
71	5	0.5078279359617305
71	6	0.5078279359617305
71	7	0.5078279359617305
71	8	0.5078279359617305
71	9	0.5078279359617305
71	10	0.5078279359617305
71	11	0.5078279359617305
71	12	0.5078279359617305
71	13	0.5078279359617305
71	14	0.5078279359617305
71	15	0.5078279359617305
71	16	0.5078279359617305
71	17	0.5078279359617305
71	18	0.5078279359617305
71	19	0.5078279359617305
71	20	0.5078279359617305
71	21	0.5078279359617305
71	22	0.5078279359617305
71	23	0.5078279359617305
71	24	0.5078279359617305
71	25	0.5078279359617305
71	26	0.5078279359617305
71	27	0.5078279359617305
71	28	0.5078279359617305
71	29	0.5078279359617305
71	30	0.5078279359617305
71	31	0.5078279359617305
71	32	0.5078279359617305
71	33	0.5078279359617305
71	34	0.5078279359617305
71	35	0.5078279359617305
71	36	0.5078279359617305
71	37	0.5078279359617305
71	38	0.5078279359617305
71	39	0.5078279359617305
71	40	0.5078279359617305
71	41	0.5078279359617305
71	42	0.5078279359617305
71	43	0.5078279359617305
71	44	0.5078279359617305
71	45	0.5078279359617305
71	46	0.5078279359617305
71	47	0.5078279359617305
71	48	0.5078279359617305
71	49	0.5078279359617305
72	0	0.5078279359617305
72	1	0.5078279359617305
72	2	0.5078279359617305
72	3	0.5078279359617305
72	4	0.5078279359617305
72	5	0.5078279359617305
72	6	0.5078279359617305
72	7	0.5078279359617305
72	8	0.5078279359617305
72	9	0.5078279359617305
72	10	0.5078279359617305
72	11	0.5078279359617305
72	12	0.5078279359617305
72	13	0.5078279359617305
72	14	0.5078279359617305
72	15	0.5078279359617305
72	16	0.5078279359617305
72	17	0.5078279359617305
72	18	0.5078279359617305
72	19	0.5078279359617305
72	20	0.5078279359617305
72	21	0.5078279359617305
72	22	0.5078279359617305
72	23	0.5078279359617305
72	24	0.5078279359617305
72	25	0.5078279359617305
72	26	0.5078279359617305
72	27	0.5078279359617305
72	28	0.5078279359617305
72	29	0.5078279359617305
72	30	0.5078279359617305
72	31	0.5078279359617305
72	32	0.5078279359617305
72	33	0.5078279359617305
72	34	0.5078279359617305
72	35	0.5078279359617305
72	36	0.5078279359617305
72	37	0.5078279359617305
72	38	0.5078279359617305
72	39	0.5078279359617305
72	40	0.5078279359617305
72	41	0.5078279359617305
72	42	0.5078279359617305
72	43	0.5078279359617305
72	44	0.5078279359617305
72	45	0.5078279359617305
72	46	0.5078279359617305
72	47	0.5078279359617305
72	48	0.5078279359617305
72	49	0.5078279359617305
73	0	0.5078279359617305
73	1	0.5078279359617305
73	2	0.5078279359617305
73	3	0.5078279359617305
73	4	0.5078279359617305
73	5	0.5078279359617305
73	6	0.5078279359617305
73	7	0.5078279359617305
73	8	0.5078279359617305
73	9	0.5078279359617305
73	10	0.5078279359617305
73	11	0.5078279359617305
73	12	0.5078279359617305
73	13	0.5078279359617305
73	14	0.5078279359617305
73	15	0.5078279359617305
73	16	0.5078279359617305
73	17	0.5078279359617305
73	18	0.5078279359617305
73	19	0.5078279359617305
73	20	0.5078279359617305
73	21	0.5078279359617305
73	22	0.5078279359617305
73	23	0.5078279359617305
73	24	0.5078279359617305
73	25	0.5078279359617305
73	26	0.5078279359617305
73	27	0.5078279359617305
73	28	0.5078279359617305
73	29	0.5078279359617305
73	30	0.5078279359617305
73	31	0.5078279359617305
73	32	0.5078279359617305
73	33	0.5078279359617305
73	34	0.5078279359617305
73	35	0.5078279359617305
73	36	0.5078279359617305
73	37	0.5078279359617305
73	38	0.5078279359617305
73	39	0.5078279359617305
73	40	0.5078279359617305
73	41	0.5078279359617305
73	42	0.5078279359617305
73	43	0.5078279359617305
73	44	0.5078279359617305
73	45	0.5078279359617305
73	46	0.5078279359617305
73	47	0.5078279359617305
73	48	0.5078279359617305
73	49	0.5078279359617305
74	0	0.5078279359617305
74	1	0.5078279359617305
74	2	0.5078279359617305
74	3	0.5078279359617305
74	4	0.5078279359617305
74	5	0.5078279359617305
74	6	0.5078279359617305
74	7	0.5078279359617305
74	8	0.5078279359617305
74	9	0.5078279359617305
74	10	0.5078279359617305
74	11	0.5078279359617305
74	12	0.5078279359617305
74	13	0.5078279359617305
74	14	0.5078279359617305
74	15	0.5078279359617305
74	16	0.5078279359617305
74	17	0.5078279359617305
74	18	0.5078279359617305
74	19	0.5078279359617305
74	20	0.5078279359617305
75	0	0.5078279359617305
75	1	0.5078279359617305
75	2	0.5078279359617305
75	3	0.5078279359617305
75	4	0.5078279359617305
75	5	0.5078279359617305
75	6	0.5078279359617305
75	7	0.5078279359617305
75	8	0.5078279359617305
75	9	0.5078279359617305
75	10	0.5078279359617305
75	11	0.5078279359617305
75	12	0.5078279359617305
75	13	0.5078279359617305
75	14	0.5078279359617305
75	15	0.5078279359617305
75	16	0.5078279359617305
75	17	0.5078279359617305
75	18	0.5078279359617305
75	19	0.5078279359617305
