43	0	-3.289456844329834
43	1	-3.256410837173462
43	2	-3.205077886581421
43	3	-3.2576377391815186
43	4	-3.248636245727539
43	5	-3.2906839847564697
43	6	-2.772845983505249
43	7	-3.3614468574523926
43	8	-3.2654123306274414
43	9	-3.2654123306274414
43	10	-3.289456844329834
43	11	-3.2576377391815186
43	12	-2.772845983505249
43	13	-3.248636245727539
43	14	-2.772845983505249
43	15	-2.953721523284912
43	16	-2.772845983505249
43	17	-2.772845983505249
43	18	-3.2576377391815186
43	19	-3.2576377391815186
43	20	-3.256410837173462
43	21	-3.2984585762023926
43	22	-3.289456844329834
43	23	-2.772845983505249
43	24	-3.3451061248779297
43	25	-3.2576377391815186
43	26	-2.772845983505249
43	27	-3.2576377391815186
43	28	-2.7292873859405518
43	29	-3.248636245727539
43	30	-3.281682252883911
43	31	-3.2654123306274414
43	32	-2.7292873859405518
43	33	-3.2654123306274414
43	34	-2.7370619773864746
43	35	-2.7292873859405518
43	36	-2.772845983505249
43	37	-2.780620574951172
43	38	-2.7292873859405518
43	39	-3.289456844329834
43	40	-3.281682252883911
43	41	-2.772845983505249
43	42	-3.1476521492004395
43	43	-3.248636245727539
43	44	-2.772845983505249
43	45	-2.5920698642730713
43	46	-2.772845983505249
43	47	-3.289456844329834
43	48	-3.248636245727539
43	49	-2.772845983505249
43	50	-2.7292873859405518
43	51	-2.780620574951172
43	52	-3.205077886581421
43	53	-2.7292873859405518
43	54	-3.248636245727539
43	55	-3.256410837173462
43	56	-2.772845983505249
43	57	-2.7292873859405518
43	58	-2.772845983505249
43	59	-2.7292873859405518
43	60	-3.323991060256958
43	61	-2.7292873859405518
43	62	-2.772845983505249
43	63	-2.7292873859405518
43	64	-2.772845983505249
43	65	-2.7370619773864746
43	66	-2.772845983505249
43	67	-2.7292873859405518
43	68	-2.7292873859405518
43	69	-3.205077886581421
43	70	-2.772845983505249
43	71	-3.281682252883911
44	0	-2.772845983505249
44	1	-3.164716958999634
44	2	-2.772845983505249
44	3	-3.281682252883911
44	4	-3.256410837173462
44	5	-3.2906839847564697
44	6	-3.281682252883911
44	7	-3.300326347351074
44	8	-2.772845983505249
44	9	-3.2576377391815186
44	10	-3.1476521492004395
44	11	-2.7292873859405518
44	12	-3.2576377391815186
45	0	-3.2128524780273438
45	1	-3.2576377391815186
45	2	-3.289456844329834
45	3	-3.289456844329834
45	4	-2.772845983505249
45	5	-3.248636245727539
45	6	-3.2654123306274414
45	7	-3.281682252883911
45	8	-3.2906839847564697
45	9	-3.256410837173462
45	10	-3.281682252883911
45	11	-3.248636245727539
45	12	-2.772845983505249
45	13	-2.772845983505249
45	14	-3.3614468574523926
45	15	-2.7292873859405518
45	16	-2.7292873859405518
45	17	-3.2654123306274414
45	18	-3.178879499435425
45	19	-3.2984585762023926
45	20	-3.2654123306274414
45	21	-3.2576377391815186
45	22	-2.772845983505249
45	23	-3.2576377391815186
45	24	-3.256410837173462
45	25	-3.3578617572784424
45	26	-3.1476521492004395
45	27	-3.2576377391815186
45	28	-3.2576377391815186
45	29	-3.289456844329834
45	30	-2.7292873859405518
45	31	-3.248636245727539
45	32	-3.289456844329834
45	33	-3.248636245727539
45	34	-3.248636245727539
45	35	-3.289456844329834
45	36	-3.248636245727539
45	37	-2.7292873859405518
45	38	-2.7370619773864746
45	39	-3.248636245727539
45	40	-2.7292873859405518
46	0	-3.289456844329834
46	1	-3.256410837173462
46	2	-3.205077886581421
46	3	-3.2576377391815186
46	4	-2.7292873859405518
46	5	-3.2906839847564697
46	6	-3.3614468574523926
46	7	-3.248636245727539
46	8	-3.2654123306274414
46	9	-3.104182004928589
46	10	-3.289456844329834
46	11	-2.772845983505249
46	12	-3.2576377391815186
46	13	-3.2576377391815186
46	14	-3.289456844329834
46	15	-3.1476521492004395
46	16	-3.248636245727539
46	17	-2.772845983505249
46	18	-2.772845983505249
46	19	-2.7370619773864746
46	20	-3.2576377391815186
46	21	-2.772845983505249
46	22	-3.3578617572784424
46	23	-2.780620574951172
46	24	-2.7292873859405518
46	25	-3.256410837173462
46	26	-3.248636245727539
46	27	-3.2654123306274414
46	28	-2.772845983505249
46	29	-3.2576377391815186
46	30	-3.281682252883911
46	31	-2.772845983505249
46	32	-2.7292873859405518
46	33	-3.248636245727539
46	34	-3.289456844329834
46	35	-3.281682252883911
46	36	-3.248636245727539
46	37	-2.772845983505249
46	38	-3.2576377391815186
46	39	-2.772845983505249
46	40	-2.7292873859405518
46	41	-2.772845983505249
46	42	-3.289456844329834
46	43	-3.289456844329834
46	44	-2.772845983505249
46	45	-3.2984585762023926
46	46	-2.772845983505249
46	47	-2.772845983505249
46	48	-2.772845983505249
46	49	-3.2654123306274414
46	50	-2.780620574951172
46	51	-3.205077886581421
46	52	-2.7292873859405518
46	53	-3.256410837173462
46	54	-2.7292873859405518
46	55	-2.772845983505249
46	56	-3.248636245727539
46	57	-2.7292873859405518
46	58	-2.7292873859405518
46	59	-2.7292873859405518
46	60	-3.1476521492004395
46	61	-2.772845983505249
46	62	-2.7292873859405518
46	63	-2.7292873859405518
46	64	-2.772845983505249
46	65	-2.7292873859405518
46	66	-2.7370619773864746
46	67	-3.205077886581421
46	68	-2.7292873859405518
46	69	-2.7292873859405518
46	70	-3.281682252883911
46	71	-2.772845983505249
47	0	-3.256410837173462
47	1	-3.205077886581421
47	2	-3.289456844329834
47	3	-3.289456844329834
47	4	-2.772845983505249
47	5	-3.2576377391815186
47	6	-2.772845983505249
47	7	-3.248636245727539
47	8	-3.3614468574523926
47	9	-2.7292873859405518
47	10	-3.248636245727539
47	11	-3.256410837173462
47	12	-3.256410837173462
47	13	-3.300326347351074
47	14	-3.178879499435425
47	15	-3.248636245727539
47	16	-3.281682252883911
47	17	-3.289456844329834
47	18	-3.2576377391815186
47	19	-3.248636245727539
47	20	-3.2654123306274414
47	21	-3.281682252883911
47	22	-3.1476521492004395
47	23	-2.772845983505249
47	24	-3.289456844329834
47	25	-3.2576377391815186
47	26	-2.772845983505249
47	27	-3.248636245727539
47	28	-3.248636245727539
47	29	-2.7370619773864746
47	30	-2.7292873859405518
47	31	-3.2654123306274414
47	32	-2.772845983505249
47	33	-3.2984585762023926
47	34	-2.7292873859405518
47	35	-3.289456844329834
47	36	-3.2906839847564697
47	37	-2.772845983505249
47	38	-3.2576377391815186
47	39	-3.2576377391815186
47	40	-3.2654123306274414
48	0	-3.289456844329834
48	1	-3.256410837173462
48	2	-3.248636245727539
48	3	-3.2576377391815186
48	4	-3.2906839847564697
48	5	-2.7292873859405518
48	6	-3.248636245727539
48	7	-3.3614468574523926
48	8	-3.2654123306274414
48	9	-3.104182004928589
48	10	-3.2654123306274414
48	11	-3.2654123306274414
48	12	-2.772845983505249
48	13	-3.2576377391815186
48	14	-2.772845983505249
48	15	-3.2984585762023926
48	16	-3.2576377391815186
48	17	-2.7370619773864746
48	18	-2.7292873859405518
48	19	-2.772845983505249
48	20	-3.256410837173462
48	21	-3.248636245727539
48	22	-2.772845983505249
48	23	-2.772845983505249
48	24	-3.2576377391815186
48	25	-2.772845983505249
48	26	-3.289456844329834
48	27	-3.248636245727539
48	28	-2.772845983505249
48	29	-2.7292873859405518
48	30	-3.289456844329834
48	31	-2.772845983505249
48	32	-3.1476521492004395
48	33	-2.772845983505249
48	34	-3.248636245727539
48	35	-3.289456844329834
48	36	-2.772845983505249
48	37	-3.281682252883911
48	38	-3.281682252883911
48	39	-3.248636245727539
48	40	-3.289456844329834
48	41	-3.3578617572784424
48	42	-3.289456844329834
48	43	-2.772845983505249
48	44	-3.2576377391815186
48	45	-3.2576377391815186
48	46	-2.780620574951172
48	47	-2.7292873859405518
48	48	-2.772845983505249
48	49	-2.772845983505249
48	50	-3.248636245727539
48	51	-2.780620574951172
48	52	-2.7292873859405518
48	53	-2.7292873859405518
48	54	-2.772845983505249
48	55	-3.248636245727539
48	56	-2.772845983505249
48	57	-3.2128524780273438
48	58	-2.7292873859405518
48	59	-3.323991060256958
48	60	-2.7292873859405518
48	61	-2.7292873859405518
48	62	-2.7292873859405518
48	63	-2.7292873859405518
48	64	-2.7292873859405518
48	65	-2.7292873859405518
48	66	-3.205077886581421
48	67	-2.7370619773864746
48	68	-2.772845983505249
48	69	-2.7292873859405518
48	70	-3.281682252883911
48	71	-2.772845983505249
49	0	-3.3578617572784424
49	1	-3.289456844329834
49	2	-3.2654123306274414
49	3	-3.1476521492004395
49	4	-3.2576377391815186
49	5	-2.772845983505249
49	6	-3.2576377391815186
49	7	-3.2576377391815186
49	8	-3.256410837173462
49	9	-3.2576377391815186
49	10	-3.2984585762023926
49	11	-3.289456844329834
49	12	-2.780620574951172
49	13	-2.772845983505249
49	14	-2.772845983505249
49	15	-2.772845983505249
49	16	-2.772845983505249
50	0	-3.205077886581421
50	1	-3.289456844329834
50	2	-2.7292873859405518
50	3	-3.2576377391815186
50	4	-3.2128524780273438
50	5	-3.289456844329834
50	6	-3.2654123306274414
50	7	-3.256410837173462
50	8	-3.281682252883911
50	9	-3.2906839847564697
50	10	-3.238123893737793
50	11	-2.772845983505249
50	12	-3.248636245727539
50	13	-2.772845983505249
50	14	-3.289456844329834
50	15	-3.289456844329834
50	16	-3.2654123306274414
50	17	-3.2576377391815186
50	18	-2.7292873859405518
50	19	-3.3578617572784424
50	20	-3.178879499435425
50	21	-2.7292873859405518
50	22	-3.289456844329834
50	23	-2.7292873859405518
50	24	-3.205077886581421
50	25	-3.3614468574523926
50	26	-3.248636245727539
50	27	-3.248636245727539
50	28	-3.2984585762023926
50	29	-2.7292873859405518
50	30	-2.7370619773864746
50	31	-3.248636245727539
50	32	-3.248636245727539
50	33	-3.256410837173462
50	34	-2.7292873859405518
50	35	-3.2576377391815186
50	36	-3.1476521492004395
50	37	-3.2576377391815186
50	38	-3.2654123306274414
50	39	-3.2576377391815186
50	40	-2.772845983505249
51	0	-3.205077886581421
51	1	-2.772845983505249
51	2	-3.289456844329834
51	3	-3.256410837173462
51	4	-3.2576377391815186
51	5	-3.289456844329834
51	6	-3.248636245727539
51	7	-3.248636245727539
51	8	-2.7292873859405518
51	9	-3.289456844329834
51	10	-3.164716958999634
51	11	-2.7292873859405518
51	12	-3.2984585762023926
51	13	-3.289456844329834
51	14	-2.772845983505249
51	15	-2.772845983505249
51	16	-3.2906839847564697
51	17	-3.2654123306274414
51	18	-3.256410837173462
51	19	-3.2576377391815186
51	20	-3.248636245727539
51	21	-3.248636245727539
51	22	-3.2654123306274414
51	23	-2.7370619773864746
51	24	-3.256410837173462
51	25	-3.1476521492004395
51	26	-3.2576377391815186
51	27	-3.281682252883911
51	28	-3.3578617572784424
51	29	-3.281682252883911
51	30	-3.289456844329834
51	31	-2.7292873859405518
51	32	-2.772845983505249
51	33	-3.3614468574523926
51	34	-3.248636245727539
51	35	-2.772845983505249
51	36	-3.248636245727539
51	37	-2.772845983505249
51	38	-3.2576377391815186
51	39	-3.2576377391815186
51	40	-3.2654123306274414
52	0	-2.7370619773864746
52	1	-3.248636245727539
52	2	-2.7292873859405518
52	3	-2.7292873859405518
52	4	-3.289456844329834
52	5	-2.7292873859405518
52	6	-2.7370619773864746
52	7	-3.2128524780273438
52	8	-3.2984585762023926
52	9	-3.248636245727539
52	10	-2.7292873859405518
52	11	-3.2576377391815186
52	12	-3.289456844329834
52	13	-3.2576377391815186
52	14	-2.7292873859405518
52	15	-3.2576377391815186
52	16	-2.772845983505249
52	17	-3.289456844329834
52	18	-3.3614468574523926
52	19	-3.289456844329834
52	20	-3.205077886581421
52	21	-2.7292873859405518
52	22	-3.289456844329834
52	23	-2.7292873859405518
52	24	-3.248636245727539
52	25	-3.2654123306274414
52	26	-2.772845983505249
52	27	-2.772845983505249
52	28	-2.772845983505249
52	29	-3.248636245727539
52	30	-3.2654123306274414
52	31	-2.772845983505249
52	32	-3.256410837173462
52	33	-2.772845983505249
52	34	-2.772845983505249
52	35	-2.780620574951172
52	36	-3.248636245727539
52	37	-3.248636245727539
52	38	-2.772845983505249
52	39	-2.7292873859405518
52	40	-3.178879499435425
52	41	-2.7292873859405518
52	42	-3.281682252883911
52	43	-3.256410837173462
52	44	-3.281682252883911
52	45	-3.248636245727539
52	46	-2.772845983505249
52	47	-3.2906839847564697
52	48	-3.300326347351074
52	49	-3.256410837173462
52	50	-2.7370619773864746
52	51	-2.772845983505249
52	52	-2.7292873859405518
52	53	-3.2576377391815186
52	54	-3.1476521492004395
52	55	-3.2654123306274414
52	56	-3.2576377391815186
52	57	-3.289456844329834
52	58	-3.2576377391815186
52	59	-2.7292873859405518
52	60	-2.7292873859405518
52	61	-2.772845983505249
52	62	-2.772845983505249
52	63	-2.7292873859405518
52	64	-2.7292873859405518
52	65	-2.772845983505249
52	66	-2.7292873859405518
52	67	-2.7292873859405518
52	68	-2.772845983505249
52	69	-2.7292873859405518
53	0	-3.248636245727539
53	1	-3.3614468574523926
53	2	-3.205077886581421
53	3	-2.7370619773864746
53	4	-3.2654123306274414
53	5	-3.2576377391815186
53	6	-3.248636245727539
53	7	-3.289456844329834
53	8	-3.289456844329834
53	9	-3.164716958999634
53	10	-3.256410837173462
53	11	-2.7292873859405518
53	12	-3.2128524780273438
53	13	-3.281682252883911
53	14	-3.205077886581421
53	15	-3.2654123306274414
53	16	-2.772845983505249
53	17	-3.2576377391815186
53	18	-3.289456844329834
53	19	-3.289456844329834
53	20	-2.7292873859405518
53	21	-2.7370619773864746
53	22	-3.2906839847564697
53	23	-3.2576377391815186
53	24	-2.772845983505249
53	25	-3.2576377391815186
53	26	-3.1476521492004395
53	27	-3.2984585762023926
53	28	-3.281682252883911
53	29	-3.2576377391815186
53	30	-2.7292873859405518
53	31	-2.7292873859405518
53	32	-2.772845983505249
53	33	-2.772845983505249
53	34	-3.2576377391815186
53	35	-3.205077886581421
53	36	-3.289456844329834
53	37	-3.2654123306274414
53	38	-2.772845983505249
53	39	-3.300326347351074
53	40	-3.248636245727539
53	41	-3.248636245727539
53	42	-3.289456844329834
53	43	-2.772845983505249
53	44	-2.7292873859405518
53	45	-2.772845983505249
53	46	-3.289456844329834
53	47	-2.772845983505249
53	48	-2.780620574951172
53	49	-2.772845983505249
53	50	-2.772845983505249
54	0	-3.178879499435425
54	1	-3.281682252883911
54	2	-2.772845983505249
54	3	-2.772845983505249
54	4	-3.289456844329834
54	5	-3.256410837173462
54	6	-3.289456844329834
54	7	-3.289456844329834
54	8	-3.2906839847564697
54	9	-3.248636245727539
54	10	-3.2576377391815186
54	11	-2.772845983505249
54	12	-3.248636245727539
54	13	-3.2576377391815186
54	14	-3.248636245727539
54	15	-2.7292873859405518
54	16	-3.2576377391815186
54	17	-3.289456844329834
54	18	-2.772845983505249
54	19	-3.2576377391815186
54	20	-3.2654123306274414
54	21	-2.772845983505249
54	22	-3.289456844329834
54	23	-3.3614468574523926
54	24	-2.772845983505249
54	25	-3.2654123306274414
54	26	-2.7370619773864746
54	27	-3.2576377391815186
54	28	-3.256410837173462
54	29	-3.2576377391815186
54	30	-3.248636245727539
54	31	-3.2654123306274414
54	32	-3.1476521492004395
54	33	-2.7292873859405518
54	34	-3.2984585762023926
54	35	-3.281682252883911
54	36	-3.248636245727539
54	37	-2.780620574951172
54	38	-2.772845983505249
54	39	-3.248636245727539
54	40	-2.772845983505249
54	41	-3.289456844329834
54	42	-2.772845983505249
54	43	-3.3578617572784424
54	44	-2.780620574951172
54	45	-2.772845983505249
54	46	-3.248636245727539
54	47	-2.772845983505249
54	48	-2.7292873859405518
54	49	-3.289456844329834
54	50	-2.772845983505249
55	0	-2.772845983505249
55	1	-3.3614468574523926
55	2	-3.248636245727539
55	3	-3.2576377391815186
55	4	-3.256410837173462
55	5	-2.772845983505249
55	6	-3.2576377391815186
55	7	-3.205077886581421
55	8	-3.289456844329834
55	9	-3.2576377391815186
55	10	-2.7292873859405518
55	11	-2.772845983505249
55	12	-3.2576377391815186
55	13	-3.248636245727539
55	14	-3.2654123306274414
55	15	-3.2906839847564697
55	16	-3.289456844329834
55	17	-2.7292873859405518
55	18	-3.2576377391815186
55	19	-3.256410837173462
55	20	-3.2576377391815186
55	21	-3.248636245727539
55	22	-3.2654123306274414
55	23	-3.281682252883911
55	24	-3.2654123306274414
55	25	-2.7292873859405518
55	26	-3.289456844329834
55	27	-3.178879499435425
55	28	-3.281682252883911
55	29	-3.289456844329834
55	30	-2.780620574951172
55	31	-2.7370619773864746
55	32	-2.7292873859405518
55	33	-3.2984585762023926
55	34	-3.1476521492004395
55	35	-2.772845983505249
55	36	-3.289456844329834
55	37	-3.248636245727539
55	38	-3.248636245727539
55	39	-2.772845983505249
55	40	-3.3578617572784424
55	41	-2.772845983505249
55	42	-3.289456844329834
55	43	-3.248636245727539
55	44	-2.7292873859405518
55	45	-3.289456844329834
55	46	-2.772845983505249
55	47	-2.772845983505249
55	48	-2.780620574951172
55	49	-2.772845983505249
55	50	-2.772845983505249
56	0	-3.2984585762023926
56	1	-3.2576377391815186
56	2	-3.248636245727539
56	3	-3.2654123306274414
56	4	-3.256410837173462
56	5	-2.772845983505249
56	6	-3.256410837173462
56	7	-3.248636245727539
56	8	-3.2576377391815186
56	9	-2.7292873859405518
56	10	-3.281682252883911
56	11	-3.178879499435425
56	12	-3.289456844329834
56	13	-2.7370619773864746
56	14	-2.7292873859405518
56	15	-3.2576377391815186
56	16	-3.248636245727539
56	17	-3.2654123306274414
56	18	-2.772845983505249
56	19	-3.3614468574523926
56	20	-3.2576377391815186
56	21	-3.289456844329834
56	22	-2.772845983505249
56	23	-2.772845983505249
56	24	-2.7292873859405518
56	25	-3.289456844329834
56	26	-3.289456844329834
56	27	-3.2576377391815186
56	28	-3.289456844329834
56	29	-3.2576377391815186
56	30	-3.281682252883911
56	31	-3.205077886581421
56	32	-2.7370619773864746
56	33	-3.2906839847564697
56	34	-3.1476521492004395
56	35	-3.248636245727539
56	36	-2.7292873859405518
56	37	-3.2654123306274414
56	38	-2.772845983505249
56	39	-3.289456844329834
56	40	-3.3578617572784424
56	41	-2.772845983505249
56	42	-2.7292873859405518
56	43	-3.248636245727539
56	44	-3.248636245727539
56	45	-2.780620574951172
56	46	-2.772845983505249
56	47	-2.772845983505249
56	48	-3.289456844329834
56	49	-2.772845983505249
56	50	-2.772845983505249
57	0	-3.289456844329834
57	1	-3.289456844329834
57	2	-3.2906839847564697
57	3	-3.281682252883911
57	4	-2.7292873859405518
57	5	-3.248636245727539
57	6	-3.104182004928589
57	7	-3.289456844329834
57	8	-2.780620574951172
57	9	-2.772845983505249
57	10	-2.772845983505249
57	11	-3.248636245727539
57	12	-2.7292873859405518
57	13	-2.772845983505249
57	14	-2.772845983505249
57	15	-3.2576377391815186
57	16	-3.2984585762023926
57	17	-3.2576377391815186
57	18	-2.772845983505249
57	19	-3.2654123306274414
57	20	-3.1476521492004395
57	21	-3.2576377391815186
57	22	-3.248636245727539
57	23	-3.2576377391815186
57	24	-3.256410837173462
57	25	-3.289456844329834
57	26	-2.7292873859405518
57	27	-3.2576377391815186
57	28	-3.248636245727539
57	29	-3.248636245727539
57	30	-2.772845983505249
57	31	-2.772845983505249
57	32	-2.772845983505249
57	33	-2.772845983505249
57	34	-3.289456844329834
57	35	-3.3578617572784424
57	36	-2.772845983505249
57	37	-2.780620574951172
57	38	-3.2654123306274414
57	39	-3.205077886581421
57	40	-3.245898485183716
57	41	-2.7292873859405518
57	42	-2.772845983505249
57	43	-3.2576377391815186
57	44	-2.772845983505249
57	45	-3.3614468574523926
57	46	-2.772845983505249
57	47	-3.289456844329834
57	48	-3.281682252883911
57	49	-2.772845983505249
57	50	-3.205077886581421
57	51	-2.772845983505249
57	52	-3.248636245727539
57	53	-3.256410837173462
57	54	-2.7292873859405518
57	55	-2.7292873859405518
57	56	-3.2654123306274414
57	57	-2.7370619773864746
57	58	-2.772845983505249
57	59	-2.772845983505249
58	0	-3.289456844329834
58	1	-3.289456844329834
58	2	-3.2576377391815186
58	3	-3.3614468574523926
58	4	-3.2906839847564697
58	5	-3.248636245727539
58	6	-2.7292873859405518
58	7	-3.248636245727539
58	8	-3.2654123306274414
58	9	-3.104182004928589
58	10	-2.7292873859405518
58	11	-3.289456844329834
58	12	-3.289456844329834
58	13	-3.2576377391815186
58	14	-2.772845983505249
58	15	-2.772845983505249
58	16	-2.780620574951172
58	17	-3.248636245727539
58	18	-2.772845983505249
58	19	-3.2576377391815186
58	20	-2.772845983505249
58	21	-3.281682252883911
58	22	-3.2576377391815186
58	23	-3.2654123306274414
58	24	-3.256410837173462
58	25	-2.772845983505249
58	26	-3.2576377391815186
58	27	-3.2654123306274414
58	28	-2.7292873859405518
58	29	-3.248636245727539
58	30	-3.289456844329834
58	31	-3.1476521492004395
58	32	-2.7292873859405518
58	33	-2.772845983505249
58	34	-2.7370619773864746
58	35	-2.772845983505249
58	36	-3.281682252883911
58	37	-2.7292873859405518
58	38	-2.772845983505249
58	39	-3.2984585762023926
58	40	-3.289456844329834
58	41	-3.248636245727539
58	42	-2.772845983505249
58	43	-3.248636245727539
58	44	-2.772845983505249
58	45	-3.289456844329834
58	46	-2.772845983505249
58	47	-2.772845983505249
58	48	-3.3578617572784424
58	49	-3.2576377391815186
58	50	-2.7292873859405518
58	51	-2.780620574951172
58	52	-3.248636245727539
58	53	-2.7292873859405518
58	54	-3.248636245727539
58	55	-2.772845983505249
58	56	-2.7370619773864746
58	57	-3.248636245727539
58	58	-2.7292873859405518
58	59	-2.7292873859405518
58	60	-3.256410837173462
58	61	-2.7292873859405518
58	62	-2.7292873859405518
58	63	-2.7292873859405518
58	64	-2.772845983505249
58	65	-2.772845983505249
58	66	-2.772845983505249
58	67	-3.323991060256958
58	68	-2.7292873859405518
58	69	-2.7292873859405518
58	70	-2.7292873859405518
58	71	-3.205077886581421
58	72	-3.281682252883911
58	73	-2.772845983505249
58	74	-2.7292873859405518
59	0	-3.289456844329834
59	1	-3.289456844329834
59	2	-3.2576377391815186
59	3	-3.3614468574523926
59	4	-3.2906839847564697
59	5	-3.248636245727539
59	6	-2.7292873859405518
59	7	-3.205077886581421
59	8	-3.2654123306274414
59	9	-3.104182004928589
59	10	-2.7292873859405518
59	11	-3.1476521492004395
59	12	-3.256410837173462
59	13	-2.772845983505249
59	14	-2.772845983505249
59	15	-3.289456844329834
59	16	-2.772845983505249
59	17	-3.2576377391815186
59	18	-3.248636245727539
59	19	-2.7370619773864746
59	20	-3.2654123306274414
59	21	-2.7292873859405518
59	22	-3.2654123306274414
59	23	-3.289456844329834
59	24	-3.205077886581421
59	25	-3.2576377391815186
59	26	-2.772845983505249
59	27	-2.772845983505249
59	28	-3.2576377391815186
59	29	-3.289456844329834
59	30	-3.281682252883911
59	31	-3.248636245727539
59	32	-3.3578617572784424
59	33	-3.2576377391815186
59	34	-3.245898485183716
59	35	-2.772845983505249
59	36	-3.248636245727539
59	37	-3.289456844329834
59	38	-2.772845983505249
59	39	-2.7292873859405518
59	40	-3.2576377391815186
59	41	-3.238123893737793
59	42	-2.772845983505249
59	43	-2.772845983505249
59	44	-3.2984585762023926
59	45	-2.772845983505249
59	46	-2.780620574951172
59	47	-2.772845983505249
59	48	-2.772845983505249
59	49	-2.772845983505249
59	50	-2.7292873859405518
59	51	-2.780620574951172
59	52	-3.248636245727539
59	53	-3.205077886581421
59	54	-2.7292873859405518
59	55	-2.7292873859405518
59	56	-2.7292873859405518
59	57	-2.7292873859405518
59	58	-3.248636245727539
59	59	-3.2128524780273438
59	60	-2.7370619773864746
59	61	-2.7292873859405518
59	62	-2.7292873859405518
59	63	-2.7292873859405518
59	64	-2.772845983505249
59	65	-2.7292873859405518
59	66	-2.7292873859405518
59	67	-2.772845983505249
59	68	-2.7292873859405518
59	69	-3.323991060256958
59	70	-2.7292873859405518
59	71	-3.248636245727539
59	72	-2.772845983505249
59	73	-3.281682252883911
59	74	-2.7292873859405518
60	0	-3.289456844329834
60	1	-3.289456844329834
60	2	-3.2576377391815186
60	3	-2.7292873859405518
60	4	-3.248636245727539
60	5	-3.2906839847564697
60	6	-3.3614468574523926
60	7	-3.205077886581421
60	8	-3.2654123306274414
60	9	-3.104182004928589
60	10	-2.7292873859405518
60	11	-2.772845983505249
60	12	-3.289456844329834
60	13	-2.7370619773864746
60	14	-2.7292873859405518
60	15	-3.289456844329834
60	16	-3.281682252883911
60	17	-2.7292873859405518
60	18	-3.2984585762023926
60	19	-3.289456844329834
60	20	-2.772845983505249
60	21	-3.248636245727539
60	22	-3.248636245727539
60	23	-3.2576377391815186
60	24	-2.772845983505249
60	25	-2.772845983505249
60	26	-3.289456844329834
60	27	-2.772845983505249
60	28	-2.772845983505249
60	29	-2.772845983505249
60	30	-2.772845983505249
60	31	-3.205077886581421
60	32	-2.780620574951172
60	33	-2.772845983505249
60	34	-3.238123893737793
60	35	-3.3578617572784424
60	36	-3.2654123306274414
60	37	-3.2576377391815186
60	38	-3.2576377391815186
60	39	-3.248636245727539
60	40	-3.256410837173462
60	41	-2.772845983505249
60	42	-3.2576377391815186
60	43	-3.2576377391815186
60	44	-2.7292873859405518
60	45	-3.1476521492004395
60	46	-2.7292873859405518
60	47	-3.2654123306274414
60	48	-3.289456844329834
60	49	-2.7292873859405518
60	50	-3.248636245727539
60	51	-2.780620574951172
60	52	-2.7292873859405518
60	53	-3.205077886581421
60	54	-2.772845983505249
60	55	-2.7292873859405518
60	56	-3.2128524780273438
60	57	-3.248636245727539
60	58	-2.7292873859405518
60	59	-2.7292873859405518
60	60	-2.7292873859405518
60	61	-2.7370619773864746
60	62	-2.7292873859405518
60	63	-2.7292873859405518
60	64	-2.7292873859405518
60	65	-2.7292873859405518
60	66	-2.7292873859405518
60	67	-3.323991060256958
60	68	-2.7292873859405518
60	69	-2.7292873859405518
60	70	-2.7292873859405518
60	71	-3.248636245727539
60	72	-3.281682252883911
60	73	-2.772845983505249
60	74	-2.7292873859405518
61	0	-3.289456844329834
61	1	-3.289456844329834
61	2	-3.2576377391815186
61	3	-2.772845983505249
61	4	-3.3614468574523926
61	5	-3.2906839847564697
61	6	-3.205077886581421
61	7	-3.205077886581421
61	8	-3.2654123306274414
61	9	-3.090019464492798
61	10	-2.7292873859405518
61	11	-2.7292873859405518
61	12	-2.7292873859405518
61	13	-3.256410837173462
61	14	-2.772845983505249
61	15	-2.772845983505249
61	16	-3.2654123306274414
61	17	-2.772845983505249
61	18	-2.772845983505249
61	19	-2.7292873859405518
61	20	-3.2576377391815186
61	21	-2.772845983505249
61	22	-3.289456844329834
61	23	-2.772845983505249
61	24	-3.289456844329834
61	25	-3.248636245727539
61	26	-2.772845983505249
61	27	-3.2576377391815186
61	28	-2.7292873859405518
61	29	-3.2576377391815186
61	30	-2.780620574951172
61	31	-3.2654123306274414
61	32	-3.2576377391815186
61	33	-3.2984585762023926
61	34	-3.281682252883911
61	35	-3.289456844329834
61	36	-3.289456844329834
61	37	-2.7292873859405518
61	38	-3.248636245727539
61	39	-3.3578617572784424
61	40	-3.248636245727539
61	41	-2.772845983505249
61	42	-3.248636245727539
61	43	-3.289456844329834
61	44	-2.7370619773864746
61	45	-3.1476521492004395
61	46	-3.2576377391815186
61	47	-2.772845983505249
61	48	-2.772845983505249
61	49	-3.281682252883911
61	50	-3.248636245727539
61	51	-2.780620574951172
61	52	-2.7292873859405518
61	53	-2.7292873859405518
61	54	-3.205077886581421
61	55	-2.7292873859405518
61	56	-3.2128524780273438
61	57	-3.248636245727539
61	58	-2.7292873859405518
61	59	-2.7292873859405518
61	60	-2.7370619773864746
61	61	-2.7292873859405518
61	62	-2.7292873859405518
61	63	-2.7292873859405518
61	64	-2.772845983505249
61	65	-2.7292873859405518
61	66	-3.323991060256958
61	67	-2.7292873859405518
61	68	-2.7292873859405518
61	69	-2.7292873859405518
61	70	-2.7292873859405518
61	71	-3.205077886581421
61	72	-2.772845983505249
61	73	-3.281682252883911
61	74	-2.7292873859405518
62	0	-3.289456844329834
62	1	-3.289456844329834
62	2	-2.7292873859405518
62	3	-3.2906839847564697
62	4	-2.772845983505249
62	5	-3.248636245727539
62	6	-3.281682252883911
62	7	-3.248636245727539
62	8	-2.772845983505249
62	9	-2.7370619773864746
62	10	-3.248636245727539
62	11	-2.7292873859405518
62	12	-3.289456844329834
62	13	-3.256410837173462
62	14	-3.2576377391815186
62	15	-3.289456844329834
62	16	-3.3614468574523926
62	17	-2.7292873859405518
62	18	-3.248636245727539
62	19	-3.281682252883911
62	20	-3.2576377391815186
62	21	-2.772845983505249
62	22	-3.289456844329834
62	23	-3.1476521492004395
62	24	-3.2576377391815186
62	25	-3.300326347351074
62	26	-2.772845983505249
63	0	-3.248636245727539
63	1	-3.281682252883911
63	2	-3.2576377391815186
63	3	-2.772845983505249
63	4	-3.256410837173462
63	5	-2.772845983505249
63	6	-3.2654123306274414
63	7	-2.7292873859405518
63	8	-3.2906839847564697
63	9	-3.2576377391815186
63	10	-3.248636245727539
63	11	-2.7292873859405518
63	12	-2.772845983505249
63	13	-2.772845983505249
63	14	-2.7292873859405518
63	15	-3.248636245727539
63	16	-3.289456844329834
63	17	-2.772845983505249
63	18	-2.7370619773864746
63	19	-2.772845983505249
63	20	-2.772845983505249
63	21	-3.289456844329834
63	22	-3.1476521492004395
63	23	-3.2576377391815186
63	24	-2.772845983505249
63	25	-2.772845983505249
63	26	-3.3578617572784424
63	27	-3.248636245727539
63	28	-3.248636245727539
63	29	-3.289456844329834
63	30	-3.1412642002105713
63	31	-3.2576377391815186
63	32	-2.772845983505249
63	33	-2.780620574951172
63	34	-2.772845983505249
63	35	-2.772845983505249
63	36	-2.772845983505249
63	37	-3.289456844329834
63	38	-3.2576377391815186
63	39	-3.289456844329834
63	40	-2.772845983505249
63	41	-3.289456844329834
63	42	-3.2576377391815186
63	43	-3.2654123306274414
63	44	-3.289456844329834
63	45	-3.3614468574523926
63	46	-3.2984585762023926
63	47	-2.772845983505249
63	48	-3.281682252883911
63	49	-3.248636245727539
63	50	-2.7292873859405518
63	51	-3.248636245727539
63	52	-2.780620574951172
64	0	-2.7292873859405518
64	1	-2.780620574951172
64	2	-2.772845983505249
64	3	-3.281682252883911
64	4	-2.772845983505249
64	5	-3.3578617572784424
64	6	-3.289456844329834
64	7	-3.289456844329834
64	8	-2.7292873859405518
64	9	-3.2654123306274414
64	10	-2.772845983505249
64	11	-3.1412642002105713
64	12	-3.248636245727539
64	13	-2.7292873859405518
64	14	-3.289456844329834
64	15	-3.256410837173462
64	16	-3.2984585762023926
64	17	-2.772845983505249
64	18	-3.248636245727539
64	19	-2.772845983505249
64	20	-3.2576377391815186
64	21	-3.248636245727539
64	22	-3.2576377391815186
64	23	-2.772845983505249
64	24	-3.281682252883911
64	25	-3.1476521492004395
64	26	-3.2576377391815186
64	27	-2.772845983505249
64	28	-3.2654123306274414
64	29	-2.780620574951172
64	30	-2.772845983505249
64	31	-3.248636245727539
64	32	-2.772845983505249
64	33	-3.3614468574523926
64	34	-2.7292873859405518
64	35	-2.772845983505249
64	36	-2.772845983505249
64	37	-2.772845983505249
64	38	-3.289456844329834
64	39	-3.248636245727539
64	40	-3.2576377391815186
64	41	-2.772845983505249
64	42	-3.248636245727539
64	43	-3.289456844329834
64	44	-3.2576377391815186
64	45	-3.289456844329834
64	46	-3.289456844329834
64	47	-3.2576377391815186
64	48	-2.772845983505249
64	49	-3.2906839847564697
64	50	-3.248636245727539
64	51	-2.780620574951172
64	52	-2.7292873859405518
65	0	-3.256410837173462
65	1	-2.780620574951172
65	2	-3.281682252883911
65	3	-2.772845983505249
65	4	-3.248636245727539
65	5	-2.7292873859405518
65	6	-3.289456844329834
65	7	-3.2654123306274414
65	8	-3.2654123306274414
65	9	-2.772845983505249
65	10	-3.2984585762023926
65	11	-3.289456844329834
65	12	-3.1412642002105713
65	13	-3.3578617572784424
65	14	-2.772845983505249
65	15	-2.772845983505249
65	16	-3.2576377391815186
65	17	-3.248636245727539
65	18	-2.772845983505249
65	19	-2.772845983505249
65	20	-3.248636245727539
65	21	-2.772845983505249
65	22	-3.2576377391815186
65	23	-3.248636245727539
65	24	-2.7292873859405518
65	25	-3.289456844329834
65	26	-3.281682252883911
65	27	-3.1476521492004395
65	28	-3.2576377391815186
65	29	-2.772845983505249
65	30	-2.7370619773864746
65	31	-3.2576377391815186
65	32	-2.772845983505249
65	33	-3.3614468574523926
65	34	-2.7292873859405518
65	35	-2.772845983505249
65	36	-3.2576377391815186
65	37	-2.772845983505249
65	38	-3.2576377391815186
65	39	-3.248636245727539
65	40	-3.289456844329834
65	41	-2.772845983505249
65	42	-2.772845983505249
65	43	-3.289456844329834
65	44	-3.289456844329834
65	45	-3.289456844329834
65	46	-2.7292873859405518
65	47	-3.2906839847564697
65	48	-2.7292873859405518
65	49	-3.248636245727539
65	50	-2.780620574951172
65	51	-3.248636245727539
65	52	-2.7292873859405518
66	0	-2.772845983505249
66	1	-3.2906839847564697
66	2	-3.2654123306274414
66	3	-3.248636245727539
66	4	-3.2576377391815186
66	5	-3.1412642002105713
66	6	-2.7292873859405518
66	7	-2.772845983505249
66	8	-3.205077886581421
66	9	-3.205077886581421
66	10	-2.7292873859405518
66	11	-2.780620574951172
66	12	-3.248636245727539
66	13	-3.289456844329834
66	14	-3.2654123306274414
66	15	-2.772845983505249
66	16	-2.772845983505249
66	17	-2.7292873859405518
66	18	-3.1476521492004395
66	19	-2.7370619773864746
66	20	-3.281682252883911
66	21	-3.2576377391815186
66	22	-3.248636245727539
66	23	-3.281682252883911
66	24	-2.7292873859405518
66	25	-2.772845983505249
66	26	-2.7292873859405518
66	27	-3.2576377391815186
66	28	-3.2576377391815186
66	29	-2.7292873859405518
66	30	-3.256410837173462
66	31	-2.7292873859405518
66	32	-3.289456844329834
66	33	-2.7292873859405518
66	34	-3.2654123306274414
66	35	-3.289456844329834
66	36	-2.7292873859405518
66	37	-3.3614468574523926
66	38	-3.289456844329834
66	39	-3.289456844329834
66	40	-2.772845983505249
66	41	-2.7292873859405518
66	42	-3.2576377391815186
66	43	-2.772845983505249
66	44	-3.2984585762023926
66	45	-3.256410837173462
66	46	-3.289456844329834
66	47	-2.772845983505249
66	48	-3.289456844329834
66	49	-2.772845983505249
66	50	-3.248636245727539
66	51	-2.772845983505249
66	52	-3.2576377391815186
66	53	-3.248636245727539
66	54	-2.772845983505249
66	55	-2.7292873859405518
66	56	-2.7292873859405518
66	57	-3.3578617572784424
66	58	-3.248636245727539
66	59	-2.7292873859405518
66	60	-2.7292873859405518
66	61	-2.772845983505249
66	62	-2.772845983505249
66	63	-2.772845983505249
66	64	-2.772845983505249
66	65	-2.772845983505249
66	66	-3.248636245727539
66	67	-2.772845983505249
67	0	-3.289456844329834
67	1	-3.289456844329834
67	2	-2.772845983505249
67	3	-3.238123893737793
67	4	-3.248636245727539
67	5	-3.256410837173462
67	6	-3.281682252883911
67	7	-3.1476521492004395
67	8	-3.2576377391815186
67	9	-3.3578617572784424
67	10	-2.772845983505249
68	0	-3.289456844329834
68	1	-3.248636245727539
68	2	-3.205077886581421
68	3	-3.2576377391815186
68	4	-3.2576377391815186
68	5	-3.248636245727539
68	6	-2.772845983505249
68	7	-3.2576377391815186
68	8	-2.772845983505249
68	9	-2.7292873859405518
68	10	-3.289456844329834
68	11	-3.281682252883911
68	12	-2.7370619773864746
68	13	-3.289456844329834
68	14	-3.248636245727539
68	15	-2.7292873859405518
68	16	-2.7292873859405518
68	17	-3.2128524780273438
68	18	-3.289456844329834
68	19	-2.7292873859405518
68	20	-3.2906839847564697
68	21	-3.2576377391815186
68	22	-3.2984585762023926
68	23	-3.3614468574523926
68	24	-3.281682252883911
68	25	-2.7292873859405518
68	26	-3.248636245727539
68	27	-2.772845983505249
68	28	-2.7292873859405518
68	29	-2.772845983505249
68	30	-3.2654123306274414
68	31	-2.772845983505249
68	32	-2.780620574951172
68	33	-2.772845983505249
68	34	-3.289456844329834
68	35	-3.289456844329834
68	36	-2.772845983505249
68	37	-2.772845983505249
68	38	-2.7292873859405518
68	39	-2.772845983505249
68	40	-3.2654123306274414
68	41	-3.256410837173462
68	42	-2.7292873859405518
68	43	-3.3578617572784424
68	44	-3.2576377391815186
68	45	-2.772845983505249
68	46	-2.772845983505249
68	47	-3.248636245727539
68	48	-2.772845983505249
68	49	-3.2654123306274414
68	50	-3.248636245727539
68	51	-3.331765651702881
68	52	-3.248636245727539
68	53	-3.1476521492004395
68	54	-2.772845983505249
68	55	-2.772845983505249
68	56	-3.289456844329834
68	57	-3.2576377391815186
68	58	-2.7292873859405518
68	59	-2.7370619773864746
69	0	-2.7292873859405518
69	1	-3.3614468574523926
69	2	-3.248636245727539
69	3	-3.281682252883911
69	4	-3.281682252883911
69	5	-3.2906839847564697
69	6	-3.300326347351074
69	7	-3.1476521492004395
69	8	-2.772845983505249
69	9	-3.2576377391815186
69	10	-3.271049737930298
69	11	-3.256410837173462
69	12	-3.3206260204315186
69	13	-3.289456844329834
69	14	-3.248636245727539
69	15	-3.2576377391815186
69	16	-3.2576377391815186
69	17	-2.772845983505249
69	18	-3.2654123306274414
69	19	-3.2576377391815186
69	20	-2.772845983505249
69	21	-2.772845983505249
69	22	-3.2576377391815186
69	23	-2.7292873859405518
69	24	-2.772845983505249
69	25	-3.289456844329834
69	26	-3.2576377391815186
69	27	-3.289456844329834
69	28	-2.7292873859405518
69	29	-2.7292873859405518
69	30	-2.772845983505249
69	31	-3.248636245727539
69	32	-2.7370619773864746
69	33	-3.2654123306274414
69	34	-3.248636245727539
69	35	-2.772845983505249
69	36	-2.772845983505249
69	37	-3.289456844329834
69	38	-3.331765651702881
69	39	-2.7292873859405518
69	40	-3.1412642002105713
69	41	-3.289456844329834
69	42	-3.2984585762023926
69	43	-2.7292873859405518
69	44	-3.2128524780273438
69	45	-2.7292873859405518
69	46	-2.772845983505249
69	47	-2.772845983505249
69	48	-3.248636245727539
69	49	-2.780620574951172
69	50	-2.7292873859405518
69	51	-3.289456844329834
69	52	-2.7292873859405518
69	53	-3.205077886581421
69	54	-3.2654123306274414
69	55	-2.772845983505249
69	56	-2.7292873859405518
69	57	-3.205077886581421
69	58	-2.7292873859405518
69	59	-2.7292873859405518
69	60	-2.772845983505249
69	61	-2.772845983505249
69	62	-3.248636245727539
69	63	-2.7292873859405518
69	64	-2.772845983505249
69	65	-2.7292873859405518
69	66	-3.248636245727539
69	67	-2.7292873859405518
69	68	-2.772845983505249
69	69	-3.256410837173462
69	70	-2.7292873859405518
69	71	-2.7292873859405518
69	72	-2.7292873859405518
69	73	-2.7292873859405518
69	74	-3.323991060256958
69	75	-2.7292873859405518
69	76	-2.7292873859405518
69	77	-2.7292873859405518
69	78	-2.7292873859405518
69	79	-2.7292873859405518
69	80	-2.7292873859405518
69	81	-2.7292873859405518
70	0	-2.7292873859405518
70	1	-3.2576377391815186
70	2	-3.248636245727539
70	3	-2.7292873859405518
70	4	-3.289456844329834
70	5	-2.7292873859405518
70	6	-2.7292873859405518
70	7	-3.2576377391815186
70	8	-3.1476521492004395
70	9	-3.2576377391815186
70	10	-3.248636245727539
70	11	-3.3614468574523926
70	12	-2.7292873859405518
70	13	-3.205077886581421
70	14	-3.2576377391815186
70	15	-2.7370619773864746
70	16	-3.256410837173462
70	17	-3.2654123306274414
70	18	-2.772845983505249
70	19	-3.2576377391815186
70	20	-2.7292873859405518
70	21	-3.2576377391815186
70	22	-3.331765651702881
70	23	-3.205077886581421
70	24	-3.256410837173462
70	25	-2.7292873859405518
70	26	-3.1412642002105713
70	27	-3.2654123306274414
70	28	-3.248636245727539
70	29	-3.238123893737793
70	30	-3.3206260204315186
70	31	-3.289456844329834
70	32	-3.289456844329834
70	33	-2.772845983505249
70	34	-3.248636245727539
70	35	-2.7292873859405518
70	36	-2.780620574951172
70	37	-3.289456844329834
70	38	-2.7292873859405518
70	39	-2.772845983505249
70	40	-3.245898485183716
70	41	-3.271049737930298
70	42	-2.7292873859405518
70	43	-3.281682252883911
70	44	-2.7292873859405518
70	45	-3.2906839847564697
70	46	-2.7292873859405518
70	47	-3.2984585762023926
70	48	-2.772845983505249
70	49	-2.772845983505249
70	50	-3.289456844329834
70	51	-3.2654123306274414
70	52	-2.7292873859405518
70	53	-2.772845983505249
70	54	-3.205077886581421
70	55	-2.772845983505249
70	56	-2.772845983505249
70	57	-2.7292873859405518
70	58	-2.7292873859405518
70	59	-2.7292873859405518
70	60	-2.7292873859405518
70	61	-3.2128524780273438
71	0	-2.7292873859405518
71	1	-3.2576377391815186
71	2	-3.248636245727539
71	3	-3.289456844329834
71	4	-2.772845983505249
71	5	-2.7292873859405518
71	6	-2.772845983505249
71	7	-3.2906839847564697
71	8	-3.3614468574523926
71	9	-3.289456844329834
71	10	-3.248636245727539
71	11	-2.772845983505249
71	12	-2.7370619773864746
71	13	-3.289456844329834
71	14	-3.289456844329834
71	15	-3.248636245727539
71	16	-2.772845983505249
71	17	-3.281682252883911
71	18	-3.2654123306274414
71	19	-2.772845983505249
71	20	-3.248636245727539
71	21	-2.7292873859405518
71	22	-3.248636245727539
71	23	-3.2576377391815186
71	24	-3.248636245727539
71	25	-3.289456844329834
71	26	-3.281682252883911
71	27	-3.2576377391815186
71	28	-3.300326347351074
71	29	-2.772845983505249
71	30	-2.772845983505249
71	31	-2.7292873859405518
71	32	-3.1476521492004395
71	33	-3.2576377391815186
71	34	-2.780620574951172
71	35	-2.772845983505249
71	36	-3.289456844329834
71	37	-2.772845983505249
71	38	-2.772845983505249
71	39	-2.7292873859405518
71	40	-3.2654123306274414
71	41	-3.331765651702881
71	42	-3.289456844329834
71	43	-2.772845983505249
71	44	-2.772845983505249
71	45	-3.2576377391815186
71	46	-3.2984585762023926
71	47	-2.772845983505249
71	48	-3.256410837173462
71	49	-3.2576377391815186
72	0	-2.7292873859405518
72	1	-3.2906839847564697
72	2	-3.2576377391815186
72	3	-3.289456844329834
72	4	-2.7292873859405518
72	5	-2.772845983505249
72	6	-3.248636245727539
72	7	-3.3614468574523926
72	8	-2.772845983505249
72	9	-3.248636245727539
72	10	-3.289456844329834
72	11	-3.289456844329834
72	12	-3.248636245727539
72	13	-3.2576377391815186
72	14	-3.248636245727539
72	15	-3.289456844329834
72	16	-2.772845983505249
72	17	-3.2576377391815186
72	18	-2.772845983505249
72	19	-2.772845983505249
72	20	-3.256410837173462
72	21	-3.2576377391815186
72	22	-2.772845983505249
72	23	-2.7292873859405518
72	24	-3.3578617572784424
72	25	-2.772845983505249
72	26	-2.7292873859405518
72	27	-3.2984585762023926
72	28	-2.772845983505249
72	29	-2.772845983505249
72	30	-3.289456844329834
72	31	-3.248636245727539
72	32	-2.7292873859405518
72	33	-2.772845983505249
72	34	-3.1476521492004395
72	35	-3.2576377391815186
72	36	-2.772845983505249
72	37	-3.2576377391815186
72	38	-3.2654123306274414
72	39	-2.772845983505249
72	40	-3.2654123306274414
72	41	-3.281682252883911
72	42	-2.772845983505249
72	43	-2.7370619773864746
72	44	-3.289456844329834
72	45	-3.281682252883911
72	46	-3.331765651702881
72	47	-2.780620574951172
72	48	-3.248636245727539
72	49	-3.289456844329834
73	0	-3.2906839847564697
73	1	-2.7292873859405518
73	2	-2.772845983505249
73	3	-3.289456844329834
73	4	-3.248636245727539
73	5	-3.3614468574523926
73	6	-3.2576377391815186
73	7	-2.7292873859405518
73	8	-2.772845983505249
73	9	-3.289456844329834
73	10	-3.289456844329834
73	11	-3.1476521492004395
73	12	-3.256410837173462
73	13	-2.772845983505249
73	14	-2.7292873859405518
73	15	-3.2984585762023926
73	16	-2.7292873859405518
73	17	-3.3578617572784424
73	18	-2.772845983505249
73	19	-2.772845983505249
73	20	-3.289456844329834
73	21	-3.248636245727539
73	22	-3.2576377391815186
73	23	-2.7292873859405518
73	24	-3.289456844329834
73	25	-2.772845983505249
73	26	-2.772845983505249
73	27	-2.7370619773864746
73	28	-2.772845983505249
73	29	-3.2576377391815186
73	30	-3.248636245727539
73	31	-3.2654123306274414
73	32	-3.281682252883911
73	33	-2.772845983505249
73	34	-3.2654123306274414
73	35	-2.780620574951172
73	36	-3.331765651702881
73	37	-3.281682252883911
73	38	-2.772845983505249
73	39	-3.248636245727539
73	40	-3.289456844329834
73	41	-2.772845983505249
73	42	-3.248636245727539
73	43	-3.248636245727539
73	44	-3.2576377391815186
73	45	-2.772845983505249
73	46	-3.289456844329834
73	47	-3.2576377391815186
73	48	-2.772845983505249
73	49	-3.2576377391815186
74	0	-3.2906839847564697
74	1	-3.281682252883911
74	2	-3.281682252883911
74	3	-3.271049737930298
74	4	-3.1476521492004395
74	5	-3.2576377391815186
74	6	-2.772845983505249
74	7	-3.300326347351074
74	8	-3.256410837173462
74	9	-3.289456844329834
74	10	-3.289456844329834
74	11	-3.2984585762023926
74	12	-3.248636245727539
74	13	-2.7292873859405518
74	14	-2.7292873859405518
74	15	-3.256410837173462
74	16	-3.205077886581421
74	17	-3.289456844329834
74	18	-2.7292873859405518
74	19	-3.2815847396850586
74	20	-2.7292873859405518
75	0	-3.256410837173462
75	1	-3.2906839847564697
75	2	-3.281682252883911
75	3	-3.281682252883911
75	4	-3.2576377391815186
75	5	-3.3578617572784424
75	6	-3.1476521492004395
75	7	-2.772845983505249
75	8	-3.289456844329834
75	9	-3.2984585762023926
75	10	-3.289456844329834
75	11	-2.7292873859405518
75	12	-2.7292873859405518
75	13	-3.256410837173462
75	14	-3.289456844329834
75	15	-3.205077886581421
75	16	-3.248636245727539
75	17	-2.7292873859405518
75	18	-3.271049737930298
75	19	-2.7292873859405518
