43	0	-0.6416388531729048
43	1	-0.6422788870362386
43	2	-0.6413820855271343
43	3	-0.6345160744757397
43	4	-0.6401977672860899
43	5	-0.6387851373017401
43	6	-0.6409016806226592
43	7	-0.6400551913602924
43	8	-0.6410880813421649
43	9	-0.6393080155162163
43	10	-0.6415063322804294
43	11	-0.6415127331077718
43	12	-0.6408261428950296
43	13	-0.6429546026648765
43	14	-0.6526968401860468
43	15	-0.6512926935141202
43	16	-0.6574757505061812
43	17	-0.6594996842888206
43	18	-0.6585958711686919
43	19	-0.6552806865601286
43	20	-0.6569734360996827
43	21	-0.6556608470205806
43	22	-0.6584774463931066
43	23	-0.6574757163484387
43	24	-0.6578727458065641
43	25	-0.6573984905182645
43	26	-0.6577716685989928
43	27	-0.6568517890876586
43	28	-0.6597387308815119
43	29	-0.6583935106330249
43	30	-0.6547683748577067
43	31	-0.6584840644221965
43	32	-0.6580436215828444
43	33	-0.6580078295502557
43	34	-0.6590830344600863
43	35	-1.1488489418764187
43	36	-0.6597770216185832
43	37	-0.6504990165025906
43	38	-0.6567005838446316
43	39	-0.6557618129869258
43	40	-0.6547683234128581
43	41	-0.6597591341136265
43	42	-0.6532771601182303
43	43	-0.655709501688535
43	44	-0.6578827744080182
43	45	-0.6577602033056216
43	46	-0.6598058557627215
43	47	-0.6569097845582604
43	48	-0.6580817157312454
43	49	-0.6582566741663097
43	50	-1.410445492343643
43	51	-1.392479615713623
43	52	-1.4080368803410277
43	53	-0.659334763529347
43	54	-0.658170381659067
43	55	-0.6587487638995713
43	56	-0.6585477327582384
43	57	-0.6597894287680696
43	58	-1.4105992929437117
43	59	-1.4105991267769322
43	60	-1.4069483730758157
43	61	-1.4103248957283694
43	62	-1.410255998634735
43	63	-1.13199523754451
43	64	-1.1326751799809869
43	65	-1.1330605549737098
43	66	-1.1314861231824924
43	67	-0.6523067983891304
43	68	-1.1329848213380227
43	69	-1.149083106355539
43	70	-0.6587607880054068
43	71	-1.409447517348968
44	0	-0.5269176459371817
44	1	-0.5250698811801018
44	2	-0.5432436943855762
44	3	-1.503349727918164
44	4	-1.5055549259993217
44	5	-1.520004409176266
44	6	-1.5033497622841414
44	7	-1.5064554141484416
44	8	-1.5063531755775106
44	9	-1.5059798779446993
44	10	-1.5018586158601186
44	11	-1.5083189111360793
44	12	-1.5157352780348134
45	0	-1.8826642582029312
45	1	-1.8980661289381278
45	2	-0.9190497539566898
45	3	-1.8752083181543966
45	4	-1.8832502236749697
45	5	-2.550993296269986
45	6	-1.8976414088570357
45	7	-0.36102853217184555
45	8	-0.36136194968666807
45	9	-0.3632263007371646
45	10	-0.3610285148847335
45	11	-1.8796249789130268
45	12	-1.8973795707850845
45	13	-1.8816758092197958
45	14	-1.8966085017962924
45	15	-1.8974550081375279
45	16	-1.8817983653413526
45	17	-1.882399575804431
45	18	-0.3783122637439733
45	19	-1.8795759143519057
45	20	-1.8819233580113528
45	21	-0.3636587503056166
45	22	-1.8821724075737751
45	23	-1.8825114679452506
45	24	-0.9196997448009384
45	25	-0.364131724678983
45	26	-0.35953576325525816
45	27	-1.8791963858095975
45	28	-1.8807672833910176
45	29	-1.8980596256375581
45	30	-1.8837049059925608
45	31	-1.8967510777220888
45	32	-1.8796771365015743
45	33	-1.8820859271990436
45	34	-1.8823093123559747
45	35	-1.8808251763884112
45	36	-1.8995086304132796
45	37	-1.8819590988073351
45	38	-1.8829985116845775
45	39	-1.897935378884265
45	40	-1.8824632441404685
46	0	-0.315261042791614
46	1	-0.31590189644076994
46	2	-0.3150045996442392
46	3	-0.6834724271851834
46	4	-0.31452421181863327
46	5	-0.3124076343399423
46	6	-0.3136776542407832
46	7	-0.31382028140319473
46	8	-0.314710612538141
46	9	-0.3107639844144364
46	10	-0.30994313603043516
46	11	-0.7067283187734456
46	12	-0.33221847068013727
46	13	-0.3304742861258922
46	14	-0.33053217912328253
46	15	-0.3268996400775609
46	16	-0.3320161272232933
46	17	-2.2263505643353647
46	18	-2.22611167145175
46	19	-0.3327055485771909
46	20	-0.33145408839091856
46	21	-2.219308724876512
46	22	-0.3314962675771709
46	23	-2.2171110719817375
46	24	-0.33166613569994907
46	25	-0.33059596729565915
46	26	-0.3328964019982002
46	27	-0.3316303607462316
46	28	-0.3318420577713331
46	29	-0.3289034227022104
46	30	-0.3283908375299632
46	31	-0.33187935907206384
46	32	-2.2258946365358523
46	33	-2.2246936175005647
46	34	-0.33144765340583904
46	35	-0.3283908889748119
46	36	-0.32933201580563976
46	37	-0.3321684781728154
46	38	-0.3310210046353691
46	39	-2.2263711212772876
46	40	-0.7064324689961032
46	41	-2.2263889233879115
46	42	-2.225089143215956
46	43	-0.3293843954195155
46	44	-0.33121655799753297
46	45	-0.32928387350325156
46	46	-2.2233124172984855
46	47	-0.7227513101621476
46	48	-2.226417757532044
46	49	-0.3321066297759072
46	50	-2.208423228289394
46	51	-2.2239804929167986
46	52	-2.226389104919413
46	53	-0.33237127801667554
46	54	-0.3334119428851741
46	55	-0.3321702468753433
46	56	-0.3317928957761721
46	57	-0.3329572776464518
46	58	-2.2261996282893755
46	59	-2.2262685083041416
46	60	-2.222891968572718
46	61	-2.226542722273835
46	62	-2.22654295675609
46	63	-2.2253597904488553
46	64	-2.224850710244573
46	65	-0.708694156805226
46	66	-2.2264251078780544
46	67	-2.2261288010149687
46	68	-2.218918648921853
46	69	-2.2260397499642
46	70	-2.2253911299247373
46	71	-2.2253725873015218
47	0	-1.0340829120584674
47	1	-1.376034469219943
47	2	-1.044292811060577
47	3	-0.5273926728278208
47	4	-1.0346688775305057
47	5	-1.0331655345651902
47	6	-1.0329281749604535
47	7	-1.0310436498474322
47	8	-1.0480270218512742
47	9	-1.0488735623502523
47	10	-1.034608992457039
47	11	-1.0323077379683916
47	12	-0.5280393845292899
47	13	-1.0332079016189628
47	14	-1.0473861362687529
47	15	-1.0493539330969894
47	16	-1.0301024888588666
47	17	-1.0331593386842384
47	18	-1.033930070564187
47	19	-1.033504495660253
47	20	-1.0490599630697601
47	21	-1.0301024886506258
47	22	-1.044929961575617
47	23	-1.049696610907785
47	24	-1.0474147510752818
47	25	-1.0485048125703367
47	26	-1.050200739162049
47	27	-1.0500468073775828
47	28	-1.064488541416335
47	29	-1.0507360408638966
47	30	-1.0514424351718799
47	31	-1.05013710498375
47	32	-1.05019895338065
47	33	-1.047313426452576
47	34	-1.0498726012946444
47	35	-1.048562688488859
47	36	-1.0630758772742177
47	37	-1.0499097318067023
47	38	-1.0469352300621653
47	39	-1.0490514969220748
47	40	-1.0496608871906719
48	0	-0.33157938866994335
48	1	-0.3322210279476242
48	2	-0.3313234408102834
48	3	-1.3851841957110118
48	4	-0.31240766849768487
48	5	-0.33084307006354685
48	6	-0.3138202643243314
48	7	-0.32999652956456815
48	8	-0.33102945370418324
48	9	-0.327065763790855
48	10	-0.3153114341858487
48	11	-0.3157877544521303
48	12	-1.377807477600634
48	13	-0.3125859649248066
48	14	-1.3758021928965205
48	15	-0.3129642808672859
48	16	-0.3147021463904555
48	17	-0.31638669033227734
48	18	-0.3153472774550355
48	19	-1.3778363117447647
48	20	-0.33059598437451454
48	21	-0.31569737145160753
48	22	-0.33121654091866165
48	23	-1.375506172330489
48	24	-0.3141554278809786
48	25	-0.3155231995264195
48	26	-0.3142132867206263
48	27	-1.3761121717132885
48	28	-1.3777896754900099
48	29	-1.374730988590076
48	30	-1.3765080219273291
48	31	-1.3777690843903505
48	32	-0.3105804402552851
48	33	-1.3918250818120108
48	34	-0.34565086907323705
48	35	-0.3477665920677808
48	36	-0.3321685294094174
48	37	-0.34470974224240913
48	38	-0.34470972495529706
48	39	-0.3492153235818493
48	40	-0.3293842587885769
48	41	-0.3478152574754144
48	42	-0.34258089877958575
48	43	-0.33187867591733927
48	44	-0.34853715315904743
48	45	-0.34777302705286633
48	46	-1.3848484844393727
48	47	-1.3936320489934853
48	48	-1.393849083909386
48	49	-1.3870460860975493
48	50	-1.3917178199800926
48	51	-1.3761606065893017
48	52	-1.3941265173770483
48	53	-0.3334119428851741
48	54	-0.3492761479929164
48	55	-0.3481117661226347
48	56	-0.332170229796476
48	57	-0.34869018252087874
48	58	-1.3942801518103376
48	59	-1.390629398109221
48	60	-1.394280369213723
48	61	-1.3940059207617748
48	62	-1.3939370407470095
48	63	-1.3866560613794887
48	64	-1.3937771624218362
48	65	-1.3940867867000029
48	66	-1.3938662134726054
48	67	-1.39416252033569
48	68	-1.3925881227022092
48	69	-1.39309720290649
48	70	-1.3931285423823734
48	71	-1.3931100339168956
49	0	-0.4783649592414709
49	1	-0.4947710375077587
49	2	-0.4948191061763404
49	3	-0.49008845382315497
49	4	-0.49420973298660664
49	5	-0.49458294522507773
49	6	-0.4920929537606215
49	7	-0.4790883066287186
49	8	-0.4954095171947273
49	9	-0.48764617518899556
49	10	-0.4924729263533936
49	11	-0.4952887400979038
49	12	-0.47099160567244325
49	13	-0.4965883153235312
49	14	-0.47999220514245644
49	15	-0.49661714946766217
49	16	-0.49657051321290735
50	0	-1.2291646282940394
50	1	-0.38053720020754866
50	2	-0.8714800957957456
50	3	-0.8699769406979552
50	4	-0.8708941132448392
50	5	-0.8647850515287774
50	6	-0.8858712055381025
50	7	-0.8854377874450395
50	8	-0.8669136727581279
50	9	-0.883568261497646
50	10	-0.8669137242029746
50	11	-0.8860582585948461
50	12	-0.8678547827183258
50	13	-0.8706913475587111
50	14	-0.8679071964899383
50	15	-0.8853739480360727
50	16	-0.8869483816098266
50	17	-0.38117512085459
50	18	-0.8856848048185949
50	19	-0.38045281527849123
50	20	-0.8841973408341454
50	21	-0.8866838437629871
50	22	-0.8699705227917416
50	23	-0.8865078704549972
50	24	-0.8861651926442007
50	25	-0.8848382472407449
50	26	-0.8703157310043529
50	27	-0.8868580669247974
50	28	-0.3782401479426312
50	29	-0.8870120157881299
50	30	-0.9038661415771527
50	31	-0.9012996984903352
50	32	-0.8877384100156978
50	33	-0.3974879627752231
50	34	-0.8882536776402224
50	35	-0.9016348791258537
50	36	-0.3921751997335411
50	37	-0.3941784699922426
50	38	-0.3969058691655979
50	39	-0.3962964959758641
50	40	-0.8867211621425971
51	0	-0.3153077203466897
51	1	-0.3166383852437996
51	2	-0.3152594544559156
51	3	-0.31605240269289264
51	4	-0.3151352130671337
51	5	-0.3099429652416586
51	6	-0.3150045825653699
51	7	-0.31301305508751237
51	8	-0.3007741972149266
51	9	-0.31512882931866404
51	10	-0.3129074921013937
51	11	-0.31452421181863327
51	12	-0.3129639051319265
51	13	-0.31421326964177093
51	14	-0.3148976485160134
51	15	-0.2995324499684938
51	16	-0.3124076172611028
51	17	-0.3157877544521303
51	18	-0.2995828040691077
51	19	-0.31589940748879997
51	20	-0.3154739862946765
51	21	-0.3002591516158883
51	22	-0.3147105613015271
51	23	-0.3000678029069434
51	24	-0.3142770578141317
51	25	-0.2942616553031789
51	26	-0.29783652337678135
51	27	-0.3120719453355557
51	28	-0.3151767090985024
51	29	-0.3120719792850496
51	30	-0.3130654176225028
51	31	-0.3153472774550355
51	32	-0.3155232166052868
51	33	-0.313677637161912
51	34	-0.3156971152685699
51	35	-0.31584963700676516
51	36	-0.29750137689899747
51	37	-0.29924116935122624
51	38	-0.2962670604203151
51	39	-0.2983832589651216
51	40	-0.2989925296816435
52	0	0.009319324472773213
52	1	-1.9976835503635582
52	2	-6.305938714539203
52	3	-6.306103392606378
52	4	-1.5070577749295861
52	5	-6.3061717736762075
52	6	-0.7896340171410764
52	7	-27.161207947014667
52	8	-0.786210856205875
52	9	-0.7889446982604068
52	10	-2.011167043750116
52	11	-0.8021523378456896
52	12	-0.8026313977298236
52	13	-1.515735312192552
52	14	-8.688482619975506
52	15	-0.8047014151997176
52	16	-0.8040903797934763
52	17	-0.4621184161431905
52	18	-0.8032438563733669
52	19	-0.7995089624279461
52	20	-0.8048739054004015
52	21	-8.688629628030627
52	22	-0.8046949972935099
52	23	-8.672163995173953
52	24	-0.8045707676190821
52	25	-0.8053539224269715
52	26	-2.0132271454376767
52	27	-0.8062045019820387
52	28	-0.8050893845801319
52	29	-0.8025793255355693
52	30	-0.804276780512982
52	31	-2.0282611369720493
52	32	-0.803843311183313
52	33	-2.0119422445693993
52	34	-0.805417300422261
52	35	-1.5153994813688478
52	36	-0.8050402055060993
52	37	-0.8033863810625744
52	38	-0.8054158562182161
52	39	-2.014397566128851
52	40	-0.8026029878697137
52	41	-0.8066592696939732
52	42	-0.8016381474681391
52	43	-0.4627628905131881
52	44	-0.8016381643387617
52	45	-0.8061438654382237
52	46	-0.8044639189640681
52	47	-0.8019739047879788
52	48	-0.8047434577547447
52	49	-0.8056186048254749
52	50	-2.0142797172508153
52	51	-0.8049134454298786
52	52	-2.0132143998216163
52	53	-0.8037216129346909
52	54	-0.8001467619399676
52	55	-0.8048777387916365
52	56	-0.8042683314441681
52	57	-0.8037794376165956
52	58	-0.8054658145678073
52	59	-6.322442948741936
52	60	-6.321717541685286
52	61	-1.5244003028646333
52	62	-1.5246595819009807
52	63	-6.321681323405669
52	64	-6.321717500037128
52	65	-1.524677401090484
52	66	-2.006773258294614
52	67	-2.0142039836151304
52	68	-2.012705268380726
52	69	-2.013894359336961
53	0	-0.8224629186752027
53	1	-0.8195628071368638
53	2	-0.8390435815584323
53	3	-0.8385906502366578
53	4	-0.8205956458821382
53	5	-0.8217846457792051
53	6	-0.8188982592201929
53	7	-0.39715708267180944
53	8	-0.8210139480570008
53	9	-0.8188096897082229
53	10	-0.8201622277890672
53	11	-0.8204093134780999
53	12	-0.8219375385100984
53	13	-0.8179570982316279
53	14	-0.3965989492296478
53	15	-0.8211965870819136
53	16	-0.8214083353436228
53	17	-0.8200405636981838
53	18	-0.39684224164860715
53	19	-0.8200983542223499
53	20	-0.8225235210610048
53	21	-0.8230020148769893
53	22	-0.8182927189205689
53	23	-0.8184695465646962
53	24	-0.8212323620356329
53	25	-0.8205872480499223
53	26	-0.8164659176498882
53	27	-0.8351683944815397
53	28	-0.8179570980233871
53	29	-0.8210203488843432
53	30	-0.8219366974477895
53	31	-0.8362081996212031
53	32	-0.8207828014120857
53	33	-0.8217347728239703
53	34	-0.8140237073311803
53	35	-0.8197054513781384
53	36	-0.8158283743208724
53	37	-0.8216728731904603
53	38	-0.8226885442933881
53	39	-0.821062408518305
53	40	-0.8213591050330141
53	41	-0.8379011947250179
53	42	-0.818950382651063
53	43	-0.8217364902898963
53	44	-0.839297044544641
53	45	-2.373287629785288
53	46	-0.8543034422063226
53	47	-2.3712519226022692
53	48	-0.8300066835157759
53	49	-0.8392846203162834
53	50	-0.8392667840479088
54	0	-0.3456745693103277
54	1	-0.34470974224240913
54	2	-0.34753541126513215
54	3	-0.34816087688118974
54	4	-0.34258064259654813
54	5	-0.34691480348437914
54	6	-0.3482079080644844
54	7	-0.3468510323908738
54	8	-0.34504538001018975
54	9	-0.3492153235818493
54	10	-0.34777297581625244
54	11	-0.3466419683082008
54	12	-0.3456508861521044
54	13	-0.347339892060703
54	14	-0.34764232823561736
54	15	-0.3486893414585708
54	16	-0.34679313939349143
54	17	-0.3477665579100442
54	18	-0.3484873826770126
54	19	-0.34077631718422263
54	20	-0.34794923109269416
54	21	-0.34927609675630844
54	22	-0.347897114731902
54	23	-0.34631546822649995
54	24	-0.3471619404100114
54	25	-0.34734832405064586
54	26	-0.34975465888777013
54	27	-0.3452232665440823
54	28	-0.3486901654420094
54	29	-0.348537289789986
54	30	-0.3464580270734422
54	31	-0.3484254147280372
54	32	-0.34321837379308495
54	33	-0.34798502312528296
54	34	-0.3456021460896006
54	35	-0.34470970787643374
54	36	-0.3494773502454295
54	37	-0.3490244189236555
54	38	-0.3494412907770788
54	39	-0.3481117661226347
54	40	-0.3333817677827985
54	41	-0.33209914072438923
54	42	-0.33139418271609755
54	43	-0.3478142669010702
54	44	-0.3241216160140521
54	45	-0.3334284040375533
54	46	-0.3483350146486272
54	47	-0.3484890830640752
54	48	-0.3334119428851741
54	49	-0.34570292418861576
54	50	-0.3333995186568164
55	0	-0.3964920493380279
55	1	-0.3952720209050631
55	2	-0.39659893215077846
55	3	-0.3967296138891562
55	4	-0.3976467693571705
55	5	-0.3974439865921737
55	6	-0.3957497945452585
55	7	-0.3984339712394599
55	8	-0.3967231276674707
55	9	-0.38973292109938373
55	10	-0.39694162704044406
55	11	-0.3982327348292082
55	12	-0.3941791019103851
55	13	-0.39817184210274936
55	14	-0.39630492796580696
55	15	-0.39400201808309343
55	16	-0.39153751977352275
55	17	-0.39559858930223124
55	18	-0.3962964959758641
55	19	-0.3958714415572829
55	20	-0.397493944941761
55	21	-0.3954145797519974
55	22	-0.39738196740658444
55	23	-0.39366636323643756
55	24	-0.41322470535431793
55	25	-0.4124374488293758
55	26	-0.41348447537409366
55	27	-0.41095006065082273
55	28	-0.4099851992169288
55	29	-0.4131750995876696
55	30	-0.41429991026415053
55	31	-0.41503015022826517
55	32	-0.4139648327990658
55	33	-0.4108790891338057
55	34	-0.40849405300116426
55	35	-0.413436436537162
55	36	-0.41212650665251344
55	37	-0.4109263774925994
55	38	-0.41338725746312976
55	39	-0.414716730881628
55	40	-0.4130907317372608
55	41	-0.41298859563966905
55	42	-0.41369396354093546
55	43	-0.4136104889102828
55	44	-0.41500632165100304
55	45	-0.41097887665855626
55	46	-0.4137646256411722
55	47	-0.4149939145015166
55	48	-0.4057160289376236
55	49	-0.41502271448791295
55	50	-0.41497611239088483
56	0	-0.32928358316266226
56	1	-0.3485373239477286
56	2	-0.3464579758368363
56	3	-0.34734832405064586
56	4	-0.3486901483631401
56	5	-0.34753541126513215
56	6	-0.3469148376421218
56	7	-0.3476422940778807
56	8	-0.347339892060703
56	9	-0.34798502312528296
56	10	-0.34470974224240913
56	11	-0.32935566480612655
56	12	-0.3477665579100442
56	13	-0.3327055485771909
56	14	-0.3323704540332369
56	15	-0.3452222418124409
56	16	-0.3492157847114697
56	17	-0.33163027535189105
56	18	-0.3492761479929164
56	19	-0.34631538283215946
56	20	-0.34679310523574886
56	21	-0.3305321108077973
56	22	-0.3318420748502004
56	23	-0.3484873826770126
56	24	-0.34716195748888073
56	25	-0.34820772019731366
56	26	-0.35890003028631284
56	27	-0.35709515835026895
56	28	-0.34789928374877904
56	29	-0.3640917657457127
56	30	-0.3447097591130357
56	31	-0.36579622556921243
56	32	-0.34975465888777013
56	33	-0.3613642211762639
56	34	-0.3432183567142455
56	35	-0.3456508349155024
56	36	-0.3629608436319838
56	37	-0.3647443583672914
56	38	-0.3497472914628872
56	39	-0.34570297542519784
56	40	-0.3478134641944057
56	41	-0.34848910014293855
56	42	-0.349730830310508
56	43	-0.34833499756978775
56	44	-0.34811171488605264
56	45	-0.3404404351239008
56	46	-0.34944115414687194
56	47	-0.3477130018259463
56	48	-0.3484184551215373
56	49	-0.3497006381292611
56	50	-0.3497184231610216
57	0	-0.23397639846790202
57	1	-0.23366674942004606
57	2	-0.2308132214163705
57	3	-0.24679653938940307
57	4	-0.2329298330528045
57	5	-4.2645529649473
57	6	-0.26180738547659166
57	7	-0.26525682441373405
57	8	-0.24252718103428694
57	9	-2.2240876522755055
57	10	-4.242849048950432
57	11	-0.24773764914136204
57	12	-4.24943492645203
57	13	-3.040812325142353
57	14	-0.25180516907140776
57	15	-0.2669429793396423
57	16	-0.2640093898162584
57	17	-0.24286306309461272
57	18	-0.2665666005885747
57	19	-0.2663548864846079
57	20	-0.2453054100442513
57	21	-0.24985984127873784
57	22	-0.2504218288745304
57	23	-0.2657455132948741
57	24	-0.26532049303401956
57	25	-0.2446677983996863
57	26	-0.2663906443594541
57	27	-0.2651987947853972
57	28	-0.267620876500408
57	29	-0.26486366538648465
57	30	-0.2517873840396473
57	31	-0.25183400321554666
57	32	-0.2515275243221215
57	33	-2.2240876522755055
57	34	-0.2505054059784745
57	35	-0.24990137146788086
57	36	-4.266209945939828
57	37	-0.2674300401578266
57	38	-0.25051226311163527
57	39	-0.2660479665486578
57	40	-0.2661722303808213
57	41	-0.2487287483763276
57	42	-0.24979986728843143
57	43	-0.26362890485741103
57	44	-0.2668930380689224
57	45	-0.2647210382240731
57	46	-0.26594106665703793
57	47	-0.24779007999184946
57	48	-0.24679650502342568
57	49	-42.076999789840386
57	50	-0.25154511501394344
57	51	-2.2260397328853307
57	52	-0.2501985291118922
57	53	-0.26709578667618056
57	54	-2.2263493742423694
57	55	-0.2670949626927419
57	56	-0.265753945284817
57	57	-0.2518414218770276
57	58	-0.2676817350693509
57	59	-2.2253725873015218
58	0	-0.4947682365737572
58	1	-0.4950784150658277
58	2	-0.4713273169440819
58	3	-0.4768663313554228
58	4	-0.49191523801499654
58	5	-0.47700902683330354
58	6	-0.4940317984147844
58	7	-0.47819331091660733
58	8	-0.4778993067316359
58	9	-0.4739526407049889
58	10	-0.47977517022655547
58	11	-0.47896892543645214
58	12	-0.4783175576699015
58	13	-0.477890874741693
58	14	-0.4802982229072792
58	15	-0.479991744013854
58	16	-0.4709914007260195
58	17	-0.4788860314873598
58	18	-0.4802693887631403
58	19	-0.4790883237075899
58	20	-0.47826412113789074
58	21	-0.4915795319317069
58	22	-0.4783239755761138
58	23	-0.4785002479314268
58	24	-0.47746587155970976
58	25	-0.4790383482791393
58	26	-0.4773442245476933
58	27	-0.4789764828033678
58	28	-0.478536005806273
58	29	-0.4797658451332189
58	30	-0.47625424844696806
58	31	-0.47376949310504535
58	32	-0.4935118263129738
58	33	-0.49506822405427175
58	34	-0.49589427692842847
58	35	-0.49654988795551336
58	36	-0.4915796000389393
58	37	-0.4950308373591765
58	38	-0.4942870271322581
58	39	-0.4924727214070654
58	40	-0.493720958711134
58	41	-0.4925207441568773
58	42	-0.4965704619762935
58	43	-0.49489299235731454
58	44	-0.4944053034276377
58	45	-0.4894505518378098
58	46	-0.49428699297452344
58	47	-0.4895080997332603
58	48	-0.49468463727220663
58	49	-0.49209356859960635
58	50	-4.755814700758005
58	51	-4.73784884120686
58	52	-4.753405969203308
58	53	-9.553206187806838
58	54	-0.49632825916803686
58	55	-0.49614598891882
58	56	-0.4966244998136738
58	57	-0.4949815045753424
58	58	-2.730735799802489
58	59	-2.7248037214008995
58	60	-0.49556000636791314
58	61	-0.4962391418998202
58	62	-0.49654876617798677
58	63	-0.49555918238447444
58	64	-0.7564610160282705
58	65	-0.757702677880363
58	66	-2.7324279438407957
58	67	-4.752317581490176
58	68	-4.755968335191295
58	69	-4.755625224127969
58	70	-4.7556941041427345
58	71	-2.7305009874862676
58	72	-4.754816725763329
58	73	-0.49557187676393727
58	74	-0.4965090800644709
59	0	-0.44612083765547994
59	1	-0.44581658553082604
59	2	-0.4386895883527037
59	3	-0.44422872231611377
59	4	-0.4429587365730313
59	5	-0.444371281163056
59	6	-0.44507519449962324
59	7	-0.4455555823252292
59	8	-0.44526159521913095
59	9	-0.4412978844817196
59	10	-0.44713742455630795
59	11	-0.44113188406573633
59	12	-0.4448282112838068
59	13	-0.4290115528706304
59	14	-0.429792681477131
59	15	-0.46199867024456764
59	16	-0.4639793354819453
59	17	-0.4620051223085225
59	18	-0.46344724804898335
59	19	-0.4469376730132673
59	20	-0.46218139466382757
59	21	-0.4475933694346928
59	22	-0.46265761245689724
59	23	-0.46265026003660414
59	24	-0.44356415732058546
59	25	-0.4431363156876541
59	26	-0.4453304402959643
59	27	-0.44544871659134594
59	28	-0.46276957291320253
59	29	-0.4599353610216342
59	30	-0.4426229961237782
59	31	-0.4459364396787673
59	32	-0.44572813582995513
59	33	-0.4615719873163591
59	34	-0.44476450850578264
59	35	-0.46271952916927667
59	36	-0.4625673831661922
59	37	-0.44049423826349243
59	38	-0.4622171013020698
59	39	-0.44455522239781264
59	40	-0.46102530296462085
59	41	-0.45894188873467123
59	42	-0.4476138580611323
59	43	-0.46367285658852014
59	44	-0.4435169885139266
59	45	-0.4405515641335764
59	46	-0.45467251330068564
59	47	-0.46194521663370147
59	48	-0.4639505013378064
59	49	-0.44607421636514605
59	50	-0.447631892939871
59	51	-0.42966601630985124
59	52	-0.4452231955429151
59	53	-0.44737167233174496
59	54	-0.447274854003582
59	55	-0.4476440673212505
59	56	-0.44718940208252816
59	57	-0.44640240546915827
59	58	-0.4460250885277337
59	59	-0.44660341953162125
59	60	-0.44766789589851264
59	61	-0.4466025784693133
59	62	-0.4472825379846591
59	63	-0.44016143694231147
59	64	-0.44609349826503214
59	65	-0.4475921622628256
59	66	-0.44778574477654576
59	67	-0.447442399230963
59	68	-0.4475112963245975
59	69	-0.44413477367204385
59	70	-0.4477855273731604
59	71	-0.4458586859488104
59	72	-0.4466154265585879
59	73	-0.44663391794519597
59	74	-0.4475524761493098
60	0	-0.39685752723558443
60	1	-0.3971655196331473
60	2	-0.3897329552571223
60	3	-0.39611856140404184
60	4	-0.39541468222521126
60	5	-0.3940020693196755
60	6	-0.39527207214166105
60	7	-0.3965989492296478
60	8	-0.39630496212354954
60	9	-0.39234119640432047
60	10	-0.39818079146072655
60	11	-0.38062275171666116
60	12	-0.38040433773802834
60	13	-0.3816621816727723
60	14	-0.3807987421035204
60	15	-0.3794888292977352
60	16	-0.3773475047832832
60	17	-0.3823178780941978
60	18	-0.37824045536237816
60	19	-0.3752187640019005
60	20	-0.3823383667206373
60	21	-0.3806609483382723
60	22	-0.3818530350937816
60	23	-0.3778632153885041
60	24	-0.39715474793933103
60	25	-0.3823849858965367
60	26	-0.38105567134706103
60	27	-0.3963738072003829
60	28	-0.3752760727930814
60	29	-0.3801732081719817
60	30	-0.3800549660343386
60	31	-0.3782886659800905
60	32	-0.373078163715277
60	33	-0.3823561517523978
60	34	-0.3773475391492626
60	35	-0.38045284943578844
60	36	-0.3810632628714886
60	37	-0.3799776377309505
60	38	-0.38117510377571867
60	39	-0.3809728627921025
60	40	-0.3958715269516234
60	41	-0.3820785070031115
60	42	-0.3794309704580815
60	43	-0.38041078980198517
60	44	-0.38112519666273736
60	45	-0.3921751143392164
60	46	-0.37927973105731766
60	47	-0.38058702799954763
60	48	-0.37834096019961166
60	49	-0.3803510207581027
60	50	-0.37994772128128346
60	51	-0.364390456653887
60	52	-0.382356401599376
60	53	-0.38209618099125
60	54	-0.3819993455842178
60	55	-0.3811269141286633
60	56	-0.38132792819112626
60	57	-0.38074956302949614
60	58	-0.3823685759807555
60	59	-0.3819139107420332
60	60	-0.3813270871288183
60	61	-0.38239240455801765
60	62	-0.3808180240034065
60	63	-0.39120480384673006
60	64	-0.3983259048890777
60	65	-0.3986355291672442
60	66	-0.398828894277579
60	67	-0.39517814057646244
60	68	-0.39848578321425093
60	69	-0.3985546632290161
60	70	-0.39882911168096435
60	71	-0.396902052853229
60	72	-0.39767728484961457
60	73	-0.3976587934630065
60	74	-0.3985958430537284
61	0	-0.3645279959883857
61	1	-0.3642179370478734
61	2	-0.35709519250800553
61	3	-0.36348079865492505
61	4	-0.3626343606291562
61	5	-0.36136437488607376
61	6	-0.37909584105916694
61	7	-0.38028009098473414
61	8	-0.37998610387863596
61	9	-0.3759101196469539
61	10	-0.38186193321581297
61	11	-0.3803510207581027
61	12	-0.3807987421035204
61	13	-0.37955268578557316
61	14	-0.3823383667206373
61	15	-0.38017317401424305
61	16	-0.3810632628714886
61	17	-0.3811251112683968
61	18	-0.3800549489554693
61	19	-0.37927973105731766
61	20	-0.37786017534985905
61	21	-0.3823849858965367
61	22	-0.38105751586477904
61	23	-0.3808360263253878
61	24	-0.38040433773802834
61	25	-0.3809730335807836
61	26	-0.3823561517523978
61	27	-0.3811751550123167
61	28	-0.3823178780941978
61	29	-0.37943088506373895
61	30	-0.373078163715277
61	31	-0.38058702799954763
61	32	-0.38041085811747033
61	33	-0.3782421632493803
61	34	-0.3773475220703933
61	35	-0.37834101143622556
61	36	-0.37948893177094706
61	37	-0.3806227687955305
61	38	-0.3806610166537435
61	39	-0.3804539766413575
61	40	-0.37828864890122116
61	41	-0.3800549489554693
61	42	-0.38185312048804265
61	43	-0.3752191055791992
61	44	-0.3816621816727723
61	45	-0.37585630733091674
61	46	-0.3799776377309505
61	47	-0.3752760557142101
61	48	-0.3820785070031115
61	49	-0.3773475047832832
61	50	-0.37994772128128346
61	51	-0.36439052496935626
61	52	-0.382356401599376
61	53	-0.38199936266308704
61	54	-0.38209618099125
61	55	-0.3811269141286633
61	56	-0.38132792819112626
61	57	-0.3807495801083674
61	58	-0.3823685759807555
61	59	-0.3819139107420332
61	60	-0.38239240455801765
61	61	-0.3813270871288183
61	62	-0.36568815921883024
61	63	-0.36599778349699674
61	64	-0.3808179898456679
61	65	-0.3585670581764826
61	66	-0.362540394906215
61	67	-0.36619114860733154
61	68	-0.36591691755876865
61	69	-0.36584803754400347
61	70	-0.3661913660107169
61	71	-0.3642643242618508
61	72	-0.36502101363502243
61	73	-0.3650395391793671
61	74	-0.36595809738348095
62	0	-0.39684642597146985
62	1	-0.3971575267227812
62	2	-5.55288275664861
62	3	-5.5507660450878635
62	4	-5.537889090148469
62	5	-5.537736741747835
62	6	-3.2005125513854824
62	7	-5.538440102506901
62	8	-5.536936791394554
62	9	-5.538426143473983
62	10	-5.535859751623764
62	11	-5.537562287631385
62	12	-5.535104770839891
62	13	-3.2027098758998305
62	14	-5.537939133892392
62	15	-5.536184417970372
62	16	-5.568354943424393
62	17	-5.553705822285016
62	18	-5.551371685311835
62	19	-3.216831460658762
62	20	-5.562815775303244
62	21	-5.552362767467929
62	22	-5.548301629623827
62	23	-5.548939497451338
62	24	-5.553060691220431
62	25	-5.553535937083079
62	26	-5.55343402301098
63	0	-0.44624787847317693
63	1	-0.44262297925315164
63	2	-0.4223706838485005
63	3	-0.4464006026088918
63	4	-0.4448280746528643
63	5	-5.994528571265256
63	6	-5.9942795387816705
63	7	-5.996010337639714
63	8	-0.44295827799241844
63	9	-0.4289342416461116
63	10	-0.4469513758634106
63	11	-5.995554392761322
63	12	-0.42823631789360944
63	13	-5.995770966548624
63	14	-0.44507519449962324
63	15	-0.444371281163056
63	16	-5.994748694495104
63	17	-5.993747374343247
63	18	-0.4469376730132673
63	19	-5.993747425579855
63	20	-5.996077445442048
63	21	-0.4458089512751347
63	22	-0.4248129454037886
63	23	-5.994103249347502
63	24	-3.6614028331442654
63	25	-0.4460737488551963
63	26	-0.42940894098538335
63	27	-0.853458311834385
63	28	-5.994353373726042
63	29	-0.44469562301116594
63	30	-5.991738243750319
63	31	-5.993123447082464
63	32	-5.988968566496332
63	33	-5.98677062326079
63	34	-0.42957935563182226
63	35	-5.996030826266148
63	36	-0.4454482526183713
63	37	-0.4241755557846141
63	38	-0.44645059511621366
63	39	-0.44612203317615245
63	40	-5.996048611297911
63	41	-0.4436159417229117
63	42	-6.007871726583646
63	43	-6.011074831184149
63	44	-6.010415059753862
63	45	-0.4442286540006445
63	46	-6.008252945934057
63	47	-0.4456262900733027
63	48	-0.44262296196603956
63	49	-0.44356410608397956
63	50	-6.012367952833165
63	51	-6.009959272515073
63	52	-5.994402110360891
64	0	-0.33166613569994907
64	1	-0.3241216672506342
64	2	-0.3310983158598879
64	3	-0.3120719792850496
64	4	-0.31507540986552457
64	5	-0.33149625049801323
64	6	-0.33189074560505577
64	7	-0.33046365228489943
64	8	-0.33084307006354685
64	9	-0.3316303607462316
64	10	-0.3334284040375533
64	11	-0.32908910361782984
64	12	-0.3327198491871615
64	13	-0.34867149209914816
64	14	-0.3425805059655778
64	15	-0.34691488887871974
64	16	-0.329283463610595
64	17	-0.34967999579299586
64	18	-0.3464580270734422
64	19	-0.3475350326864921
64	20	-0.34679313939349143
64	21	-0.32933198164790317
64	22	-0.3485372556322434
64	23	-0.34741715204861984
64	24	-0.34470974224240913
64	25	-0.3432182200832751
64	26	-0.347339892060703
64	27	-0.3481981781819125
64	28	-0.3321066297759072
64	29	-0.3490244189236555
64	30	-0.3466419683082008
64	31	-0.34833470977785597
64	32	-0.3497006210503898
64	33	-0.32999652956456815
64	34	-0.34922418754556545
64	35	-0.34971845731876416
64	36	-0.3484873655981493
64	37	-0.3426382075707587
64	38	-0.345702807185397
64	39	-0.34802318558915346
64	40	-0.34077631718422263
64	41	-0.34816054600219243
64	42	-0.3475732051976022
64	43	-0.348418250175209
64	44	-0.34777302705286633
64	45	-0.33144689250336107
64	46	-0.3478996594841384
64	47	-0.3289034227022104
64	48	-0.34944217887902235
64	49	-0.3450452117703888
64	50	-0.3309910540279674
64	51	-0.31543384063717683
64	52	-0.3333997685037946
65	0	-0.3305960185322571
65	1	-0.34044055467596807
65	2	-0.3447097420341684
65	3	-0.34771315553577203
65	4	-0.32933198164790317
65	5	-0.3474172374429604
65	6	-0.3482093256106428
65	7	-0.33210666393364585
65	8	-0.3479492652504368
65	9	-0.34974730854175845
65	10	-0.3292837197938871
65	11	-0.32626170393450493
65	12	-0.3454251211482647
65	13	-0.34781501837127987
65	14	-0.33235258759494496
65	15	-0.33336114252540455
65	16	-0.34679313939349143
65	17	-0.3464580270734422
65	18	-0.34741722036409106
65	19	-0.3475350497653634
65	20	-0.3483347268567591
65	21	-0.3497006722870037
65	22	-0.3485373410265999
65	23	-0.34757322227646953
65	24	-0.34664198538707014
65	25	-0.3477657457709583
65	26	-0.34470975932127645
65	27	-0.34321861289725125
65	28	-0.347339892060703
65	29	-0.3481982635763008
65	30	-0.3490244360025248
65	31	-0.34522242967961153
65	32	-0.34971844023989285
65	33	-0.3463154340687733
65	34	-0.34922418754556545
65	35	-0.34944257169252135
65	36	-0.34077631718422263
65	37	-0.3481605289233251
65	38	-0.34777309536835155
65	39	-0.3480231685102822
65	40	-0.34841789151900726
65	41	-0.34848741683475126
65	42	-0.3426382758862279
65	43	-0.3457028925797216
65	44	-0.3478995057742649
65	45	-0.36310139795514695
65	46	-0.36348081573379437
65	47	-0.34504519469148576
65	48	-0.3643038813701966
65	49	-0.365357509463148
65	50	-0.33175271098363945
65	51	-0.3473099585321726
65	52	-0.3497186559291285
66	0	-0.3963738072003829
66	1	-0.37768292328289377
66	2	-0.3973821211164022
66	3	-0.3979949306349999
66	4	-0.39672968220464133
66	5	-0.4107005991551042
66	6	-11.120171477166508
66	7	-0.3971171157596149
66	8	-7.121791026652615
66	9	-7.120278057348549
66	10	-7.114580791263181
66	11	-0.4057159435432671
66	12	-0.3965298091127633
66	13	-0.39672231552838483
66	14	-7.1196809836977355
66	15	-7.121034780879457
66	16	-11.12000678202046
66	17	-11.120239858236333
66	18	-0.3921751314180559
66	19	-0.3979810399176859
66	20	-0.39366636323643756
66	21	-0.38973292109938373
66	22	-0.397291262456435
66	23	-0.4099852162957921
66	24	-11.103162928081451
66	25	-0.3964916366016532
66	26	-11.103873316812233
66	27	-0.3962964959758641
66	28	-0.39417999001131065
66	29	-11.103199104712916
66	30	-0.41219036314034346
66	31	-11.103199146361074
66	32	-0.4078562193313042
66	33	-0.39611856140404184
66	34	-0.41322477366979515
66	35	-0.41348502189746605
66	36	-7.1216942083244525
66	37	-0.39527200382619176
66	38	-0.3973741880144214
66	39	-0.39465934278507286
66	40	-0.3983980313234648
66	41	-0.39559858930223124
66	42	-0.39749397909950357
66	43	-0.3986750270761827
66	44	-0.4108785426101788
66	45	-7.121022756773618
66	46	-0.3957390923887964
66	47	-0.39744402074991236
66	48	-0.39685479461617734
66	49	-0.3963737901215156
66	50	-0.39541459683086866
66	51	-0.3986572420444222
66	52	-0.39574974330865254
66	53	-0.4109263604137321
66	54	-0.39694160996157474
66	55	-0.39818079146072655
66	56	-7.121608756403399
66	57	-0.4130901852133794
66	58	-7.120444357454241
66	59	-7.120821759790025
66	60	-7.12206342164212
66	61	-0.39715474793933103
66	62	-0.41298862979739576
66	63	-0.4149555212912335
66	64	-0.39159486272251776
66	65	-0.4139469663607739
66	66	-0.396979755346572
66	67	-0.41502271448791295
67	0	-0.347903502228939
67	1	-0.34820965010903826
67	2	-0.34867147502027884
67	3	-0.3447097934790151
67	4	-0.34757322227646953
67	5	-0.34691485472099304
67	6	-0.3447097591130357
67	7	-0.3432185616606692
67	8	-0.347339892060703
67	9	-0.36413392785315735
67	10	-0.36403201378068567
68	0	-0.7873922062431248
68	1	-0.789647942016705
68	2	-0.7900680164595543
68	3	-0.7874027546897774
68	4	-0.4289342416461116
68	5	-0.7870676082119935
68	6	-0.78814459674618
68	7	-0.7813859154016433
68	8	-0.7890969808944353
68	9	-0.7872515665256217
68	10	-0.42948961980086503
68	11	-0.42630405746184236
68	12	-0.7896340171410764
68	13	-0.7831898821578012
68	14	-0.7887214326555423
68	15	-7.921597051687754
68	16	-0.7885946042638344
68	17	-0.7892997636594307
68	18	-0.7883753098306392
68	19	-7.921636737801272
68	20	-0.8019736169961107
68	21	-0.7858332746544477
68	22	-0.7862129398277276
68	23	-0.7869249981284534
68	24	-0.42630407474894644
68	25	-0.7877715386274321
68	26	-0.7862604502117885
68	27	-0.43026580752681814
68	28	-7.921327113523104
68	29	-0.7893116852920544
68	30	-0.8042767975918532
68	31	-0.8066468625444868
68	32	-0.7973690282171911
68	33	-0.8066290775127261
68	34	-0.4461217599147207
68	35	-0.8026314515152859
68	36	-0.8066757479252232
68	37	-0.8063704645526135
68	38	-0.8066085718074155
68	39	-0.8051268566695439
68	40	-0.8216727877961276
68	41	-0.44482108939565007
68	42	-0.8061526269290304
68	43	-0.42940945335094954
68	44	-0.8054657974889361
68	45	-0.42930576307664264
68	46	-0.8206645421955737
68	47	-0.44548645928721203
68	48	-0.8043456255898195
68	49	-0.8048777046339018
68	50	-0.8049515908148757
68	51	-0.8024658852626105
68	52	-0.8052631491613214
68	53	-0.4411318669868651
68	54	-0.8050890024645266
68	55	-0.7995666981908217
68	56	-0.8053466724795163
68	57	-0.8047014493574601
68	58	-0.8062046044552506
68	59	-7.9380310962385146
69	0	-1.3915698189368004
69	1	-1.390723261358951
69	2	-1.390238015614353
69	3	-1.3891176376398242
69	4	-1.3891176207691955
69	5	-1.3885433901121325
69	6	-1.016879943167149
69	7	-1.0122910182376337
69	8	-1.0167853730086496
69	9	-1.0164136637105665
69	10	-1.3869880962495011
69	11	-1.3748976613614285
69	12	-1.391804278859952
69	13	-1.3923074867737428
69	14	-1.390058764678894
69	15	-1.3851841786321424
69	16	-1.3766261905197965
69	17	-1.3777690331537444
69	18	-1.3760382513745717
69	19	-1.3912010691568848
69	20	-1.3777895047013287
69	21	-2.1937473627154835
69	22	-1.3896302398910771
69	23	-2.193815760864183
69	24	-1.375506155251626
69	25	-1.3737918103884024
69	26	-1.375163900013898
69	27	-1.376507663270873
69	28	-1.3910498468349897
69	29	-1.3923928845732023
69	30	-1.3778073922063014
69	31	-1.3934463589562804
69	32	-1.3934322974504447
69	33	-1.3765145204042477
69	34	-1.3756622425583451
69	35	-1.3755062064882277
69	36	-1.3921977713241154
69	37	-1.3921736242977447
69	38	-1.3736264490821513
69	39	-2.2098111060031154
69	40	-22.018078205447026
69	41	-1.392615923222278
69	42	-1.4063293753181223
69	43	-2.2100867024865503
69	44	-1.409417018935393
69	45	-2.2093440678774807
69	46	-1.409428889331419
69	47	-1.3938490668307375
69	48	-1.3927426566201637
69	49	-1.384848330729563
69	50	-2.2093078702136992
69	51	-1.4075093761247477
69	52	-2.2097129580575015
69	53	-1.4101852717355166
69	54	-1.3917562025774368
69	55	-22.020651807048548
69	56	-2.2093440262293225
69	57	-2.2082970567623077
69	58	-2.2025997906769397
69	59	-1.3936320489934853
69	60	-1.3941551187530805
69	61	-1.3870461544130186
69	62	-1.3924310470370733
69	63	-1.4093983285136622
69	64	-1.3926059713143473
69	65	-1.3934756976425937
69	66	-1.4088386366949073
69	67	-2.2100824210558807
69	68	-2.2088407421249165
69	69	-13.338908203012585
69	70	-13.323042780509267
69	71	-13.323042780509267
69	72	-13.323190038453337
69	73	-9.341571937435912
69	74	-9.337921183734796
69	75	-9.341572154839298
69	76	-9.34122882637258
69	77	-9.341297706387346
69	78	-22.021247665786728
69	79	-9.339879925406652
69	80	-22.004277463060898
69	81	-22.00492904098518
70	0	0.009141225494846313
70	1	-0.7547651065154274
70	2	-0.7399879481616066
70	3	-0.7546138500357944
70	4	-0.7558701919809652
70	5	-0.7559568877740072
70	6	-0.7410143153551008
70	7	-0.7531943284861418
70	8	-0.7511904946248464
70	9	-0.7550467956173582
70	10	-0.7538021042095002
70	11	-0.7542873499540954
70	12	-0.7409459342852716
70	13	-0.7395984140599066
70	14	-0.7565092739907933
70	15	-0.7569963006512491
70	16	-0.7403431134849799
70	17	-0.755921181135763
70	18	-0.7411124462218462
70	19	-0.7553117567094273
70	20	-0.7553891020916846
70	21	-0.748748198911816
70	22	-0.7535093105278697
70	23	-0.7411113833639729
70	24	-0.7547806765169603
70	25	-0.7577548930124506
70	26	-0.7382668678044635
70	27	-0.7553202399359759
70	28	-0.7699416261246115
70	29	-0.7690005161644117
70	30	-0.7716871915422779
70	31	-0.7699937521043301
70	32	-0.756179414057516
70	33	-0.7717079090999923
70	34	-0.7733294424274841
70	35	-0.7573010485548065
70	36	-0.7484125730345176
70	37	-0.7720564857434642
70	38	-0.7577069763899009
70	39	-0.7566740371177003
70	40	-0.7547546093053806
70	41	-0.7668713675881307
70	42	-0.7740053701875351
70	43	-0.7690004992937831
70	44	-0.7502200645802932
70	45	-0.7684264223465633
70	46	-0.7573010069066483
70	47	-0.7535761626757898
70	48	-0.7572514715120121
70	49	-0.7740091972912656
70	50	-0.7727097586966082
70	51	-0.7727162571737501
70	52	-0.7714526803825185
70	53	-0.7574131041898569
70	54	-0.7718639793278458
70	55	-0.7739914976538533
70	56	-0.7720806669275698
70	57	-0.7570397008433976
70	58	-0.7575098512317794
70	59	-0.7575098512317794
70	60	-0.7576571091758587
70	61	-0.757056666012421
71	0	-0.15133546887718577
71	1	-0.16783227628413178
71	2	-0.16695039421800714
71	3	-0.15193927423813053
71	4	-0.1526609111441891
71	5	-0.9193408421527003
71	6	-0.1517085099170625
71	7	-0.1492186719220478
71	8	-0.16680778413445954
71	9	-0.1525920519041033
71	10	-0.14982439754040955
71	11	-0.9209079065190343
71	12	-0.16951682022595344
71	13	-0.15238317857650094
71	14	-0.1467540002749795
71	15	-0.9191837494086947
71	16	-0.9193589469479095
71	17	-0.14888327050134037
71	18	-0.15259894319521347
71	19	-0.1538742690696493
71	20	-0.15321243586898886
71	21	-0.9203847513651069
71	22	-0.15174673366477442
71	23	-0.16126870140765115
71	24	-0.1688270086069599
71	25	-0.1683903870572741
71	26	-0.16520212646583754
71	27	-0.18534852976968297
71	28	-0.9516133570414889
71	29	-0.17021075614785253
71	30	-0.16790951919317715
71	31	-0.9534784710941597
71	32	-0.180029460062988
71	33	-0.1820298269136967
71	34	-0.16093285350507194
71	35	-0.9361508970847333
71	36	-0.16619508893559784
71	37	-0.930117749187289
71	38	-0.16993347005468815
71	39	-0.18345324244562258
71	40	-0.18476045399351992
71	41	-0.18234870293769773
71	42	-0.16727482146046568
71	43	-0.184796263104966
71	44	-0.9515115796003257
71	45	-0.1845842157959338
71	46	-0.16609521346762623
71	47	-0.18422847742264348
71	48	-0.18372612511319272
71	49	-0.18360439645204382
72	0	-0.1360349168863399
72	1	-0.13289979908692404
72	2	-0.13519453061388428
72	3	-0.13562040140300677
72	4	-0.135016596042062
72	5	-0.13538963708193874
72	6	-0.1506315213828834
72	7	-0.1504889112993358
72	8	-0.1526609111441891
72	9	-0.14982439754040955
72	10	-0.15238317857650094
72	11	-0.15207151422215037
72	12	-0.15250813577183617
72	13	-0.14494982857252742
72	14	-0.15219669697745836
72	15	-0.1525920519041033
72	16	-0.1538742690696493
72	17	-0.13639191126431172
72	18	-0.13583964459959474
72	19	-0.15237189451667302
72	20	-0.13476950660782147
72	21	-0.13464777794667257
72	22	-0.13556787948329763
72	23	-0.13753477097713143
72	24	-0.13566965692446112
72	25	-0.13757301047760503
72	26	-0.13449662394025133
72	27	-0.13345746779737874
72	28	-0.13729572438444065
72	29	-0.13527177352292966
72	30	-0.1346370757902182
72	31	-0.15321243586898886
72	32	-0.1533976989338704
72	33	-0.13049296567601493
72	34	-0.13107284155761675
72	35	-0.13562759729056253
72	36	-0.13652611357345962
72	37	-0.13307320840832546
72	38	-0.15259894319521347
72	39	-0.13527185891727223
72	40	-0.13580383548814867
72	41	-0.14888327050134037
72	42	-0.1539208540877978
72	43	-0.1531979473908297
72	44	-0.1467540002749795
72	45	-0.13256438079559005
72	46	-0.13339208443232647
72	47	-0.12829510783482445
72	48	-0.15174673366477442
72	49	-0.13355734326535035
73	0	-0.1002620461215716
73	1	-0.10237884307670926
73	2	-0.10275188411658616
73	3	-0.10298264843765417
73	4	-0.0853560227472834
73	5	-0.08521341266373571
73	6	-0.10255677764853169
73	7	-0.10339716392098747
73	8	-0.08738541250858883
73	9	-0.08679601558655034
73	10	-0.08147850163937936
73	11	-0.08211621575714034
73	12	-0.10213175364246888
73	13	-0.10493525751225233
73	14	-0.10489701801177898
73	15	-0.1008197148320262
73	16	-0.10185887097489879
73	17	-0.10303190395910836
73	18	-0.104657971419088
73	19	-0.10263402055757714
73	20	-0.10342655277602458
73	21	-0.10425581006851245
73	22	-0.10298984432520981
73	23	-0.10444107313339406
73	24	-0.10199932282486575
73	25	-0.09785521271066232
73	26	-0.1026341059519197
73	27	-0.10424132159035339
73	28	-0.1038883606081071
73	29	-0.10043545544297289
73	30	-0.10355150997135988
73	31	-0.10316608252279609
73	32	-0.099926644700864
73	33	-0.10496422828732162
73	34	-0.10364231739473707
73	35	-0.09565735486947186
73	36	-0.10075433146697389
73	37	-0.09992662783023742
73	38	-0.10491764326917281
73	39	-0.10324007117698203
73	40	-0.10091959029999772
73	41	-0.10320189163424222
73	42	-0.10086777173993304
73	43	-0.10279010786429811
73	44	-0.09599320277205106
73	45	-0.10293012651794506
73	46	-0.1036354261036268
73	47	-0.10375415829895923
73	48	-0.10341526871619668
73	49	-0.10201002498131996
74	0	-2.530864603145543
74	1	-2.5151198899551286
74	2	-2.5151198730845015
74	3	-2.529309394677363
74	4	-2.5299471920914427
74	5	-2.5340688811477072
74	6	-0.9025531703024439
74	7	-0.9026469719123388
74	8	-2.5172188573159837
74	9	-0.9032598532764181
74	10	-0.9027309127914427
74	11	-0.900443868742877
74	12	-2.519449055322777
74	13	-2.9766999958985276
74	14	-2.9766316148286984
74	15	-2.9760287769495375
74	16	-2.9916029528482477
74	17	-2.5324316937991718
74	18	-2.536409121510955
74	19	-2.993116877144581
74	20	-2.9764063398365947
75	0	-0.5099974840055495
75	1	-0.507324371590195
75	2	-0.5078984997740664
75	3	-0.507898516644693
75	4	-0.5105286495923609
75	5	-0.5109940238693688
75	6	-0.5064069605360931
75	7	-0.5109002222594738
75	8	-0.5116069052334481
75	9	-0.508790920699907
75	10	-0.5110779647484727
75	11	-0.5124817437739593
75	12	-0.5125501248437885
75	13	-0.5118789058947983
75	14	-0.4925725456380728
75	15	-0.4948153069428408
75	16	-0.5122276820123414
75	17	-0.49654997334985396
75	18	-0.5057691631220161
75	19	-0.49593767712057707
