## RankNet
## Epochs = 50
## No. of features = 48
## No. of hidden layers = 2
## Layer 1: 10 neurons
## Layer 2: 10 neurons
1 2 3 4 5 6 7 8 9 10 11 12 13 14 15 16 17 18 19 20 21 22 23 24 25 26 27 28 29 30 31 32 33 34 35 36 37 38 39 40 41 42 43 44 45 46 47 48
2
10
10
0 0 0.14801072981448354 0.03980803134527443 -0.14141847398208496 0.14709579533676106 0.09937850756732518 0.1371929797415854 0.03450714654071256 0.0425087634548791 -0.07021618183362673 -0.011522729060529263
0 1 -0.06602559585429467 -0.03357100896180917 0.055396697886299855 -0.014775268673996365 0.0026266440276394853 -0.04087577595900208 0.023690278750048196 -0.028307539239221236 -0.043301228113560096 -0.031773524691163034
0 2 -0.12138627157459154 -0.02624726098622488 0.11801156313063066 0.0015394511242347677 -0.05994670818087539 -0.03264565407701799 0.059157819155510875 -0.11807820771703251 -0.06624277973147 -0.13264010537993817
0 3 -0.121143093026373 -0.03627160988944992 0.0524985145252767 -0.018681928108686595 -0.03856074459078942 -0.015664051506259134 -0.11562419806094681 0.018901175119298938 0.08201337363105324 0.0523140846835358
0 4 0.025990361963072556 -0.011546600788615207 0.08385999760149734 0.004192246147295514 -0.12063973245181193 -0.015398817712059084 -0.12430788659439475 -0.054852403906542724 0.12822095304039013 -0.07011991563933255
0 5 0.021870189685205422 -0.021313945005373962 0.06976223989911852 -0.06930369544808503 -0.03267562056266572 -0.11325698147885782 0.03949012322074577 -0.07908574225264249 0.016437430649273246 0.02935615788644868
0 6 0.06668626099956469 0.1020792415726101 0.0651112921715294 0.02824767752820253 -0.06134062363993621 0.008142458443349126 -0.003775285274709782 -0.07303148109288929 -0.004391645828082733 0.003378386259966687
0 7 0.0023129502525404836 -0.011539821627306478 -0.05042327137202124 0.018542128144080634 -0.05904100311911684 0.060688816409802365 0.0938372825803227 -0.03952853636817739 0.007278708324615329 0.07687440780572026
0 8 -0.051179258676511026 -0.044738846592049165 0.09172295880705898 -0.052026806216409545 0.0316561076618077 0.015520447017533665 0.007323823172225136 0.0315086486050502 -0.08704426227302159 0.09591093882076285
0 9 0.04524773120667341 0.09352022153859284 0.02677290057068156 -0.005450334682961411 -0.08595180252511268 -0.048019524580148236 0.0962896056017559 -0.022817982524125396 0.07912756414919292 -0.06218085215344684
0 10 -0.08849725060436876 -0.047347108733435485 -0.054101554876264064 -0.07356579009140116 0.040604542610316714 0.01434205837457991 -0.01612095330887651 -0.0425693349921761 -0.024928430620058395 5.37566062438271E-4
0 11 -0.0886216566838095 -0.07592444280656604 0.011181818206556208 -0.012914094164321746 0.0897848951251108 -0.069764998592765 -0.025810569973767666 -0.005090936860273173 0.020971438570752385 -0.06860062221321392
0 12 -0.011855878235242184 0.014592894080949867 -0.12623225024801066 0.1328521029612985 0.07153258896771511 0.06250233273153062 0.11263476507406796 -0.036431429828229826 -0.0014609817913140376 0.10574758419955194
0 13 0.07966577928422326 -0.03337333973157855 0.07880406457328969 0.03187681086383229 0.020106192778401484 -0.035659030070590875 -0.08829867352487059 0.08854664941661212 0.05923405005304896 0.05258738917952532
0 14 -0.02467006437824683 0.055546681898674344 -0.008321783869737835 0.08173428387331483 0.09687365658875441 0.0370814595036208 -0.059111809223401715 -0.029916544716529374 0.014357356114258892 0.011852190979787194
0 15 0.02148167262455154 0.06053442202601915 0.02972612029803214 -0.07680981273784478 -0.030551007950438188 -0.06021533351355491 -0.010818820740070028 0.03649491859366534 -0.08936727225647531 -0.09075251252303697
0 16 0.08795863412861243 0.08513337886587688 0.03507262759157241 0.07780432923748141 0.03617897368556655 0.05862434796869472 0.08933310868570124 0.07752801995239385 -0.09608452571372962 0.02337930265984609
0 17 -0.002015460399400557 -0.04927182699632889 -0.039269861046687296 -0.08526988493020865 -0.08623179133287381 0.0011549599901992827 0.08385015890380057 0.02916575212836262 -0.027557301562995552 0.0434672873885127
0 18 -0.0650601014494896 0.061623137444257736 -0.07845897972583771 0.05362583324313164 -0.01537389773875475 -0.02106061577796936 0.0939900279045105 -0.09616009891033173 -0.022788643836975098 -0.057414114475250244
0 19 0.010132150774395271 -0.032222794967791096 -0.13617089120833578 0.21408788704620615 -0.03373394531682895 0.14697147065984031 -0.0165101697374395 0.07348209485923288 -0.06282885407628559 0.1981248291106474
0 20 0.050113110552674915 -0.0190204553103672 -0.13908928920309244 0.21119793006607931 0.15005201620519096 0.29362751496222556 0.00550767216990152 0.0028249477350286616 0.0022878750111218955 0.004668626493749988
0 21 0.018555074631248496 0.011617622103429362 -0.10322191275048685 0.17158572758554702 0.0896280900917337 0.21899586439663604 0.06960529337371531 0.07357049388976757 -0.12303583988069915 0.125367955252734
0 22 -0.10430366029935244 0.08654088635055092 -0.023818209221994808 -0.04672586394658702 -0.0772007477537258 0.006753726188260589 0.029332357660340088 -0.07115220462477374 -0.056376706231964314 9.716718947638728E-4
0 23 0.14457676750934756 -0.03965286411633033 -0.1576158600875426 0.1610809623573777 0.04361284712774685 0.16291630918370717 0.030182745523355096 -0.012584787441417602 -0.026161972783222378 0.1053800301290427
0 24 -0.08997427628932518 -0.08908693345939026 -0.07486441066669984 -0.011639393367393693 -0.030260111906252045 -0.021617846080502906 0.007269873735186461 0.06247449630861481 -0.032303609346934874 0.004382966508776982
0 25 -0.05475751999706859 -0.08352726466692735 0.034385615401727944 0.014512966858417325 -0.007138235977538006 -0.03378034785909813 -0.0850537227871779 0.08048362366713992 -0.033897195579163285 0.07967755533626872
0 26 -0.026534104436450927 0.05238183121611247 -0.08831284101624805 -0.015628770967787663 -0.09864892038190808 -0.06941726912133549 -0.07851405037613256 -0.01394249880314957 0.00393212811678108 0.07734058219158961
0 27 0.12394493719958884 0.00658808209692868 -0.18086913100613994 0.16017080025791924 0.014974955265817822 0.24544279411726827 0.03713021467322262 0.14521006389880753 -0.16365132354865042 0.14657553782380917
0 28 1.5949867505000412 0.8704145607198402 -2.0443300078375817 2.206263541315165 1.0013481872023715 3.8538888539628897 1.0529161254186197 1.2412152068731144 -1.1667354629886515 1.740439264072764
0 29 0.3211283716707505 0.29056969733646665 -0.42018270747240555 0.44560184394735564 0.3011869671220925 0.8910236616666579 0.16091957840037036 0.33053625483053317 -0.20017564953403172 0.3866325254803439
0 30 1.228542379429348 0.7695404704263795 -1.5345859443319239 1.7633502470138147 0.7662476041709413 2.9082651619881323 0.8996287858843404 0.9687073719026594 -0.9796416093184807 1.3933406212160702
0 31 0.5802060062794587 0.3510982970543622 -0.9495628072721861 0.8147167425440837 0.4617157688433691 1.4770990029874111 0.40133207636204987 0.577794785394122 -0.6062227796262497 0.6534449811245804
0 32 0.8270872903163274 0.582598599344925 -1.2107311683424051 1.2202330289763632 0.6378048843888322 2.068472111431406 0.5356388808458362 0.643555190540813 -0.662799266188581 0.9592064081743849
0 33 0.004956334147674367 -0.04056041125076822 -0.08434033155664039 -0.012504616398356927 0.03403353328006769 -0.022627336911268354 -0.028657712376129508 0.1026886274149855 -0.05416932760456881 0.06263965555821487
0 34 0.7994216720046212 0.3976682422407402 -1.081052281362206 1.1552763716176426 0.44811146154535325 2.0410402030086807 0.5032515481437304 0.5838837452362078 -0.5891760052894707 0.9364755774654439
0 35 1.0085373666109985 0.6241080716257689 -1.3541517396521072 1.4012981985441892 0.6870349206763174 2.3969296441735315 0.7163206173853993 0.7537979356614795 -0.8807724932392952 1.1551131100712546
0 36 0.503313505566709 0.24005878511936107 -0.8772023228294022 0.7283450757759365 0.3829117503241925 1.3092996314526153 0.30290993776204894 0.531738317643697 -0.5506017616605301 0.6023330675997883
0 37 0.3513716329634546 0.23551417668122968 -0.6303272826762597 0.5321024010946441 0.2401530636052741 1.010114206991174 0.37044924011666336 0.36088621441297203 -0.37823120245556213 0.4351438554412867
0 38 -0.014853748898104707 -0.07778657877324244 0.060348649090051304 0.0352961527673721 -0.04967802852437818 -0.002695648867008199 -0.0024485727542853243 0.04945022156793026 -0.011727801241285935 -0.03740082944692584
0 39 -0.06398136861162976 -0.03011679181334966 -0.10603615217852672 0.07840219647864573 -0.05602316647813642 0.043346096825470415 0.1024894379308237 -0.026543197125614607 -4.3372222811897395E-4 0.08634243269503974
0 40 -0.0563986786081874 -0.06455334063967628 0.04008232881574613 -0.07324131819738525 -0.035542372054701815 -0.06752325922562769 0.033025741247431455 0.10351494282135196 -0.0933628366712223 0.030311178091444537
0 41 -0.04198945490800509 0.05108824071769109 -0.027027726766334092 0.05692650704437264 0.025343990069160775 0.03662235274806795 0.03610616203077554 0.06312122824020272 -0.03895428779603253 0.025202959453148092
0 42 -0.010079063326831549 -0.06645918878776991 -0.07052597813958783 0.02527731486592581 -0.07708402014497073 -0.06031314955017472 -0.059127147300202736 -0.08574461940648986 0.08630649733881686 0.012620807945737472
0 43 0.0690079576315191 0.07946829358804595 -0.007920716751876543 0.017712634339913727 0.011507245511732362 0.0829315799378941 0.06289359454014706 0.0408325846355224 0.05883027611234823 0.06021241608728975
0 44 0.10275541606816013 -0.015229287454891844 -0.16546889317206573 0.126205095218404 0.07886910292403873 0.2668067437103304 0.11424759023335364 0.07641227548229819 -0.08166503971104663 0.146905031816596
0 45 0.08141408849033469 0.006518398513983782 -0.23158243966274503 0.21064206691260304 0.0012594417141732228 0.3732313063433849 0.05748797573591445 0.09449682529303875 -0.17437280779370876 0.20610160689569143
0 46 0.127617317843613 0.0027292983439284003 -0.15016362648346818 0.23416230167617852 0.12878765460028418 0.3230335746565974 0.09531689565735617 0.10742447562440624 -0.13757850259306356 0.1397163759227688
0 47 0.01537672559472727 0.07399169209749622 -0.09193076274282364 0.0707082648825694 0.12744755970870464 0.21518998673582984 0.10305044126033458 0.03577527374875437 -0.027747304118768863 0.16247730938068988
0 48 0.03297816362500545 -0.09183427037000899 0.011740269705584847 -0.010828351331675978 0.08679640834502324 0.04179211165013809 -0.06265235308017898 0.043908140849684855 -0.018480676126232054 0.08972607266545089 6.559867829339003E-4 0.011074051170971518 -0.08741574537882679 0.04558467868579887 -0.014143688785614856 0.053915043282530044 -0.006555527242809248 -0.02488040843498101 -0.09627495570811997 -0.09639181238941061 -0.04267088827847694
1 0 -0.04572980442440911 0.060382513949200155 0.07407884208904464 0.08414739315064411 -0.027463804299836084 -0.03916709372464264 -0.04323512342247056 -0.08643298555514468 -0.07573899652299153 0.06374032910197926
1 1 -0.04743307364829543 -0.018520172015115976 0.010500274031612387 -0.046083913881326315 0.07658872994113786 -0.04372303861100503 -0.05217497385583995 -0.016532300262437537 0.07435571308370488 -0.025606710994128992
1 2 0.08918613743169253 -0.05859398561771072 -0.03828508323409244 -0.08270206645833893 -0.07684980443045131 0.0564708938303021 -0.024500182120286745 0.014231333629997397 0.08205423516746232 -0.0021646385679070794
1 3 -0.0752435513083294 -0.07001810960802915 0.05365586506523111 -0.030448136764517443 -0.06156281065483218 -0.09452701033452184 -0.05547704703591511 -0.030635577081996573 -0.05411935015341191 -0.052655271495564156
1 4 0.07500597922842583 0.08667725087209507 -0.09724079796201417 0.08942474347385941 0.03924855764839962 -0.09938158910945316 -0.06567679508489224 0.05475930005569291 0.003783673426303778 -0.06453297357371846
1 5 0.036863615533079847 -0.08531181237271732 -0.09730298077634367 0.056347445673513845 0.09235103665530585 -0.0789990492958458 -0.04365705280137881 -0.03320064172681045 0.011008040964341947 -0.00900880002648698
1 6 -0.02921715952505643 -0.021002124883945098 0.02985070685738165 0.005485251326205665 -0.0064216579409189884 0.0539099391659669 -0.08103315965871334 -0.026659903241433233 -0.0805058682171455 -0.03053028048666344
1 7 -0.051940890857972974 -0.054811299202972764 0.07326254859755427 0.05644329711806396 -0.02985470240577418 -0.02951280247181173 0.08849171059963962 -0.05285368617765114 -0.058647632462637204 0.06824898515782021
1 8 0.08584821367726493 -0.06480013299628001 -0.06616501076746696 -0.0839225163375715 -0.004160694367046247 0.02615294116409255 -0.039027725990340184 -0.09720793427893652 0.025338443245151505 -0.0949878353840442
1 9 -0.02513734712560676 -0.04037507976565295 -0.07303347789288145 -0.0557744213589812 -0.0398367336747868 -0.022150284633637163 -0.051286398587663436 -0.03219385534315474 0.03327144759740619 0.047061346234885344
2 0 0.0438220216612113
2 1 0.070060223916833
2 2 0.038726821719716996
2 3 -0.03969669445000335
2 4 -0.027071432691616198
2 5 0.049891872204047276
2 6 0.05965969833957163
2 7 -0.003275012646105921
2 8 0.037206040510333105
2 9 -0.04824775699286391
