56	0	-0.2661534249782562
56	1	0.34863901138305664
56	2	0.34863901138305664
56	3	-0.14810486137866974
56	4	1.938990831375122
56	5	0.38965100049972534
56	6	-2.2764625549316406
56	7	0.450305312871933
57	0	-0.5140611529350281
57	1	0.2687199115753174
57	2	0.450305312871933
57	3	-2.3699662685394287
57	4	1.8405455350875854
57	5	1.3863990306854248
57	6	1.938990831375122
57	7	-0.1768495887517929
57	8	-0.3361535668373108
57	9	-0.2789705693721771
57	10	2.386420249938965
57	11	-0.14810486137866974
57	12	2.386420249938965
57	13	0.2751675546169281
57	14	0.23238888382911682
57	15	2.2967309951782227
57	16	1.3257447481155396
57	17	-2.2764625549316406
57	18	0.38965100049972534
57	19	0.34863901138305664
57	20	0.34863901138305664
57	21	-0.2661534249782562
58	0	-2.2764625549316406
58	1	0.4391404986381531
58	2	-0.4691368043422699
58	3	0.018543045967817307
58	4	-0.3676116466522217
58	5	-0.2661534249782562
58	6	-2.4227664470672607
58	7	-0.08073515444993973
58	8	1.2679332494735718
58	9	1.3863990306854248
58	10	1.519636631011963
58	11	2.0595126152038574
58	12	2.0595126152038574
58	13	1.9698234796524048
58	14	1.0575478076934814
58	15	1.5061882734298706
58	16	0.18652644753456116
58	17	-0.14810486137866974
58	18	0.10421158373355865
58	19	1.938990831375122
58	20	1.1182020902633667
58	21	0.17941609025001526
58	22	0.450305312871933
58	23	0.38965100049972534
59	0	-0.24956312775611877
59	1	0.10421158373355865
59	2	-2.2764625549316406
59	3	-0.4691368043422699
59	4	-0.0835779681801796
59	5	2.386420249938965
59	6	-2.3699662685394287
59	7	2.2967309951782227
59	8	-0.4119400978088379
59	9	-0.6377162337303162
59	10	1.3257447481155396
59	11	1.8405455350875854
59	12	0.018543045967817307
59	13	2.386420249938965
59	14	1.5061882734298706
59	15	2.2518975734710693
59	16	0.13275273144245148
59	17	-0.535595178604126
59	18	1.3863990306854248
59	19	-0.7369231581687927
59	20	0.1934070587158203
59	21	1.5061882734298706
59	22	0.07919736951589584
59	23	-0.535595178604126
59	24	2.386420249938965
59	25	-0.08073515444993973
59	26	0.07919736951589584
59	27	0.07919736951589584
59	28	1.3863990306854248
59	29	0.4391404986381531
59	30	1.3863990306854248
59	31	1.2679332494735718
59	32	1.2842780351638794
60	0	0.5521525144577026
60	1	-0.1768495887517929
60	2	0.43794283270835876
60	3	-0.05319453403353691
60	4	-0.11619526892900467
60	5	-2.2764625549316406
61	0	2.386420249938965
61	1	-0.3361535668373108
61	2	1.8405455350875854
61	3	-0.14810486137866974
61	4	2.2967309951782227
61	5	-2.3699662685394287
61	6	-0.0835779681801796
61	7	0.018543045967817307
61	8	-0.15531551837921143
61	9	-2.2764625549316406
61	10	1.3257447481155396
61	11	2.386420249938965
61	12	-0.6377162337303162
61	13	-0.7369231581687927
61	14	1.3863990306854248
61	15	1.5061882734298706
61	16	0.23238888382911682
61	17	1.5061882734298706
61	18	-0.535595178604126
61	19	0.450305312871933
61	20	0.13275273144245148
61	21	2.2518975734710693
61	22	1.3863990306854248
62	0	1.0575478076934814
62	1	2.0595126152038574
62	2	-0.14810486137866974
62	3	0.18652644753456116
62	4	1.519636631011963
62	5	2.0595126152038574
62	6	-0.3676116466522217
62	7	1.9698234796524048
62	8	-2.4227664470672607
62	9	-0.4691368043422699
62	10	-2.2764625549316406
62	11	0.287984699010849
62	12	-0.24956312775611877
62	13	1.2379913330078125
62	14	0.10421158373355865
62	15	1.1182020902633667
62	16	0.17941609025001526
62	17	1.938990831375122
62	18	0.38965100049972534
62	19	0.450305312871933
62	20	-0.2661534249782562
62	21	1.2379913330078125
62	22	1.1182020902633667
63	0	-2.2764625549316406
63	1	0.10421158373355865
63	2	-0.4691368043422699
63	3	-0.24956312775611877
63	4	1.519636631011963
63	5	2.0595126152038574
63	6	0.450305312871933
63	7	0.38965100049972534
63	8	1.0575478076934814
63	9	-0.2661534249782562
63	10	1.1182020902633667
63	11	-2.4227664470672607
63	12	1.9698234796524048
63	13	-0.14810486137866974
63	14	1.938990831375122
63	15	2.0595126152038574
63	16	0.17941609025001526
63	17	0.18652644753456116
63	18	-0.3676116466522217
63	19	0.287984699010849
63	20	1.2679332494735718
63	21	1.3863990306854248
63	22	1.1182020902633667
63	23	-0.08073515444993973
63	24	0.4391404986381531
63	25	1.2379913330078125
64	0	-0.24956312775611877
64	1	-2.4227664470672607
64	2	0.18652644753456116
64	3	-0.2661534249782562
64	4	2.0595126152038574
64	5	1.938990831375122
64	6	-2.2764625549316406
64	7	0.17941609025001526
64	8	-0.4691368043422699
64	9	1.519636631011963
64	10	-0.3676116466522217
64	11	0.450305312871933
64	12	1.9698234796524048
64	13	1.0575478076934814
64	14	0.38965100049972534
64	15	-0.14810486137866974
64	16	2.0595126152038574
64	17	1.1182020902633667
64	18	0.10421158373355865
65	0	-0.14810486137866974
65	1	-2.2764625549316406
65	2	1.9698234796524048
65	3	-2.4227664470672607
65	4	2.0595126152038574
65	5	-0.3676116466522217
65	6	1.0575478076934814
65	7	0.18652644753456116
65	8	0.3772885203361511
65	9	1.519636631011963
65	10	-0.4691368043422699
65	11	2.0595126152038574
65	12	1.5061882734298706
65	13	0.10421158373355865
65	14	0.17941609025001526
65	15	1.1182020902633667
65	16	0.38965100049972534
65	17	1.938990831375122
65	18	-0.2661534249782562
65	19	0.450305312871933
65	20	1.5061882734298706
65	21	1.3863990306854248
65	22	1.2679332494735718
65	23	1.3863990306854248
65	24	0.27801036834716797
65	25	0.7574650049209595
66	0	1.9698234796524048
66	1	0.287984699010849
66	2	1.2379913330078125
66	3	2.0595126152038574
66	4	1.938990831375122
66	5	1.0575478076934814
66	6	0.18652644753456116
66	7	0.17941609025001526
66	8	0.38965100049972534
66	9	1.519636631011963
66	10	-0.3676116466522217
66	11	-0.14810486137866974
66	12	-0.2661534249782562
66	13	0.450305312871933
66	14	1.1182020902633667
66	15	-0.4691368043422699
66	16	0.10421158373355865
66	17	-2.4227664470672607
66	18	-2.2764625549316406
67	0	0.287984699010849
67	1	1.9698234796524048
67	2	1.2379913330078125
67	3	-0.14810486137866974
67	4	1.0575478076934814
67	5	1.1182020902633667
67	6	0.38965100049972534
67	7	-2.4227664470672607
67	8	-0.4691368043422699
67	9	1.519636631011963
67	10	-0.2661534249782562
67	11	1.938990831375122
67	12	2.0595126152038574
67	13	0.18652644753456116
67	14	0.17941609025001526
67	15	0.450305312871933
67	16	-0.3676116466522217
67	17	0.10421158373355865
67	18	-2.2764625549316406
68	0	2.0595126152038574
68	1	-0.2661534249782562
68	2	1.9698234796524048
68	3	-0.14810486137866974
68	4	2.0595126152038574
68	5	-0.3676116466522217
68	6	1.0575478076934814
68	7	0.17941609025001526
68	8	1.1182020902633667
68	9	1.938990831375122
68	10	0.18652644753456116
68	11	-2.4227664470672607
68	12	0.10421158373355865
68	13	-0.5140611529350281
68	14	1.519636631011963
68	15	-0.4691368043422699
68	16	0.450305312871933
68	17	0.38965100049972534
68	18	-2.2764625549316406
69	0	0.450305312871933
69	1	-0.2661534249782562
69	2	0.07919736951589584
69	3	-0.14810486137866974
69	4	-0.47494083642959595
69	5	-2.2764625549316406
70	0	0.450305312871933
70	1	0.34863901138305664
70	2	-0.14810486137866974
70	3	-0.2661534249782562
70	4	1.938990831375122
70	5	-2.2764625549316406
70	6	0.38965100049972534
70	7	-0.24956312775611877
70	8	-0.2661534249782562
71	0	0.3772885203361511
71	1	2.2967309951782227
71	2	1.5061882734298706
71	3	1.3863990306854248
71	4	-0.2661534249782562
71	5	1.3257447481155396
71	6	1.8405455350875854
71	7	0.23238888382911682
71	8	0.450305312871933
71	9	-2.2764625549316406
71	10	0.38965100049972534
71	11	-0.2789705693721771
71	12	-2.3699662685394287
71	13	0.2751675546169281
71	14	2.386420249938965
71	15	1.938990831375122
71	16	-0.3361535668373108
71	17	-0.14810486137866974
71	18	0.2687199115753174
72	0	-0.14810486137866974
72	1	0.450305312871933
72	2	0.43794283270835876
72	3	-2.2764625549316406
72	4	-0.1768495887517929
72	5	0.38965100049972534
72	6	1.938990831375122
72	7	-0.15531551837921143
73	0	0.018543045967817307
73	1	-0.24956312775611877
73	2	-2.3699662685394287
73	3	0.3772885203361511
73	4	2.2967309951782227
73	5	2.386420249938965
73	6	-0.14810486137866974
73	7	1.3257447481155396
73	8	0.2751675546169281
73	9	1.8405455350875854
73	10	-0.3361535668373108
73	11	-2.2764625549316406
73	12	-0.2789705693721771
73	13	0.23238888382911682
73	14	0.450305312871933
73	15	0.38965100049972534
73	16	1.938990831375122
73	17	1.3863990306854248
73	18	0.2687199115753174
73	19	-0.1768495887517929
73	20	1.5061882734298706
73	21	1.5061882734298706
73	22	-0.08073515444993973
73	23	0.4391404986381531
73	24	1.3863990306854248
73	25	1.2679332494735718
73	26	1.3863990306854248
74	0	-0.14810486137866974
74	1	0.450305312871933
74	2	0.43794283270835876
74	3	-0.1768495887517929
74	4	-0.24956312775611877
74	5	-2.2764625549316406
74	6	1.938990831375122
74	7	0.38965100049972534
74	8	-0.2661534249782562
75	0	2.2967309951782227
75	1	0.3772885203361511
75	2	1.5061882734298706
75	3	0.38965100049972534
75	4	-2.3699662685394287
75	5	-0.2789705693721771
75	6	-0.2661534249782562
75	7	-2.2764625549316406
75	8	-0.14810486137866974
75	9	0.450305312871933
75	10	1.938990831375122
75	11	1.3257447481155396
75	12	0.2751675546169281
75	13	1.3863990306854248
75	14	0.2687199115753174
75	15	-0.3361535668373108
75	16	0.23238888382911682
75	17	2.386420249938965
75	18	1.8405455350875854
75	19	-0.24956312775611877
76	0	-0.24956312775611877
76	1	-0.4691368043422699
76	2	-2.2764625549316406
76	3	0.10421158373355865
76	4	1.0575478076934814
76	5	0.18652644753456116
76	6	0.450305312871933
76	7	2.0595126152038574
76	8	0.38965100049972534
76	9	-2.4227664470672607
76	10	1.938990831375122
76	11	0.287984699010849
76	12	-0.3676116466522217
76	13	1.9698234796524048
76	14	-0.2661534249782562
76	15	0.17941609025001526
76	16	1.519636631011963
76	17	1.1182020902633667
76	18	-0.14810486137866974
76	19	1.2679332494735718
76	20	0.4391404986381531
76	21	1.3863990306854248
76	22	1.3863990306854248
76	23	0.018543045967817307
76	24	-0.08073515444993973
76	25	1.2379913330078125
77	0	-0.14810486137866974
77	1	-0.2661534249782562
77	2	0.07919736951589584
77	3	-2.2764625549316406
77	4	0.18652644753456116
77	5	0.287984699010849
77	6	-0.3676116466522217
77	7	1.0575478076934814
77	8	1.1182020902633667
77	9	-2.4227664470672607
77	10	0.17941609025001526
77	11	0.10421158373355865
77	12	-0.24956312775611877
77	13	1.9698234796524048
77	14	2.0595126152038574
77	15	1.519636631011963
77	16	-0.4691368043422699
77	17	0.450305312871933
77	18	0.38965100049972534
77	19	1.938990831375122
77	20	-0.2661534249782562
77	21	2.386420249938965
77	22	1.5061882734298706
78	0	0.9941297173500061
78	1	0.287984699010849
78	2	1.5061882734298706
78	3	-2.4227664470672607
78	4	0.10421158373355865
78	5	0.18652644753456116
78	6	1.1182020902633667
78	7	1.0575478076934814
78	8	-0.24956312775611877
78	9	1.519636631011963
78	10	0.38965100049972534
78	11	-0.3676116466522217
78	12	-0.4691368043422699
78	13	0.450305312871933
78	14	-2.2764625549316406
78	15	0.17941609025001526
78	16	-0.2661534249782562
78	17	2.0595126152038574
78	18	1.938990831375122
78	19	-0.14810486137866974
79	0	0.287984699010849
79	1	0.9941297173500061
79	2	1.2379913330078125
79	3	-2.2764625549316406
79	4	0.18652644753456116
79	5	0.450305312871933
79	6	0.17941609025001526
79	7	0.10421158373355865
79	8	0.38965100049972534
79	9	1.0575478076934814
79	10	1.1182020902633667
79	11	-0.14810486137866974
79	12	-0.4691368043422699
79	13	1.938990831375122
79	14	-2.4227664470672607
79	15	1.519636631011963
79	16	-0.3676116466522217
79	17	2.0595126152038574
79	18	-0.24956312775611877
79	19	-0.2661534249782562
80	0	-0.24956312775611877
80	1	0.10421158373355865
80	2	-2.2764625549316406
80	3	-0.4691368043422699
80	4	1.1182020902633667
80	5	1.938990831375122
80	6	1.519636631011963
80	7	-0.3676116466522217
80	8	1.9698234796524048
80	9	-2.4227664470672607
80	10	1.0575478076934814
80	11	0.18652644753456116
80	12	-0.2661534249782562
80	13	0.450305312871933
80	14	0.287984699010849
80	15	0.38965100049972534
80	16	0.17941609025001526
80	17	-0.14810486137866974
80	18	2.0595126152038574
80	19	1.3863990306854248
80	20	-0.08073515444993973
80	21	1.3863990306854248
80	22	0.018543045967817307
80	23	0.4391404986381531
80	24	1.2679332494735718
80	25	1.2379913330078125
80	26	-0.535595178604126
81	0	-0.2661534249782562
81	1	-0.24956312775611877
81	2	1.519636631011963
81	3	0.38965100049972534
81	4	1.938990831375122
81	5	1.1182020902633667
81	6	-0.3676116466522217
81	7	-0.14810486137866974
81	8	2.0595126152038574
81	9	0.18652644753456116
81	10	0.17941609025001526
81	11	-2.2764625549316406
81	12	-2.4227664470672607
81	13	-0.4691368043422699
81	14	1.0575478076934814
81	15	0.450305312871933
81	16	0.287984699010849
81	17	1.9698234796524048
81	18	0.10421158373355865
81	19	1.5061882734298706
81	20	2.386420249938965
82	0	-0.24956312775611877
82	1	0.287984699010849
82	2	-0.2661534249782562
82	3	1.0575478076934814
82	4	1.519636631011963
82	5	1.938990831375122
82	6	0.18652644753456116
82	7	-2.2764625549316406
82	8	-2.4227664470672607
82	9	1.9698234796524048
82	10	0.38965100049972534
82	11	-0.3676116466522217
82	12	-0.14810486137866974
82	13	0.17941609025001526
82	14	1.1182020902633667
82	15	0.10421158373355865
82	16	0.450305312871933
82	17	-0.4691368043422699
82	18	2.0595126152038574
83	0	0.10421158373355865
83	1	-0.4691368043422699
83	2	-2.2764625549316406
83	3	0.450305312871933
83	4	-0.3676116466522217
83	5	1.0575478076934814
83	6	1.519636631011963
83	7	0.38965100049972534
83	8	1.1182020902633667
83	9	0.17941609025001526
83	10	1.9698234796524048
83	11	1.938990831375122
83	12	-2.4227664470672607
83	13	-0.24956312775611877
83	14	-0.2661534249782562
83	15	0.18652644753456116
83	16	0.287984699010849
83	17	-0.14810486137866974
83	18	2.0595126152038574
83	19	1.5061882734298706
83	20	2.386420249938965
84	0	-0.4691368043422699
84	1	0.10421158373355865
84	2	-2.2764625549316406
84	3	0.17941609025001526
84	4	-0.2661534249782562
84	5	0.450305312871933
84	6	0.38965100049972534
84	7	1.938990831375122
84	8	0.18652644753456116
84	9	-0.3676116466522217
84	10	-2.4227664470672607
84	11	-0.14810486137866974
84	12	1.9698234796524048
84	13	1.0575478076934814
84	14	0.287984699010849
84	15	1.1182020902633667
84	16	1.519636631011963
84	17	-0.24956312775611877
84	18	2.0595126152038574
84	19	2.0595126152038574
84	20	1.2379913330078125
85	0	-2.2764625549316406
85	1	0.10421158373355865
85	2	-0.4691368043422699
85	3	-0.14810486137866974
85	4	-0.3676116466522217
85	5	0.18652644753456116
85	6	-2.4227664470672607
85	7	1.9698234796524048
85	8	1.938990831375122
85	9	-0.24956312775611877
85	10	1.1182020902633667
85	11	0.287984699010849
85	12	0.38965100049972534
85	13	0.450305312871933
85	14	1.0575478076934814
85	15	0.17941609025001526
85	16	-0.2661534249782562
85	17	1.519636631011963
85	18	2.0595126152038574
85	19	1.2379913330078125
85	20	2.0595126152038574
86	0	-0.05319453403353691
86	1	-0.4691368043422699
86	2	-0.2789705693721771
86	3	0.491498202085495
86	4	-2.2764625549316406
86	5	-2.3699662685394287
86	6	0.3772885203361511
86	7	2.386420249938965
86	8	-0.1768495887517929
86	9	2.2518975734710693
86	10	0.2687199115753174
86	11	1.3863990306854248
86	12	0.5521525144577026
86	13	1.8405455350875854
86	14	1.3257447481155396
86	15	0.10421158373355865
86	16	0.2751675546169281
86	17	-0.24956312775611877
86	18	2.2967309951782227
86	19	1.5061882734298706
86	20	2.386420249938965
87	0	0.9941297173500061
87	1	0.287984699010849
87	2	1.5061882734298706
87	3	-0.4691368043422699
87	4	-2.2764625549316406
87	5	1.1182020902633667
87	6	1.0575478076934814
87	7	-0.2661534249782562
87	8	0.38965100049972534
87	9	-2.4227664470672607
87	10	2.0595126152038574
87	11	-0.14810486137866974
87	12	0.17941609025001526
87	13	0.450305312871933
87	14	0.18652644753456116
87	15	1.519636631011963
87	16	-0.24956312775611877
87	17	-0.3676116466522217
87	18	1.938990831375122
87	19	0.10421158373355865
88	0	0.287984699010849
88	1	0.9941297173500061
88	2	1.2379913330078125
88	3	-0.2661534249782562
88	4	0.38965100049972534
88	5	-2.4227664470672607
88	6	2.0595126152038574
88	7	0.17941609025001526
88	8	-0.24956312775611877
88	9	1.1182020902633667
88	10	0.450305312871933
88	11	-0.4691368043422699
88	12	0.18652644753456116
88	13	1.0575478076934814
88	14	-0.3676116466522217
88	15	-0.14810486137866974
88	16	0.10421158373355865
88	17	-2.2764625549316406
88	18	1.938990831375122
88	19	1.519636631011963
89	0	0.2687199115753174
89	1	1.3257447481155396
89	2	-2.2764625549316406
89	3	2.2518975734710693
89	4	-2.3699662685394287
89	5	1.8405455350875854
89	6	1.3863990306854248
89	7	-0.05319453403353691
89	8	0.10421158373355865
89	9	0.3772885203361511
89	10	0.2751675546169281
89	11	-0.4691368043422699
89	12	-0.24956312775611877
89	13	-0.1768495887517929
89	14	-0.2789705693721771
89	15	0.491498202085495
89	16	2.386420249938965
89	17	2.2967309951782227
89	18	0.5521525144577026
89	19	1.5061882734298706
89	20	2.386420249938965
90	0	0.287984699010849
90	1	0.9941297173500061
90	2	-2.4227664470672607
90	3	2.0595126152038574
90	4	0.38965100049972534
90	5	1.0575478076934814
90	6	0.10421158373355865
90	7	0.18652644753456116
90	8	1.938990831375122
90	9	-2.2764625549316406
90	10	-0.4691368043422699
90	11	1.519636631011963
90	12	-0.3676116466522217
90	13	0.450305312871933
90	14	-0.24956312775611877
90	15	0.17941609025001526
90	16	-0.14810486137866974
90	17	1.1182020902633667
90	18	-0.2661534249782562
90	19	1.5061882734298706
91	0	1.1182020902633667
91	1	0.287984699010849
91	2	0.10421158373355865
91	3	-0.4691368043422699
91	4	2.0595126152038574
91	5	0.18652644753456116
91	6	0.450305312871933
91	7	-0.14810486137866974
91	8	-0.3676116466522217
91	9	1.9698234796524048
91	10	1.519636631011963
91	11	-0.2661534249782562
91	12	-2.4227664470672607
91	13	-2.2764625549316406
91	14	0.38965100049972534
91	15	1.0575478076934814
91	16	-0.24956312775611877
91	17	1.938990831375122
91	18	0.17941609025001526
91	19	1.2379913330078125
92	0	1.3863990306854248
92	1	1.2679332494735718
92	2	0.018543045967817307
92	3	-0.3361535668373108
92	4	-0.1768495887517929
92	5	-2.3699662685394287
92	6	-2.2764625549316406
92	7	-0.2789705693721771
92	8	1.3863990306854248
92	9	-0.15531551837921143
92	10	0.4391404986381531
92	11	-0.08073515444993973
92	12	1.3257447481155396
92	13	0.3772885203361511
92	14	2.2967309951782227
92	15	0.23238888382911682
92	16	2.386420249938965
92	17	1.8405455350875854
92	18	-0.05319453403353691
92	19	0.2687199115753174
92	20	0.2751675546169281
92	21	2.2518975734710693
92	22	1.3863990306854248
92	23	0.5521525144577026
92	24	0.491498202085495
92	25	1.5061882734298706
93	0	-0.4691368043422699
93	1	0.10421158373355865
93	2	-2.2764625549316406
93	3	0.17941609025001526
93	4	1.0575478076934814
93	5	1.1182020902633667
93	6	0.450305312871933
93	7	0.9941297173500061
93	8	0.287984699010849
93	9	-0.14810486137866974
93	10	0.38965100049972534
93	11	-0.2661534249782562
93	12	-0.3676116466522217
93	13	-0.24956312775611877
93	14	1.938990831375122
93	15	1.519636631011963
93	16	-2.4227664470672607
93	17	0.18652644753456116
93	18	2.0595126152038574
93	19	2.386420249938965
93	20	1.5061882734298706
93	21	1.2379913330078125
93	22	0.287984699010849
94	0	-0.3676116466522217
94	1	-0.4691368043422699
94	2	-2.4227664470672607
94	3	-2.2764625549316406
94	4	2.0595126152038574
94	5	1.1182020902633667
94	6	-0.2661534249782562
94	7	0.450305312871933
94	8	1.0575478076934814
94	9	1.519636631011963
94	10	-0.24956312775611877
94	11	0.18652644753456116
94	12	0.17941609025001526
94	13	0.9941297173500061
94	14	0.287984699010849
94	15	1.938990831375122
94	16	-0.14810486137866974
94	17	0.10421158373355865
94	18	0.38965100049972534
95	0	0.17941609025001526
95	1	0.10421158373355865
95	2	1.519636631011963
95	3	0.38965100049972534
95	4	-2.4227664470672607
95	5	-0.24956312775611877
95	6	0.450305312871933
95	7	1.1182020902633667
95	8	-0.14810486137866974
95	9	-2.2764625549316406
95	10	2.0595126152038574
95	11	-0.4691368043422699
95	12	1.938990831375122
95	13	-0.2661534249782562
95	14	0.18652644753456116
95	15	0.287984699010849
95	16	-0.3676116466522217
95	17	1.0575478076934814
95	18	0.9941297173500061
95	19	1.5061882734298706
95	20	2.386420249938965
96	0	-0.14810486137866974
96	1	1.0575478076934814
96	2	0.018543045967817307
96	3	0.287984699010849
96	4	1.519636631011963
96	5	-2.2764625549316406
96	6	0.9941297173500061
96	7	-0.3676116466522217
96	8	-0.4691368043422699
96	9	2.0595126152038574
96	10	0.18652644753456116
96	11	-0.24956312775611877
96	12	-2.4227664470672607
96	13	1.5061882734298706
96	14	1.1182020902633667
96	15	0.17941609025001526
96	16	0.10421158373355865
96	17	1.2379913330078125
96	18	1.938990831375122
96	19	0.38965100049972534
96	20	0.450305312871933
96	21	-0.2661534249782562
97	0	1.938990831375122
97	1	1.0575478076934814
97	2	0.18652644753456116
97	3	0.287984699010849
97	4	2.0595126152038574
97	5	0.10421158373355865
97	6	-2.2764625549316406
97	7	0.450305312871933
97	8	0.9941297173500061
97	9	0.17941609025001526
97	10	-0.2661534249782562
97	11	-0.3676116466522217
97	12	1.1182020902633667
97	13	0.38965100049972534
97	14	-0.4691368043422699
97	15	1.519636631011963
97	16	-0.24956312775611877
97	17	-0.14810486137866974
97	18	-2.4227664470672607
97	19	2.386420249938965
97	20	1.2379913330078125
98	0	1.519636631011963
98	1	1.1182020902633667
98	2	-2.2764625549316406
98	3	-0.4691368043422699
98	4	0.38965100049972534
98	5	-0.2661534249782562
98	6	0.18652644753456116
98	7	0.10421158373355865
98	8	-0.24956312775611877
98	9	1.938990831375122
98	10	0.450305312871933
98	11	-2.4227664470672607
98	12	0.9941297173500061
98	13	2.0595126152038574
98	14	1.0575478076934814
98	15	0.287984699010849
98	16	-0.14810486137866974
98	17	-0.3676116466522217
98	18	0.17941609025001526
99	0	0.287984699010849
99	1	-0.3676116466522217
99	2	-0.24956312775611877
99	3	2.0595126152038574
99	4	0.18652644753456116
99	5	0.018543045967817307
99	6	1.519636631011963
99	7	-2.2764625549316406
99	8	1.0575478076934814
99	9	-2.4227664470672607
99	10	0.9941297173500061
99	11	-0.4691368043422699
99	12	-0.14810486137866974
99	13	0.10421158373355865
99	14	1.5061882734298706
99	15	0.17941609025001526
99	16	1.1182020902633667
99	17	1.5061882734298706
99	18	0.450305312871933
99	19	-0.2661534249782562
99	20	0.38965100049972534
99	21	1.938990831375122
99	22	-0.08073515444993973
99	23	-0.47494083642959595
99	24	0.07919736951589584
99	25	-0.535595178604126
99	26	1.2679332494735718
99	27	1.3863990306854248
99	28	1.3863990306854248
99	29	0.4391404986381531
100	0	0.9941297173500061
100	1	0.6062659621238708
100	2	-0.24956312775611877
100	3	1.1182020902633667
100	4	-0.4691368043422699
100	5	-0.2661534249782562
100	6	0.287984699010849
100	7	0.18376277387142181
100	8	-2.4227664470672607
100	9	-0.3676116466522217
100	10	1.1182020902633667
100	11	-2.2764625549316406
100	12	1.0575478076934814
100	13	2.0595126152038574
100	14	1.519636631011963
100	15	0.287984699010849
100	16	0.9941297173500061
100	17	1.938990831375122
100	18	0.10421158373355865
100	19	0.18652644753456116
100	20	1.1182020902633667
100	21	0.38965100049972534
100	22	0.450305312871933
100	23	-0.14810486137866974
100	24	0.17941609025001526
100	25	1.2379913330078125
101	0	-2.2764625549316406
101	1	0.9941297173500061
101	2	0.6062659621238708
101	3	-0.24956312775611877
101	4	1.1182020902633667
101	5	0.287984699010849
101	6	-0.4691368043422699
101	7	-0.2661534249782562
101	8	-0.3676116466522217
101	9	0.18376277387142181
101	10	-2.4227664470672607
101	11	1.1182020902633667
101	12	0.10421158373355865
101	13	1.0575478076934814
101	14	2.0595126152038574
101	15	1.519636631011963
101	16	0.287984699010849
101	17	0.9941297173500061
101	18	1.2379913330078125
101	19	0.17941609025001526
101	20	-0.14810486137866974
101	21	1.938990831375122
101	22	1.1182020902633667
101	23	0.18652644753456116
101	24	0.38965100049972534
101	25	0.450305312871933
102	0	1.519636631011963
102	1	-0.3676116466522217
102	2	-0.4691368043422699
102	3	1.1182020902633667
102	4	-0.14810486137866974
102	5	1.938990831375122
102	6	0.10421158373355865
102	7	-2.4227664470672607
102	8	0.17941609025001526
102	9	0.450305312871933
102	10	2.0595126152038574
102	11	0.18652644753456116
102	12	1.0575478076934814
102	13	-0.2661534249782562
102	14	-0.24956312775611877
102	15	0.38965100049972534
102	16	0.287984699010849
102	17	-2.2764625549316406
102	18	0.9941297173500061
103	0	1.2679332494735718
103	1	0.27801036834716797
103	2	-0.2661534249782562
103	3	-0.4691368043422699
103	4	-0.3676116466522217
103	5	-2.2764625549316406
103	6	0.3772885203361511
103	7	-0.24956312775611877
103	8	-2.4227664470672607
103	9	0.7574650049209595
103	10	1.3863990306854248
103	11	1.3863990306854248
103	12	0.287984699010849
103	13	0.9941297173500061
103	14	1.5061882734298706
103	15	1.0575478076934814
103	16	2.0595126152038574
103	17	1.519636631011963
103	18	0.38965100049972534
103	19	0.18652644753456116
103	20	0.17941609025001526
103	21	0.450305312871933
103	22	0.10421158373355865
103	23	-0.14810486137866974
103	24	1.1182020902633667
103	25	1.938990831375122
104	0	0.287984699010849
104	1	0.9941297173500061
104	2	-2.4227664470672607
104	3	1.1182020902633667
104	4	-2.2764625549316406
104	5	1.1182020902633667
104	6	-0.2661534249782562
104	7	-0.3676116466522217
104	8	-0.4691368043422699
104	9	-0.24956312775611877
104	10	0.18376277387142181
104	11	0.6062659621238708
104	12	0.10421158373355865
104	13	0.287984699010849
104	14	0.9941297173500061
104	15	1.519636631011963
104	16	1.0575478076934814
104	17	1.2379913330078125
104	18	2.0595126152038574
104	19	0.38965100049972534
104	20	1.1182020902633667
104	21	0.17941609025001526
104	22	1.938990831375122
104	23	0.450305312871933
104	24	0.18652644753456116
104	25	-0.14810486137866974
105	0	-0.4691368043422699
105	1	-2.2764625549316406
105	2	-2.4227664470672607
105	3	0.18376277387142181
105	4	0.287984699010849
105	5	-0.2661534249782562
105	6	-0.24956312775611877
105	7	0.6062659621238708
105	8	0.9941297173500061
105	9	1.1182020902633667
105	10	-0.3676116466522217
105	11	1.1182020902633667
105	12	1.0575478076934814
105	13	0.287984699010849
105	14	0.9941297173500061
105	15	1.519636631011963
105	16	0.10421158373355865
105	17	1.938990831375122
105	18	2.0595126152038574
105	19	0.38965100049972534
105	20	0.17941609025001526
105	21	0.450305312871933
105	22	1.1182020902633667
105	23	-0.14810486137866974
105	24	0.18652644753456116
105	25	1.2379913330078125
106	0	-0.24956312775611877
106	1	-2.4227664470672607
106	2	-0.4691368043422699
106	3	-0.3676116466522217
106	4	2.0595126152038574
106	5	1.519636631011963
106	6	1.938990831375122
106	7	0.450305312871933
106	8	0.9941297173500061
106	9	1.1182020902633667
106	10	0.18652644753456116
106	11	0.38965100049972534
106	12	-0.14810486137866974
106	13	0.287984699010849
106	14	-0.2661534249782562
106	15	0.17941609025001526
106	16	-2.2764625549316406
106	17	0.10421158373355865
106	18	1.0575478076934814
107	0	2.386420249938965
107	1	0.2751675546169281
107	2	-2.2764625549316406
107	3	-2.3699662685394287
107	4	-0.24956312775611877
107	5	-0.3361535668373108
107	6	1.8405455350875854
107	7	-0.2789705693721771
107	8	1.2679332494735718
107	9	0.3772885203361511
107	10	1.3257447481155396
107	11	0.018543045967817307
107	12	-0.05319453403353691
107	13	0.2687199115753174
107	14	1.3863990306854248
107	15	1.5061882734298706
107	16	0.23238888382911682
107	17	1.5061882734298706
107	18	1.938990831375122
107	19	0.5521525144577026
107	20	-0.1768495887517929
107	21	0.491498202085495
107	22	-0.08073515444993973
107	23	-0.47494083642959595
107	24	0.07919736951589584
107	25	-0.535595178604126
107	26	1.2679332494735718
107	27	1.3863990306854248
107	28	1.3863990306854248
107	29	0.4391404986381531
108	0	-0.3676116466522217
108	1	2.0595126152038574
108	2	1.519636631011963
108	3	1.1182020902633667
108	4	1.0575478076934814
108	5	-0.24956312775611877
108	6	0.9941297173500061
108	7	0.287984699010849
108	8	-0.2661534249782562
108	9	0.18652644753456116
108	10	-2.2764625549316406
108	11	0.38965100049972534
108	12	-0.4691368043422699
108	13	0.17941609025001526
108	14	0.450305312871933
108	15	1.938990831375122
108	16	-0.14810486137866974
108	17	-2.4227664470672607
108	18	0.10421158373355865
108	19	2.386420249938965
108	20	1.2379913330078125
109	0	1.0575478076934814
109	1	1.1182020902633667
109	2	0.17941609025001526
109	3	0.38965100049972534
109	4	0.9941297173500061
109	5	0.10421158373355865
109	6	-0.14810486137866974
109	7	1.938990831375122
109	8	-0.2661534249782562
109	9	0.287984699010849
109	10	1.519636631011963
109	11	-0.3676116466522217
109	12	0.18652644753456116
109	13	2.0595126152038574
109	14	0.450305312871933
109	15	-2.4227664470672607
109	16	-0.24956312775611877
109	17	-2.2764625549316406
109	18	-0.4691368043422699
110	0	-0.24956312775611877
110	1	-0.4691368043422699
110	2	-2.2764625549316406
110	3	0.10421158373355865
110	4	2.0595126152038574
110	5	0.9941297173500061
110	6	0.18652644753456116
110	7	-0.2661534249782562
110	8	0.17941609025001526
110	9	1.0575478076934814
110	10	-0.3676116466522217
110	11	-0.14810486137866974
110	12	0.450305312871933
110	13	0.38965100049972534
110	14	1.519636631011963
110	15	1.938990831375122
110	16	1.1182020902633667
110	17	0.287984699010849
110	18	-2.4227664470672607
111	0	-0.24956312775611877
111	1	0.287984699010849
111	2	-0.14810486137866974
111	3	-2.2764625549316406
111	4	-0.2661534249782562
111	5	1.938990831375122
111	6	1.1182020902633667
111	7	0.18652644753456116
111	8	2.0595126152038574
111	9	0.9941297173500061
111	10	-0.3676116466522217
111	11	0.450305312871933
111	12	0.17941609025001526
111	13	-0.4691368043422699
111	14	1.0575478076934814
111	15	-2.4227664470672607
111	16	0.38965100049972534
111	17	0.10421158373355865
111	18	1.519636631011963
112	0	0.287984699010849
112	1	-0.3676116466522217
112	2	0.17941609025001526
112	3	1.519636631011963
112	4	1.1182020902633667
112	5	0.38965100049972534
112	6	0.9941297173500061
112	7	-0.2661534249782562
112	8	1.938990831375122
112	9	-2.2764625549316406
112	10	-2.4227664470672607
112	11	0.18652644753456116
112	12	1.0575478076934814
112	13	2.0595126152038574
112	14	0.10421158373355865
112	15	-0.24956312775611877
112	16	0.450305312871933
112	17	-0.14810486137866974
112	18	-0.4691368043422699
113	0	0.3772885203361511
113	1	1.2679332494735718
113	2	1.3863990306854248
113	3	-0.08073515444993973
113	4	-2.3699662685394287
113	5	2.386420249938965
113	6	-0.3361535668373108
113	7	0.018543045967817307
113	8	-0.2789705693721771
113	9	1.3863990306854248
113	10	1.2679332494735718
113	11	-0.15531551837921143
113	12	-2.2764625549316406
113	13	0.4391404986381531
113	14	-0.1768495887517929
113	15	1.8405455350875854
113	16	1.5061882734298706
113	17	1.3257447481155396
113	18	0.23238888382911682
113	19	0.2687199115753174
113	20	0.2751675546169281
113	21	-0.05319453403353691
113	22	0.491498202085495
113	23	1.3863990306854248
113	24	0.5521525144577026
113	25	2.2518975734710693
114	0	-0.14810486137866974
114	1	1.0575478076934814
114	2	-0.2661534249782562
114	3	0.18652644753456116
114	4	-0.3676116466522217
114	5	-2.4227664470672607
114	6	2.0595126152038574
114	7	0.17941609025001526
114	8	0.450305312871933
114	9	1.1182020902633667
114	10	0.10421158373355865
114	11	1.938990831375122
114	12	1.519636631011963
114	13	-0.4691368043422699
114	14	-2.2764625549316406
114	15	0.38965100049972534
114	16	0.287984699010849
114	17	0.9941297173500061
114	18	-0.24956312775611877
114	19	2.386420249938965
114	20	1.5061882734298706
115	0	-0.24956312775611877
115	1	1.519636631011963
115	2	0.450305312871933
115	3	-0.2661534249782562
115	4	0.9941297173500061
115	5	-0.3676116466522217
115	6	0.38965100049972534
115	7	1.1182020902633667
115	8	0.18652644753456116
115	9	-0.14810486137866974
115	10	-2.2764625549316406
115	11	-0.4691368043422699
115	12	2.0595126152038574
115	13	1.0575478076934814
115	14	1.938990831375122
115	15	0.17941609025001526
115	16	0.287984699010849
115	17	-2.4227664470672607
115	18	0.10421158373355865
116	0	0.23238888382911682
116	1	-0.3361535668373108
116	2	-2.2764625549316406
116	3	1.2679332494735718
116	4	0.2751675546169281
116	5	-0.05319453403353691
116	6	-0.2789705693721771
116	7	1.8405455350875854
116	8	-2.3699662685394287
116	9	2.386420249938965
116	10	0.018543045967817307
116	11	-0.15531551837921143
116	12	0.3772885203361511
116	13	1.3257447481155396
116	14	1.5061882734298706
116	15	1.3863990306854248
116	16	0.2687199115753174
116	17	1.5061882734298706
116	18	-0.1768495887517929
116	19	2.2518975734710693
116	20	0.491498202085495
116	21	0.5521525144577026
116	22	1.2679332494735718
117	0	-0.3361535668373108
117	1	-2.2764625549316406
117	2	0.23238888382911682
117	3	0.2751675546169281
117	4	0.3772885203361511
117	5	-2.3699662685394287
117	6	-0.2789705693721771
117	7	1.8405455350875854
117	8	-0.15531551837921143
117	9	1.3257447481155396
117	10	1.2679332494735718
117	11	-0.05319453403353691
117	12	0.3772885203361511
117	13	2.386420249938965
117	14	1.3863990306854248
117	15	0.5521525144577026
117	16	0.491498202085495
117	17	0.2687199115753174
117	18	2.2518975734710693
117	19	-0.1768495887517929
117	20	1.5061882734298706
117	21	1.5061882734298706
117	22	1.2679332494735718
118	0	-2.2764625549316406
118	1	1.3257447481155396
118	2	-0.2789705693721771
118	3	-2.1743414402008057
118	4	0.3772885203361511
118	5	-0.3361535668373108
118	6	-0.15531551837921143
118	7	1.5061882734298706
118	8	0.23238888382911682
118	9	-0.1768495887517929
118	10	2.386420249938965
118	11	0.2751675546169281
118	12	-2.3699662685394287
118	13	0.5521525144577026
118	14	2.2518975734710693
118	15	0.2687199115753174
118	16	1.3863990306854248
118	17	0.491498202085495
118	18	1.8405455350875854
118	19	1.2679332494735718
118	20	-0.05319453403353691
118	21	0.3772885203361511
119	0	-0.15531551837921143
119	1	-0.1768495887517929
119	2	2.3415868282318115
119	3	-0.05319453403353691
119	4	-0.2789705693721771
119	5	0.07919736951589584
119	6	0.491498202085495
119	7	1.2842780351638794
119	8	0.5521525144577026
119	9	2.2518975734710693
119	10	0.2687199115753174
119	11	-2.2764625549316406
119	12	0.3772885203361511
119	13	-0.3361535668373108
119	14	1.3863990306854248
119	15	1.3257447481155396
119	16	1.2679332494735718
119	17	0.23238888382911682
119	18	1.8405455350875854
119	19	0.3772885203361511
119	20	-2.3699662685394287
119	21	0.2751675546169281
119	22	2.386420249938965
120	0	-0.15531551837921143
120	1	-0.05319453403353691
120	2	-2.3699662685394287
120	3	2.386420249938965
120	4	2.2518975734710693
120	5	1.3863990306854248
120	6	0.2751675546169281
120	7	0.491498202085495
120	8	-0.2789705693721771
120	9	-2.2764625549316406
120	10	-0.1768495887517929
120	11	0.5521525144577026
120	12	-0.3361535668373108
120	13	0.3772885203361511
120	14	1.2679332494735718
120	15	0.23238888382911682
120	16	1.3257447481155396
120	17	0.2687199115753174
120	18	1.8405455350875854
121	0	-0.15531551837921143
121	1	1.3863990306854248
121	2	-0.3361535668373108
121	3	-0.1768495887517929
121	4	-2.3699662685394287
121	5	2.386420249938965
121	6	1.2679332494735718
121	7	-2.2764625549316406
121	8	0.2687199115753174
121	9	0.5521525144577026
121	10	2.2518975734710693
121	11	-0.05319453403353691
121	12	1.8405455350875854
121	13	0.23238888382911682
121	14	1.3257447481155396
121	15	0.3772885203361511
121	16	-0.2789705693721771
121	17	0.2751675546169281
121	18	0.491498202085495
121	19	0.018543045967817307
122	0	2.3415868282318115
122	1	-0.15531551837921143
122	2	0.07919736951589584
122	3	-0.2789705693721771
122	4	1.2842780351638794
122	5	-0.1768495887517929
122	6	-0.05319453403353691
122	7	0.491498202085495
122	8	0.3772885203361511
122	9	0.2687199115753174
122	10	-0.3361535668373108
122	11	0.5521525144577026
122	12	2.2518975734710693
122	13	-2.2764625549316406
122	14	1.8405455350875854
122	15	1.3863990306854248
122	16	0.2751675546169281
122	17	1.2679332494735718
122	18	1.3257447481155396
122	19	0.3772885203361511
122	20	0.23238888382911682
122	21	2.386420249938965
122	22	-2.3699662685394287
122	23	-0.535595178604126
123	0	1.1182020902633667
123	1	0.17941609025001526
123	2	-2.2764625549316406
123	3	0.10421158373355865
123	4	-0.4691368043422699
123	5	1.519636631011963
123	6	0.18652644753456116
123	7	-0.24956312775611877
123	8	-0.3676116466522217
123	9	1.938990831375122
123	10	0.9941297173500061
123	11	-0.2661534249782562
123	12	0.38965100049972534
123	13	1.0575478076934814
123	14	0.450305312871933
123	15	0.287984699010849
123	16	-2.4227664470672607
123	17	2.0595126152038574
123	18	-0.14810486137866974
123	19	2.386420249938965
124	0	-2.2764625549316406
124	1	0.17941609025001526
124	2	1.1182020902633667
124	3	0.10421158373355865
124	4	-0.4691368043422699
124	5	0.38965100049972534
124	6	-0.2661534249782562
124	7	0.450305312871933
124	8	1.519636631011963
124	9	0.18652644753456116
124	10	0.9941297173500061
124	11	0.287984699010849
124	12	-2.4227664470672607
124	13	2.0595126152038574
124	14	-0.14810486137866974
124	15	1.938990831375122
124	16	-0.24956312775611877
124	17	-0.3676116466522217
124	18	1.0575478076934814
125	0	2.0595126152038574
125	1	0.9941297173500061
125	2	1.938990831375122
125	3	0.38965100049972534
125	4	-2.4227664470672607
125	5	-0.14810486137866974
125	6	0.10421158373355865
125	7	1.1182020902633667
125	8	-0.3676116466522217
125	9	-2.2764625549316406
125	10	0.450305312871933
125	11	-0.4691368043422699
125	12	0.18652644753456116
125	13	-0.24956312775611877
125	14	1.0575478076934814
125	15	0.17941609025001526
125	16	0.287984699010849
125	17	-0.2661534249782562
125	18	1.519636631011963
125	19	2.386420249938965
125	20	1.5061882734298706
126	0	1.2679332494735718
126	1	2.386420249938965
126	2	1.3257447481155396
126	3	-2.2764625549316406
126	4	-0.3361535668373108
126	5	0.3772885203361511
126	6	0.018543045967817307
126	7	-2.3699662685394287
126	8	-0.2789705693721771
126	9	1.8405455350875854
126	10	0.2751675546169281
126	11	-0.05319453403353691
126	12	-0.15531551837921143
126	13	1.3863990306854248
126	14	0.5521525144577026
126	15	0.23238888382911682
126	16	2.2518975734710693
126	17	-0.1768495887517929
126	18	0.491498202085495
126	19	0.2687199115753174
126	20	1.5061882734298706
126	21	1.5061882734298706
127	0	0.3772885203361511
127	1	-2.3699662685394287
127	2	1.8405455350875854
127	3	0.2751675546169281
127	4	2.386420249938965
127	5	-0.15531551837921143
127	6	1.3257447481155396
127	7	1.2679332494735718
127	8	-0.05319453403353691
127	9	-0.2789705693721771
127	10	0.3772885203361511
127	11	-2.2764625549316406
127	12	-0.3361535668373108
127	13	0.23238888382911682
127	14	1.5061882734298706
127	15	1.5061882734298706
127	16	0.491498202085495
127	17	2.2518975734710693
127	18	1.3863990306854248
127	19	-0.1768495887517929
127	20	0.2687199115753174
127	21	0.5521525144577026
128	0	1.1182020902633667
128	1	0.287984699010849
128	2	0.10421158373355865
128	3	-2.4227664470672607
128	4	-0.14810486137866974
128	5	-0.24956312775611877
128	6	2.0595126152038574
128	7	0.17941609025001526
128	8	-0.3676116466522217
128	9	0.450305312871933
128	10	0.9941297173500061
128	11	1.519636631011963
128	12	-0.4691368043422699
128	13	-2.2764625549316406
128	14	1.0575478076934814
128	15	0.18652644753456116
128	16	-0.2661534249782562
128	17	1.938990831375122
128	18	0.38965100049972534
128	19	1.2379913330078125
128	20	2.386420249938965
129	0	0.10421158373355865
129	1	-2.2764625549316406
129	2	-0.4691368043422699
129	3	1.1182020902633667
129	4	-0.14810486137866974
129	5	1.519636631011963
129	6	0.9941297173500061
129	7	0.287984699010849
129	8	0.18652644753456116
129	9	2.0595126152038574
129	10	-2.4227664470672607
129	11	-0.24956312775611877
129	12	1.0575478076934814
129	13	-0.3676116466522217
129	14	0.17941609025001526
129	15	1.938990831375122
129	16	0.38965100049972534
129	17	-0.2661534249782562
129	18	0.450305312871933
130	0	0.9941297173500061
130	1	0.287984699010849
130	2	0.38965100049972534
130	3	0.18652644753456116
130	4	-0.14810486137866974
130	5	2.0595126152038574
130	6	1.1182020902633667
130	7	0.17941609025001526
130	8	0.10421158373355865
130	9	1.938990831375122
130	10	0.450305312871933
130	11	-0.24956312775611877
130	12	1.519636631011963
130	13	1.0575478076934814
130	14	-0.4691368043422699
130	15	-2.2764625549316406
130	16	-2.4227664470672607
130	17	-0.2661534249782562
130	18	-0.3676116466522217
131	0	0.018543045967817307
131	1	2.386420249938965
131	2	-2.2764625549316406
131	3	1.3257447481155396
131	4	-0.2789705693721771
131	5	-0.05319453403353691
131	6	0.3772885203361511
131	7	1.2679332494735718
131	8	-0.15531551837921143
131	9	0.2751675546169281
131	10	-2.3699662685394287
131	11	1.8405455350875854
131	12	-0.3361535668373108
131	13	1.5061882734298706
131	14	0.23238888382911682
131	15	1.5061882734298706
131	16	0.2687199115753174
131	17	1.3863990306854248
131	18	2.2518975734710693
131	19	0.5521525144577026
131	20	-0.1768495887517929
131	21	0.491498202085495
132	0	-0.15531551837921143
132	1	0.2751675546169281
132	2	-0.05319453403353691
132	3	0.3772885203361511
132	4	-0.2789705693721771
132	5	-2.2764625549316406
132	6	1.8405455350875854
132	7	1.3257447481155396
132	8	2.386420249938965
132	9	-2.3699662685394287
132	10	-0.3361535668373108
132	11	0.3772885203361511
132	12	1.2679332494735718
132	13	0.23238888382911682
132	14	1.5061882734298706
132	15	1.3863990306854248
132	16	0.2687199115753174
132	17	2.2518975734710693
132	18	-0.1768495887517929
132	19	0.5521525144577026
132	20	0.491498202085495
132	21	1.5061882734298706
133	0	1.519636631011963
133	1	-0.2661534249782562
133	2	0.38965100049972534
133	3	0.18652644753456116
133	4	0.287984699010849
133	5	1.1182020902633667
133	6	0.17941609025001526
133	7	-2.2764625549316406
133	8	-0.14810486137866974
133	9	-0.24956312775611877
133	10	1.938990831375122
133	11	0.9941297173500061
133	12	2.0595126152038574
133	13	-0.3676116466522217
133	14	0.10421158373355865
133	15	-0.4691368043422699
133	16	1.0575478076934814
133	17	-2.4227664470672607
133	18	0.450305312871933
134	0	-0.14223581552505493
134	1	0.3538123071193695
134	2	-0.07136576622724533
134	3	2.7849044799804688
134	4	2.131747007369995
134	5	0.1471741497516632
134	6	-2.2764625549316406
134	7	0.3772885203361511
134	8	2.2678616046905518
134	9	3.3360846042633057
134	10	1.0742746591567993
134	11	0.4827723205089569
134	12	-2.4148128032684326
135	0	1.8405455350875854
135	1	1.2679332494735718
135	2	-0.2789705693721771
135	3	-0.3361535668373108
135	4	0.3772885203361511
135	5	2.386420249938965
135	6	0.2751675546169281
135	7	-0.05319453403353691
135	8	-2.3699662685394287
135	9	-0.15531551837921143
135	10	-2.2764625549316406
135	11	0.3772885203361511
135	12	1.3257447481155396
135	13	-0.12635664641857147
135	14	1.5061882734298706
135	15	1.3863990306854248
135	16	-0.7369231581687927
135	17	0.1934070587158203
135	18	-0.535595178604126
135	19	0.13275273144245148
135	20	2.2518975734710693
135	21	1.5061882734298706
136	0	-2.3699662685394287
136	1	1.2679332494735718
136	2	-0.05319453403353691
136	3	-0.3361535668373108
136	4	1.8405455350875854
136	5	-2.2764625549316406
136	6	0.3772885203361511
136	7	0.3772885203361511
136	8	0.2751675546169281
136	9	2.386420249938965
136	10	1.3257447481155396
136	11	-0.15531551837921143
136	12	-0.2789705693721771
136	13	-0.1768495887517929
136	14	1.3863990306854248
136	15	2.2518975734710693
136	16	0.491498202085495
136	17	0.2687199115753174
136	18	0.5521525144577026
136	19	0.23238888382911682
136	20	1.5061882734298706
136	21	1.5061882734298706
137	0	-0.2661534249782562
137	1	0.450305312871933
137	2	0.38965100049972534
137	3	0.10421158373355865
137	4	-0.3676116466522217
137	5	-0.14810486137866974
137	6	1.1182020902633667
137	7	1.519636631011963
137	8	0.287984699010849
137	9	0.17941609025001526
137	10	1.0575478076934814
137	11	-2.4227664470672607
137	12	0.18652644753456116
137	13	-2.2764625549316406
137	14	1.938990831375122
137	15	0.9941297173500061
137	16	-0.24956312775611877
137	17	2.0595126152038574
137	18	-0.4691368043422699
138	0	-0.05319453403353691
138	1	1.3257447481155396
138	2	-2.2764625549316406
138	3	2.386420249938965
138	4	0.3772885203361511
138	5	-2.3699662685394287
138	6	1.2679332494735718
138	7	0.018543045967817307
138	8	-0.2789705693721771
138	9	-0.15531551837921143
138	10	0.2751675546169281
138	11	1.8405455350875854
138	12	-0.3361535668373108
138	13	0.23238888382911682
138	14	1.5061882734298706
138	15	2.2518975734710693
138	16	0.2687199115753174
138	17	0.491498202085495
138	18	1.3863990306854248
138	19	0.5521525144577026
138	20	-0.1768495887517929
138	21	1.5061882734298706
138	22	2.386420249938965
138	23	-2.1743414402008057
138	24	2.3415868282318115
138	25	0.07919736951589584
138	26	1.2842780351638794
138	27	-0.535595178604126
139	0	-0.05319453403353691
139	1	-2.2764625549316406
139	2	1.3257447481155396
139	3	2.386420249938965
139	4	0.2751675546169281
139	5	-0.3361535668373108
139	6	-0.15531551837921143
139	7	0.3772885203361511
139	8	1.2679332494735718
139	9	-2.3699662685394287
139	10	1.8405455350875854
139	11	0.3772885203361511
139	12	-0.2789705693721771
139	13	0.23238888382911682
139	14	1.5061882734298706
139	15	0.2687199115753174
139	16	1.3863990306854248
139	17	1.5061882734298706
139	18	2.2518975734710693
139	19	-0.1768495887517929
139	20	0.5521525144577026
139	21	0.491498202085495
140	0	-0.05319453403353691
140	1	2.386420249938965
140	2	1.8405455350875854
140	3	1.3257447481155396
140	4	0.2751675546169281
140	5	-0.3361535668373108
140	6	-2.3699662685394287
140	7	0.3772885203361511
140	8	-0.2789705693721771
140	9	1.2679332494735718
140	10	0.3772885203361511
140	11	-2.2764625549316406
140	12	-0.15531551837921143
140	13	0.491498202085495
140	14	-0.1768495887517929
140	15	1.3863990306854248
140	16	0.23238888382911682
140	17	2.2518975734710693
140	18	0.2687199115753174
140	19	0.5521525144577026
140	20	1.5061882734298706
140	21	1.5061882734298706
140	22	2.386420249938965
141	0	-0.3361535668373108
141	1	-2.2764625549316406
141	2	0.23238888382911682
141	3	0.3772885203361511
141	4	-0.2789705693721771
141	5	-0.05319453403353691
141	6	1.3257447481155396
141	7	-2.3699662685394287
141	8	1.2679332494735718
141	9	0.3772885203361511
141	10	0.2751675546169281
141	11	1.8405455350875854
141	12	2.386420249938965
141	13	-0.15531551837921143
141	14	1.3863990306854248
141	15	0.2687199115753174
141	16	1.5061882734298706
141	17	0.491498202085495
141	18	0.5521525144577026
141	19	-0.1768495887517929
141	20	2.2518975734710693
141	21	1.5061882734298706
141	22	1.2679332494735718
142	0	2.386420249938965
142	1	-0.15531551837921143
142	2	-2.3699662685394287
142	3	-0.3361535668373108
142	4	-0.05319453403353691
142	5	0.3772885203361511
142	6	0.3772885203361511
142	7	1.2679332494735718
142	8	-2.2764625549316406
142	9	-0.2789705693721771
142	10	1.8405455350875854
142	11	1.3257447481155396
142	12	0.2751675546169281
142	13	0.2687199115753174
142	14	1.3863990306854248
142	15	0.23238888382911682
142	16	1.5061882734298706
142	17	1.5061882734298706
142	18	-0.1768495887517929
142	19	0.491498202085495
142	20	2.2518975734710693
142	21	0.5521525144577026
143	0	0.2751675546169281
143	1	-2.3699662685394287
143	2	1.2679332494735718
143	3	1.8405455350875854
143	4	0.3772885203361511
143	5	-0.15531551837921143
143	6	1.3257447481155396
143	7	2.386420249938965
143	8	-2.2764625549316406
143	9	-0.3361535668373108
143	10	0.3772885203361511
143	11	-0.05319453403353691
143	12	-0.2789705693721771
143	13	1.5061882734298706
143	14	0.23238888382911682
143	15	1.5061882734298706
143	16	1.3863990306854248
143	17	0.2687199115753174
143	18	0.491498202085495
143	19	-0.1768495887517929
143	20	2.2518975734710693
143	21	0.5521525144577026
143	22	2.386420249938965
144	0	-2.2764625549316406
144	1	-2.3699662685394287
144	2	1.3257447481155396
144	3	0.3772885203361511
144	4	0.3772885203361511
144	5	1.8405455350875854
144	6	2.386420249938965
144	7	-0.2789705693721771
144	8	-0.15531551837921143
144	9	-0.3361535668373108
144	10	1.2679332494735718
144	11	0.2751675546169281
144	12	-0.05319453403353691
144	13	1.5061882734298706
144	14	0.23238888382911682
144	15	0.2687199115753174
144	16	0.491498202085495
144	17	-0.1768495887517929
144	18	1.3863990306854248
144	19	2.2518975734710693
144	20	0.5521525144577026
144	21	1.5061882734298706
145	0	2.386420249938965
145	1	-2.2764625549316406
145	2	1.8405455350875854
145	3	-2.3699662685394287
145	4	0.3772885203361511
145	5	0.3772885203361511
145	6	-0.2789705693721771
145	7	1.3257447481155396
145	8	0.2751675546169281
145	9	-0.15531551837921143
145	10	-0.3361535668373108
145	11	1.2679332494735718
145	12	-0.05319453403353691
145	13	0.2687199115753174
145	14	1.3863990306854248
145	15	1.5061882734298706
145	16	0.23238888382911682
145	17	-0.1768495887517929
145	18	0.5521525144577026
145	19	2.2518975734710693
145	20	0.491498202085495
145	21	1.5061882734298706
146	0	0.3772885203361511
146	1	0.2751675546169281
146	2	2.386420249938965
146	3	0.3772885203361511
146	4	-0.05319453403353691
146	5	-0.15531551837921143
146	6	1.3257447481155396
146	7	-2.3699662685394287
146	8	-0.3361535668373108
146	9	1.2679332494735718
146	10	-2.2764625549316406
146	11	-0.2789705693721771
146	12	1.8405455350875854
146	13	1.5061882734298706
146	14	1.3863990306854248
146	15	0.2687199115753174
146	16	0.23238888382911682
146	17	1.5061882734298706
146	18	2.2518975734710693
146	19	0.491498202085495
146	20	0.5521525144577026
146	21	-0.1768495887517929
147	0	0.450305312871933
147	1	-0.2661534249782562
147	2	0.9941297173500061
147	3	-0.3676116466522217
147	4	0.18652644753456116
147	5	2.0595126152038574
147	6	1.519636631011963
147	7	1.938990831375122
147	8	0.38965100049972534
147	9	-0.14810486137866974
147	10	-2.4227664470672607
147	11	-0.4691368043422699
147	12	0.17941609025001526
147	13	-2.2764625549316406
147	14	-0.24956312775611877
147	15	1.0575478076934814
147	16	1.1182020902633667
147	17	0.10421158373355865
147	18	0.287984699010849
148	0	-0.15531551837921143
148	1	-0.05319453403353691
148	2	1.3257447481155396
148	3	0.2751675546169281
148	4	0.2687199115753174
148	5	1.2679332494735718
148	6	2.2518975734710693
148	7	1.8405455350875854
148	8	2.386420249938965
148	9	-2.3699662685394287
148	10	-0.2789705693721771
148	11	0.3772885203361511
148	12	0.23238888382911682
148	13	-0.1768495887517929
148	14	-0.3361535668373108
148	15	0.5521525144577026
148	16	-2.2764625549316406
148	17	0.491498202085495
148	18	1.3863990306854248
148	19	1.5061882734298706
148	20	1.3863990306854248
148	21	0.018543045967817307
148	22	-0.08073515444993973
148	23	1.2679332494735718
148	24	0.4391404986381531
148	25	1.3863990306854248
149	0	-0.15531551837921143
149	1	0.2687199115753174
149	2	-0.2789705693721771
149	3	1.3257447481155396
149	4	0.23238888382911682
149	5	-2.3699662685394287
149	6	2.386420249938965
149	7	2.2518975734710693
149	8	-2.2764625549316406
149	9	-0.1768495887517929
149	10	1.8405455350875854
149	11	-0.3361535668373108
149	12	1.2679332494735718
149	13	0.5521525144577026
149	14	1.3863990306854248
149	15	0.3772885203361511
149	16	-0.05319453403353691
149	17	0.491498202085495
149	18	0.2751675546169281
149	19	1.5061882734298706
149	20	1.3863990306854248
149	21	1.2679332494735718
149	22	0.27801036834716797
149	23	1.3863990306854248
149	24	0.7574650049209595
149	25	0.3772885203361511
150	0	-0.15531551837921143
150	1	0.491498202085495
150	2	1.2679332494735718
150	3	-2.3699662685394287
150	4	2.386420249938965
150	5	-0.2789705693721771
150	6	0.5521525144577026
150	7	-0.1768495887517929
150	8	-2.2764625549316406
150	9	0.3772885203361511
150	10	1.8405455350875854
150	11	1.3257447481155396
150	12	1.3863990306854248
150	13	-0.05319453403353691
150	14	0.2751675546169281
150	15	-0.3361535668373108
150	16	0.23238888382911682
150	17	2.2518975734710693
150	18	0.2687199115753174
150	19	1.3863990306854248
150	20	1.3863990306854248
150	21	0.3772885203361511
150	22	0.27801036834716797
150	23	0.7574650049209595
150	24	1.2679332494735718
150	25	1.5061882734298706
151	0	0.18652644753456116
151	1	1.938990831375122
151	2	1.1182020902633667
151	3	-0.24956312775611877
151	4	0.450305312871933
151	5	0.17941609025001526
151	6	-0.2661534249782562
151	7	-2.4227664470672607
151	8	1.519636631011963
151	9	-2.2764625549316406
151	10	0.9941297173500061
151	11	-0.14810486137866974
151	12	1.0575478076934814
151	13	0.287984699010849
151	14	0.10421158373355865
151	15	2.0595126152038574
151	16	0.38965100049972534
151	17	-0.4691368043422699
151	18	-0.3676116466522217
152	0	0.450305312871933
152	1	0.38965100049972534
152	2	0.287984699010849
152	3	-2.4227664470672607
152	4	0.10421158373355865
152	5	0.17941609025001526
152	6	1.938990831375122
152	7	-0.4691368043422699
152	8	-2.2764625549316406
152	9	-0.2661534249782562
152	10	2.0595126152038574
152	11	1.519636631011963
152	12	0.18652644753456116
152	13	-0.14810486137866974
152	14	0.9941297173500061
152	15	1.1182020902633667
152	16	1.0575478076934814
152	17	-0.3676116466522217
152	18	-0.24956312775611877
153	0	1.2679332494735718
153	1	-0.15531551837921143
153	2	1.3257447481155396
153	3	0.3772885203361511
153	4	-0.05319453403353691
153	5	0.2751675546169281
153	6	2.386420249938965
153	7	1.8405455350875854
153	8	-0.3361535668373108
153	9	-2.2764625549316406
153	10	-0.2789705693721771
153	11	-2.3699662685394287
153	12	0.018543045967817307
153	13	1.5061882734298706
153	14	1.3863990306854248
153	15	0.2687199115753174
153	16	1.5061882734298706
153	17	0.23238888382911682
153	18	0.491498202085495
153	19	2.2518975734710693
153	20	0.5521525144577026
153	21	-0.1768495887517929
154	0	-0.2789705693721771
154	1	1.3257447481155396
154	2	-0.05319453403353691
154	3	-2.2764625549316406
154	4	-0.15531551837921143
154	5	0.3772885203361511
154	6	-0.3361535668373108
154	7	1.8405455350875854
154	8	0.3772885203361511
154	9	-2.3699662685394287
154	10	1.2679332494735718
154	11	0.2751675546169281
154	12	2.386420249938965
154	13	1.5061882734298706
154	14	0.23238888382911682
154	15	1.5061882734298706
154	16	0.2687199115753174
154	17	1.3863990306854248
154	18	0.5521525144577026
154	19	-0.1768495887517929
154	20	2.2518975734710693
154	21	0.491498202085495
154	22	2.386420249938965
155	0	0.38965100049972534
155	1	1.0575478076934814
155	2	-2.2764625549316406
155	3	0.9941297173500061
155	4	1.1182020902633667
155	5	0.450305312871933
155	6	-0.2661534249782562
155	7	2.0595126152038574
155	8	-0.24956312775611877
155	9	-2.4227664470672607
155	10	0.18652644753456116
155	11	0.17941609025001526
155	12	0.10421158373355865
155	13	-0.3676116466522217
155	14	1.519636631011963
155	15	-0.4691368043422699
155	16	-0.14810486137866974
155	17	0.287984699010849
155	18	1.938990831375122
156	0	-0.15531551837921143
156	1	1.2679332494735718
156	2	0.2751675546169281
156	3	0.23238888382911682
156	4	-0.1768495887517929
156	5	1.3863990306854248
156	6	1.8405455350875854
156	7	-0.2789705693721771
156	8	0.491498202085495
156	9	1.3257447481155396
156	10	-2.2764625549316406
156	11	-0.3361535668373108
156	12	-2.3699662685394287
156	13	-0.05319453403353691
156	14	0.3772885203361511
156	15	2.2518975734710693
156	16	2.386420249938965
156	17	0.2687199115753174
156	18	0.5521525144577026
156	19	-0.08073515444993973
156	20	1.3863990306854248
156	21	1.2679332494735718
156	22	1.3863990306854248
156	23	0.4391404986381531
156	24	0.018543045967817307
156	25	1.5061882734298706
157	0	1.3257447481155396
157	1	0.3772885203361511
157	2	2.386420249938965
157	3	0.3772885203361511
157	4	1.8405455350875854
157	5	-0.3361535668373108
157	6	-2.2764625549316406
157	7	0.2751675546169281
157	8	-0.05319453403353691
157	9	-0.2789705693721771
157	10	-0.15531551837921143
157	11	-2.3699662685394287
157	12	1.2679332494735718
157	13	1.5061882734298706
157	14	0.23238888382911682
157	15	1.5061882734298706
157	16	0.2687199115753174
157	17	1.3863990306854248
157	18	0.5521525144577026
157	19	2.2518975734710693
157	20	0.491498202085495
157	21	-0.1768495887517929
158	0	0.17941609025001526
158	1	0.450305312871933
158	2	1.519636631011963
158	3	0.10421158373355865
158	4	-0.24956312775611877
158	5	0.18652644753456116
158	6	-0.14810486137866974
158	7	-2.4227664470672607
158	8	-0.4691368043422699
158	9	1.1182020902633667
158	10	-0.3676116466522217
158	11	0.9941297173500061
158	12	1.938990831375122
158	13	-0.2661534249782562
158	14	1.0575478076934814
158	15	0.287984699010849
158	16	0.38965100049972534
158	17	-2.2764625549316406
158	18	2.0595126152038574
158	19	2.386420249938965
158	20	1.2379913330078125
159	0	1.3257447481155396
159	1	-0.2789705693721771
159	2	-0.05319453403353691
159	3	-0.3361535668373108
159	4	0.018543045967817307
159	5	1.2679332494735718
159	6	-2.3699662685394287
159	7	1.8405455350875854
159	8	-2.2764625549316406
159	9	0.3772885203361511
159	10	2.386420249938965
159	11	0.2751675546169281
159	12	-0.15531551837921143
159	13	1.5061882734298706
159	14	0.2687199115753174
159	15	1.3863990306854248
159	16	0.23238888382911682
159	17	1.5061882734298706
159	18	2.2518975734710693
159	19	-0.1768495887517929
159	20	0.5521525144577026
159	21	0.491498202085495
159	22	1.3863990306854248
160	0	0.9941297173500061
160	1	0.287984699010849
160	2	1.519636631011963
160	3	2.0595126152038574
160	4	-0.24956312775611877
160	5	1.0575478076934814
160	6	-0.3676116466522217
160	7	-0.14810486137866974
160	8	0.10421158373355865
160	9	-2.4227664470672607
160	10	0.18652644753456116
160	11	-2.2764625549316406
160	12	-0.2661534249782562
160	13	0.38965100049972534
160	14	1.938990831375122
160	15	1.1182020902633667
160	16	0.17941609025001526
160	17	-0.4691368043422699
160	18	0.450305312871933
160	19	1.2379913330078125
161	0	1.1182020902633667
161	1	1.519636631011963
161	2	-0.2661534249782562
161	3	0.287984699010849
161	4	0.38965100049972534
161	5	0.9941297173500061
161	6	-0.3676116466522217
161	7	-2.2764625549316406
161	8	1.938990831375122
161	9	-0.14810486137866974
161	10	0.17941609025001526
161	11	-0.4691368043422699
161	12	0.450305312871933
161	13	-0.24956312775611877
161	14	-2.4227664470672607
161	15	0.18652644753456116
161	16	0.10421158373355865
161	17	1.0575478076934814
161	18	2.0595126152038574
162	0	1.2679332494735718
162	1	-2.2764625549316406
162	2	0.2751675546169281
162	3	0.3772885203361511
162	4	0.018543045967817307
162	5	1.3257447481155396
162	6	-0.05319453403353691
162	7	-0.2789705693721771
162	8	-0.15531551837921143
162	9	-2.3699662685394287
162	10	1.8405455350875854
162	11	2.386420249938965
162	12	-0.3361535668373108
162	13	1.5061882734298706
162	14	0.2687199115753174
162	15	0.5521525144577026
162	16	1.3863990306854248
162	17	0.23238888382911682
162	18	2.2518975734710693
162	19	0.491498202085495
162	20	-0.1768495887517929
162	21	1.5061882734298706
162	22	1.3863990306854248
163	0	0.3772885203361511
163	1	0.2751675546169281
163	2	0.3772885203361511
163	3	1.3257447481155396
163	4	2.386420249938965
163	5	-2.3699662685394287
163	6	-0.3361535668373108
163	7	-0.05319453403353691
163	8	-0.15531551837921143
163	9	1.2679332494735718
163	10	-2.2764625549316406
163	11	1.8405455350875854
163	12	-0.2789705693721771
163	13	1.5061882734298706
163	14	0.23238888382911682
163	15	1.5061882734298706
163	16	1.3863990306854248
163	17	0.2687199115753174
163	18	2.2518975734710693
163	19	0.491498202085495
163	20	0.5521525144577026
163	21	-0.1768495887517929
163	22	1.3863990306854248
164	0	3.2155911922454834
164	1	3.3360846042633057
164	2	-2.4148128032684326
164	3	2.7849044799804688
164	4	-0.14223581552505493
164	5	0.1471741497516632
164	6	-0.13729718327522278
164	7	-0.2661534249782562
164	8	0.9657062292098999
164	9	2.131747007369995
164	10	-2.2764625549316406
164	11	0.4827723205089569
164	12	0.3538123071193695
164	13	0.450305312871933
164	14	2.3250882625579834
164	15	2.2678616046905518
164	16	0.38965100049972534
164	17	1.0742746591567993
164	18	-0.07136576622724533
165	0	-2.3699662685394287
165	1	-0.15531551837921143
165	2	-0.2789705693721771
165	3	1.8405455350875854
165	4	0.3772885203361511
165	5	-2.2764625549316406
165	6	-0.05319453403353691
165	7	2.386420249938965
165	8	1.3257447481155396
165	9	0.018543045967817307
165	10	1.2679332494735718
165	11	0.2751675546169281
165	12	-0.3361535668373108
165	13	1.5061882734298706
165	14	0.23238888382911682
165	15	0.5521525144577026
165	16	0.491498202085495
165	17	-0.1768495887517929
165	18	0.2687199115753174
165	19	1.3863990306854248
165	20	2.2518975734710693
165	21	1.5061882734298706
166	0	2.386420249938965
166	1	-0.3361535668373108
166	2	0.3772885203361511
166	3	-2.2764625549316406
166	4	1.8405455350875854
166	5	1.3257447481155396
166	6	-2.3699662685394287
166	7	0.3772885203361511
166	8	-0.15531551837921143
166	9	1.2679332494735718
166	10	0.2751675546169281
166	11	-0.05319453403353691
166	12	-0.2789705693721771
166	13	0.2687199115753174
166	14	0.491498202085495
166	15	0.5521525144577026
166	16	-0.1768495887517929
166	17	0.23238888382911682
166	18	2.2518975734710693
166	19	1.3863990306854248
166	20	1.5061882734298706
166	21	1.5061882734298706
166	22	1.3863990306854248
166	23	-0.535595178604126
167	0	1.3257447481155396
167	1	-0.3361535668373108
167	2	-2.2764625549316406
167	3	-0.2789705693721771
167	4	0.3772885203361511
167	5	-2.1743414402008057
167	6	0.3772885203361511
167	7	0.23238888382911682
167	8	-0.15531551837921143
167	9	0.491498202085495
167	10	2.386420249938965
167	11	-2.3699662685394287
167	12	0.5521525144577026
167	13	-0.1768495887517929
167	14	0.2687199115753174
167	15	1.3863990306854248
167	16	1.8405455350875854
167	17	0.2751675546169281
167	18	1.2679332494735718
167	19	-0.05319453403353691
167	20	2.2518975734710693
167	21	1.5061882734298706
168	0	1.0575478076934814
168	1	0.287984699010849
168	2	-0.3676116466522217
168	3	1.1182020902633667
168	4	1.938990831375122
168	5	-0.2661534249782562
168	6	0.10421158373355865
168	7	-0.24956312775611877
168	8	2.0595126152038574
168	9	0.38965100049972534
168	10	0.450305312871933
168	11	0.18652644753456116
168	12	0.9941297173500061
168	13	0.17941609025001526
168	14	-0.4691368043422699
168	15	-0.14810486137866974
168	16	-2.2764625549316406
168	17	1.519636631011963
168	18	-2.4227664470672607
168	19	2.386420249938965
168	20	1.2379913330078125
169	0	-2.2764625549316406
169	1	1.8405455350875854
169	2	2.386420249938965
169	3	0.018543045967817307
169	4	0.3772885203361511
169	5	-0.05319453403353691
169	6	-2.3699662685394287
169	7	1.3257447481155396
169	8	-0.3361535668373108
169	9	-0.2789705693721771
169	10	1.2679332494735718
169	11	0.2751675546169281
169	12	-0.15531551837921143
169	13	1.5061882734298706
169	14	0.5521525144577026
169	15	-0.1768495887517929
169	16	0.2687199115753174
169	17	0.491498202085495
169	18	0.23238888382911682
169	19	2.2518975734710693
169	20	1.3863990306854248
169	21	1.5061882734298706
170	0	-2.2764625549316406
170	1	2.0595126152038574
170	2	0.18652644753456116
170	3	-0.3676116466522217
170	4	1.0575478076934814
170	5	-0.14810486137866974
170	6	0.9941297173500061
170	7	0.287984699010849
170	8	1.938990831375122
170	9	1.519636631011963
170	10	1.1182020902633667
170	11	-0.2661534249782562
170	12	0.450305312871933
170	13	0.17941609025001526
170	14	-2.4227664470672607
170	15	-0.4691368043422699
170	16	0.38965100049972534
170	17	0.10421158373355865
170	18	-0.24956312775611877
170	19	1.2379913330078125
170	20	2.386420249938965
171	0	-0.08073515444993973
171	1	-0.47494083642959595
171	2	-0.6377162337303162
171	3	-0.5140611529350281
171	4	-0.1768495887517929
171	5	0.018543045967817307
171	6	-0.4119400978088379
171	7	0.07919736951589584
171	8	1.8405455350875854
171	9	-0.1768495887517929
171	10	1.3863990306854248
171	11	1.3863990306854248
171	12	-0.6948992013931274
171	13	-2.2764625549316406
171	14	-2.3699662685394287
171	15	0.4391404986381531
171	16	1.2679332494735718
171	17	1.3257447481155396
171	18	0.5521525144577026
171	19	0.018543045967817307
171	20	1.2679332494735718
171	21	-0.0835779681801796
171	22	2.386420249938965
171	23	0.491498202085495
171	24	1.3863990306854248
171	25	-0.7369231581687927
171	26	2.2518975734710693
171	27	-0.12635664641857147
171	28	1.5061882734298706
172	0	0.21735604107379913
172	1	-2.2764625549316406
172	2	-2.3699662685394287
172	3	1.3863990306854248
172	4	1.3863990306854248
172	5	0.3772885203361511
172	6	0.7574650049209595
172	7	-0.1768495887517929
172	8	-0.2789705693721771
172	9	-0.3361535668373108
172	10	1.2679332494735718
172	11	-0.15531551837921143
173	0	-0.0835779681801796
173	1	-2.3699662685394287
173	2	1.8405455350875854
173	3	-0.4119400978088379
173	4	2.386420249938965
173	5	0.3772885203361511
173	6	0.018543045967817307
173	7	-0.3361535668373108
173	8	1.3257447481155396
173	9	1.2679332494735718
173	10	-0.15531551837921143
173	11	-2.2764625549316406
173	12	-0.2789705693721771
173	13	1.5061882734298706
173	14	-0.12635664641857147
173	15	1.5061882734298706
173	16	1.3863990306854248
173	17	2.2518975734710693
173	18	-0.7369231581687927
173	19	0.1934070587158203
173	20	0.13275273144245148
173	21	-0.1768495887517929
173	22	-0.47494083642959595
173	23	0.21735604107379913
173	24	0.07919736951589584
173	25	-0.535595178604126
173	26	0.7574650049209595
173	27	1.3863990306854248
173	28	1.2679332494735718
173	29	1.3863990306854248
174	0	0.21735604107379913
174	1	1.2679332494735718
174	2	0.7574650049209595
174	3	-0.2789705693721771
174	4	0.3772885203361511
174	5	-0.15531551837921143
174	6	-2.2764625549316406
174	7	-0.3361535668373108
174	8	-2.3699662685394287
174	9	1.3863990306854248
174	10	1.3863990306854248
174	11	-0.1768495887517929
175	0	-0.24956312775611877
175	1	-0.4691368043422699
175	2	0.23238888382911682
175	3	-2.2764625549316406
175	4	1.1182020902633667
175	5	1.8405455350875854
175	6	1.3863990306854248
175	7	0.3772885203361511
175	8	1.2679332494735718
176	0	1.8405455350875854
176	1	-0.0835779681801796
176	2	-0.4119400978088379
176	3	0.018543045967817307
176	4	-0.15531551837921143
176	5	2.386420249938965
176	6	1.3257447481155396
176	7	-0.3361535668373108
176	8	0.3772885203361511
176	9	-2.3699662685394287
176	10	-2.2764625549316406
176	11	-0.6377162337303162
176	12	1.2679332494735718
176	13	-0.7369231581687927
176	14	1.3863990306854248
176	15	1.5061882734298706
176	16	0.23238888382911682
176	17	-0.535595178604126
176	18	0.1934070587158203
176	19	2.2518975734710693
176	20	0.13275273144245148
176	21	1.5061882734298706
176	22	1.3863990306854248
176	23	1.2679332494735718
176	24	1.3863990306854248
176	25	0.4391404986381531
176	26	-0.14138947427272797
177	0	1.3863990306854248
177	1	1.2679332494735718
177	2	-0.2789705693721771
177	3	0.21735604107379913
177	4	1.3863990306854248
177	5	-0.1768495887517929
177	6	-0.3361535668373108
177	7	0.7574650049209595
177	8	-2.2764625549316406
177	9	0.3772885203361511
177	10	-0.15531551837921143
177	11	-2.3699662685394287
177	12	1.3257447481155396
177	13	1.2679332494735718
177	14	0.3772885203361511
177	15	1.8405455350875854
177	16	1.5061882734298706
177	17	2.386420249938965
177	18	0.23238888382911682
177	19	1.3863990306854248
177	20	0.2751675546169281
177	21	-0.05319453403353691
177	22	0.2687199115753174
177	23	2.2518975734710693
177	24	0.5521525144577026
177	25	0.491498202085495
178	0	-0.9438081979751587
178	1	-2.2764625549316406
178	2	-0.3361535668373108
178	3	0.7574650049209595
178	4	-0.1768495887517929
178	5	1.3863990306854248
178	6	-2.3699662685394287
178	7	1.2679332494735718
178	8	-0.2789705693721771
178	9	1.3863990306854248
178	10	0.3772885203361511
178	11	-0.15531551837921143
179	0	-0.24956312775611877
179	1	-0.2661534249782562
179	2	-2.4227664470672607
179	3	0.1934070587158203
179	4	-0.12635664641857147
179	5	0.13275273144245148
179	6	-0.3676116466522217
179	7	-0.0835779681801796
179	8	1.3257447481155396
179	9	1.8405455350875854
179	10	-0.7369231581687927
179	11	-2.2764625549316406
179	12	-0.4691368043422699
179	13	2.386420249938965
179	14	0.018543045967817307
179	15	-0.4119400978088379
179	16	1.2679332494735718
179	17	2.2518975734710693
179	18	1.3863990306854248
180	0	0.9941297173500061
180	1	-0.4691368043422699
180	2	-2.2764625549316406
180	3	-0.24956312775611877
180	4	0.287984699010849
180	5	1.0575478076934814
180	6	2.0595126152038574
180	7	0.38965100049972534
180	8	0.10421158373355865
180	9	-0.14810486137866974
180	10	-2.4227664470672607
180	11	0.17941609025001526
180	12	-0.3676116466522217
180	13	1.1182020902633667
180	14	0.18652644753456116
180	15	1.938990831375122
180	16	0.450305312871933
180	17	-0.2661534249782562
180	18	1.519636631011963
181	0	1.938990831375122
181	1	-2.4227664470672607
181	2	0.287984699010849
181	3	-0.3676116466522217
181	4	-0.14810486137866974
181	5	1.519636631011963
181	6	-0.24956312775611877
181	7	0.18652644753456116
181	8	2.0595126152038574
181	9	-2.2764625549316406
181	10	1.0575478076934814
181	11	0.17941609025001526
181	12	-0.2661534249782562
181	13	0.38965100049972534
181	14	-0.4691368043422699
181	15	0.9941297173500061
181	16	0.10421158373355865
181	17	1.1182020902633667
181	18	0.450305312871933
182	0	-0.1768495887517929
182	1	-0.15531551837921143
182	2	-0.3361535668373108
182	3	-2.2764625549316406
182	4	-0.2789705693721771
182	5	0.4391404986381531
182	6	1.2679332494735718
182	7	1.3863990306854248
182	8	-2.3699662685394287
182	9	1.3863990306854248
182	10	-1.302553653717041
182	11	0.018543045967817307
182	12	0.3772885203361511
182	13	1.2679332494735718
182	14	0.23238888382911682
182	15	0.2751675546169281
182	16	0.5521525144577026
182	17	1.3863990306854248
182	18	0.2687199115753174
182	19	1.3257447481155396
182	20	2.2518975734710693
182	21	0.491498202085495
182	22	2.386420249938965
182	23	1.8405455350875854
182	24	-0.05319453403353691
182	25	1.5061882734298706
183	0	0.2687199115753174
183	1	-2.2764625549316406
183	2	0.3772885203361511
183	3	-0.05319453403353691
183	4	0.07919736951589584
183	5	0.491498202085495
183	6	-0.15531551837921143
183	7	2.2518975734710693
183	8	1.2842780351638794
183	9	-0.3361535668373108
183	10	-0.2789705693721771
183	11	-0.1768495887517929
183	12	0.5521525144577026
184	0	-0.3361535668373108
184	1	-0.2789705693721771
184	2	1.3257447481155396
184	3	-2.1743414402008057
184	4	-2.2764625549316406
184	5	0.3772885203361511
184	6	-0.15531551837921143
184	7	-0.0835779681801796
184	8	1.8405455350875854
184	9	-2.3699662685394287
184	10	0.018543045967817307
184	11	-0.05319453403353691
184	12	1.2679332494735718
184	13	2.386420249938965
184	14	0.491498202085495
184	15	-0.12635664641857147
184	16	0.5521525144577026
184	17	2.2518975734710693
184	18	-0.1768495887517929
184	19	0.2687199115753174
184	20	1.3863990306854248
184	21	1.5061882734298706
185	0	-0.3361535668373108
185	1	0.5521525144577026
185	2	-0.1768495887517929
185	3	0.3772885203361511
185	4	0.491498202085495
185	5	-0.2789705693721771
185	6	0.07919736951589584
185	7	1.2842780351638794
185	8	-0.05319453403353691
185	9	-2.2764625549316406
185	10	2.2518975734710693
185	11	-0.15531551837921143
185	12	0.2687199115753174
186	0	-0.05319453403353691
186	1	-0.3361535668373108
186	2	0.3772885203361511
186	3	-0.2789705693721771
186	4	-0.15531551837921143
186	5	-0.1768495887517929
186	6	2.2518975734710693
186	7	0.2687199115753174
186	8	-2.2764625549316406
186	9	0.5521525144577026
186	10	1.2842780351638794
186	11	0.43794283270835876
186	12	0.491498202085495
187	0	-2.2764625549316406
187	1	-0.12635664641857147
187	2	-0.4691368043422699
187	3	-0.24956312775611877
187	4	2.386420249938965
187	5	0.17941609025001526
187	6	1.8405455350875854
187	7	1.3863990306854248
187	8	0.450305312871933
187	9	0.018543045967817307
187	10	-2.3699662685394287
187	11	1.938990831375122
187	12	-0.14810486137866974
187	13	1.2679332494735718
187	14	0.38965100049972534
187	15	-0.2661534249782562
187	16	-0.3676116466522217
187	17	-0.0835779681801796
187	18	1.3257447481155396
187	19	1.3863990306854248
188	0	0.018543045967817307
188	1	-2.1743414402008057
188	2	-0.2789705693721771
188	3	-0.3361535668373108
188	4	1.3257447481155396
188	5	-2.2764625549316406
188	6	-0.15531551837921143
188	7	2.386420249938965
188	8	0.491498202085495
188	9	-0.1768495887517929
188	10	0.2687199115753174
188	11	1.3863990306854248
188	12	-0.05319453403353691
188	13	1.2679332494735718
188	14	0.3772885203361511
188	15	0.2751675546169281
188	16	0.5521525144577026
188	17	2.2518975734710693
188	18	1.8405455350875854
188	19	-2.3699662685394287
188	20	0.23238888382911682
188	21	1.5061882734298706
188	22	1.2842780351638794
188	23	0.07919736951589584
189	0	-1.302553653717041
189	1	-0.1768495887517929
189	2	-0.3361535668373108
189	3	-2.3699662685394287
189	4	0.4391404986381531
189	5	1.2679332494735718
189	6	-2.2764625549316406
189	7	1.3863990306854248
189	8	-0.15531551837921143
189	9	1.3863990306854248
189	10	0.3772885203361511
189	11	-0.2789705693721771
190	0	0.018543045967817307
190	1	-2.4227664470672607
190	2	2.2518975734710693
190	3	-0.7369231581687927
190	4	1.2679332494735718
190	5	1.3863990306854248
190	6	-0.0835779681801796
190	7	1.3257447481155396
190	8	0.13275273144245148
190	9	-0.3676116466522217
190	10	-0.2661534249782562
190	11	1.8405455350875854
190	12	2.386420249938965
190	13	-0.12635664641857147
190	14	-2.2764625549316406
190	15	-0.4691368043422699
190	16	0.1934070587158203
190	17	-0.4119400978088379
190	18	-0.24956312775611877
191	0	2.0595126152038574
191	1	-0.14810486137866974
191	2	0.287984699010849
191	3	1.0575478076934814
191	4	0.10421158373355865
191	5	0.18652644753456116
191	6	-0.24956312775611877
191	7	-0.2661534249782562
191	8	0.9941297173500061
191	9	1.519636631011963
191	10	0.38965100049972534
191	11	-2.4227664470672607
191	12	1.938990831375122
191	13	0.17941609025001526
191	14	-0.4691368043422699
191	15	0.450305312871933
191	16	-2.2764625549316406
191	17	1.1182020902633667
191	18	-0.3676116466522217
192	0	1.3257447481155396
192	1	-0.3361535668373108
192	2	0.018543045967817307
192	3	-2.2764625549316406
192	4	-0.05319453403353691
192	5	1.8405455350875854
192	6	-2.3699662685394287
192	7	0.3772885203361511
192	8	1.2679332494735718
192	9	-0.15531551837921143
192	10	0.2751675546169281
192	11	2.386420249938965
192	12	-0.2789705693721771
192	13	1.5061882734298706
192	14	0.2687199115753174
192	15	1.3863990306854248
192	16	0.23238888382911682
192	17	2.2518975734710693
192	18	0.5521525144577026
192	19	0.491498202085495
192	20	-0.1768495887517929
192	21	1.5061882734298706
192	22	-2.1743414402008057
192	23	-1.302553653717041
192	24	-0.47494083642959595
192	25	-0.535595178604126
192	26	0.07919736951589584
192	27	0.4391404986381531
192	28	1.3863990306854248
192	29	1.3863990306854248
192	30	1.2679332494735718
192	31	1.2842780351638794
193	0	-0.24956312775611877
193	1	0.18652644753456116
193	2	0.287984699010849
193	3	-0.2661534249782562
193	4	1.938990831375122
193	5	0.10421158373355865
193	6	-0.4691368043422699
193	7	2.0595126152038574
193	8	0.17941609025001526
193	9	1.519636631011963
193	10	-2.4227664470672607
193	11	0.9941297173500061
193	12	-0.3676116466522217
193	13	0.38965100049972534
193	14	1.0575478076934814
193	15	0.450305312871933
193	16	-0.14810486137866974
193	17	-2.2764625549316406
193	18	1.1182020902633667
194	0	0.9941297173500061
194	1	2.0595126152038574
194	2	0.287984699010849
194	3	1.938990831375122
194	4	0.38965100049972534
194	5	-0.4691368043422699
194	6	-0.24956312775611877
194	7	-0.2661534249782562
194	8	-0.3676116466522217
194	9	-0.14810486137866974
194	10	0.450305312871933
194	11	-2.4227664470672607
194	12	1.0575478076934814
194	13	1.519636631011963
194	14	0.17941609025001526
194	15	-2.2764625549316406
194	16	0.18652644753456116
194	17	0.10421158373355865
194	18	1.1182020902633667
195	0	-0.24956312775611877
195	1	0.9941297173500061
195	2	-0.14810486137866974
195	3	-0.2661534249782562
195	4	-2.4227664470672607
195	5	1.0575478076934814
195	6	-0.4691368043422699
195	7	0.450305312871933
195	8	1.519636631011963
195	9	0.38965100049972534
195	10	0.17941609025001526
195	11	0.18652644753456116
195	12	1.938990831375122
195	13	0.287984699010849
195	14	2.0595126152038574
195	15	1.1182020902633667
195	16	-2.2764625549316406
195	17	0.10421158373355865
195	18	-0.3676116466522217
196	0	-0.24956312775611877
196	1	-2.2764625549316406
196	2	-0.4691368043422699
196	3	0.10421158373355865
196	4	1.519636631011963
196	5	1.0575478076934814
196	6	0.287984699010849
196	7	-2.4227664470672607
196	8	0.450305312871933
196	9	0.9941297173500061
196	10	0.17941609025001526
196	11	2.0595126152038574
196	12	0.18652644753456116
196	13	-0.14810486137866974
196	14	-0.3676116466522217
196	15	0.38965100049972534
196	16	1.1182020902633667
196	17	1.938990831375122
196	18	-0.2661534249782562
197	0	-0.24956312775611877
197	1	1.0575478076934814
197	2	-0.14810486137866974
197	3	0.10421158373355865
197	4	-0.2661534249782562
197	5	0.9941297173500061
197	6	-0.4691368043422699
197	7	1.938990831375122
197	8	0.38965100049972534
197	9	0.17941609025001526
197	10	1.519636631011963
197	11	-2.2764625549316406
197	12	0.450305312871933
197	13	1.1182020902633667
197	14	2.0595126152038574
197	15	-0.3676116466522217
197	16	0.18652644753456116
197	17	-2.4227664470672607
197	18	0.287984699010849
198	0	0.38965100049972534
198	1	2.0595126152038574
198	2	1.1182020902633667
198	3	-0.14810486137866974
198	4	-2.4227664470672607
198	5	0.450305312871933
198	6	-2.2764625549316406
198	7	1.519636631011963
198	8	-0.3676116466522217
198	9	-0.2661534249782562
198	10	0.287984699010849
198	11	-0.24956312775611877
198	12	1.0575478076934814
198	13	0.18652644753456116
198	14	1.938990831375122
198	15	0.17941609025001526
198	16	-0.4691368043422699
198	17	0.9941297173500061
198	18	0.10421158373355865
198	19	2.386420249938965
198	20	1.5061882734298706
199	0	0.450305312871933
199	1	1.0575478076934814
199	2	1.519636631011963
199	3	1.1182020902633667
199	4	0.9941297173500061
199	5	0.287984699010849
199	6	0.17941609025001526
199	7	0.10421158373355865
199	8	-0.24956312775611877
199	9	-0.4691368043422699
199	10	-0.3676116466522217
199	11	-0.2661534249782562
199	12	0.38965100049972534
199	13	0.18652644753456116
199	14	2.0595126152038574
199	15	-2.4227664470672607
199	16	1.938990831375122
199	17	-2.2764625549316406
199	18	-0.14810486137866974
200	0	0.287984699010849
200	1	1.519636631011963
200	2	0.9941297173500061
200	3	0.17941609025001526
200	4	1.1182020902633667
200	5	0.38965100049972534
200	6	-0.4691368043422699
200	7	-0.2661534249782562
200	8	-2.2764625549316406
200	9	-0.3676116466522217
200	10	2.0595126152038574
200	11	1.0575478076934814
200	12	-0.24956312775611877
200	13	0.10421158373355865
200	14	0.450305312871933
200	15	0.18652644753456116
200	16	-2.4227664470672607
200	17	-0.14810486137866974
200	18	1.938990831375122
201	0	-0.24956312775611877
201	1	0.10421158373355865
201	2	-0.14810486137866974
201	3	0.18652644753456116
201	4	-2.4227664470672607
201	5	-0.3676116466522217
201	6	1.519636631011963
201	7	0.287984699010849
201	8	1.938990831375122
201	9	-0.4691368043422699
201	10	-2.2764625549316406
201	11	1.0575478076934814
201	12	2.0595126152038574
201	13	1.1182020902633667
201	14	-0.2661534249782562
201	15	0.9941297173500061
201	16	0.17941609025001526
201	17	0.38965100049972534
201	18	0.450305312871933
202	0	-0.24956312775611877
202	1	-2.2764625549316406
202	2	0.450305312871933
202	3	1.1182020902633667
202	4	-0.3676116466522217
202	5	-0.2661534249782562
202	6	0.18652644753456116
202	7	1.0575478076934814
202	8	0.17941609025001526
202	9	-2.4227664470672607
202	10	1.938990831375122
202	11	0.287984699010849
202	12	0.10421158373355865
202	13	-0.4691368043422699
202	14	0.38965100049972534
202	15	1.519636631011963
202	16	-0.14810486137866974
202	17	2.0595126152038574
202	18	0.9941297173500061
202	19	-0.535595178604126
202	20	-0.47494083642959595
202	21	0.07919736951589584
202	22	0.018543045967817307
203	0	1.0575478076934814
203	1	0.18652644753456116
203	2	0.10421158373355865
203	3	1.938990831375122
203	4	-0.14810486137866974
203	5	0.38965100049972534
203	6	0.17941609025001526
203	7	-0.24956312775611877
203	8	1.519636631011963
203	9	-2.2764625549316406
203	10	-2.4227664470672607
203	11	0.287984699010849
203	12	-0.2661534249782562
203	13	2.0595126152038574
203	14	-0.3676116466522217
203	15	-0.4691368043422699
203	16	0.450305312871933
203	17	1.1182020902633667
203	18	0.9941297173500061
204	0	0.38965100049972534
204	1	-0.2661534249782562
204	2	1.938990831375122
204	3	-2.2764625549316406
204	4	0.18652644753456116
204	5	0.10421158373355865
204	6	0.17941609025001526
204	7	-0.4691368043422699
204	8	-0.3676116466522217
204	9	1.0575478076934814
204	10	1.1182020902633667
204	11	-0.24956312775611877
204	12	0.9941297173500061
204	13	-2.4227664470672607
204	14	1.519636631011963
204	15	0.287984699010849
204	16	2.0595126152038574
204	17	-0.14810486137866974
204	18	0.450305312871933
205	0	-2.4148128032684326
205	1	2.3250882625579834
205	2	0.519837498664856
205	3	0.4827723205089569
205	4	3.2155911922454834
205	5	2.2678616046905518
205	6	0.8327248692512512
205	7	-0.14223581552505493
205	8	1.0742746591567993
205	9	2.7849044799804688
205	10	0.9657062292098999
205	11	-2.2764625549316406
205	12	3.3360846042633057
205	13	2.131747007369995
205	14	0.1471741497516632
205	15	0.3538123071193695
205	16	1.2921503782272339
205	17	-0.07136576622724533
205	18	-0.13729718327522278
205	19	2.386420249938965
205	20	1.5061882734298706
205	21	-0.535595178604126
206	0	-0.24956312775611877
206	1	0.2751675546169281
206	2	0.491498202085495
206	3	0.2687199115753174
206	4	-0.4691368043422699
206	5	-2.2764625549316406
206	6	0.10421158373355865
206	7	-2.3699662685394287
206	8	-0.05319453403353691
206	9	1.3863990306854248
206	10	0.5521525144577026
206	11	2.2518975734710693
206	12	1.2679332494735718
206	13	2.386420249938965
206	14	1.3257447481155396
206	15	-0.2789705693721771
206	16	0.3772885203361511
206	17	1.8405455350875854
206	18	-0.1768495887517929
206	19	0.07919736951589584
206	20	-0.47494083642959595
206	21	-0.1768495887517929
206	22	0.018543045967817307
207	0	-0.24956312775611877
207	1	0.18652644753456116
207	2	0.287984699010849
207	3	1.519636631011963
207	4	0.38965100049972534
207	5	1.938990831375122
207	6	-2.2764625549316406
207	7	0.450305312871933
207	8	-2.4227664470672607
207	9	-0.14810486137866974
207	10	1.1182020902633667
207	11	-0.3676116466522217
207	12	0.10421158373355865
207	13	-0.2661534249782562
207	14	2.0595126152038574
207	15	1.0575478076934814
207	16	0.9941297173500061
207	17	0.17941609025001526
207	18	-0.4691368043422699
208	0	-0.4691368043422699
208	1	0.10421158373355865
208	2	-2.2764625549316406
208	3	0.18652644753456116
208	4	-2.4227664470672607
208	5	0.450305312871933
208	6	-0.2661534249782562
208	7	1.519636631011963
208	8	0.17941609025001526
208	9	2.0595126152038574
208	10	-0.14810486137866974
208	11	0.38965100049972534
208	12	0.9941297173500061
208	13	1.938990831375122
208	14	1.1182020902633667
208	15	1.0575478076934814
208	16	-0.3676116466522217
208	17	0.287984699010849
208	18	-0.24956312775611877
208	19	2.386420249938965
208	20	1.5061882734298706
209	0	0.10421158373355865
209	1	-0.4691368043422699
209	2	-2.2764625549316406
209	3	-0.24956312775611877
209	4	1.1182020902633667
209	5	0.18652644753456116
209	6	1.938990831375122
209	7	1.519636631011963
209	8	0.287984699010849
209	9	1.0575478076934814
209	10	-0.14810486137866974
209	11	0.17941609025001526
209	12	-0.2661534249782562
209	13	0.38965100049972534
209	14	-0.3676116466522217
209	15	2.0595126152038574
209	16	-2.4227664470672607
209	17	0.450305312871933
209	18	0.9941297173500061
209	19	0.07919736951589584
209	20	-0.535595178604126
209	21	-0.47494083642959595
210	0	2.386420249938965
210	1	0.2751675546169281
210	2	-2.2764625549316406
210	3	1.2679332494735718
210	4	0.3772885203361511
210	5	-2.3699662685394287
210	6	1.8405455350875854
210	7	-0.2789705693721771
210	8	-0.14223581552505493
210	9	0.018543045967817307
210	10	1.3257447481155396
210	11	-0.05319453403353691
210	12	0.3538123071193695
210	13	1.5061882734298706
210	14	-0.13729718327522278
210	15	1.5061882734298706
210	16	0.5521525144577026
210	17	0.2687199115753174
210	18	2.2518975734710693
210	19	1.3863990306854248
210	20	-0.1768495887517929
210	21	0.491498202085495
211	0	-2.2764625549316406
211	1	-0.4691368043422699
211	2	0.10421158373355865
211	3	-0.24956312775611877
211	4	1.0575478076934814
211	5	0.287984699010849
211	6	-0.3676116466522217
211	7	0.9941297173500061
211	8	-2.4227664470672607
211	9	0.17941609025001526
211	10	-0.14810486137866974
211	11	1.519636631011963
211	12	0.38965100049972534
211	13	-0.2661534249782562
211	14	1.938990831375122
211	15	0.450305312871933
211	16	0.18652644753456116
211	17	1.1182020902633667
211	18	2.0595126152038574
211	19	0.07919736951589584
211	20	-0.535595178604126
211	21	-0.47494083642959595
212	0	-0.14223581552505493
212	1	-2.4148128032684326
212	2	-2.2764625549316406
212	3	1.0742746591567993
212	4	0.1471741497516632
212	5	2.7849044799804688
212	6	0.3772885203361511
212	7	2.131747007369995
212	8	0.4827723205089569
212	9	0.3538123071193695
212	10	2.2678616046905518
212	11	3.3360846042633057
212	12	-0.07136576622724533
212	13	1.5061882734298706
212	14	2.3250882625579834
212	15	0.9657062292098999
212	16	-0.13729718327522278
212	17	1.5061882734298706
212	18	3.2155911922454834
212	19	0.8327248692512512
212	20	0.519837498664856
212	21	1.2921503782272339
212	22	1.3863990306854248
213	0	1.3257447481155396
213	1	-0.05319453403353691
213	2	1.8405455350875854
213	3	0.2751675546169281
213	4	-2.2764625549316406
213	5	-2.3699662685394287
213	6	-0.4691368043422699
213	7	2.386420249938965
213	8	-0.24956312775611877
213	9	0.3772885203361511
213	10	0.3772885203361511
213	11	1.2679332494735718
213	12	-0.2789705693721771
213	13	2.2518975734710693
213	14	0.2687199115753174
213	15	0.5521525144577026
213	16	0.10421158373355865
213	17	1.3863990306854248
213	18	-0.1768495887517929
213	19	0.491498202085495
213	20	1.5061882734298706
213	21	1.5061882734298706
214	0	1.8405455350875854
214	1	-2.2764625549316406
214	2	0.3772885203361511
214	3	0.3772885203361511
214	4	-0.2789705693721771
214	5	0.2751675546169281
214	6	1.3257447481155396
214	7	2.386420249938965
214	8	-0.05319453403353691
214	9	1.2679332494735718
214	10	-2.3699662685394287
214	11	-0.4691368043422699
214	12	-0.24956312775611877
214	13	0.10421158373355865
214	14	1.5061882734298706
214	15	1.5061882734298706
214	16	1.3863990306854248
214	17	0.2687199115753174
214	18	0.491498202085495
214	19	-0.1768495887517929
214	20	0.5521525144577026
214	21	2.2518975734710693
215	0	-0.3676116466522217
215	1	-0.24956312775611877
215	2	1.1182020902633667
215	3	0.9941297173500061
215	4	0.450305312871933
215	5	-2.4227664470672607
215	6	0.10421158373355865
215	7	0.18652644753456116
215	8	1.0575478076934814
215	9	2.0595126152038574
215	10	0.38965100049972534
215	11	0.17941609025001526
215	12	0.287984699010849
215	13	1.519636631011963
215	14	1.938990831375122
215	15	-2.2764625549316406
215	16	-0.14810486137866974
215	17	-0.2661534249782562
215	18	-0.4691368043422699
216	0	-0.24956312775611877
216	1	2.0595126152038574
216	2	-0.14810486137866974
216	3	-0.3676116466522217
216	4	0.450305312871933
216	5	0.18652644753456116
216	6	1.519636631011963
216	7	0.287984699010849
216	8	0.9941297173500061
216	9	-2.4227664470672607
216	10	0.17941609025001526
216	11	0.38965100049972534
216	12	1.938990831375122
216	13	1.0575478076934814
216	14	-0.4691368043422699
216	15	0.10421158373355865
216	16	-2.2764625549316406
216	17	1.1182020902633667
216	18	-0.2661534249782562
217	0	2.0595126152038574
217	1	-0.14810486137866974
217	2	-2.4227664470672607
217	3	0.18652644753456116
217	4	1.519636631011963
217	5	-0.4691368043422699
217	6	-0.2661534249782562
217	7	0.9941297173500061
217	8	0.17941609025001526
217	9	0.450305312871933
217	10	1.1182020902633667
217	11	-2.2764625549316406
217	12	0.287984699010849
217	13	0.38965100049972534
217	14	-0.24956312775611877
217	15	-0.3676116466522217
217	16	1.0575478076934814
217	17	1.938990831375122
217	18	0.10421158373355865
218	0	1.0575478076934814
218	1	-2.4227664470672607
218	2	-0.4691368043422699
218	3	-0.2661534249782562
218	4	2.0595126152038574
218	5	0.17941609025001526
218	6	0.10421158373355865
218	7	0.9941297173500061
218	8	-2.2764625549316406
218	9	0.287984699010849
218	10	1.519636631011963
218	11	-0.3676116466522217
218	12	0.450305312871933
218	13	1.1182020902633667
218	14	-0.24956312775611877
218	15	0.18652644753456116
218	16	1.938990831375122
218	17	0.38965100049972534
218	18	-0.14810486137866974
219	0	-0.3361535668373108
219	1	0.23238888382911682
219	2	-2.2764625549316406
219	3	1.3863990306854248
219	4	0.2687199115753174
219	5	2.2518975734710693
219	6	0.3772885203361511
219	7	-0.2789705693721771
219	8	-0.05319453403353691
219	9	0.5521525144577026
219	10	0.6698920130729675
219	11	1.3257447481155396
219	12	-0.1768495887517929
219	13	0.2751675546169281
219	14	0.491498202085495
219	15	-0.15531551837921143
219	16	2.386420249938965
219	17	1.8405455350875854
219	18	-2.3699662685394287
219	19	1.2679332494735718
219	20	2.386420249938965
220	0	-0.13729718327522278
220	1	-2.2764625549316406
220	2	-0.14223581552505493
220	3	2.131747007369995
220	4	-2.4148128032684326
220	5	-0.07136576622724533
220	6	0.4827723205089569
220	7	0.3538123071193695
220	8	3.3360846042633057
220	9	2.2678616046905518
220	10	0.018543045967817307
220	11	2.7849044799804688
220	12	1.0742746591567993
220	13	0.1471741497516632
220	14	2.3250882625579834
220	15	0.9657062292098999
220	16	1.5061882734298706
220	17	1.2921503782272339
220	18	0.519837498664856
220	19	3.2155911922454834
220	20	0.6698920130729675
220	21	0.8327248692512512
220	22	1.5061882734298706
220	23	3.312321424484253
221	0	0.6698920130729675
221	1	-0.3676116466522217
221	2	-0.2661534249782562
221	3	0.38965100049972534
221	4	1.1182020902633667
221	5	-2.4227664470672607
221	6	-0.24956312775611877
221	7	0.9941297173500061
221	8	0.10421158373355865
221	9	1.938990831375122
221	10	-0.4691368043422699
221	11	1.0575478076934814
221	12	1.519636631011963
221	13	0.18652644753456116
221	14	-2.2764625549316406
221	15	-0.14810486137866974
221	16	0.287984699010849
221	17	2.0595126152038574
221	18	0.450305312871933
221	19	0.17941609025001526
222	0	1.1182020902633667
222	1	1.519636631011963
222	2	1.938990831375122
222	3	-0.24956312775611877
222	4	0.17941609025001526
222	5	0.287984699010849
222	6	0.18652644753456116
222	7	-2.4227664470672607
222	8	0.9941297173500061
222	9	0.450305312871933
222	10	-2.2764625549316406
222	11	1.0575478076934814
222	12	-0.2661534249782562
222	13	-0.14810486137866974
222	14	2.0595126152038574
222	15	-0.3676116466522217
222	16	0.10421158373355865
222	17	0.6698920130729675
222	18	0.38965100049972534
222	19	-0.4691368043422699
222	20	1.5061882734298706
222	21	2.386420249938965
222	22	-0.28536367416381836
223	0	-0.3676116466522217
223	1	0.18652644753456116
223	2	-0.4691368043422699
223	3	0.9941297173500061
223	4	-2.2764625549316406
223	5	1.0575478076934814
223	6	0.018543045967817307
223	7	1.519636631011963
223	8	-0.24956312775611877
223	9	2.0595126152038574
223	10	-0.14810486137866974
223	11	0.287984699010849
223	12	-2.4227664470672607
223	13	1.938990831375122
223	14	1.1182020902633667
223	15	0.10421158373355865
223	16	0.17941609025001526
223	17	0.6698920130729675
223	18	-0.2661534249782562
223	19	0.38965100049972534
223	20	0.450305312871933
223	21	1.5061882734298706
223	22	1.2379913330078125
224	0	0.6698920130729675
224	1	1.0575478076934814
224	2	-0.3676116466522217
224	3	1.938990831375122
224	4	0.17941609025001526
224	5	-0.2661534249782562
224	6	-0.24956312775611877
224	7	0.450305312871933
224	8	0.38965100049972534
224	9	-2.4227664470672607
224	10	0.9941297173500061
224	11	0.18652644753456116
224	12	-2.2764625549316406
224	13	2.0595126152038574
224	14	-0.14810486137866974
224	15	0.287984699010849
224	16	1.519636631011963
224	17	1.1182020902633667
224	18	0.10421158373355865
224	19	-0.4691368043422699
225	0	0.6698920130729675
225	1	0.450305312871933
225	2	1.1182020902633667
225	3	0.9941297173500061
225	4	0.38965100049972534
225	5	1.519636631011963
225	6	-0.2661534249782562
225	7	1.938990831375122
225	8	2.0595126152038574
225	9	-2.4227664470672607
225	10	-0.3676116466522217
225	11	0.18652644753456116
225	12	0.10421158373355865
225	13	-0.4691368043422699
225	14	0.17941609025001526
225	15	-0.14810486137866974
225	16	0.287984699010849
225	17	-2.2764625549316406
225	18	-0.24956312775611877
225	19	1.0575478076934814
226	0	-0.14223581552505493
226	1	-0.13729718327522278
226	2	-2.2764625549316406
226	3	0.1471741497516632
226	4	1.0742746591567993
226	5	2.7849044799804688
226	6	2.131747007369995
226	7	0.018543045967817307
226	8	0.4827723205089569
226	9	0.3538123071193695
226	10	-0.07136576622724533
226	11	-2.4148128032684326
226	12	2.2678616046905518
226	13	3.3360846042633057
226	14	2.3250882625579834
226	15	1.2921503782272339
226	16	0.8327248692512512
226	17	0.519837498664856
226	18	0.9657062292098999
226	19	3.2155911922454834
226	20	1.629120945930481
226	21	1.5061882734298706
226	22	1.5061882734298706
227	0	-0.4691368043422699
227	1	-2.2764625549316406
227	2	0.10421158373355865
227	3	-0.4119400978088379
227	4	1.3257447481155396
227	5	-0.0835779681801796
227	6	1.8405455350875854
227	7	-0.5140611529350281
227	8	-2.3699662685394287
227	9	-0.6377162337303162
227	10	0.018543045967817307
227	11	1.2679332494735718
227	12	2.386420249938965
227	13	0.018543045967817307
227	14	1.3863990306854248
227	15	0.5090407133102417
227	16	0.1934070587158203
227	17	-0.535595178604126
227	18	2.2518975734710693
227	19	-0.7369231581687927
227	20	0.13275273144245148
227	21	1.5061882734298706
227	22	1.5061882734298706
228	0	0.2687199115753174
228	1	-0.24956312775611877
228	2	-2.2764625549316406
228	3	-0.4691368043422699
228	4	1.8405455350875854
228	5	1.2679332494735718
228	6	0.3772885203361511
228	7	0.5521525144577026
228	8	0.2751675546169281
228	9	-0.1768495887517929
228	10	2.2518975734710693
228	11	0.8273652195930481
228	12	1.3863990306854248
228	13	-0.2789705693721771
228	14	-0.05319453403353691
228	15	-2.3699662685394287
228	16	1.3257447481155396
228	17	2.386420249938965
228	18	0.491498202085495
228	19	0.10421158373355865
228	20	-0.48537710309028625
229	0	0.450305312871933
229	1	0.287984699010849
229	2	-0.24956312775611877
229	3	1.519636631011963
229	4	2.0595126152038574
229	5	0.18652644753456116
229	6	1.0575478076934814
229	7	0.10421158373355865
229	8	0.38965100049972534
229	9	-2.2764625549316406
229	10	-0.2661534249782562
229	11	0.6698920130729675
229	12	1.938990831375122
229	13	1.1182020902633667
229	14	0.9941297173500061
229	15	-2.4227664470672607
229	16	-0.3676116466522217
229	17	0.17941609025001526
229	18	-0.14810486137866974
229	19	-0.4691368043422699
230	0	2.2678616046905518
230	1	-2.4148128032684326
230	2	1.0742746591567993
230	3	0.4827723205089569
230	4	3.3360846042633057
230	5	0.3538123071193695
230	6	2.131747007369995
230	7	-0.3090217411518097
230	8	-0.07136576622724533
230	9	0.1471741497516632
230	10	2.7849044799804688
230	11	-0.14223581552505493
230	12	-2.2764625549316406
230	13	0.018543045967817307
230	14	1.629120945930481
230	15	0.9657062292098999
230	16	0.519837498664856
230	17	1.2921503782272339
230	18	2.3250882625579834
230	19	-0.13729718327522278
230	20	3.2155911922454834
230	21	0.8327248692512512
230	22	1.5061882734298706
230	23	1.5061882734298706
230	24	2.386420249938965
231	0	-2.2764625549316406
231	1	0.3772885203361511
231	2	-2.3699662685394287
231	3	-0.05319453403353691
231	4	-0.15531551837921143
231	5	1.3257447481155396
231	6	2.386420249938965
231	7	-0.3090217411518097
231	8	-0.2789705693721771
231	9	0.2751675546169281
231	10	1.8405455350875854
231	11	1.2679332494735718
231	12	0.3772885203361511
231	13	-0.4691368043422699
231	14	0.10421158373355865
231	15	1.3863990306854248
231	16	0.2687199115753174
231	17	1.5061882734298706
231	18	1.5061882734298706
231	19	0.491498202085495
231	20	-0.1768495887517929
231	21	0.8273652195930481
231	22	0.5521525144577026
231	23	2.2518975734710693
