130	0	1.108342032508162
130	1	1.7629780105399258
130	2	0.40443143609325827
130	3	0.455613552174284
130	4	1.4135670051953073
130	5	0.9431248909291323
130	6	0.9975308142664292
130	7	0.4730135745491387
130	8	0.5215489813212145
130	9	0.5889608256899603
130	10	0.5971110502515566
130	11	0.6862635747167889
130	12	0.10905295271271243
130	13	1.365195870258571
130	14	0.8533684098181653
130	15	0.4733520501130125
130	16	0.35830514311309924
131	0	0.2665417626171682
131	1	1.74941526516466
131	2	0.3908591605307514
131	3	1.0947163840425833
131	4	0.5752161658913151
131	5	1.1830639936686351
132	0	1.8121892611422976
132	1	1.1135508131395682
132	2	1.538325766796157
132	3	0.7174577648229903
132	4	0.6381829423531287
132	5	1.1145009518649898
132	6	1.1581285726668538
132	7	1.6758224438008757
132	8	1.2049059429795563
132	9	0.7890778828908273
132	10	0.7998684127392084
132	11	0.7834328542192877
132	12	1.6123587346480597
132	13	1.0195937134945094
132	14	1.0173629101621855
132	15	0.9493749415125362
132	16	0.8567077299610895
132	17	0.7354392475784086
132	18	0.4544872703568834
132	19	0.3715270257485459
132	20	0.6205860448906949
132	21	0.7359069332918817
132	22	1.4511510600863038
132	23	0.9866132600141467
132	24	0.8395793679414162
133	0	0.4199313034916955
133	1	0.43443811449367786
133	2	1.0318361727198588
133	3	1.7789730267055717
133	4	1.1232236379011844
133	5	0.022169282757051434
133	6	1.2690648565048495
133	7	1.3272194386898164
133	8	0.6051415408276781
133	9	0.7665320248348292
133	10	0.8561709557595527
133	11	1.0175576847391514
133	12	0.36933835417497807
133	13	0.27164876037237734
133	14	0.3867492142835704
133	15	0.5105329931213212
133	16	0.5981029795252342
133	17	0.38669652049082165
134	0	0.4071324995666413
134	1	0.3977013012356173
134	2	1.0609964978192694
134	3	0.05184751856434078
134	4	1.766020709385661
134	5	1.111334930974668
134	6	0.4642143422539946
134	7	1.3564012651276518
134	8	1.299103153800726
134	9	0.7955507743603945
134	10	0.885342899055936
134	11	0.5918681378534096
134	12	1.0508027250890482
134	13	0.6294255572308305
134	14	0.30115716437466644
134	15	0.41597396791644486
134	16	0.5392177333164536
134	17	0.41616959587260133
135	0	0.49963620719205704
135	1	0.8006469441743632
135	2	0.7168166611704802
135	3	0.48886319551665314
135	4	0.8906874626316699
135	5	1.813437406699422
135	6	0.6444392641713599
135	7	1.3055215463368874
135	8	0.46951248871253437
135	9	1.3619078230678001
135	10	1.052991432377987
135	11	0.6396147354525992
136	0	0.5412447046376293
136	1	1.0320093178978584
136	2	0.5255494716273875
136	3	0.7655782360707366
136	4	1.3417327278660323
136	5	1.7935630603061306
136	6	1.2787095733730696
136	7	0.8713765224466574
136	8	0.44950141213259653
136	9	0.7813751925569413
136	10	0.2976382537720511
136	11	0.624690941356394
136	12	1.2442355751700627
136	13	0.6197188036111485
136	14	0.9000972938051474
136	15	1.1529700010017965
136	16	0.14392339824952716
136	17	0.6751309211689838
136	18	0.4902755105405935
136	19	0.5075609651202567
136	20	0.6314213578543033
136	21	0.3928107480789136
136	22	0.5077479785317153
136	23	1.2368458259400383
136	24	3.0576998144464476
137	0	1.7779467353096594
137	1	1.3264256915497326
137	2	1.1222066519256897
137	3	0.3676908392861522
137	4	0.6039374218669322
137	5	0.7655204849020651
137	6	0.3855565037496627
137	7	0.3856986065352293
137	8	0.4202922208823513
137	9	0.5984916490489878
137	10	1.0218739705599196
137	11	0.021939573215251862
137	12	0.5066248244787757
137	13	1.2726858309687383
137	14	0.8554505081405115
137	15	0.27102466106444517
137	16	0.4344644913852672
137	17	1.0312257976292691
137	18	0.6066167634801084
138	0	1.3450576553040015
138	1	0.7839921410980567
138	2	1.7967104398261156
138	3	1.0353483203353273
138	4	0.622782740729291
138	5	0.7751802928964662
138	6	0.5994807682967286
138	7	0.3709920468663255
138	8	0.45230042828183303
138	9	0.4685132988814227
138	10	0.8737105890852999
138	11	1.2850035483856717
139	0	0.5929219092791471
139	1	0.4226618734380543
139	2	0.8441541358502405
139	3	0.7545979405308754
139	4	1.2639182350525129
139	5	1.7671786132333742
139	6	0.09989422342878385
139	7	0.49788785058038987
139	8	1.108738600735317
139	9	1.3157938678922085
139	10	1.0082820274693904
139	11	0.4465692348893624
140	0	0.4107220176500914
140	1	1.0218973132264886
140	2	1.7693225559758017
140	3	1.262279985172264
140	4	0.425340293371788
140	5	0.5257445139019435
140	6	0.013140236874696232
140	7	0.595675046120604
140	8	0.41060839398248594
140	9	0.6501509114886765
140	10	0.8469447846843638
140	11	1.0085122682580734
140	12	0.7396100728197709
140	13	0.7571543360199718
140	14	1.2567742402574802
140	15	1.3178973550829758
140	16	0.359540178480114
140	17	0.5262815137573665
140	18	1.153866160946993
140	19	0.746116707780646
141	0	0.48629172509097796
141	1	1.0974487097751402
141	2	0.4595105484049181
141	3	1.392432830138448
141	4	1.081094219849321
141	5	1.8035603392756165
141	6	1.1890231446830117
141	7	0.8317360106486636
141	8	0.4342707550914937
141	9	0.670659087375169
141	10	0.880969050023563
141	11	1.3267078039247613
141	12	1.0099091669153415
141	13	0.0886182054736051
141	14	0.3377750134125356
141	15	0.4524098630777452
141	16	0.5739901325777816
141	17	0.6653529259667916
141	18	0.4529828502280929
141	19	0.672739913036834
141	20	0.6981744112188081
141	21	0.4699762758448516
141	22	0.9748361382849164
141	23	0.6797494550337758
141	24	1.3681924250559199
141	25	0.4810607260969386
142	0	0.4210566939804298
142	1	1.0322358157137652
142	2	1.0170558806129224
142	3	1.3276384361290554
142	4	1.7791404914373299
142	5	0.43537582324828394
142	6	0.6052863609959038
142	7	0.856446767584728
142	8	0.7668332257829459
142	9	1.2690676397542133
142	10	0.3694856688837952
142	11	0.02314557878875423
142	12	0.28275539298600383
142	13	0.511027821731305
142	14	0.7856815635596484
142	15	0.607416538226368
142	16	1.1241537579321614
142	17	0.41549411437244077
142	18	0.9652329936841993
143	0	1.6176069740987746
143	1	2.364493370716351
143	2	1.1924672599749222
143	3	1.0963008045975058
143	4	1.3736578995518194
143	5	1.70866914964797
143	6	1.1908333794115686
143	7	1.020742655236074
143	8	1.8519929252544507
143	9	1.1665505628026172
143	10	1.6048230400407626
143	11	1.6019354805605905
143	12	0.8685130303774006
143	13	1.442376478537758
143	14	1.0444316835972298
143	15	1.0443521835342735
143	16	1.9136791133143167
143	17	1.00722084381214
143	18	0.951131129864623
143	19	1.919251534433677
143	20	0.9552174241878236
143	21	1.3527316450094864
143	22	1.2581625749971477
143	23	0.6091221451265065
143	24	0.9299273159119581
143	25	0.9904731891237538
143	26	1.6793855841154226
143	27	0.8825310193259518
144	0	0.3493608397845239
144	1	0.00294119955611416
144	2	1.013159300720088
144	3	0.40127673220775817
144	4	1.760021291247448
144	5	0.8372032254605406
144	6	0.7469854382905352
144	7	1.3080774298688875
144	8	0.2637244412459726
144	9	1.2531279629390086
144	10	0.5886893963171987
144	11	0.5864100562157726
144	12	1.104801050441494
144	13	0.4162922536043834
145	0	1.3380695680151087
145	1	0.7772295419953587
145	2	0.8673620699974216
145	3	1.0847832997911813
145	4	0.8557455978299491
145	5	1.287578324038945
145	6	0.4456512060609723
145	7	0.574683826968219
145	8	0.2939831439626792
145	9	1.7902167772581707
145	10	0.6160804502993884
145	11	1.0433671246492346
145	12	1.1344616553716875
145	13	0.6184269202149545
145	14	0.43229249974372697
145	15	0.4505974235215715
145	16	0.03456781239761808
145	17	0.5748634911762527
145	18	0.45077262086826275
145	19	0.6624055288861983
145	20	0.3355121880930596
145	21	0.3810611187730292
146	0	0.40962495568778856
146	1	0.4563828061085259
146	2	0.4243078662750782
146	3	1.1125379951675818
146	4	0.5963246449575083
146	5	1.7683825304706002
146	6	1.0212150960273003
146	7	0.5944661011338468
146	8	0.7563205264277647
146	9	0.8462731746264582
146	10	1.0118811915860306
146	11	0.5006686005704267
146	12	0.7739985763742114
146	13	1.3174264535845808
146	14	0.2725353828954491
146	15	1.262948481696324
147	0	0.3211470750164664
147	1	0.8440052348359031
147	2	1.7671225577024305
147	3	0.5955601499152062
147	4	0.4233873654797802
147	5	1.0202552824266002
147	6	0.7547502018571652
147	7	0.5934526264832471
147	8	1.1119905768999423
147	9	0.40951860587324496
147	10	0.2710095071646226
147	11	0.774908844024228
147	12	1.0055826212351493
147	13	0.49946137269107604
147	14	1.2570940778815394
147	15	1.315812511959117
148	0	1.1075065596814675
148	1	0.41931375833170814
148	2	0.4049823401390893
148	3	0.3175899614298941
148	4	1.0021092953313195
148	5	0.750987703569402
148	6	0.779153144870395
148	7	1.2584463696131132
148	8	1.76375397435902
148	9	0.8411647607206765
148	10	0.4954816849147671
148	11	1.311909495511943
148	12	0.2675296815258458
148	13	1.0169710090586344
148	14	0.5924322353829078
148	15	0.5901451392904868
149	0	0.836912646379282
149	1	1.3080098211489761
149	2	0.7475415651290739
149	3	1.7598446452954284
149	4	0.4163065209318968
149	5	0.5856892653946268
149	6	1.2486664995872765
149	7	1.3137717599054821
150	0	1.1788100100855252
150	1	1.7817458669990298
150	2	0.6002781657663715
150	3	0.4376746106574815
150	4	0.6078149587701076
150	5	1.08677150928899
150	6	1.275441154606796
150	7	0.6621062374111507
150	8	0.5035098880349269
150	9	1.3304515750267925
150	10	0.7439666475533864
150	11	0.83075450327194
150	12	0.47649299018484725
150	13	0.6187205946215043
150	14	0.7696418782892889
150	15	0.25481627995423306
150	16	0.6189785640049286
150	17	0.8596547247700985
150	18	1.0755777179254233
151	0	0.42300940359205563
151	1	0.01061923359369299
151	2	1.1116923163800865
151	3	0.374682169561071
151	4	1.7672324244796878
151	5	0.3574094822013425
151	6	0.5860672779308094
151	7	0.4087643178811502
151	8	0.4999229184016585
151	9	1.2672511548550842
151	10	0.8441800233815353
151	11	0.5935375510517789
151	12	0.37512367384562667
151	13	0.7546063489460904
151	14	0.260421949819379
151	15	1.3157246085090506
151	16	1.008560668992384
151	17	1.3713269105221588
151	18	1.0206065413123924
151	19	0.595869601455005
151	20	1.0846799382345118
152	0	1.0049868605534555
152	1	0.4914830472341498
152	2	1.2546363271707088
152	3	0.9312291313973119
152	4	1.1107561228173732
152	5	0.40792242054889893
152	6	1.7662358365035113
152	7	0.5872449850266068
153	0	0.3982183931136395
153	1	1.0676561436830971
153	2	1.7564885758690751
153	3	1.1022314648354412
153	4	0.47145891613836843
153	5	0.6412326018840147
153	6	0.6431319310377267
153	7	0.9953173569994378
153	8	1.3634664022308733
153	9	1.2484459443081999
153	10	0.8926478089774101
153	11	0.40567861768168023
153	12	0.8028354706873222
153	13	0.0596890756807249
154	0	0.5672831981414037
154	1	0.5694441384475725
154	2	0.9944035996976164
154	3	1.74133872596826
154	4	0.6118043314296919
154	5	1.0914427791476005
155	0	0.5857961125380989
155	1	0.7784705494710886
155	2	0.44728019326126944
155	3	1.0105720499608897
155	4	1.7597793191334197
155	5	0.8684722609048483
155	6	0.5839432869228556
155	7	0.43351071754164217
155	8	1.1360566175787128
155	9	1.3398103359936924
155	10	0.3814926169052223
155	11	0.03515913380827307
155	12	1.280011497752548
155	13	1.0294523582288904
156	0	0.4281075854968276
156	1	1.0395134895944362
156	2	0.44259642218019546
156	3	0.8641077436604405
156	4	1.33480930765025
156	5	0.7742732921512344
156	6	0.7186969163823328
156	7	1.786696335806233
156	8	1.1311442952608217
156	9	0.37667936411946357
156	10	1.0262348455361014
156	11	1.2742797056448438
156	12	0.6129655528014206
156	13	0.6154380476520339
156	14	0.03063780147566364
156	15	1.0856718413221134
156	16	0.5867817606853376
156	17	0.4715059133541799
156	18	0.6492835211281569
156	19	0.6591352462627578
156	20	0.5866090961289782
157	0	0.47378352326589024
157	1	0.4077359826146195
157	2	1.8177944498018919
157	3	1.0710065687377075
157	4	0.4599126707109189
157	5	0.8054791276655424
157	6	0.8952966000007005
157	7	0.6439484488218663
157	8	1.3055396285699068
157	9	1.3666567541855241
157	10	1.0589062957554727
157	11	0.6462318981171501
157	12	1.1626328282178136
157	13	0.06193921449726769
158	0	1.0996012862418476
158	1	1.755707064734759
158	2	0.5836255875196165
158	3	0.5816991314205255
158	4	0.34608228401437424
158	5	0.7433335240201382
158	6	1.3040199537009678
158	7	0.4121482877427066
158	8	1.0090306785535905
158	9	0.8332053024263713
158	10	-4.200288602884683E-4
158	11	0.3979670761776818
158	12	1.241794249122071
158	13	1.000265649379798
159	0	0.39898767131117485
159	1	1.757716834673698
159	2	1.102330155852736
159	3	0.5860894381249621
159	4	1.0105321721010936
159	5	1.3061025970091853
159	6	0.34794783648217187
159	7	0.5840431908264831
159	8	0.7453740292518698
159	9	0.4137763447143905
159	10	0.8351827765205166
159	11	1.2408299111653478
159	12	0.9960890876148245
159	13	0.0017568385999640057
160	0	0.5838692862340213
160	1	1.1024015414068542
160	2	1.0109025193123051
160	3	1.7581327046455044
160	4	0.4000262180040359
160	5	0.4138477572408368
160	6	0.7454559807811063
160	7	0.8350879885404934
160	8	1.2531682152884644
160	9	1.3066220680248204
160	10	0.3483015572975209
160	11	0.9989479009514606
160	12	0.5866948448547263
160	13	0.0019450859982006463
161	0	0.595654990945101
161	1	0.4111934810127944
161	2	1.1140033190675924
161	3	1.7696771377783826
161	4	1.3177618292621762
161	5	0.5215596333357466
161	6	0.6364316795625891
161	7	1.0104085410742962
161	8	0.7582815209428859
161	9	0.3596164450225686
161	10	0.8470478353643602
161	11	0.8499587736338471
161	12	1.2534432212302784
161	13	0.6368530471440561
161	14	0.4258711577326102
161	15	0.013554635752804689
161	16	0.7574543684060255
162	0	0.532942466667069
162	1	0.7037412202860143
162	2	1.2220390981198617
162	3	1.1925810155746361
162	4	1.8775698746426284
162	5	0.4675307433518606
162	6	0.5195756558971948
162	7	0.7676654101199737
162	8	0.8647488237779652
162	9	0.9547368889265895
162	10	0.12128372596023063
162	11	1.42623411489256
162	12	1.0314600539584633
162	13	1.3680947019818075
162	14	1.4823814292557747
162	15	1.3882144184085643
162	16	1.664605014456514
162	17	1.1599851068858023
163	0	0.6137979570024904
163	1	1.0386953765765463
163	2	1.7857925509383885
163	3	1.3339244007785762
163	4	0.4419708881902873
163	5	0.7731928068532197
163	6	0.5174421730337128
163	7	1.0490596478925636
163	8	0.8636201419353293
163	9	1.2860346575630088
163	10	0.7949980738600486
163	11	0.28938651526868375
163	12	1.1306762919251854
163	13	0.3007298395107728
163	14	0.7756186060083986
163	15	0.3763554441507734
163	16	0.6125978466769209
163	17	1.443010759747155
163	18	0.4281236134122386
163	19	0.5644035415223186
163	20	0.4679957402532797
163	21	0.4495771724842085
163	22	0.5642244256198709
163	23	0.030323505778746096
163	24	0.6899673919121063
163	25	0.8319704309706276
163	26	1.7477376419110642
164	0	0.744792888825491
164	1	1.35676609427253
164	2	1.4477797446026621
164	3	2.1038173384526977
164	4	0.9322701880049461
164	5	0.3470312561658302
164	6	0.5281562979799587
164	7	0.9295580288209035
164	8	0.6936500027209809
164	9	1.652437478527137
164	10	0.7837529561193928
164	11	1.1812846483070454
164	12	1.363347358063293
164	13	1.6010103111008602
164	14	0.22129211755757294
164	15	0.5988927671410889
165	0	1.8581523029879077
165	1	0.6864971000945815
165	2	1.1113661696032746
165	3	0.8618119785328104
165	4	0.8619594947500735
165	5	0.935488235817121
165	6	0.5142773507416352
165	7	0.9551176696176994
165	8	1.3544474109474312
165	9	0.8598544165557167
165	10	1.1186984329357197
165	11	0.4485379304199959
165	12	0.6846176697175761
165	13	1.4069305159550765
165	14	0.9869112915756634
165	15	1.2032913418239228
165	16	0.5008006407861154
165	17	0.7586154970242746
165	18	1.270625563578579
165	19	0.769583559710764
165	20	0.42883401882614447
165	21	0.1029423272676242
165	22	0.9874417866860736
165	23	0.7477294559100404
165	24	0.37256438089879007
165	25	0.6427887243897934
165	26	1.4205183544668887
165	27	0.8085464902792426
165	28	1.2011102726401663
165	29	0.5777900689492882
166	0	0.6043361788214816
166	1	0.02850808896309376
166	2	0.4266165929059085
166	3	1.0384053720835447
166	4	0.3551029003699161
166	5	1.1294169355110142
166	6	1.7857761518074229
166	7	1.3335615285612166
166	8	0.39361682655547264
166	9	0.8629424431850505
166	10	0.5243892879230085
166	11	0.44159004586473194
166	12	0.3937396342755351
166	13	1.0449810548592045
166	14	0.2988483839000612
166	15	0.7872767932540295
166	16	0.6117226643489775
166	17	0.3757787669254431
166	18	1.27939108293603
166	19	0.278322467230702
167	0	0.45135707781829015
167	1	1.7956331343074807
167	2	0.8729748905348502
167	3	0.6214907346231076
167	4	1.2862656145090146
167	5	0.797112732119564
167	6	0.04005884122547165
167	7	0.7859888343424493
167	8	1.3443869671248883
167	9	1.05580510527125
167	10	1.0388475956660321
167	11	0.36660386645323817
167	12	1.1407223972206322
167	13	0.4041633709326354
167	14	0.617405803921447
167	15	0.40409319178325315
167	16	0.288898975713229
167	17	0.5322101962070536
167	18	0.3861144972712689
167	19	0.4384569798660318
167	20	0.3100620622659903
167	21	0.5757426101004613
167	22	0.8894964961085223
167	23	0.6062240888429734
167	24	0.3779534535010258
167	25	1.0498399694803948
167	26	0.7031296250098792
168	0	0.1185254198609913
168	1	1.126828224099467
168	2	0.5159282912731525
168	3	0.7876914673144418
168	4	0.6934712094483526
168	5	1.0403091348560332
168	6	0.5311615184996998
168	7	1.423255117016645
168	8	0.8766168847582843
168	9	0.701266336280725
168	10	1.8752609590613187
168	11	0.46466864720251333
168	12	1.1338991901136513
168	13	1.3717953200451345
168	14	0.9526970774887762
168	15	1.2193957249926959
168	16	0.4828977181620987
168	17	0.6110488411236694
168	18	0.48305193051174133
168	19	0.44551921056186283
168	20	0.3886920439241234
168	21	0.36812580391259053
168	22	0.8918201390893088
168	23	0.606854497978978
168	24	0.378652020105819
168	25	0.5763233800105984
168	26	2.444192387335276
169	0	0.7872485705498548
169	1	1.045711521239414
169	2	1.7924295668001564
169	3	0.4345930560299067
169	4	0.38258458672248874
169	5	0.8696902384993381
169	6	0.618769306171171
169	7	0.7059231357947879
169	8	0.8047229970563932
169	9	0.2959422682194205
169	10	0.640712678614331
169	11	1.1370879344719682
169	12	1.0541824569417841
169	13	1.2882683126231176
169	14	0.527347619798008
169	15	0.9588915339981064
169	16	0.7946973960664698
169	17	0.44917543766874435
169	18	0.6134037226621256
169	19	0.4007867918285037
169	20	0.400905066614796
169	21	0.3066430181600065
169	22	1.3417498929545628
169	23	0.28589095544506005
169	24	0.037704132898287224
169	25	0.3633512956316646
169	26	0.4940951678885511
169	27	0.5249020338927638
170	0	1.3131697626546854
170	1	1.023410014820289
170	2	1.7656495233396825
170	3	1.1098592392708293
170	4	0.4212332979597486
170	5	0.40767581047222756
170	6	0.35601127343822525
170	7	1.0190631806319999
170	8	0.00916259755132609
170	9	0.8432065272741962
170	10	0.7672554605037991
170	11	1.2538920135114076
170	12	0.5922752757465024
170	13	0.25862083152375154
170	14	0.5871030109386077
170	15	0.27952573332241937
170	16	0.3738338589289379
170	17	0.3360224885611721
170	18	0.4944878043212939
170	19	0.37401922527962966
171	0	2.031156737184778
171	1	0.9178373429834111
171	2	1.283973113135391
171	3	0.6212034707491402
171	4	0.6872124973618159
171	5	0.8206237577547159
171	6	0.6730479772111889
171	7	1.1081261596695315
171	8	0.6387172025690168
171	9	0.6386143038854045
171	10	1.2933568251050602
171	11	1.580126711522793
171	12	1.3760608404917607
171	13	1.5211212683243254
171	14	1.2549628860543929
171	15	0.7579569812849662
171	16	1.097971479051542
171	17	0.5449308365945508
171	18	0.2754451361675687
171	19	0.850752753980412
171	20	0.5244237139336163
171	21	0.6015409429649035
171	22	0.8576203755305154
171	23	1.0332732770092035
171	24	0.7907379682670069
171	25	0.5939149304753066
171	26	1.003220385483779
171	27	0.6050261853613415
171	28	1.0634218997223748
171	29	0.43986054141374714
172	0	1.02454580194109
172	1	1.765088521759452
172	2	0.4998563894007817
172	3	0.3729263645011596
172	4	0.4211259100272793
172	5	0.35536136813533803
172	6	0.5906567303264942
172	7	0.7661580341805249
172	8	0.4070704953235954
172	9	0.5841947873750291
172	10	0.842587029951197
172	11	1.2559641615654487
172	12	0.2579710673318126
172	13	0.278867620095094
172	14	0.3734772516299843
172	15	0.33533222710331867
172	16	1.313800769456119
172	17	1.1098547661239555
172	18	0.009199344143889565
172	19	1.018882243743269
173	0	0.4394912866589007
173	1	0.026937632110338505
173	2	1.783707671620545
173	3	0.6097189719459963
173	4	0.8606981001286966
173	5	0.7535335229467662
173	6	0.7852722908077168
173	7	1.2671429154659313
173	8	0.8451167285903602
173	9	0.5735431364692182
173	10	1.331805473890443
173	11	1.0416415770874214
173	12	0.3446806003911548
174	0	0.7809484861656648
174	1	1.3276628808858448
174	2	0.8570772724635827
174	3	1.779607985487043
174	4	0.4357990375671592
174	5	1.235769029690231
174	6	0.6058485534868252
174	7	0.6749154605736105
174	8	1.1082590828550931
174	9	1.1998491819297812
174	10	0.7420799835088517
174	11	0.42593721930464623
174	12	0.8975264312538137
174	13	0.36956848853466495
174	14	0.49780264881806646
174	15	0.5573313946832955
174	16	0.968621551176353
175	0	0.5837994725162565
175	1	0.9296750810720906
175	2	1.9279343669108835
175	3	0.8883821481417022
175	4	1.3917872585847033
175	5	0.7540959022716467
175	6	0.08396279225836434
175	7	1.4766355288983228
175	8	1.1178569228423754
175	9	0.9132526074578174
175	10	1.272491690115879
175	11	1.0941102337288797
175	12	0.7563704213751666
175	13	0.7478358004895805
175	14	1.2995835223135024
175	15	1.3762471492279924
175	16	0.7539289123032782
176	0	0.9725734101965278
176	1	1.332666659630048
176	2	0.4405766527417181
176	3	0.8597613832957092
176	4	0.6105758764006948
176	5	0.78630121765341
176	6	1.2395948636478162
176	7	1.7846396951839476
176	8	0.028529807506656013
176	9	0.6975019394867688
176	10	1.1289216499921646
176	11	1.0374710822559032
176	12	0.6127678350321369
176	13	0.6057820189611263
176	14	0.9500698995912079
176	15	0.404932145461902
176	16	1.0273161481742452
177	0	0.6170235126987946
177	1	0.4469980317220211
177	2	1.7907944463476815
177	3	0.8659254290072449
177	4	0.7926675002912358
177	5	1.258071424089879
177	6	0.6128903922762807
177	7	1.0438939232975784
177	8	0.6192056932515807
177	9	1.1354700596179403
