130	0	0.5513875714730142
130	1	0.5513875714730142
130	2	0.5513875714730213
130	3	0.5513875813933018
130	4	0.551387572018255
130	5	0.5513875714730142
130	6	0.5513875714730142
130	7	0.5513876235385163
130	8	0.5513875714730156
130	9	0.5513875714730159
130	10	0.551387571473328
130	11	0.5513875714730295
130	12	0.5513875714730142
130	13	0.5513875714730142
130	14	0.5513875759020612
130	15	0.5513876235269469
130	16	0.5513875720239692
131	0	0.5513875947385205
131	1	0.5513875714730142
131	2	0.5513875714730213
131	3	0.5513875714730142
131	4	0.5513875714730159
131	5	0.5513875714730142
132	0	0.5513875714730142
132	1	0.5513875714730142
132	2	0.5513875714730142
132	3	0.5513875808141935
132	4	0.5513875714730159
132	5	0.5513875757049802
132	6	0.5513875714730142
132	7	0.5513875719979184
132	8	0.5513875714730142
132	9	0.5513875715547936
132	10	0.5513875720569086
132	11	0.5513875714730155
132	12	0.5513875714730142
132	13	0.5513875714730142
132	14	0.551387580857861
132	15	0.5513875714730291
132	16	0.5513875714733095
132	17	0.5513876181071982
132	18	0.5513875714730212
132	19	0.5513875714730142
132	20	0.5513875719964633
132	21	0.5513876180982387
132	22	0.5513876057088268
132	23	0.5513878209873713
132	24	0.5513875895541743
133	0	0.5513875714730213
133	1	0.5513875714730156
133	2	0.5513875714730142
133	3	0.5513875714730142
133	4	0.5513875714730142
133	5	0.5513875714730142
133	6	0.5513875714730142
133	7	0.5513875720249538
133	8	0.5513875714730159
133	9	0.5513875759708493
133	10	0.5513875714730142
133	11	0.5513875714730142
133	12	0.5513875815978431
133	13	0.5513875720335447
133	14	0.5513876255099553
133	15	0.5513875714733313
133	16	0.5513875714730294
133	17	0.5513876255069999
134	0	0.5513875714730213
134	1	0.5513875815298043
134	2	0.5513875714730142
134	3	0.5513875714730142
134	4	0.5513875714730142
134	5	0.5513875714730142
134	6	0.5513875714730156
134	7	0.551387572022628
134	8	0.5513875714730142
134	9	0.5513875759476724
134	10	0.5513875714730142
134	11	0.5513875714730159
134	12	0.5513875714730142
134	13	0.5513875714730297
134	14	0.5513875720302782
134	15	0.5513876248268731
134	16	0.5513875714733284
134	17	0.5513876248265007
135	0	0.5513875720959414
135	1	0.5513875759436219
135	2	0.5513875814055351
135	3	0.5513875715590743
135	4	0.5513875714730142
135	5	0.5513875714730142
135	6	0.5513875714730142
135	7	0.5513875714730142
135	8	0.5513875714730156
135	9	0.5513875720221905
135	10	0.5513875714730142
135	11	0.5513875714730159
136	0	0.5513875714730212
136	1	0.5513875714730142
136	2	0.5513875817832548
136	3	0.5513875714730142
136	4	0.5513875720240972
136	5	0.5513875714730142
136	6	0.5513875714730142
136	7	0.5513875714730142
136	8	0.5513875714730156
136	9	0.5513875759589701
136	10	0.5513875715619818
136	11	0.5513875905366513
136	12	0.5513875714730142
136	13	0.5513875714730159
136	14	0.5513875714730142
136	15	0.5513875714730142
136	16	0.5513875714730142
136	17	0.5513875714730297
136	18	0.551387581313823
136	19	0.5513876227761751
136	20	0.5513875714733263
136	21	0.5513875720202182
136	22	0.5513876227720897
136	23	0.5513876082529631
136	24	0.5513876258925973
137	0	0.5513875714730142
137	1	0.5513875720250173
137	2	0.5513875714730142
137	3	0.5513875816018197
137	4	0.5513875714730159
137	5	0.5513875759716607
137	6	0.5513876255379094
137	7	0.551387625530386
137	8	0.5513875714730213
137	9	0.5513875714730296
137	10	0.5513875714730142
137	11	0.5513875714730142
137	12	0.5513875714733232
137	13	0.5513875714730142
137	14	0.5513875714730142
137	15	0.5513875720336544
137	16	0.5513875714730156
137	17	0.5513875714730142
137	18	0.5513875714730142
138	0	0.5513875720240581
138	1	0.551387575956881
138	2	0.5513875714730142
138	3	0.5513875714730142
138	4	0.5513875714730159
138	5	0.5513875714730142
138	6	0.5513875816339981
138	7	0.5513875715608484
138	8	0.5513875714730156
138	9	0.5513875721007583
138	10	0.5513875714730142
138	11	0.5513875714730142
139	0	0.5513875714730159
139	1	0.5513875714730156
139	2	0.5513875714730142
139	3	0.5513875759807502
139	4	0.5513875714730142
139	5	0.5513875714730142
139	6	0.5513875714730142
139	7	0.5513875714730212
139	8	0.5513875714730142
139	9	0.5513875720261325
139	10	0.5513875714730142
139	11	0.5513875814151172
140	0	0.5513875714730213
140	1	0.5513875714730142
140	2	0.5513875714730142
140	3	0.5513875714730142
140	4	0.5513875714730156
140	5	0.5513876223770667
140	6	0.5513875714730142
140	7	0.5513875714730159
140	8	0.5513875720183001
140	9	0.5513875714733273
140	10	0.5513875714730142
140	11	0.5513875714730142
140	12	0.5513875714730295
140	13	0.5513875759783805
140	14	0.5513875714730142
140	15	0.5513875720260776
140	16	0.5513875816222568
140	17	0.5513876223772523
140	18	0.5513876093699867
140	19	0.5513875714730142
141	0	0.5513875714730212
141	1	0.5513875714730142
141	2	0.5513875714730156
141	3	0.5513875720202587
141	4	0.5513875714730142
141	5	0.5513875714730142
141	6	0.5513875714730142
141	7	0.5513875759190391
141	8	0.5513875814439452
141	9	0.5513875714730159
141	10	0.5513875714730142
141	11	0.5513875714730142
141	12	0.5513876113995676
141	13	0.5513875714730142
141	14	0.5513875720261829
141	15	0.5513876240045369
141	16	0.5513875714733217
141	17	0.5513875714730295
141	18	0.5513876239834858
141	19	0.5513875714730142
141	20	0.551387581441254
141	21	0.5513875715593548
141	22	0.5513875714730142
141	23	0.5513875902760222
141	24	0.5513876613105648
141	25	0.5513875720989795
142	0	0.5513875714730213
142	1	0.5513875714730142
142	2	0.5513875714730142
142	3	0.5513875720249204
142	4	0.5513875714730142
142	5	0.5513875714730156
142	6	0.5513875714730159
142	7	0.5513875714730142
142	8	0.5513875759706077
142	9	0.5513875714730142
142	10	0.5513875815982104
142	11	0.5513875714730142
142	12	0.5513875715622146
142	13	0.5513875818121383
142	14	0.5513875714730142
142	15	0.5513875714730142
142	16	0.5513875714730142
142	17	0.5513875714742045
142	18	0.551387589258323
143	0	0.5513875714730142
143	1	0.5513875714730142
143	2	0.5513875714730142
143	3	0.5513875807229011
143	4	0.5513875714730142
143	5	0.5513875714730142
143	6	0.5513875714730158
143	7	0.5513875714730155
143	8	0.5513875714730142
143	9	0.5513875714733005
143	10	0.5513875714730142
143	11	0.5513876039995881
143	12	0.5513875715537224
143	13	0.5513875714730142
143	14	0.5513876126837342
143	15	0.5513876126818801
143	16	0.5513875719807471
143	17	0.5513875714730208
143	18	0.5513875720399524
143	19	0.5513877555839556
143	20	0.5513875803371694
143	21	0.5513875755368997
143	22	0.5513875714730284
143	23	0.5513875714730142
143	24	0.5513875719668921
143	25	0.5513875889140463
143	26	0.5513876521767705
143	27	0.5513875898029518
144	0	0.5513875816469704
144	1	0.5513875714730142
144	2	0.5513875714730142
144	3	0.5513875714730213
144	4	0.5513875714730142
144	5	0.5513875714730142
144	6	0.55138757598657
144	7	0.5513875720265238
144	8	0.5513875715625137
144	9	0.5513875714730142
144	10	0.5513875714730142
144	11	0.5513875714730159
144	12	0.5513875714730142
144	13	0.5513875714730156
145	0	0.5513875720244648
145	1	0.5513875759622828
145	2	0.5513875714730142
145	3	0.5513875714730142
145	4	0.5513875714730142
145	5	0.5513875714730142
145	6	0.5513875714730156
145	7	0.5513875816834126
145	8	0.5513875715621996
145	9	0.5513875714730142
145	10	0.5513875714730159
145	11	0.5513875714730142
145	12	0.5513875714730142
145	13	0.5513875714730142
145	14	0.5513875714730212
145	15	0.5513876240413722
145	16	0.5513875714730142
145	17	0.5513875714733292
145	18	0.5513876240374167
145	19	0.5513875714730294
145	20	0.5513875720264322
145	21	0.5513875815696259
146	0	0.5513875714730213
146	1	0.5513875913727283
146	2	0.5513875714730156
146	3	0.5513875714730142
146	4	0.5513875714730142
146	5	0.5513875714730142
146	6	0.5513875714730142
146	7	0.5513875714730159
146	8	0.551387575978738
146	9	0.5513875714730142
146	10	0.5513875714730142
146	11	0.5513875818333462
146	12	0.5513875714730142
146	13	0.5513875720257749
146	14	0.5513875715623751
146	15	0.5513875714730142
147	0	0.5513875920920384
147	1	0.5513875714730142
147	2	0.5513875714730142
147	3	0.5513875714730142
147	4	0.5513875714730156
147	5	0.5513875714730142
147	6	0.5513875759800013
147	7	0.5513875714730159
147	8	0.5513875714730142
147	9	0.5513875714730213
147	10	0.551387571562399
147	11	0.5513875714730142
147	12	0.5513875714730142
147	13	0.5513875818358226
147	14	0.5513875714730142
147	15	0.5513875720258663
148	0	0.5513875714730142
148	1	0.5513875714730156
148	2	0.5513875714730213
148	3	0.5513875921100154
148	4	0.5513875714730142
148	5	0.5513875759833439
148	6	0.5513875714730142
148	7	0.5513875714730142
148	8	0.5513875714730142
148	9	0.5513875714730142
148	10	0.55138758184472
148	11	0.5513875720267088
148	12	0.5513875715624538
148	13	0.5513875714730142
148	14	0.5513875714730142
148	15	0.5513875714730159
149	0	0.5513875714730142
149	1	0.5513875720266429
149	2	0.5513875759861214
149	3	0.5513875714730142
149	4	0.5513875714730156
149	5	0.5513875714730159
149	6	0.5513875714730142
149	7	0.551387662938486
150	0	0.5513875714730142
150	1	0.5513875714730142
150	2	0.5513875810659299
150	3	0.5513875714730156
150	4	0.5513875714730159
150	5	0.5513875714730142
150	6	0.5513875714730142
150	7	0.5513875714730142
150	8	0.5513875720084328
150	9	0.551387572025262
150	10	0.5513875714733257
150	11	0.5513875714730291
150	12	0.5513875714730212
150	13	0.551387620420145
150	14	0.5513875759683562
150	15	0.5513875714730142
150	16	0.5513876204186292
150	17	0.5513875714730142
150	18	0.5513875714730142
151	0	0.5513875714730156
151	1	0.5513875714730142
151	2	0.5513875714730142
151	3	0.5513876257936697
151	4	0.5513875714730142
151	5	0.5513875816274211
151	6	0.5513875714730295
151	7	0.5513875714730213
151	8	0.551387571473335
151	9	0.5513875714730142
151	10	0.5513875714730142
151	11	0.5513875714730159
151	12	0.551387625787467
151	13	0.5513875759804302
151	14	0.551387572034811
151	15	0.5513875720259489
151	16	0.5513875714730142
151	17	0.5513876065881843
151	18	0.5513875714730142
151	19	0.5513875714730142
151	20	0.5513876711671069
152	0	0.5513875714730142
152	1	0.5513875714733151
152	2	0.5513875714730142
152	3	0.5513876125059498
152	4	0.5513875714730142
152	5	0.5513875714730213
152	6	0.5513875714730142
152	7	0.5513875714730297
153	0	0.5513875714730213
153	1	0.5513875714730142
153	2	0.5513875714730142
153	3	0.5513875714730142
153	4	0.5513875714730156
153	5	0.5513875714730159
153	6	0.5513875714730142
153	7	0.5513875714730142
153	8	0.5513875720220667
153	9	0.5513875714730142
153	10	0.5513875714730142
153	11	0.5513875815115256
153	12	0.5513875759418843
153	13	0.5513875714730142
154	0	0.5513875714730159
154	1	0.5513875714730142
154	2	0.5513875714730142
154	3	0.5513875714730142
154	4	0.5513875714730297
154	5	0.5513876708187497
155	0	0.5513875714730142
155	1	0.5513875759612908
155	2	0.5513875714730156
155	3	0.5513875714730142
155	4	0.5513875714730142
155	5	0.5513875714730142
155	6	0.5513875714730159
155	7	0.5513875714730213
155	8	0.5513875714730142
155	9	0.5513875720239866
155	10	0.5513875815693103
155	11	0.5513875714730142
155	12	0.5513875714730142
155	13	0.5513875714730142
156	0	0.5513875714730212
156	1	0.5513875714730142
156	2	0.5513875714730156
156	3	0.5513875714730142
156	4	0.5513875720246119
156	5	0.5513875759643356
156	6	0.5513875900966391
156	7	0.5513875714730142
156	8	0.5513875714730142
156	9	0.5513875815808786
156	10	0.5513875714730142
156	11	0.5513875714730142
156	12	0.5513875714730159
156	13	0.5513875714730142
156	14	0.5513875714730142
156	15	0.5513876102965777
156	16	0.5513876210805884
156	17	0.5513875720118226
156	18	0.5513875714733179
156	19	0.5513875714730296
156	20	0.5513876210841919
157	0	0.5513875714730156
157	1	0.5513875815066365
157	2	0.5513875714730142
157	3	0.5513875714730142
157	4	0.5513875714730212
157	5	0.5513875759397866
157	6	0.5513875714730142
157	7	0.5513875714730159
157	8	0.5513875714730142
157	9	0.5513875720221514
157	10	0.5513875714730142
157	11	0.5513875714730142
157	12	0.5513875714730142
157	13	0.5513875714730142
158	0	0.5513875714730142
158	1	0.5513875714730142
158	2	0.5513875714730142
158	3	0.5513875714730159
158	4	0.5513875816549522
158	5	0.5513875759898307
158	6	0.5513875720269251
158	7	0.5513875714730156
158	8	0.5513875714730142
158	9	0.5513875714730142
158	10	0.5513875714730142
158	11	0.5513875714730213
158	12	0.5513875714730142
158	13	0.5513875714730142
159	0	0.5513875714730213
159	1	0.5513875714730142
159	2	0.5513875714730142
159	3	0.5513875714730142
159	4	0.5513875714730142
159	5	0.5513875720268716
159	6	0.5513875816496823
159	7	0.5513875714730159
159	8	0.5513875759878699
159	9	0.5513875714730156
159	10	0.5513875714730142
159	11	0.5513875714730142
159	12	0.5513875714730142
159	13	0.5513875714730142
160	0	0.5513875714730159
160	1	0.5513875714730142
160	2	0.5513875714730142
160	3	0.5513875714730142
160	4	0.5513875714730213
160	5	0.5513875714730156
160	6	0.5513875759878039
160	7	0.5513875714730142
160	8	0.5513875714730142
160	9	0.5513875720270194
160	10	0.5513875816495482
160	11	0.5513875714730142
160	12	0.5513875714730142
160	13	0.5513875714730142
161	0	0.5513875714730159
161	1	0.5513875714730213
161	2	0.5513875714730142
161	3	0.5513875714730142
161	4	0.5513875720260506
161	5	0.5513875720065949
161	6	0.5513876200665894
161	7	0.5513875714730142
161	8	0.5513875714733152
161	9	0.5513875816213474
161	10	0.5513875714730142
161	11	0.5513875714730293
161	12	0.5513875714730142
161	13	0.5513876200505646
161	14	0.5513875714730156
161	15	0.5513875714730142
161	16	0.5513875759781391
162	0	0.5513875714730156
162	1	0.5513875714730159
162	2	0.5513875714730142
162	3	0.5513875714730142
162	4	0.5513875714730142
162	5	0.5513875813670182
162	6	0.5513875714730212
162	7	0.5513875714730142
162	8	0.551387575893171
162	9	0.5513875714730142
162	10	0.5513875714730142
162	11	0.5513875720172213
162	12	0.5513875714730142
162	13	0.5513875714730142
162	14	0.5513875719824256
162	15	0.5513875802475039
162	16	0.5513875714730142
162	17	0.5513875715499486
163	0	0.5513875714730142
163	1	0.5513875714730142
163	2	0.5513875714730142
163	3	0.5513875720248712
163	4	0.5513875714730156
163	5	0.5513875759655124
163	6	0.5513875817990432
163	7	0.5513875714730142
163	8	0.5513875714730142
163	9	0.5513875714730142
163	10	0.5513875714730142
163	11	0.5513875715621108
163	12	0.5513875714730142
163	13	0.5513875721254665
163	14	0.5513875714730291
163	15	0.5513875815816579
163	16	0.5513875714730159
163	17	0.5513876057921342
163	18	0.5513875714730213
163	19	0.5513876215544915
163	20	0.5513875715094957
163	21	0.5513875720141023
163	22	0.5513876215544152
163	23	0.5513875714730142
163	24	0.5513875714733284
163	25	0.5513875895875187
163	26	0.5513877640408845
164	0	0.551387571473021
164	1	0.5513875714730142
164	2	0.5513875714730142
164	3	0.5513875714730142
164	4	0.5513875714730142
164	5	0.5513875714730142
164	6	0.5513875714730156
164	7	0.5513875714730159
164	8	0.5513875808657409
164	9	0.5513875719997182
164	10	0.5513875730151339
164	11	0.5513875714730142
164	12	0.5513875714730142
164	13	0.5513875714730142
164	14	0.5513875714730148
164	15	0.5513875714795206
165	0	0.5513875714730142
165	1	0.5513875714730142
165	2	0.5513875714730142
165	3	0.5513876157748901
165	4	0.5513876157688752
165	5	0.5513875714730142
165	6	0.5513875714730156
165	7	0.5513878241360399
165	8	0.5513875714730142
165	9	0.551387572977042
165	10	0.5513875714730142
165	11	0.551387581410516
165	12	0.5513875714730159
165	13	0.5513875720192258
165	14	0.5513875809110488
165	15	0.5513875714730142
165	16	0.5513875714730212
165	17	0.5513875715552179
165	18	0.5513875714730142
165	19	0.5513875720610103
165	20	0.5513875714796187
165	21	0.5513875714730142
165	22	0.5513875714733144
165	23	0.5513875719840341
165	24	0.5513875714730148
165	25	0.55138757147303
165	26	0.5513876060370844
165	27	0.5513875896908327
165	28	0.5513876679033783
165	29	0.5513880615841487
166	0	0.5513875714730295
166	1	0.5513875714730142
166	2	0.5513875714730213
166	3	0.5513875714730142
166	4	0.5513875714796885
166	5	0.5513875714730142
166	6	0.5513875714730142
166	7	0.5513875720245983
166	8	0.5513876253451953
166	9	0.5513875714730142
166	10	0.5513875714733534
166	11	0.5513875714730156
166	12	0.5513876253423297
166	13	0.5513875714730142
166	14	0.5513875714730148
166	15	0.5513875729957484
166	16	0.5513875714730159
166	17	0.5513875815830456
166	18	0.5513875714730142
166	19	0.5513875720327942
167	0	0.5513875714730156
167	1	0.5513875714730142
167	2	0.5513875714730142
167	3	0.5513875714730159
167	4	0.5513875714730142
167	5	0.5513875729932973
167	6	0.5513875714730142
167	7	0.5513875718620608
167	8	0.5513875720238854
167	9	0.5513875714730142
167	10	0.5513876109813141
167	11	0.5513875714796773
167	12	0.5513875714730142
167	13	0.55138762509985
167	14	0.5513875714730296
167	15	0.551387625105634
167	16	0.5513875720316083
167	17	0.5513875714733426
167	18	0.5513875815582238
167	19	0.5513875714730212
167	20	0.5513875714730148
167	21	0.5513878675875309
167	22	0.5513875714730142
167	23	0.5513875816206298
167	24	0.5513875715607481
167	25	0.5513875714730142
167	26	0.5513875714730142
168	0	0.5513875714730142
168	1	0.5513875714730142
168	2	0.5513875714730212
168	3	0.5513875718619626
168	4	0.5513875714730293
168	5	0.5513876109664573
168	6	0.5513875714730156
168	7	0.5513875720177533
168	8	0.5513875729728759
168	9	0.5513875714730159
168	10	0.5513875714730142
168	11	0.5513875813722472
168	12	0.5513875714730142
168	13	0.5513875714730142
168	14	0.5513875714730142
168	15	0.5513875714730142
168	16	0.5513876233188506
168	17	0.5513875714733397
168	18	0.5513876233114248
168	19	0.5513875714796014
168	20	0.5513875714730148
168	21	0.5513875720228971
168	22	0.5513875714730142
168	23	0.5513875816200922
168	24	0.5513875715607314
168	25	0.5513878675122489
168	26	0.5513875826170239
169	0	0.5513875714730142
169	1	0.5513875714730142
169	2	0.5513875714730142
169	3	0.5513875714730213
169	4	0.5513875815659689
169	5	0.5513875714730142
169	6	0.5513875714730159
169	7	0.5513875718667357
169	8	0.5513875714730142
169	9	0.5513875715620021
169	10	0.5513875720769278
169	11	0.5513875714730142
169	12	0.5513875714730142
169	13	0.5513875714730142
169	14	0.5513875714733392
169	15	0.5513876121690341
169	16	0.5513875729938192
169	17	0.5513875714730156
169	18	0.5513875714730295
169	19	0.5513876251782365
169	20	0.5513876251754881
169	21	0.5513875714730148
169	22	0.5513875720239451
169	23	0.5513875720319844
169	24	0.5513875714730142
169	25	0.5513875714796819
169	26	0.5513878784600994
169	27	0.5513875817845717
170	0	0.5513875720260779
170	1	0.5513875714730142
170	2	0.5513875714730142
170	3	0.5513875714730142
170	4	0.5513875714730156
170	5	0.5513875714730213
170	6	0.5513875816300873
170	7	0.5513875714730142
170	8	0.5513875714730142
170	9	0.5513875714730142
170	10	0.5513875730010781
170	11	0.5513875714730142
170	12	0.5513875714730159
170	13	0.5513875720350147
170	14	0.5513875714730297
170	15	0.5513875714730148
170	16	0.5513876258094746
170	17	0.551387571479707
170	18	0.5513875714733225
170	19	0.5513876258093141
171	0	0.5513875714730142
171	1	0.5513875714730142
171	2	0.5513875714730142
171	3	0.5513875810201206
171	4	0.5513875714730155
171	5	0.5513875812104942
171	6	0.551387571473021
171	7	0.5513875714730142
171	8	0.5513876200127871
171	9	0.5513876200148712
171	10	0.5513875714730142
171	11	0.5513875720051804
171	12	0.5513875714730142
171	13	0.5513875714730142
171	14	0.5513876080221563
171	15	0.5513875714733081
171	16	0.5513875714730142
171	17	0.5513875714730148
171	18	0.5513875714730142
171	19	0.551387571473029
171	20	0.5513875720062611
171	21	0.5513875714794543
171	22	0.5513875714730159
171	23	0.5513875729337516
171	24	0.551387841621396
171	25	0.5513875715575339
171	26	0.55138757184982
171	27	0.5513875720825792
171	28	0.551387673100609
171	29	0.551388092130864
172	0	0.5513875714730142
172	1	0.5513875714730142
172	2	0.5513875714733418
172	3	0.5513876258309003
172	4	0.5513875714730156
172	5	0.5513875816316642
172	6	0.5513875714730159
172	7	0.5513875730012594
172	8	0.5513875714730213
172	9	0.5513875714730295
172	10	0.5513875714730142
172	11	0.5513875714730142
172	12	0.5513875720351277
172	13	0.5513875714730148
172	14	0.5513876258221084
172	15	0.5513875714797076
172	16	0.551387572026103
172	17	0.5513875714730142
172	18	0.5513875714730142
172	19	0.5513875714730142
173	0	0.5513875714730156
173	1	0.5513875714730142
173	2	0.5513875714730142
173	3	0.5513875714730159
173	4	0.5513875714730142
173	5	0.5513875718639633
173	6	0.5513875729962701
173	7	0.5513875714730142
173	8	0.5513875714730142
173	9	0.5513875816856956
173	10	0.5513875720246254
173	11	0.5513875714730142
173	12	0.5513875715612462
174	0	0.5513875729973965
174	1	0.5513875720254094
174	2	0.5513875714730142
174	3	0.5513875714730142
174	4	0.5513875714730156
174	5	0.5513875714730142
174	6	0.5513875714730159
174	7	0.5513875714730293
174	8	0.5513875714730142
174	9	0.5513875714730142
174	10	0.5513875714730142
174	11	0.5513875714796201
174	12	0.5513875897051379
174	13	0.5513875714730148
174	14	0.5513875714730212
174	15	0.5513875714736873
174	16	0.5513875714730142
175	0	0.5513875714730156
175	1	0.5513875729594819
175	2	0.5513875714730142
175	3	0.5513875714730142
175	4	0.5513875714730142
175	5	0.5513875714730159
175	6	0.5513875714730142
175	7	0.5513875720131681
175	8	0.5513875714730142
175	9	0.5513875718548409
175	10	0.5513875714730142
175	11	0.5513875714730142
175	12	0.5513875714730142
175	13	0.5513875714730292
175	14	0.5513876075141163
175	15	0.5513876610612992
175	16	0.5513880264381404
176	0	0.5513875714730142
176	1	0.5513875720247452
176	2	0.5513875714730156
176	3	0.5513875714730142
176	4	0.5513875714730159
176	5	0.5513875729961076
176	6	0.5513875714730142
176	7	0.5513875714730142
176	8	0.5513875714730142
176	9	0.5513875718672286
176	10	0.5513875714730142
176	11	0.5513875714730142
176	12	0.5513875714730142
176	13	0.5513875714730297
176	14	0.5513876122451108
176	15	0.5513881002565778
176	16	0.5513876732149111
177	0	0.5513875714730159
177	1	0.5513875714730156
177	2	0.5513875714730142
177	3	0.5513875714730142
177	4	0.5513875729944518
177	5	0.5513875714730142
177	6	0.5513875714730297
177	7	0.5513875714730142
177	8	0.5513875714730142
177	9	0.5513875714730142
