## RankNet
## Epochs = 50
## No. of features = 48
## No. of hidden layers = 2
## Layer 1: 10 neurons
## Layer 2: 10 neurons
1 2 3 4 5 6 7 8 9 10 11 12 13 14 15 16 17 18 19 20 21 22 23 24 25 26 27 28 29 30 31 32 33 34 35 36 37 38 39 40 41 42 43 44 45 46 47 48
2
10
10
0 0 -0.08670791561010617 0.0778090576063505 0.02812561205658876 -0.08474763042988474 0.060626427233198436 -0.07211424023433936 -0.017236644275806928 -0.07760434471297008 -0.10030663121969663 -0.0794385332763628
0 1 -0.04669211432337761 -0.0803125649690628 -0.07182007282972336 0.0021848618052899837 -0.08470706641674042 -0.02500319480895996 -0.09209607541561127 0.05068587511777878 -0.09340550005435944 0.03876076266169548
0 2 0.08684192597866058 0.06709515303373337 -0.07683007419109344 -0.07448539137840271 -0.08452232927083969 -0.03270193934440613 -0.053970109671354294 0.0286686010658741 0.012632411904633045 -0.0775015726685524
0 3 -0.07034795731306076 -0.01275867223739624 -0.03009883686900139 -0.022876447066664696 -0.08655355870723724 0.09164224565029144 -0.02451520599424839 0.007709467317909002 -0.014348071999847889 0.09348109364509583
0 4 -0.07085788249969482 -0.059834904968738556 -0.0769142284989357 0.07063119113445282 0.024597924202680588 0.033032290637493134 0.041413187980651855 0.05748457461595535 0.014019221067428589 -0.028694946318864822
0 5 0.009214788675308228 0.02781274914741516 -0.004072666168212891 -0.06085518002510071 0.0520000085234642 -0.0015535712009295821 0.027240484952926636 0.0034244596026837826 -0.05039151385426521 -0.08897199481725693
0 6 0.015715662648800754 -0.08010397708649505 0.02320360055262414 -0.08863085935404595 0.024589436741166606 0.013610026106881752 0.05774451899859006 -0.07676061860806756 0.09429560802517442 0.06721942511645197
0 7 -0.031137336707042766 -0.024013598146392673 0.034865698551248867 -0.03275227960680021 -0.032747992116542536 -0.011796070654640728 0.09980905809707927 0.025272673532758035 -0.02702501686299915 0.044207029148987415
0 8 0.010000909773411804 -0.04207101507991062 -0.009874293819628779 0.01494723402507066 0.04347604258877952 0.043896500740184696 0.08057596858600098 0.09578793846024418 0.0746114521332167 0.08496613846660085
0 9 0.01242181202560907 -0.010645951581592187 -0.058275269583426756 0.08716879070348534 -0.042757614264657906 -0.09969686272369359 -0.04408682558676192 -0.03230940945492796 -0.035701426952323666 -0.028589492202396673
0 10 0.007568551322224249 0.07385405854374685 0.056499162449873644 -0.026710498774578633 0.08316656320316491 0.03944838491453162 0.057599473260436566 -0.06950357951270199 0.02341082012728704 0.09968100534320302
0 11 0.08936861236629365 0.03223848886966747 0.04150118418232019 0.03303327615605773 -0.04812727975342166 0.051340208925106996 -0.05423601975842681 -0.001149190019317112 -0.013777968685608167 0.02482509472411533
0 12 0.01850556979267087 -0.0823915450776896 -0.059139023332115875 -0.0741925282949902 0.03958158160489921 -0.0777970219815672 0.08136718713913176 0.06565901727592227 -0.03159002522649554 -0.03100113929182749
0 13 0.09173399661375374 -0.06279754451256793 -0.04520483967729173 0.018294887134908497 0.05492084687921554 0.028302360011661018 -0.08885365824436621 0.007915046267949019 0.007975848544949428 -0.07314008557099903
0 14 -0.03970002492171195 0.08510421217893631 0.010764281243248726 0.05341522859474998 -0.005126164750974423 -0.01926181787081725 0.09125180545443354 0.0767871107470746 0.07456615882177763 -0.07485882010015797
0 15 -0.01155962303673151 -0.09515081442898993 -0.0922181087828287 0.015508201169595073 -0.08710749843073017 0.0578610252491181 -0.010953832865446985 -0.045220862781418396 0.09973050734550158 -0.03480411700727546
0 16 0.013698750264425073 -0.07468325738125019 -0.016328237455273415 -0.07859328629521213 -0.00949316623134187 0.06604452801984746 0.005190851464308104 -0.0013856692186785514 -0.015006535719558694 -0.037321219024305685
0 17 -0.07637269689189875 -0.014357224852254664 0.06636606017260173 -0.06367073883238779 -0.026559731706238536 -0.03797912451082869 -0.0310218564999936 0.005004227955649441 0.020585353950945594 0.0513549071645333
0 18 -0.07008762028394047 -0.04124606871346807 -0.036602898081606876 -0.09719730792920428 0.0470235414247033 0.06333060608029563 -0.07126647316602526 0.0967401060211112 0.002111882540369606 0.09952597861479545
0 19 0.03888055426334376 0.05368684560634894 -0.07754965491678192 0.011611507536857576 0.09259248704918294 -0.05535548893232434 -0.016659552236212568 0.09864993425407698 -0.05958644946338521 0.07319490304727129
0 20 0.05273999648678234 -0.0014578870313923897 0.03451983997660212 -0.06919954380133111 0.07689420780264729 0.03718717823384042 0.05430735718395585 -0.05520964127327561 0.0967042196994876 0.012121295986936845
0 21 -0.06679371102715183 0.004315261282180303 0.08732536569166927 0.005880015779384811 -0.07147288908412965 0.07722271886877441 0.057881868948684904 0.023784997150335805 -0.05966902547548386 -0.06927805787691789
0 22 0.05433189540052138 0.005453913990158456 -0.012815665464732715 0.07793729170312824 -0.02919750612988457 0.07540454073156384 -0.07995930441264777 -0.07450694845304383 0.028134081448569128 0.08196427806605797
0 23 -0.018050730204702457 -0.053086208440617726 0.08439286047654591 -0.07129853626825769 -0.02058010274446574 0.04915922934768434 -0.09439003396842555 0.01584894310389378 -0.05981192249001406 0.07138282383071032
0 24 -0.08604197324691758 -0.03695539939508944 -0.057577271736779005 -0.02280785054730094 0.06077271452526574 -0.03234513874217772 -0.07222702669494996 -0.025052484894074304 -0.039978785461723135 0.012713284339325424
0 25 0.009502311570481953 -0.012475538471013263 0.0933378694658483 0.03417612363865625 0.040660288005951103 0.08734970441804174 0.0369854061652336 -0.004050208033054567 -0.045165916314348166 -0.04833405005349538
0 26 0.08413882610637498 0.03984781939445173 0.049712437482676536 -0.09753796101746601 -0.08785458334863322 -0.07870165811211247 0.013506570757989673 0.0656740270560272 0.04884894012105258 -0.0549075841992516
0 27 0.049920230498157595 0.04436594697375376 -0.04456247090400403 -0.045121640426960694 -0.09638877738182822 -0.04341094955596117 -0.08887424809304519 -0.09226055344271342 -0.021515821505753124 0.00840432990529102
0 28 0.01975120412251598 0.04500481739811826 -0.12946253020705165 -0.04272608431585767 0.06014996874126789 0.07490320881472005 0.1322631991166485 -0.07383509475507909 -0.0017114937564714403 -0.057065908976737224
0 29 -0.08678930873725103 -0.0030897970821712663 0.08511679124798975 0.07982144281505434 -0.0045673667775161676 -0.08573880772089829 -0.014849174213659378 -0.08691593252940803 -0.07351493678961125 0.04733788066891337
0 30 -0.09597761647670779 -0.08780671729536636 -0.13503686422772196 -0.03963866183936539 0.10635747166343774 0.09070686690354847 0.10358478324977984 -0.11724062566968438 -0.014928498896514718 0.0541492694113179
0 31 0.03295713645142696 0.09580081789422251 0.07419922589345605 -0.091481216334888 0.004078471188870795 -0.03748484559860467 -0.026130447014835474 -0.09804902019189494 0.06767235392178213 -0.07015726024473926
0 32 0.08658575063472378 -0.04258114428637198 -0.04672502730960813 0.05147743444812069 0.047404209157501154 0.036971022004482317 0.022263337035130764 0.029427556151814232 0.06918699143485514 0.09543086565963528
0 33 0.06968391089789631 0.026173525696510293 0.018344723402040998 -0.036805422610360745 0.012942770513364038 0.0690692477124103 -0.08587610060795407 -0.050613632599447296 0.08230284454274772 -0.04277999464183311
0 34 0.034815684574189085 0.07950866466165388 0.03996468940188712 -0.062693776220397 0.04452502805852753 -0.017553810389858225 0.01869863801018335 0.0018932029710024226 0.04513152979510233 -0.04087431828880922
0 35 0.01347255229326382 0.0433434344675939 0.04178944088648146 0.07458669227611059 0.04352901053953352 0.04951587843792435 -0.015786962773591512 0.04910366558899743 0.04396376990077783 -0.022952505513439372
0 36 0.09387173210761482 -0.03328630154538214 -0.10148038997311803 -0.04646296823187073 0.06824832154643723 -0.04897272860871744 -0.00892201096480599 -0.0293909550028045 -0.017609218886318244 -0.07556599246831813
0 37 -0.09387029146958617 -0.09088707294388516 -0.07434066989332784 0.10020644149595971 0.020645372952729113 -0.02723999640580219 0.028143960165942648 -0.06329984489043322 -6.801045598572834E-4 0.031191141763638554
0 38 -0.04304771643328452 -0.09376208470012014 -0.09421087979402483 0.050835813577280405 0.03886076771771284 0.07988105222710701 -0.027427479294979858 0.03561578284775868 -0.016674964257187848 0.07471077903859799
0 39 0.0680881500597022 0.08435094370697672 0.03644704640779489 0.004825326795683277 -0.09755441582644615 -0.06889923408499626 0.07355622235134823 -0.08382156152451445 0.045554024598889443 0.028716171306897513
0 40 0.06925754848671178 -0.022040301792275698 0.0991196018544203 0.012165007363067056 0.004502756624722307 0.05316207811364277 0.04114313456610413 0.06747064333235811 0.08653807403832023 0.05255714818589768
0 41 0.07173353603229397 0.09116282150212168 -0.008713150851482707 0.03028867659034721 0.00934247557261184 -0.061698764627073306 -0.02369058371460322 0.010742550974511187 0.0014104328426262323 -0.07633464224360194
0 42 0.05756226305868284 0.08858972169081951 0.05446165259481607 0.08701198090541964 -0.018899150356635048 0.07360835231565378 0.07486672231617016 0.015583259730363104 -0.055843075228820184 -0.08685100400500548
0 43 0.08793313538143831 0.09054512317371852 0.09238311302813221 -0.07969772356655051 0.05140533574895346 -0.002769043310736845 -0.09432932745891244 -0.07426880371303 -0.0627850959937565 -0.030457565039103688
0 44 -0.025593160911529998 -0.02003118172063774 0.04122754991625418 0.015037864031880323 0.009338218282432637 -0.05356714335184813 -0.028424703710793947 -2.5873662717081227E-4 0.025935005226150797 -0.08120673610959117
0 45 0.02867707677271988 0.08073874972984901 -0.07156760557915097 -0.062421885733813985 -0.08861793109077064 -0.06979542058807116 -0.0846684623594273 -0.0020239341484792495 0.061630463057175414 -0.0743859977940089
0 46 0.0967128123052008 -0.09401172922477614 -0.027215579905945968 -0.072903357000044 0.03134064575202771 0.05632145951747856 -0.07032949749774647 0.024161707289118994 -0.07587041767314255 0.01740370738125757
0 47 -0.022420095911102274 0.025548515496269856 0.03710886933721491 0.07699815520338109 0.0721241941949041 0.0013341525596682366 0.04171719067399363 0.0589641758928048 0.012045259059170171 0.09990905592266039
0 48 0.07125198072938237 0.0898201168862962 0.059767789712461834 0.034362202992633116 -0.035008516287867913 -0.03211875923605557 0.03597872426647095 0.036786282292977694 0.029898500994616634 -0.023441883951488322 0.005014640078927562 0.005455950041042759 0.03967831123948632 0.06250784303290419 -0.005936281615502222 -0.061802595014332086 0.09388002529874155 0.0468649461988321 -0.02530387916569874 0.07308541083843423 0.06182951126371438
1 0 -0.04377681219673352 0.07097961267653695 0.007527718598780134 0.014859214958061747 -0.0762958320308092 -0.02843281540141298 -0.05407174738974745 0.010129733161312163 -5.280710366000028E-4 -0.07323077748636171
1 1 -0.04432712157860472 -0.06043471467650893 0.08353610446324664 0.08990543810860403 0.08065169717594217 -0.049851902557455946 0.08864411332130823 0.095611495772949 0.016678158736200318 -0.04310058775164423
1 2 0.06436955644038826 0.081920411274456 0.09296198972481536 -0.06312695210421851 0.006432396191150285 -0.09025742299233948 -0.06639868961496437 0.0964108471008362 -0.038651933896481326 0.0880595738985336
1 3 -0.016407761051196536 0.019018392686459003 -0.07045531630192221 0.02236693363714762 0.060929850146753235 0.009614808964377174 -0.005797097665125849 0.07736725285552207 -0.029485704891108327 -0.07569942024756894
1 4 -0.015262197207552274 -0.05753190580922515 -0.02396799172902744 0.06684469885968203 -0.03492826570685472 0.04942545707012368 0.04005932911783106 -0.09455273936755175 0.020168995014443806 0.09024316042753665
1 5 -0.03937181032491812 -0.0049494869890657775 -0.0677899976312713 0.08518055547283096 0.03658345138355566 0.07681935171179252 0.01637070008835639 -0.07120367258965313 0.01039074568874655 -0.028644994969412484
1 6 -0.04863826880965824 -0.020273158835082183 -0.05790213626965375 0.021639219626146768 -0.04989624986968142 0.012141498819358252 0.082975155817118 0.042162727232336134 0.020700796134436393 -0.08283785272741517
1 7 -0.05364047310792969 -0.028496463646041383 0.002897692189826917 0.07385399992030844 0.06655307355498766 -0.08543831213399368 0.05446996619261325 0.06419361039271115 -0.029483175333997667 -0.09450212953097469
1 8 6.875226927539518E-4 -0.06737062840749827 0.009769094095475144 -0.08504571187021566 0.09612001572179929 -0.014232765254890933 -0.09925609655942523 0.07858880484256005 0.055674177910401156 0.023160302113681263
1 9 0.014996904081958648 -0.056855554859860026 0.05133632123670829 -0.07961225219097577 -0.08891836937615757 0.032595196492974626 0.025703819096542676 -0.008804532258249939 -0.09947505962954417 -0.02141084611394057
2 0 0.043199555013689245
2 1 0.027878678728432447
2 2 0.06330891763628715
2 3 -0.02256439133567967
2 4 0.08774548141244692
2 5 -0.1001477202915426
2 6 -0.03724180024704612
2 7 -0.018394092147923355
2 8 0.011812196683733742
2 9 -0.02008170433620352
