8	0	4.952426591238767
8	1	11.643237372311168
8	2	14.275641847668199
8	3	20.212452211888415
8	4	7.257620005754356
8	5	8.983527059965981
8	6	16.59566396354993
8	7	16.784258767134283
9	0	13.668810225706052
9	1	4.345594969276621
9	2	11.643237372311168
9	3	6.650788383792207
9	4	19.605620589926264
9	5	15.988832341587782
9	6	16.177427145172132
9	7	8.376695438003837
10	0	4.345594969276621
10	1	13.668810225706052
10	2	6.650788383792207
10	3	19.605620589926264
10	4	11.643237372311168
10	5	16.177427145172132
11	0	6.650788383792207
11	1	4.345594969276621
11	2	8.983527059965981
11	3	13.668810225706052
11	4	11.643237372311168
11	5	16.59566396354993
11	6	19.605620589926264
11	7	16.177427145172132
12	0	19.605620589926264
12	1	6.650788383792207
12	2	4.345594969276621
12	3	13.668810225706052
12	4	11.643237372311168
12	5	16.177427145172132
12	6	8.376695438003837
12	7	15.988832341587782
13	0	11.643237372311168
13	1	13.668810225706052
13	2	6.650788383792207
13	3	16.177427145172132
13	4	19.605620589926264
13	5	4.345594969276621
13	6	8.376695438003837
13	7	15.988832341587782
14	0	11.643237372311168
14	1	13.668810225706052
14	2	16.177427145172132
14	3	19.605620589926264
14	4	6.650788383792207
14	5	4.345594969276621
14	6	15.988832341587782
14	7	8.376695438003837
15	0	6.650788383792207
15	1	11.643237372311168
15	2	13.668810225706052
15	3	19.605620589926264
15	4	4.345594969276621
15	5	16.177427145172132
15	6	8.376695438003837
15	7	15.988832341587782
16	0	4.345594969276621
16	1	12.250068994273317
16	2	14.275641847668199
16	3	20.212452211888415
16	4	16.784258767134283
16	5	7.257620005754356
17	0	4.345594969276621
17	1	19.605620589926264
17	2	6.650788383792207
17	3	11.643237372311168
17	4	13.668810225706052
17	5	17.153759743778377
17	6	9.541622840194428
17	7	16.177427145172132
18	0	19.605620589926264
18	1	8.376695438003837
18	2	16.177427145172132
18	3	4.345594969276621
18	4	6.650788383792207
18	5	13.668810225706052
18	6	15.988832341587782
18	7	11.643237372311168
19	0	16.177427145172132
19	1	13.668810225706052
19	2	19.605620589926264
19	3	6.650788383792207
19	4	4.345594969276621
19	5	11.643237372311168
19	6	8.376695438003837
19	7	15.988832341587782
20	0	13.668810225706052
20	1	16.177427145172132
20	2	15.988832341587782
20	3	4.345594969276621
20	4	6.650788383792207
20	5	11.643237372311168
20	6	8.376695438003837
20	7	19.605620589926264
21	0	19.605620589926264
21	1	13.668810225706052
21	2	8.376695438003837
21	3	4.345594969276621
21	4	15.988832341587782
21	5	11.643237372311168
21	6	6.650788383792207
21	7	16.177427145172132
22	0	4.345594969276621
22	1	19.605620589926264
22	2	13.668810225706052
22	3	11.643237372311168
22	4	6.650788383792207
22	5	16.177427145172132
22	6	8.376695438003837
22	7	15.988832341587782
23	0	13.668810225706052
23	1	11.643237372311168
23	2	19.605620589926264
23	3	4.345594969276621
23	4	14.02819354694447
23	5	6.650788383792207
24	0	14.02819354694447
24	1	8.983527059965981
24	2	16.59566396354993
24	3	11.643237372311168
24	4	4.345594969276621
24	5	13.668810225706052
24	6	6.650788383792207
24	7	19.605620589926264
25	0	14.02819354694447
25	1	15.988832341587782
25	2	8.376695438003837
25	3	4.345594969276621
25	4	11.643237372311168
25	5	19.605620589926264
25	6	13.668810225706052
25	7	6.650788383792207
26	0	4.952426591238767
26	1	16.59566396354993
26	2	8.983527059965981
26	3	14.635025168906617
26	4	11.643237372311168
26	5	7.257620005754356
26	6	14.275641847668199
26	7	20.212452211888415
27	0	4.345594969276621
27	1	13.668810225706052
27	2	6.650788383792207
27	3	14.02819354694447
27	4	11.643237372311168
27	5	15.988832341587782
27	6	8.376695438003837
27	7	19.605620589926264
28	0	6.650788383792207
28	1	19.605620589926264
28	2	11.643237372311168
28	3	14.02819354694447
28	4	13.668810225706052
28	5	4.345594969276621
28	6	8.376695438003837
28	7	15.988832341587782
29	0	6.650788383792207
29	1	11.643237372311168
29	2	14.02819354694447
29	3	8.376695438003837
29	4	15.988832341587782
29	5	13.668810225706052
29	6	4.345594969276621
29	7	19.605620589926264
30	0	13.668810225706052
30	1	11.643237372311168
30	2	6.650788383792207
30	3	15.988832341587782
30	4	8.376695438003837
30	5	4.345594969276621
30	6	19.605620589926264
30	7	14.02819354694447
31	0	11.643237372311168
31	1	6.650788383792207
31	2	13.668810225706052
31	3	4.345594969276621
31	4	8.376695438003837
31	5	14.02819354694447
31	6	19.605620589926264
31	7	15.988832341587782
32	0	8.376695438003837
32	1	15.988832341587782
32	2	14.02819354694447
32	3	4.345594969276621
32	4	19.605620589926264
32	5	11.643237372311168
32	6	13.668810225706052
32	7	6.650788383792207
33	0	11.643237372311168
33	1	14.02819354694447
33	2	13.668810225706052
33	3	4.345594969276621
33	4	8.376695438003837
33	5	15.988832341587782
33	6	6.650788383792207
33	7	19.605620589926264
34	0	6.650788383792207
34	1	4.345594969276621
34	2	14.02819354694447
34	3	11.643237372311168
34	4	19.605620589926264
34	5	13.668810225706052
34	6	8.376695438003837
34	7	15.988832341587782
35	0	14.02819354694447
35	1	8.376695438003837
35	2	4.345594969276621
35	3	15.988832341587782
35	4	19.605620589926264
35	5	6.650788383792207
35	6	13.668810225706052
35	7	11.643237372311168
36	0	15.988832341587782
36	1	4.345594969276621
36	2	11.643237372311168
36	3	14.02819354694447
36	4	6.650788383792207
36	5	19.605620589926264
36	6	13.668810225706052
37	0	11.643237372311168
37	1	15.988832341587782
37	2	13.668810225706052
37	3	19.605620589926264
37	4	6.650788383792207
37	5	8.983527059965981
37	6	14.02819354694447
37	7	4.345594969276621
38	0	14.635025168906617
38	1	8.376695438003837
38	2	11.643237372311168
38	3	7.257620005754356
38	4	4.952426591238767
38	5	16.59566396354993
38	6	20.212452211888415
38	7	14.275641847668199
39	0	14.275641847668199
39	1	4.952426591238767
39	2	16.59566396354993
39	3	14.635025168906617
39	4	8.376695438003837
39	5	12.250068994273317
39	6	7.257620005754356
39	7	20.212452211888415
40	0	19.605620589926264
40	1	15.988832341587782
40	2	11.643237372311168
40	3	4.345594969276621
40	4	13.668810225706052
40	5	8.376695438003837
40	6	6.650788383792207
40	7	14.02819354694447
41	0	15.988832341587782
41	1	13.668810225706052
41	2	11.643237372311168
41	3	19.605620589926264
41	4	6.650788383792207
41	5	4.345594969276621
41	6	14.02819354694447
41	7	8.376695438003837
42	0	19.605620589926264
42	1	6.650788383792207
42	2	4.345594969276621
42	3	11.643237372311168
42	4	13.668810225706052
42	5	14.02819354694447
42	6	8.376695438003837
42	7	15.988832341587782
43	0	14.833737627896644
43	1	20.77054799211686
43	2	17.153759743778377
43	3	5.510522371467214
43	4	7.8157157859828015
43	5	9.541622840194428
43	6	12.80816477450176
43	7	15.193120949135063
44	0	12.250068994273317
44	1	8.983527059965981
44	2	20.212452211888415
44	3	14.635025168906617
44	4	16.59566396354993
44	5	4.952426591238767
44	6	14.275641847668199
44	7	7.257620005754356
45	0	7.257620005754356
45	1	8.983527059965981
45	2	4.952426591238767
45	3	14.635025168906617
45	4	14.399302592500971
45	5	20.212452211888415
45	6	14.275641847668199
45	7	16.59566396354993
46	0	14.275641847668199
46	1	16.59566396354993
46	2	8.983527059965981
46	3	4.952426591238767
46	4	14.399302592500971
46	5	20.212452211888415
46	6	14.635025168906617
46	7	7.257620005754356
47	0	16.59566396354993
47	1	14.635025168906617
47	2	20.212452211888415
47	3	4.952426591238767
47	4	14.275641847668199
47	5	7.257620005754356
47	6	14.399302592500971
47	7	8.983527059965981
48	0	14.635025168906617
48	1	4.952426591238767
48	2	14.399302592500971
48	3	14.275641847668199
48	4	16.59566396354993
48	5	20.212452211888415
48	6	7.257620005754356
48	7	8.983527059965981
49	0	14.635025168906617
49	1	7.257620005754356
49	2	20.212452211888415
49	3	4.952426591238767
49	4	14.275641847668199
49	5	14.399302592500971
50	0	14.275641847668199
50	1	4.952426591238767
50	2	14.399302592500971
50	3	20.212452211888415
50	4	14.635025168906617
50	5	7.257620005754356
51	0	20.212452211888415
51	1	4.952426591238767
51	2	7.257620005754356
51	3	14.275641847668199
51	4	14.635025168906617
51	5	14.399302592500971
52	0	4.952426591238767
52	1	19.5226031534917
52	2	17.153759743778377
52	3	20.212452211888415
52	4	7.257620005754356
52	5	14.399302592500971
52	6	14.635025168906617
52	7	14.275641847668199
53	0	4.952426591238767
53	1	16.59566396354993
53	2	7.257620005754356
53	3	14.399302592500971
53	4	14.275641847668199
53	5	20.212452211888415
53	6	14.635025168906617
54	0	16.59566396354993
54	1	4.952426591238767
54	2	20.212452211888415
54	3	14.635025168906617
54	4	14.399302592500971
54	5	14.275641847668199
54	6	7.257620005754356
55	0	20.212452211888415
55	1	14.275641847668199
55	2	14.635025168906617
55	3	7.257620005754356
55	4	4.952426591238767
55	5	16.59566396354993
55	6	9.541622840194428
55	7	14.399302592500971
56	0	20.212452211888415
56	1	14.635025168906617
56	2	7.257620005754356
56	3	14.399302592500971
56	4	4.952426591238767
56	5	14.275641847668199
56	6	8.983527059965981
56	7	16.59566396354993
57	0	4.952426591238767
57	1	14.635025168906617
57	2	14.399302592500971
57	3	20.212452211888415
57	4	16.59566396354993
57	5	8.983527059965981
57	6	7.257620005754356
57	7	14.275641847668199
58	0	4.952426591238767
58	1	14.275641847668199
58	2	14.399302592500971
58	3	20.212452211888415
58	4	14.635025168906617
58	5	7.257620005754356
58	6	16.59566396354993
58	7	8.983527059965981
59	0	4.952426591238767
59	1	19.5226031534917
59	2	16.59566396354993
59	3	12.250068994273317
59	4	7.257620005754356
59	5	20.212452211888415
59	6	14.635025168906617
59	7	14.275641847668199
60	0	4.952426591238767
60	1	16.59566396354993
60	2	7.257620005754356
60	3	14.635025168906617
60	4	12.250068994273317
60	5	14.275641847668199
60	6	20.212452211888415
61	0	16.59566396354993
61	1	4.952426591238767
61	2	7.257620005754356
61	3	14.635025168906617
61	4	14.275641847668199
61	5	12.250068994273317
61	6	20.212452211888415
62	0	4.952426591238767
62	1	14.635025168906617
62	2	12.250068994273317
62	3	20.212452211888415
62	4	14.275641847668199
62	5	7.257620005754356
62	6	9.541622840194428
62	7	16.59566396354993
63	0	12.250068994273317
63	1	20.212452211888415
63	2	14.275641847668199
63	3	7.257620005754356
63	4	4.952426591238767
63	5	14.635025168906617
63	6	16.59566396354993
63	7	8.983527059965981
64	0	16.59566396354993
64	1	4.952426591238767
64	2	7.257620005754356
64	3	14.635025168906617
64	4	12.250068994273317
64	5	20.212452211888415
64	6	14.275641847668199
65	0	12.250068994273317
65	1	4.952426591238767
65	2	14.275641847668199
65	3	16.59566396354993
65	4	20.212452211888415
65	5	7.257620005754356
65	6	14.635025168906617
65	7	9.541622840194428
66	0	14.635025168906617
66	1	12.250068994273317
66	2	4.952426591238767
66	3	20.212452211888415
66	4	14.275641847668199
66	5	7.257620005754356
66	6	8.983527059965981
66	7	16.59566396354993
66	8	19.5226031534917
67	0	4.952426591238767
67	1	7.257620005754356
67	2	14.275641847668199
67	3	20.212452211888415
67	4	14.635025168906617
67	5	12.250068994273317
68	0	17.153759743778377
68	1	4.952426591238767
68	2	20.212452211888415
68	3	14.275641847668199
68	4	14.635025168906617
68	5	7.257620005754356
68	6	12.250068994273317
69	0	12.250068994273317
69	1	20.212452211888415
69	2	7.257620005754356
69	3	4.952426591238767
69	4	14.635025168906617
69	5	14.275641847668199
69	6	16.59566396354993
69	7	9.541622840194428
69	8	4.345594969276621
70	0	14.275641847668199
70	1	14.635025168906617
70	2	20.212452211888415
70	3	12.250068994273317
70	4	7.257620005754356
70	5	4.952426591238767
70	6	16.59566396354993
70	7	8.983527059965981
71	0	14.275641847668199
71	1	12.250068994273317
71	2	20.212452211888415
71	3	7.257620005754356
71	4	4.952426591238767
71	5	14.635025168906617
71	6	16.59566396354993
71	7	8.983527059965981
72	0	12.250068994273317
72	1	20.212452211888415
72	2	14.635025168906617
72	3	14.275641847668199
72	4	4.952426591238767
72	5	7.257620005754356
72	6	16.59566396354993
72	7	8.983527059965981
73	0	7.257620005754356
73	1	12.250068994273317
73	2	14.635025168906617
73	3	20.212452211888415
73	4	4.952426591238767
73	5	14.275641847668199
73	6	8.983527059965981
73	7	16.59566396354993
74	0	7.257620005754356
74	1	12.250068994273317
74	2	14.635025168906617
74	3	14.275641847668199
74	4	20.212452211888415
74	5	4.952426591238767
74	6	8.983527059965981
74	7	16.59566396354993
75	0	14.635025168906617
75	1	16.59566396354993
75	2	12.250068994273317
75	3	4.952426591238767
75	4	14.275641847668199
75	5	20.212452211888415
75	6	7.339918852829291
75	7	8.983527059965981
76	0	16.59566396354993
76	1	12.250068994273317
76	2	14.635025168906617
76	3	4.952426591238767
76	4	14.275641847668199
76	5	20.212452211888415
76	6	8.983527059965981
76	7	7.339918852829291
77	0	14.635025168906617
77	1	7.339918852829291
77	2	12.250068994273317
77	3	20.212452211888415
77	4	14.275641847668199
77	5	16.59566396354993
77	6	8.983527059965981
77	7	4.952426591238767
78	0	14.635025168906617
78	1	8.983527059965981
78	2	20.212452211888415
78	3	16.59566396354993
78	4	4.952426591238767
78	5	12.250068994273317
78	6	14.275641847668199
78	7	7.339918852829291
79	0	7.339918852829291
79	1	8.983527059965981
79	2	4.952426591238767
79	3	16.59566396354993
79	4	12.250068994273317
79	5	14.635025168906617
79	6	20.212452211888415
79	7	14.275641847668199
80	0	7.339918852829291
80	1	8.983527059965981
80	2	14.635025168906617
80	3	12.250068994273317
80	4	4.952426591238767
80	5	20.212452211888415
80	6	16.59566396354993
80	7	14.275641847668199
81	0	14.635025168906617
81	1	12.250068994273317
81	2	7.339918852829291
81	3	20.212452211888415
81	4	4.952426591238767
81	5	8.983527059965981
81	6	16.59566396354993
81	7	14.275641847668199
82	0	14.275641847668199
82	1	14.635025168906617
82	2	12.250068994273317
82	3	7.339918852829291
82	4	4.952426591238767
82	5	20.212452211888415
82	6	8.983527059965981
82	7	16.59566396354993
83	0	14.275641847668199
83	1	4.345594969276621
83	2	7.339918852829291
83	3	4.952426591238767
83	4	20.212452211888415
83	5	14.635025168906617
83	6	16.59566396354993
83	7	8.983527059965981
83	8	12.250068994273317
84	0	4.952426591238767
84	1	7.339918852829291
84	2	12.250068994273317
84	3	4.952426591238767
84	4	14.275641847668199
84	5	14.635025168906617
84	6	20.212452211888415
84	7	16.59566396354993
84	8	8.983527059965981
85	0	7.339918852829291
85	1	12.250068994273317
85	2	14.275641847668199
85	3	8.983527059965981
85	4	4.952426591238767
85	5	20.212452211888415
85	6	4.952426591238767
85	7	14.635025168906617
85	8	16.59566396354993
86	0	8.983527059965981
86	1	14.635025168906617
86	2	7.339918852829291
86	3	12.250068994273317
86	4	4.952426591238767
86	5	4.952426591238767
86	6	20.212452211888415
86	7	16.59566396354993
86	8	14.275641847668199
87	0	16.59566396354993
87	1	7.339918852829291
87	2	4.952426591238767
87	3	14.275641847668199
87	4	14.635025168906617
87	5	8.983527059965981
87	6	12.250068994273317
87	7	20.212452211888415
87	8	4.952426591238767
88	0	4.345594969276621
88	1	4.952426591238767
88	2	20.212452211888415
88	3	12.250068994273317
88	4	14.635025168906617
88	5	14.275641847668199
88	6	7.339918852829291
88	7	8.983527059965981
89	0	4.952426591238767
89	1	17.153759743778377
89	2	12.250068994273317
89	3	14.275641847668199
89	4	20.212452211888415
89	5	7.339918852829291
89	6	14.635025168906617
90	0	12.250068994273317
90	1	4.952426591238767
90	2	14.635025168906617
90	3	7.339918852829291
90	4	11.706887367508903
90	5	14.275641847668199
90	6	20.212452211888415
91	0	4.952426591238767
91	1	12.313718989471049
91	2	7.339918852829291
91	3	14.275641847668199
91	4	9.541622840194428
91	5	14.635025168906617
91	6	12.250068994273317
91	7	5.510522371467214
91	8	17.153759743778377
91	9	20.212452211888415
92	0	7.339918852829291
92	1	14.635025168906617
92	2	4.952426591238767
92	3	14.275641847668199
92	4	20.212452211888415
92	5	12.250068994273317
92	6	12.313718989471049
92	7	16.59566396354993
92	8	4.952426591238767
92	9	8.983527059965981
93	0	12.250068994273317
93	1	16.59566396354993
93	2	19.5226031534917
93	3	7.339918852829291
93	4	8.983527059965981
93	5	20.212452211888415
93	6	14.635025168906617
93	7	4.952426591238767
93	8	12.313718989471049
93	9	14.275641847668199
93	10	4.952426591238767
94	0	9.867236159444092
94	1	16.59566396354993
94	2	8.983527059965981
94	3	14.635025168906617
94	4	12.250068994273317
94	5	12.313718989471049
94	6	14.275641847668199
94	7	20.212452211888415
94	8	4.952426591238767
94	9	4.952426591238767
95	0	9.867236159444092
95	1	14.275641847668199
95	2	12.313718989471049
95	3	4.952426591238767
95	4	12.250068994273317
95	5	14.635025168906617
95	6	20.212452211888415
96	0	9.867236159444092
96	1	4.952426591238767
96	2	12.250068994273317
96	3	12.313718989471049
96	4	14.635025168906617
96	5	14.275641847668199
96	6	20.212452211888415
97	0	4.952426591238767
97	1	14.275641847668199
97	2	9.867236159444092
97	3	14.635025168906617
97	4	12.250068994273317
97	5	17.153759743778377
97	6	12.313718989471049
97	7	20.212452211888415
97	8	9.541622840194428
97	9	5.510522371467214
98	0	14.635025168906617
98	1	20.212452211888415
98	2	14.275641847668199
98	3	9.867236159444092
98	4	12.313718989471049
98	5	4.952426591238767
98	6	8.983527059965981
98	7	16.59566396354993
98	8	4.952426591238767
98	9	12.250068994273317
99	0	19.5226031534917
99	1	16.59566396354993
99	2	12.250068994273317
99	3	9.867236159444092
99	4	8.983527059965981
99	5	14.635025168906617
99	6	14.275641847668199
99	7	20.212452211888415
99	8	4.952426591238767
99	9	12.313718989471049
99	10	4.952426591238767
100	0	9.867236159444092
100	1	8.983527059965981
100	2	18.964507373263256
100	3	12.250068994273317
100	4	16.59566396354993
100	5	4.952426591238767
100	6	14.635025168906617
100	7	4.952426591238767
100	8	12.313718989471049
100	9	14.275641847668199
100	10	20.212452211888415
101	0	9.867236159444092
101	1	12.250068994273317
101	2	16.59566396354993
101	3	8.983527059965981
101	4	18.964507373263256
101	5	4.952426591238767
101	6	14.275641847668199
101	7	4.952426591238767
101	8	20.212452211888415
101	9	12.313718989471049
101	10	14.635025168906617
102	0	14.275641847668199
102	1	16.59566396354993
102	2	4.952426591238767
102	3	8.983527059965981
102	4	14.635025168906617
102	5	20.212452211888415
102	6	9.867236159444092
102	7	12.313718989471049
102	8	4.952426591238767
102	9	12.250068994273317
103	0	14.275641847668199
103	1	14.635025168906617
103	2	4.952426591238767
103	3	16.59566396354993
103	4	20.212452211888415
103	5	4.952426591238767
103	6	9.867236159444092
103	7	12.250068994273317
103	8	8.983527059965981
103	9	12.313718989471049
104	0	4.952426591238767
104	1	14.275641847668199
104	2	16.59566396354993
104	3	9.867236159444092
104	4	8.983527059965981
104	5	12.313718989471049
104	6	12.250068994273317
104	7	14.635025168906617
104	8	4.952426591238767
104	9	20.212452211888415
105	0	4.952426591238767
105	1	4.952426591238767
105	2	8.983527059965981
105	3	20.212452211888415
105	4	12.250068994273317
105	5	14.635025168906617
105	6	14.275641847668199
105	7	16.59566396354993
105	8	9.867236159444092
105	9	12.313718989471049
106	0	4.952426591238767
106	1	14.635025168906617
106	2	14.275641847668199
106	3	16.59566396354993
106	4	9.867236159444092
106	5	20.212452211888415
106	6	12.313718989471049
106	7	4.952426591238767
106	8	12.250068994273317
106	9	11.691530302163695
107	0	11.691530302163695
107	1	4.952426591238767
107	2	4.952426591238767
107	3	12.250068994273317
107	4	14.635025168906617
107	5	20.212452211888415
107	6	9.867236159444092
107	7	12.313718989471049
107	8	14.275641847668199
107	9	16.59566396354993
108	0	11.691530302163695
108	1	16.59566396354993
108	2	4.952426591238767
108	3	9.867236159444092
108	4	4.952426591238767
108	5	14.275641847668199
108	6	12.250068994273317
108	7	11.706887367508903
108	8	20.212452211888415
108	9	2.609616153689738
108	10	14.635025168906617
109	0	3.2164477756518863
109	1	20.212452211888415
109	2	4.952426591238767
109	3	14.275641847668199
109	4	11.691530302163695
109	5	16.59566396354993
109	6	12.250068994273317
109	7	14.635025168906617
109	8	9.867236159444092
109	9	4.952426591238767
109	10	12.313718989471049
110	0	5.510522371467214
110	1	10.425331939672539
110	2	7.562042744928507
110	3	12.80816477450176
110	4	15.193120949135063
110	5	20.77054799211686
110	6	14.833737627896644
110	7	12.313718989471049
110	8	5.510522371467214
110	9	17.153759743778377
110	10	5.510522371467214
110	11	11.691530302163695
110	12	19.5226031534917
111	0	14.635025168906617
111	1	9.867236159444092
111	2	4.952426591238767
111	3	20.212452211888415
111	4	12.313718989471049
111	5	7.562042744928507
111	6	16.59566396354993
111	7	4.952426591238767
111	8	14.275641847668199
111	9	12.250068994273317
111	10	11.691530302163695
112	0	11.691530302163695
112	1	12.250068994273317
112	2	12.313718989471049
112	3	14.635025168906617
112	4	7.562042744928507
112	5	16.59566396354993
112	6	14.275641847668199
112	7	9.867236159444092
112	8	4.952426591238767
112	9	20.212452211888415
112	10	4.952426591238767
113	0	14.275641847668199
113	1	12.313718989471049
113	2	20.212452211888415
113	3	4.952426591238767
113	4	9.867236159444092
113	5	12.250068994273317
113	6	14.635025168906617
113	7	4.952426591238767
113	8	16.59566396354993
113	9	11.691530302163695
113	10	7.562042744928507
114	0	12.313718989471049
114	1	14.275641847668199
114	2	20.212452211888415
114	3	4.952426591238767
114	4	9.867236159444092
114	5	12.250068994273317
114	6	14.635025168906617
114	7	16.59566396354993
114	8	4.952426591238767
114	9	7.562042744928507
114	10	11.691530302163695
115	0	9.867236159444092
115	1	7.562042744928507
115	2	12.250068994273317
115	3	14.635025168906617
115	4	20.212452211888415
115	5	12.313718989471049
115	6	4.952426591238767
115	7	11.691530302163695
115	8	4.952426591238767
115	9	16.59566396354993
115	10	14.275641847668199
116	0	4.952426591238767
116	1	19.5226031534917
116	2	16.59566396354993
116	3	14.275641847668199
116	4	12.313718989471049
116	5	9.867236159444092
116	6	12.250068994273317
116	7	20.212452211888415
116	8	14.635025168906617
117	0	12.24962608239214
117	1	12.250068994273317
117	2	14.635025168906617
117	3	8.120138525156952
117	4	9.867236159444092
117	5	4.952426591238767
117	6	12.313718989471049
117	7	5.510522371467214
117	8	20.212452211888415
117	9	16.59566396354993
117	10	14.275641847668199
118	0	20.212452211888415
118	1	14.275641847668199
118	2	4.952426591238767
118	3	7.562042744928507
118	4	16.59566396354993
118	5	11.691530302163695
118	6	12.250068994273317
118	7	14.635025168906617
118	8	12.313718989471049
118	9	9.867236159444092
118	10	4.952426591238767
119	0	14.635025168906617
119	1	7.562042744928507
119	2	12.250068994273317
119	3	9.867236159444092
119	4	11.691530302163695
119	5	4.952426591238767
119	6	20.212452211888415
119	7	16.59566396354993
119	8	4.952426591238767
119	9	14.275641847668199
119	10	12.313718989471049
120	0	16.59566396354993
120	1	12.250068994273317
120	2	4.952426591238767
120	3	11.691530302163695
120	4	9.867236159444092
120	5	20.212452211888415
120	6	7.562042744928507
120	7	14.275641847668199
120	8	14.635025168906617
120	9	4.952426591238767
120	10	12.313718989471049
121	0	12.313718989471049
121	1	4.952426591238767
121	2	16.59566396354993
121	3	7.562042744928507
121	4	14.275641847668199
121	5	20.212452211888415
121	6	4.952426591238767
121	7	9.867236159444092
121	8	11.691530302163695
121	9	12.250068994273317
121	10	14.635025168906617
122	0	7.562042744928507
122	1	4.952426591238767
122	2	12.250068994273317
122	3	11.691530302163695
122	4	12.313718989471049
122	5	20.212452211888415
122	6	4.952426591238767
122	7	14.635025168906617
122	8	16.59566396354993
122	9	9.867236159444092
122	10	14.275641847668199
123	0	12.250068994273317
123	1	14.275641847668199
123	2	4.952426591238767
123	3	11.691530302163695
123	4	7.562042744928507
123	5	4.952426591238767
123	6	16.59566396354993
123	7	20.212452211888415
123	8	9.867236159444092
123	9	12.313718989471049
123	10	14.635025168906617
124	0	12.313718989471049
124	1	7.562042744928507
124	2	14.635025168906617
124	3	14.275641847668199
124	4	12.250068994273317
124	5	9.867236159444092
124	6	20.212452211888415
124	7	4.952426591238767
124	8	16.59566396354993
124	9	11.691530302163695
124	10	4.952426591238767
125	0	12.250068994273317
125	1	12.313718989471049
125	2	14.275641847668199
125	3	9.867236159444092
125	4	4.952426591238767
125	5	16.59566396354993
125	6	4.952426591238767
125	7	11.691530302163695
125	8	7.562042744928507
125	9	20.212452211888415
125	10	14.635025168906617
126	0	11.691530302163695
126	1	16.59566396354993
126	2	12.313718989471049
126	3	4.952426591238767
126	4	12.250068994273317
126	5	14.635025168906617
126	6	7.562042744928507
126	7	9.867236159444092
126	8	4.952426591238767
126	9	14.275641847668199
126	10	20.212452211888415
127	0	14.275641847668199
127	1	9.867236159444092
127	2	20.212452211888415
127	3	4.952426591238767
127	4	14.635025168906617
127	5	12.313718989471049
127	6	12.250068994273317
127	7	16.59566396354993
127	8	7.562042744928507
127	9	11.691530302163695
127	10	4.952426591238767
128	0	20.212452211888415
128	1	16.59566396354993
128	2	4.952426591238767
128	3	12.313718989471049
128	4	14.635025168906617
128	5	12.250068994273317
128	6	14.275641847668199
128	7	9.867236159444092
128	8	11.691530302163695
128	9	4.952426591238767
128	10	7.562042744928507
129	0	16.59566396354993
129	1	12.250068994273317
129	2	20.212452211888415
129	3	4.952426591238767
129	4	4.952426591238767
129	5	11.691530302163695
129	6	7.562042744928507
129	7	9.867236159444092
129	8	14.635025168906617
129	9	14.275641847668199
129	10	12.313718989471049
130	0	16.59566396354993
130	1	4.952426591238767
130	2	11.691530302163695
130	3	4.952426591238767
130	4	7.562042744928507
130	5	14.275641847668199
130	6	9.867236159444092
130	7	12.313718989471049
130	8	14.635025168906617
130	9	12.250068994273317
130	10	20.212452211888415
131	0	14.275641847668199
131	1	14.635025168906617
131	2	7.562042744928507
131	3	12.250068994273317
131	4	9.867236159444092
131	5	4.952426591238767
131	6	12.313718989471049
131	7	11.691530302163695
131	8	4.952426591238767
131	9	16.59566396354993
132	0	12.250068994273317
132	1	4.952426591238767
132	2	7.562042744928507
132	3	14.275641847668199
132	4	14.635025168906617
132	5	9.867236159444092
132	6	11.691530302163695
132	7	12.313718989471049
132	8	4.952426591238767
132	9	16.59566396354993
132	10	18.489386246296544
133	0	16.59566396354993
133	1	7.562042744928507
133	2	11.691530302163695
133	3	4.952426591238767
133	4	14.635025168906617
133	5	14.275641847668199
133	6	9.867236159444092
133	7	12.313718989471049
133	8	4.952426591238767
133	9	12.250068994273317
134	0	11.691530302163695
134	1	4.952426591238767
134	2	12.313718989471049
134	3	16.59566396354993
134	4	4.952426591238767
134	5	14.275641847668199
134	6	9.867236159444092
134	7	12.250068994273317
134	8	7.562042744928507
134	9	14.635025168906617
135	0	4.952426591238767
135	1	12.313718989471049
135	2	7.562042744928507
135	3	12.250068994273317
135	4	4.952426591238767
135	5	16.59566396354993
135	6	14.275641847668199
135	7	14.635025168906617
135	8	9.867236159444092
135	9	11.691530302163695
136	0	14.635025168906617
136	1	9.867236159444092
136	2	9.867236159444092
136	3	14.275641847668199
136	4	4.952426591238767
136	5	12.313718989471049
136	6	4.952426591238767
136	7	7.562042744928507
136	8	16.59566396354993
136	9	11.691530302163695
137	0	12.313718989471049
137	1	9.867236159444092
137	2	9.867236159444092
137	3	14.275641847668199
137	4	4.952426591238767
137	5	14.635025168906617
137	6	7.562042744928507
137	7	11.691530302163695
137	8	16.59566396354993
137	9	4.952426591238767
138	0	14.635025168906617
138	1	12.313718989471049
138	2	9.867236159444092
138	3	9.867236159444092
138	4	14.275641847668199
138	5	4.952426591238767
138	6	4.952426591238767
138	7	16.59566396354993
138	8	7.562042744928507
138	9	11.691530302163695
139	0	9.867236159444092
139	1	4.952426591238767
139	2	14.275641847668199
139	3	14.635025168906617
139	4	9.867236159444092
139	5	12.313718989471049
139	6	11.691530302163695
139	7	7.562042744928507
139	8	4.952426591238767
139	9	16.59566396354993
140	0	9.867236159444092
140	1	14.635025168906617
140	2	9.867236159444092
140	3	4.952426591238767
140	4	14.275641847668199
140	5	12.313718989471049
140	6	7.562042744928507
140	7	11.691530302163695
140	8	16.59566396354993
140	9	4.952426591238767
141	0	4.952426591238767
141	1	11.691530302163695
141	2	12.313718989471049
141	3	9.867236159444092
141	4	14.635025168906617
141	5	16.59566396354993
141	6	14.275641847668199
141	7	9.867236159444092
141	8	7.562042744928507
141	9	4.952426591238767
142	0	7.562042744928507
142	1	11.691530302163695
142	2	12.313718989471049
142	3	9.867236159444092
142	4	16.59566396354993
142	5	9.867236159444092
142	6	4.952426591238767
142	7	14.275641847668199
142	8	4.952426591238767
142	9	14.635025168906617
143	0	7.562042744928507
143	1	4.952426591238767
143	2	14.635025168906617
143	3	4.952426591238767
143	4	9.867236159444092
143	5	11.691530302163695
143	6	16.59566396354993
143	7	12.313718989471049
143	8	9.867236159444092
143	9	14.275641847668199
144	0	9.867236159444092
144	1	4.952426591238767
144	2	14.275641847668199
144	3	9.867236159444092
144	4	12.313718989471049
144	5	14.635025168906617
144	6	7.562042744928507
144	7	4.952426591238767
144	8	16.59566396354993
144	9	11.691530302163695
145	0	14.275641847668199
145	1	9.867236159444092
145	2	14.635025168906617
145	3	4.952426591238767
145	4	12.313718989471049
145	5	9.867236159444092
145	6	7.562042744928507
145	7	11.691530302163695
145	8	4.952426591238767
145	9	16.59566396354993
146	0	14.635025168906617
146	1	14.275641847668199
146	2	9.867236159444092
146	3	12.313718989471049
146	4	4.952426591238767
146	5	9.867236159444092
146	6	7.562042744928507
146	7	11.691530302163695
146	8	4.952426591238767
146	9	16.59566396354993
147	0	14.833737627896644
147	1	17.153759743778377
147	2	7.339918852829291
147	3	10.425331939672539
147	4	5.510522371467214
147	5	8.120138525156952
147	6	12.24962608239214
147	7	12.871814769699492
147	8	5.510522371467214
147	9	15.193120949135063
148	0	7.339918852829291
148	1	12.313718989471049
148	2	14.275641847668199
148	3	4.952426591238767
148	4	14.635025168906617
148	5	9.867236159444092
148	6	4.952426591238767
148	7	16.59566396354993
148	8	7.562042744928507
148	9	11.691530302163695
149	0	14.275641847668199
149	1	7.339918852829291
149	2	9.867236159444092
149	3	4.952426591238767
149	4	12.313718989471049
149	5	14.635025168906617
149	6	11.691530302163695
149	7	4.952426591238767
149	8	16.59566396354993
149	9	7.562042744928507
150	0	14.275641847668199
150	1	12.313718989471049
150	2	14.635025168906617
150	3	4.952426591238767
150	4	7.339918852829291
150	5	9.867236159444092
150	6	11.691530302163695
150	7	4.952426591238767
150	8	16.59566396354993
150	9	7.562042744928507
151	0	11.691530302163695
151	1	12.313718989471049
151	2	9.867236159444092
151	3	4.952426591238767
151	4	16.59566396354993
151	5	7.562042744928507
151	6	14.635025168906617
151	7	4.952426591238767
151	8	7.339918852829291
151	9	14.275641847668199
152	0	7.339918852829291
152	1	14.635025168906617
152	2	14.275641847668199
152	3	4.952426591238767
152	4	12.313718989471049
152	5	9.867236159444092
152	6	16.59566396354993
152	7	7.562042744928507
152	8	11.691530302163695
152	9	4.952426591238767
153	0	5.510522371467214
153	1	9.867236159444092
153	2	7.339918852829291
153	3	14.635025168906617
153	4	7.562042744928507
153	5	14.275641847668199
153	6	12.313718989471049
153	7	4.952426591238767
154	0	7.339918852829291
154	1	12.313718989471049
154	2	14.275641847668199
154	3	14.635025168906617
154	4	9.867236159444092
154	5	4.952426591238767
154	6	17.153759743778377
154	7	5.510522371467214
154	8	12.24962608239214
154	9	7.562042744928507
155	0	14.275641847668199
155	1	9.867236159444092
155	2	4.952426591238767
155	3	6.95521112296636
155	4	7.339918852829291
155	5	11.691530302163695
155	6	11.706887367508903
155	7	16.59566396354993
155	8	6.95521112296636
155	9	14.635025168906617
155	10	4.952426591238767
156	0	14.635025168906617
156	1	4.952426591238767
156	2	7.562042744928507
156	3	14.275641847668199
156	4	9.867236159444092
156	5	7.339918852829291
156	6	12.313718989471049
156	7	4.952426591238767
156	8	7.562042744928507
156	9	11.691530302163695
156	10	16.59566396354993
157	0	7.562042744928507
157	1	4.952426591238767
157	2	14.275641847668199
157	3	7.562042744928507
157	4	7.339918852829291
157	5	6.571984957241048
157	6	4.952426591238767
157	7	12.313718989471049
157	8	11.691530302163695
157	9	9.867236159444092
157	10	16.59566396354993
157	11	14.635025168906617
158	0	7.339918852829291
158	1	12.313718989471049
158	2	4.952426591238767
158	3	16.59566396354993
158	4	7.178816579203195
158	5	11.691530302163695
158	6	9.867236159444092
158	7	14.275641847668199
158	8	7.562042744928507
158	9	4.952426591238767
158	10	7.562042744928507
158	11	14.635025168906617
159	0	4.952426591238767
159	1	7.562042744928507
159	2	9.867236159444092
159	3	7.562042744928507
159	4	7.178816579203195
159	5	11.691530302163695
159	6	4.952426591238767
159	7	7.339918852829291
159	8	12.313718989471049
159	9	14.275641847668199
159	10	16.59566396354993
159	11	14.635025168906617
160	0	12.313718989471049
160	1	16.59566396354993
160	2	7.339918852829291
160	3	7.562042744928507
160	4	14.635025168906617
160	5	11.691530302163695
160	6	4.952426591238767
160	7	4.952426591238767
160	8	7.562042744928507
160	9	9.867236159444092
160	10	7.178816579203195
160	11	14.275641847668199
161	0	16.59566396354993
161	1	4.952426591238767
161	2	11.691530302163695
161	3	14.635025168906617
161	4	7.562042744928507
161	5	7.562042744928507
161	6	9.867236159444092
161	7	14.275641847668199
161	8	9.867236159444092
161	9	12.313718989471049
161	10	7.178816579203195
161	11	4.952426591238767
162	0	9.867236159444092
162	1	14.275641847668199
162	2	12.313718989471049
162	3	7.562042744928507
162	4	14.635025168906617
162	5	4.952426591238767
162	6	9.867236159444092
162	7	4.952426591238767
162	8	7.178816579203195
162	9	16.59566396354993
162	10	7.562042744928507
162	11	14.301146455853434
163	0	14.301146455853434
163	1	4.952426591238767
163	2	14.635025168906617
163	3	7.562042744928507
163	4	9.867236159444092
163	5	9.867236159444092
163	6	4.952426591238767
163	7	7.178816579203195
163	8	7.562042744928507
163	9	16.59566396354993
163	10	14.275641847668199
163	11	12.313718989471049
164	0	14.275641847668199
164	1	12.313718989471049
164	2	7.562042744928507
164	3	14.635025168906617
164	4	9.867236159444092
164	5	4.952426591238767
164	6	9.867236159444092
164	7	4.952426591238767
164	8	7.178816579203195
164	9	16.59566396354993
164	10	14.301146455853434
164	11	7.562042744928507
165	0	9.867236159444092
165	1	10.134614090318852
165	2	14.301146455853434
165	3	9.867236159444092
165	4	4.952426591238767
165	5	11.524411548479815
165	6	4.952426591238767
165	7	14.275641847668199
165	8	12.313718989471049
165	9	7.562042744928507
165	10	14.635025168906617
165	11	16.59566396354993
165	12	7.562042744928507
166	0	12.313718989471049
166	1	14.635025168906617
166	2	4.952426591238767
166	3	10.134614090318852
166	4	9.867236159444092
166	5	7.562042744928507
166	6	9.867236159444092
166	7	14.275641847668199
166	8	7.562042744928507
166	9	4.952426591238767
166	10	14.301146455853434
166	11	11.524411548479815
166	12	16.59566396354993
167	0	12.313718989471049
167	1	4.952426591238767
167	2	14.301146455853434
167	3	4.952426591238767
167	4	14.275641847668199
167	5	16.59566396354993
167	6	7.562042744928507
167	7	9.867236159444092
167	8	7.562042744928507
167	9	14.635025168906617
167	10	11.524411548479815
167	11	10.134614090318852
167	12	9.867236159444092
168	0	5.510522371467214
168	1	14.635025168906617
168	2	7.562042744928507
168	3	9.867236159444092
168	4	11.524411548479815
168	5	9.867236159444092
168	6	12.079280476619243
168	7	7.562042744928507
168	8	10.134614090318852
168	9	12.313718989471049
168	10	4.952426591238767
168	11	14.111407945292312
168	12	4.952426591238767
168	13	16.59566396354993
168	14	16.293024875247585
168	15	5.510522371467214
169	0	12.079280476619243
169	1	9.867236159444092
169	2	14.635025168906617
169	3	12.313718989471049
169	4	4.952426591238767
169	5	7.562042744928507
169	6	9.867236159444092
169	7	10.134614090318852
169	8	14.111407945292312
169	9	16.59566396354993
169	10	11.524411548479815
169	11	7.562042744928507
169	12	4.952426591238767
170	0	7.562042744928507
170	1	9.867236159444092
170	2	11.524411548479815
170	3	12.079280476619243
170	4	12.313718989471049
170	5	4.952426591238767
170	6	7.562042744928507
170	7	14.635025168906617
170	8	4.952426591238767
170	9	10.134614090318852
170	10	16.59566396354993
170	11	9.867236159444092
170	12	14.111407945292312
171	0	12.313718989471049
171	1	10.134614090318852
171	2	9.867236159444092
171	3	14.635025168906617
171	4	4.952426591238767
171	5	12.079280476619243
171	6	9.867236159444092
171	7	7.562042744928507
171	8	14.111407945292312
171	9	4.952426591238767
171	10	7.562042744928507
171	11	16.59566396354993
171	12	11.524411548479815
172	0	14.635025168906617
172	1	4.952426591238767
172	2	9.867236159444092
172	3	16.59566396354993
172	4	9.867236159444092
172	5	11.524411548479815
172	6	7.562042744928507
172	7	10.134614090318852
172	8	7.562042744928507
172	9	12.313718989471049
172	10	12.079280476619243
172	11	4.952426591238767
172	12	14.111407945292312
173	0	14.635025168906617
173	1	7.562042744928507
173	2	12.313718989471049
173	3	4.952426591238767
173	4	4.952426591238767
173	5	14.111407945292312
173	6	12.079280476619243
173	7	9.867236159444092
173	8	16.59566396354993
173	9	7.562042744928507
173	10	10.134614090318852
173	11	9.867236159444092
173	12	11.524411548479815
174	0	12.079280476619243
174	1	11.524411548479815
174	2	7.562042744928507
174	3	4.952426591238767
174	4	14.111407945292312
174	5	4.952426591238767
174	6	9.867236159444092
174	7	16.59566396354993
174	8	9.867236159444092
174	9	7.562042744928507
174	10	10.134614090318852
174	11	12.313718989471049
174	12	14.635025168906617
175	0	7.562042744928507
175	1	14.635025168906617
175	2	9.867236159444092
175	3	11.524411548479815
175	4	9.867236159444092
175	5	12.079280476619243
175	6	12.313718989471049
175	7	10.134614090318852
175	8	4.952426591238767
175	9	4.952426591238767
175	10	16.59566396354993
175	11	7.562042744928507
175	12	14.111407945292312
176	0	7.562042744928507
176	1	11.524411548479815
176	2	14.111407945292312
176	3	7.562042744928507
176	4	10.134614090318852
176	5	14.635025168906617
176	6	12.079280476619243
176	7	4.952426591238767
176	8	9.867236159444092
176	9	9.867236159444092
176	10	16.59566396354993
176	11	12.313718989471049
176	12	4.952426591238767
177	0	10.134614090318852
177	1	9.867236159444092
177	2	7.562042744928507
177	3	4.952426591238767
177	4	11.524411548479815
177	5	12.079280476619243
177	6	9.867236159444092
177	7	12.313718989471049
177	8	14.635025168906617
177	9	7.562042744928507
177	10	14.111407945292312
177	11	4.952426591238767
177	12	16.59566396354993
178	0	10.134614090318852
178	1	14.111407945292312
178	2	4.952426591238767
178	3	11.524411548479815
178	4	7.562042744928507
178	5	4.952426591238767
178	6	9.867236159444092
178	7	7.562042744928507
178	8	9.867236159444092
178	9	14.635025168906617
178	10	12.079280476619243
178	11	12.313718989471049
178	12	16.59566396354993
179	0	12.313718989471049
179	1	9.867236159444092
179	2	14.111407945292312
179	3	11.524411548479815
179	4	10.134614090318852
179	5	4.952426591238767
179	6	7.562042744928507
179	7	4.952426591238767
179	8	9.867236159444092
179	9	16.59566396354993
179	10	12.079280476619243
179	11	14.635025168906617
179	12	7.562042744928507
180	0	7.562042744928507
180	1	9.867236159444092
180	2	12.313718989471049
180	3	14.111407945292312
180	4	4.952426591238767
180	5	16.59566396354993
180	6	7.562042744928507
180	7	4.952426591238767
180	8	9.867236159444092
180	9	12.079280476619243
180	10	14.635025168906617
180	11	11.524411548479815
180	12	10.134614090318852
181	0	4.952426591238767
181	1	9.867236159444092
181	2	14.111407945292312
181	3	16.59566396354993
181	4	7.562042744928507
181	5	10.134614090318852
181	6	4.952426591238767
181	7	9.867236159444092
181	8	7.562042744928507
181	9	11.524411548479815
181	10	12.079280476619243
181	11	12.313718989471049
181	12	14.635025168906617
182	0	12.313718989471049
182	1	14.635025168906617
182	2	4.952426591238767
182	3	9.867236159444092
182	4	12.079280476619243
182	5	10.134614090318852
182	6	9.867236159444092
182	7	7.562042744928507
182	8	11.524411548479815
182	9	14.111407945292312
182	10	4.952426591238767
182	11	7.562042744928507
182	12	16.59566396354993
183	0	9.867236159444092
183	1	12.313718989471049
183	2	14.635025168906617
183	3	10.134614090318852
183	4	12.079280476619243
183	5	9.867236159444092
183	6	4.952426591238767
183	7	7.562042744928507
183	8	14.111407945292312
183	9	16.59566396354993
183	10	7.562042744928507
183	11	11.524411548479815
183	12	4.952426591238767
184	0	14.635025168906617
184	1	12.313718989471049
184	2	4.952426591238767
184	3	10.134614090318852
184	4	9.867236159444092
184	5	9.867236159444092
184	6	12.079280476619243
184	7	7.562042744928507
184	8	4.952426591238767
184	9	14.111407945292312
184	10	16.59566396354993
184	11	11.524411548479815
184	12	7.562042744928507
185	0	14.635025168906617
185	1	12.313718989471049
185	2	4.952426591238767
185	3	10.134614090318852
185	4	12.079280476619243
185	5	9.867236159444092
185	6	7.562042744928507
185	7	9.867236159444092
185	8	7.562042744928507
185	9	11.524411548479815
185	10	4.952426591238767
185	11	14.111407945292312
185	12	16.59566396354993
186	0	4.952426591238767
186	1	14.111407945292312
186	2	7.562042744928507
186	3	16.59566396354993
186	4	9.867236159444092
186	5	10.134614090318852
186	6	4.952426591238767
186	7	12.313718989471049
186	8	11.524411548479815
186	9	9.867236159444092
186	10	7.562042744928507
186	11	14.635025168906617
186	12	12.079280476619243
187	0	9.867236159444092
187	1	10.134614090318852
187	2	7.562042744928507
187	3	14.635025168906617
187	4	9.867236159444092
187	5	14.111407945292312
187	6	4.952426591238767
187	7	7.562042744928507
187	8	4.952426591238767
187	9	12.313718989471049
187	10	11.524411548479815
187	11	12.079280476619243
187	12	16.59566396354993
188	0	4.952426591238767
188	1	14.111407945292312
188	2	10.134614090318852
188	3	9.867236159444092
188	4	9.867236159444092
188	5	4.952426591238767
188	6	12.313718989471049
188	7	7.562042744928507
188	8	12.079280476619243
188	9	14.635025168906617
188	10	16.59566396354993
188	11	11.524411548479815
188	12	7.562042744928507
189	0	5.510522371467214
189	1	14.635025168906617
189	2	9.867236159444092
189	3	7.562042744928507
189	4	11.524411548479815
189	5	9.867236159444092
189	6	12.079280476619243
189	7	7.562042744928507
189	8	12.313718989471049
189	9	4.952426591238767
189	10	10.134614090318852
190	0	14.635025168906617
190	1	9.867236159444092
190	2	11.524411548479815
190	3	9.867236159444092
190	4	7.562042744928507
190	5	14.669503725520757
190	6	4.952426591238767
190	7	10.134614090318852
190	8	12.079280476619243
190	9	5.510522371467214
190	10	7.562042744928507
190	11	17.153759743778377
190	12	12.313718989471049
191	0	14.635025168906617
191	1	9.867236159444092
191	2	7.562042744928507
191	3	11.524411548479815
191	4	9.867236159444092
191	5	14.111407945292312
191	6	7.562042744928507
191	7	4.952426591238767
191	8	10.134614090318852
191	9	12.079280476619243
191	10	16.59566396354993
191	11	4.952426591238767
191	12	12.313718989471049
192	0	4.952426591238767
192	1	16.59566396354993
192	2	12.313718989471049
192	3	9.867236159444092
192	4	10.134614090318852
192	5	9.867236159444092
192	6	14.635025168906617
192	7	7.562042744928507
192	8	12.079280476619243
193	0	14.635025168906617
193	1	8.120138525156952
193	2	9.867236159444092
193	3	9.867236159444092
193	4	12.08250732870826
193	5	5.510522371467214
193	6	7.562042744928507
193	7	4.952426591238767
193	8	14.669503725520757
193	9	16.59566396354993
193	10	12.079280476619243
193	11	10.134614090318852
193	12	12.313718989471049
194	0	11.524411548479815
194	1	7.562042744928507
194	2	14.635025168906617
194	3	9.867236159444092
194	4	9.867236159444092
194	5	12.313718989471049
194	6	10.134614090318852
194	7	7.562042744928507
194	8	12.079280476619243
194	9	4.952426591238767
194	10	4.952426591238767
194	11	14.111407945292312
194	12	16.59566396354993
195	0	14.111407945292312
195	1	4.952426591238767
195	2	16.59566396354993
195	3	9.867236159444092
195	4	9.867236159444092
195	5	11.524411548479815
195	6	10.134614090318852
195	7	12.313718989471049
195	8	12.079280476619243
195	9	14.635025168906617
195	10	7.562042744928507
195	11	4.952426591238767
195	12	7.562042744928507
196	0	16.59566396354993
196	1	10.134614090318852
196	2	11.524411548479815
196	3	7.562042744928507
196	4	7.562042744928507
196	5	4.952426591238767
196	6	14.635025168906617
196	7	4.952426591238767
196	8	12.313718989471049
196	9	9.867236159444092
196	10	14.111407945292312
196	11	9.867236159444092
196	12	12.079280476619243
197	0	9.867236159444092
197	1	12.079280476619243
197	2	4.952426591238767
197	3	10.134614090318852
197	4	9.867236159444092
197	5	16.59566396354993
197	6	14.635025168906617
197	7	11.524411548479815
197	8	7.562042744928507
197	9	12.313718989471049
197	10	4.952426591238767
197	11	14.111407945292312
197	12	7.562042744928507
198	0	10.134614090318852
198	1	11.524411548479815
198	2	4.952426591238767
198	3	9.867236159444092
198	4	16.59566396354993
198	5	12.079280476619243
198	6	9.867236159444092
198	7	4.952426591238767
198	8	12.313718989471049
198	9	14.635025168906617
198	10	7.562042744928507
198	11	14.111407945292312
198	12	7.562042744928507
199	0	14.635025168906617
199	1	14.111407945292312
199	2	7.562042744928507
199	3	9.867236159444092
199	4	12.313718989471049
199	5	9.867236159444092
199	6	10.134614090318852
199	7	11.524411548479815
199	8	16.59566396354993
199	9	4.952426591238767
199	10	12.079280476619243
199	11	7.562042744928507
199	12	4.952426591238767
200	0	9.867236159444092
200	1	12.079280476619243
200	2	7.562042744928507
200	3	4.952426591238767
200	4	4.952426591238767
200	5	7.562042744928507
200	6	16.59566396354993
200	7	14.111407945292312
200	8	14.635025168906617
200	9	11.524411548479815
200	10	9.867236159444092
200	11	10.134614090318852
200	12	12.313718989471049
201	0	4.952426591238767
201	1	12.313718989471049
201	2	9.867236159444092
201	3	9.867236159444092
201	4	12.079280476619243
201	5	14.635025168906617
201	6	7.562042744928507
201	7	10.134614090318852
201	8	11.524411548479815
201	9	7.562042744928507
201	10	14.111407945292312
201	11	16.59566396354993
201	12	4.952426591238767
202	0	11.524411548479815
202	1	9.867236159444092
202	2	16.59566396354993
202	3	4.952426591238767
202	4	12.313718989471049
202	5	7.562042744928507
202	6	7.562042744928507
202	7	14.111407945292312
202	8	14.635025168906617
202	9	4.952426591238767
202	10	12.079280476619243
202	11	10.134614090318852
202	12	9.867236159444092
203	0	7.562042744928507
203	1	12.313718989471049
203	2	9.867236159444092
203	3	14.635025168906617
203	4	10.134614090318852
203	5	12.079280476619243
203	6	4.952426591238767
203	7	9.867236159444092
203	8	7.562042744928507
203	9	11.524411548479815
203	10	14.111407945292312
203	11	4.952426591238767
203	12	16.59566396354993
204	0	5.510522371467214
204	1	10.692709870547297
204	2	17.153759743778377
204	3	14.111407945292312
204	4	8.120138525156952
204	5	10.425331939672539
204	6	8.120138525156952
204	7	9.867236159444092
204	8	15.193120949135063
204	9	12.871814769699492
204	10	12.637376256847688
204	11	5.510522371467214
204	12	8.120138525156952
205	0	12.079280476619243
205	1	12.313718989471049
205	2	4.952426591238767
205	3	10.134614090318852
205	4	7.562042744928507
205	5	9.867236159444092
205	6	14.635025168906617
205	7	9.867236159444092
205	8	7.562042744928507
205	9	14.111407945292312
205	10	7.562042744928507
205	11	4.952426591238767
205	12	16.59566396354993
206	0	7.562042744928507
206	1	9.867236159444092
206	2	14.635025168906617
206	3	9.867236159444092
206	4	12.079280476619243
206	5	10.134614090318852
206	6	4.952426591238767
206	7	12.313718989471049
206	8	16.59566396354993
206	9	4.952426591238767
206	10	14.111407945292312
206	11	7.562042744928507
206	12	7.562042744928507
207	0	12.079280476619243
207	1	15.668242076101771
207	2	9.867236159444092
207	3	7.562042744928507
207	4	4.952426591238767
207	5	9.867236159444092
207	6	12.313718989471049
207	7	10.134614090318852
207	8	14.111407945292312
207	9	16.59566396354993
207	10	7.562042744928507
207	11	4.952426591238767
207	12	7.562042744928507
208	0	12.079280476619243
208	1	9.867236159444092
208	2	7.562042744928507
208	3	9.867236159444092
208	4	14.635025168906617
208	5	12.313718989471049
208	6	10.134614090318852
208	7	4.952426591238767
208	8	4.952426591238767
208	9	7.562042744928507
208	10	14.111407945292312
208	11	16.59566396354993
208	12	7.562042744928507
209	0	10.134614090318852
209	1	4.952426591238767
209	2	9.867236159444092
209	3	12.313718989471049
209	4	9.867236159444092
209	5	14.635025168906617
209	6	12.079280476619243
209	7	7.562042744928507
209	8	4.952426591238767
209	9	7.562042744928507
209	10	14.111407945292312
209	11	16.59566396354993
209	12	7.562042744928507
210	0	14.635025168906617
210	1	12.313718989471049
210	2	4.952426591238767
210	3	12.079280476619243
210	4	10.134614090318852
210	5	7.562042744928507
210	6	9.867236159444092
210	7	9.867236159444092
210	8	14.111407945292312
210	9	4.952426591238767
210	10	16.59566396354993
210	11	7.562042744928507
210	12	7.562042744928507
211	0	4.952426591238767
211	1	12.313718989471049
211	2	9.867236159444092
211	3	9.867236159444092
211	4	10.134614090318852
211	5	12.079280476619243
211	6	14.635025168906617
211	7	7.562042744928507
212	0	10.134614090318852
212	1	12.313718989471049
212	2	14.635025168906617
212	3	7.562042744928507
212	4	9.867236159444092
212	5	4.952426591238767
212	6	12.079280476619243
212	7	9.867236159444092
212	8	8.120138525156952
212	9	8.120138525156952
212	10	5.510522371467214
212	11	17.153759743778377
212	12	14.669503725520757
213	0	7.562042744928507
213	1	4.952426591238767
213	2	12.313718989471049
213	3	14.635025168906617
213	4	9.867236159444092
213	5	9.867236159444092
213	6	10.134614090318852
213	7	12.079280476619243
213	8	16.59566396354993
213	9	7.562042744928507
213	10	14.111407945292312
213	11	7.562042744928507
213	12	4.952426591238767
214	0	7.562042744928507
214	1	4.952426591238767
214	2	12.313718989471049
214	3	7.562042744928507
214	4	14.635025168906617
214	5	12.079280476619243
214	6	4.952426591238767
214	7	16.59566396354993
214	8	14.111407945292312
214	9	9.867236159444092
214	10	9.867236159444092
214	11	7.562042744928507
214	12	10.134614090318852
215	0	4.952426591238767
215	1	10.134614090318852
215	2	16.59566396354993
215	3	12.313718989471049
215	4	7.562042744928507
215	5	7.562042744928507
215	6	14.635025168906617
215	7	4.952426591238767
215	8	9.867236159444092
215	9	14.301146455853434
215	10	7.562042744928507
215	11	12.079280476619243
215	12	9.867236159444092
216	0	7.562042744928507
216	1	4.952426591238767
216	2	10.134614090318852
216	3	12.313718989471049
216	4	14.301146455853434
216	5	9.867236159444092
216	6	12.079280476619243
216	7	14.635025168906617
216	8	4.952426591238767
216	9	16.59566396354993
216	10	7.562042744928507
216	11	7.562042744928507
216	12	9.867236159444092
217	0	4.952426591238767
217	1	4.952426591238767
217	2	14.301146455853434
217	3	12.079280476619243
217	4	7.562042744928507
217	5	7.562042744928507
217	6	7.562042744928507
217	7	14.635025168906617
217	8	16.59566396354993
217	9	9.867236159444092
217	10	12.313718989471049
217	11	9.867236159444092
217	12	10.134614090318852
218	0	4.952426591238767
218	1	9.867236159444092
218	2	7.562042744928507
218	3	7.562042744928507
218	4	7.562042744928507
218	5	4.952426591238767
218	6	10.134614090318852
218	7	9.867236159444092
218	8	14.635025168906617
218	9	12.313718989471049
218	10	16.59566396354993
218	11	14.301146455853434
218	12	12.079280476619243
219	0	4.952426591238767
219	1	9.867236159444092
219	2	7.562042744928507
219	3	10.134614090318852
219	4	12.313718989471049
219	5	14.301146455853434
219	6	16.59566396354993
219	7	14.635025168906617
219	8	12.079280476619243
219	9	4.952426591238767
219	10	9.867236159444092
219	11	7.562042744928507
219	12	7.562042744928507
220	0	12.313718989471049
220	1	14.635025168906617
220	2	4.952426591238767
220	3	12.079280476619243
220	4	7.562042744928507
220	5	4.952426591238767
220	6	10.134614090318852
220	7	7.562042744928507
220	8	14.301146455853434
220	9	9.867236159444092
220	10	16.59566396354993
220	11	7.562042744928507
220	12	9.867236159444092
221	0	12.079280476619243
221	1	9.867236159444092
221	2	7.562042744928507
221	3	12.313718989471049
221	4	16.59566396354993
221	5	14.301146455853434
221	6	9.867236159444092
221	7	4.952426591238767
221	8	7.562042744928507
221	9	10.134614090318852
221	10	7.562042744928507
221	11	14.635025168906617
221	12	4.952426591238767
222	0	7.562042744928507
222	1	7.562042744928507
222	2	4.952426591238767
222	3	12.079280476619243
222	4	4.952426591238767
222	5	10.134614090318852
222	6	7.562042744928507
222	7	14.301146455853434
222	8	16.59566396354993
222	9	12.313718989471049
222	10	9.867236159444092
222	11	9.867236159444092
222	12	14.635025168906617
223	0	12.079280476619243
223	1	4.952426591238767
223	2	16.59566396354993
223	3	7.562042744928507
223	4	14.635025168906617
223	5	7.562042744928507
223	6	9.867236159444092
223	7	14.301146455853434
223	8	4.952426591238767
223	9	10.134614090318852
223	10	7.562042744928507
223	11	9.867236159444092
223	12	12.313718989471049
224	0	14.635025168906617
224	1	4.952426591238767
224	2	7.562042744928507
224	3	12.079280476619243
224	4	10.134614090318852
224	5	9.867236159444092
224	6	16.59566396354993
224	7	4.952426591238767
224	8	12.313718989471049
224	9	7.562042744928507
224	10	14.301146455853434
224	11	9.867236159444092
224	12	7.562042744928507
225	0	4.952426591238767
225	1	16.59566396354993
225	2	12.313718989471049
225	3	14.301146455853434
225	4	7.562042744928507
225	5	7.562042744928507
225	6	9.867236159444092
225	7	14.635025168906617
225	8	9.867236159444092
225	9	7.562042744928507
225	10	4.952426591238767
225	11	12.079280476619243
225	12	10.134614090318852
226	0	12.313718989471049
226	1	4.952426591238767
226	2	14.301146455853434
226	3	16.59566396354993
226	4	9.867236159444092
226	5	9.867236159444092
226	6	7.562042744928507
226	7	14.635025168906617
226	8	7.562042744928507
226	9	7.562042744928507
226	10	4.952426591238767
226	11	12.079280476619243
226	12	10.134614090318852
227	0	8.120138525156952
227	1	17.153759743778377
227	2	14.301146455853434
227	3	12.637376256847688
227	4	5.510522371467214
227	5	5.510522371467214
227	6	10.425331939672539
227	7	15.193120949135063
227	8	10.692709870547297
227	9	10.425331939672539
227	10	8.120138525156952
227	11	8.120138525156952
227	12	12.871814769699492
228	0	14.635025168906617
228	1	4.952426591238767
228	2	16.59566396354993
228	3	7.562042744928507
228	4	12.079280476619243
228	5	9.867236159444092
228	6	7.562042744928507
228	7	12.313718989471049
228	8	7.562042744928507
228	9	10.134614090318852
228	10	4.952426591238767
228	11	9.867236159444092
228	12	14.301146455853434
229	0	9.867236159444092
229	1	10.134614090318852
229	2	7.562042744928507
229	3	7.562042744928507
229	4	12.079280476619243
229	5	4.952426591238767
229	6	9.867236159444092
229	7	4.952426591238767
229	8	16.59566396354993
229	9	7.562042744928507
229	10	14.301146455853434
229	11	12.313718989471049
229	12	14.635025168906617
230	0	14.301146455853434
230	1	9.867236159444092
230	2	7.562042744928507
230	3	12.079280476619243
230	4	10.134614090318852
230	5	12.313718989471049
230	6	4.952426591238767
230	7	7.562042744928507
230	8	14.635025168906617
230	9	4.952426591238767
230	10	16.59566396354993
230	11	9.867236159444092
230	12	7.562042744928507
231	0	5.510522371467214
231	1	11.567638605470485
231	2	5.510522371467214
231	3	14.85924223608188
231	4	10.425331939672539
231	5	10.425331939672539
231	6	15.193120949135063
231	7	16.293024875247585
231	8	14.626442437163576
231	9	5.510522371467214
231	10	8.120138525156952
231	11	12.871814769699492
231	12	8.120138525156952
231	13	8.120138525156952
231	14	10.692709870547297
231	15	6.95521112296636
231	16	4.952426591238767
232	0	12.125734385698932
232	1	5.510522371467214
232	2	10.134614090318852
232	3	12.871814769699492
232	4	10.425331939672539
232	5	10.425331939672539
232	6	8.120138525156952
232	7	15.193120949135063
232	8	6.95521112296636
232	9	6.95521112296636
232	10	14.85924223608188
232	11	8.120138525156952
232	12	8.120138525156952
232	13	5.510522371467214
232	14	14.626442437163576
233	0	7.562042744928507
233	1	9.867236159444092
233	2	9.867236159444092
233	3	10.134614090318852
233	4	7.562042744928507
233	5	4.952426591238767
233	6	11.567638605470485
233	7	14.068346656935129
233	8	7.562042744928507
233	9	14.301146455853434
233	10	7.562042744928507
233	11	12.313718989471049
233	12	7.562042744928507
233	13	14.635025168906617
233	14	4.952426591238767
234	0	11.567638605470485
234	1	9.867236159444092
234	2	14.635025168906617
234	3	7.562042744928507
234	4	7.562042744928507
234	5	14.068346656935129
234	6	7.562042744928507
234	7	9.867236159444092
234	8	4.952426591238767
234	9	12.313718989471049
234	10	7.562042744928507
234	11	10.134614090318852
234	12	7.562042744928507
234	13	14.301146455853434
234	14	4.952426591238767
235	0	8.120138525156952
235	1	10.425331939672539
235	2	4.952426591238767
235	3	8.120138525156952
235	4	9.867236159444092
235	5	12.871814769699492
235	6	16.22633785633022
235	7	8.120138525156952
235	8	12.125734385698932
235	9	10.692709870547297
236	0	10.134614090318852
236	1	9.867236159444092
236	2	12.313718989471049
236	3	15.668242076101771
236	4	7.562042744928507
236	5	7.562042744928507
236	6	4.952426591238767
236	7	11.567638605470485
236	8	7.562042744928507
236	9	9.867236159444092
237	0	15.668242076101771
237	1	7.562042744928507
237	2	10.134614090318852
237	3	5.510522371467214
237	4	7.562042744928507
237	5	7.562042744928507
237	6	4.952426591238767
237	7	14.85924223608188
237	8	11.567638605470485
237	9	8.120138525156952
237	10	14.626442437163576
237	11	9.867236159444092
237	12	9.867236159444092
237	13	12.313718989471049
237	14	8.120138525156952
238	0	4.952426591238767
238	1	8.120138525156952
238	2	10.692709870547297
238	3	10.425331939672539
238	4	8.120138525156952
238	5	8.120138525156952
238	6	12.871814769699492
238	7	12.125734385698932
238	8	16.3827665974646
238	9	10.425331939672539
239	0	7.562042744928507
239	1	7.562042744928507
239	2	4.952426591238767
239	3	7.562042744928507
239	4	11.567638605470485
239	5	9.867236159444092
239	6	16.3827665974646
239	7	12.313718989471049
239	8	9.867236159444092
239	9	10.134614090318852
240	0	10.574741041705224
240	1	4.952426591238767
240	2	7.562042744928507
240	3	7.562042744928507
240	4	11.567638605470485
240	5	12.313718989471049
240	6	10.134614090318852
240	7	17.1337062385864
240	8	9.867236159444092
240	9	7.562042744928507
240	10	9.867236159444092
241	0	7.562042744928507
241	1	9.867236159444092
241	2	12.313718989471049
241	3	17.1337062385864
241	4	7.562042744928507
241	5	4.952426591238767
241	6	10.134614090318852
241	7	11.567638605470485
241	8	7.562042744928507
241	9	9.867236159444092
241	10	11.18157266366737
241	11	8.120138525156952
241	12	14.85924223608188
241	13	14.626442437163576
241	14	5.510522371467214
241	15	8.120138525156952
242	0	4.952426591238767
242	1	11.567638605470485
242	2	10.134614090318852
242	3	7.562042744928507
242	4	9.867236159444092
242	5	9.867236159444092
242	6	17.1337062385864
242	7	7.562042744928507
242	8	11.18157266366737
242	9	7.562042744928507
242	10	12.313718989471049
243	0	12.313718989471049
243	1	7.562042744928507
243	2	7.562042744928507
243	3	4.952426591238767
243	4	9.867236159444092
243	5	9.867236159444092
243	6	17.1337062385864
243	7	10.134614090318852
243	8	11.18157266366737
243	9	11.567638605470485
243	10	7.562042744928507
244	0	10.960806983508338
244	1	14.85924223608188
244	2	9.260404537481946
244	3	16.526874616624248
244	4	9.527782468356703
244	5	10.574741041705224
245	0	8.120138525156952
245	1	5.510522371467214
245	2	12.871814769699492
245	3	11.567638605470485
245	4	8.120138525156952
245	5	5.510522371467214
245	6	9.867236159444092
245	7	17.1337062385864
245	8	14.626442437163576
245	9	14.301146455853434
245	10	8.120138525156952
245	11	8.120138525156952
245	12	8.120138525156952
245	13	10.134614090318852
245	14	10.425331939672539
246	0	7.562042744928507
246	1	14.301146455853434
246	2	17.1337062385864
246	3	4.952426591238767
246	4	7.562042744928507
246	5	9.867236159444092
246	6	7.562042744928507
246	7	12.313718989471049
246	8	10.134614090318852
246	9	14.068346656935129
246	10	4.952426591238767
246	11	11.567638605470485
246	12	7.562042744928507
246	13	7.562042744928507
246	14	9.867236159444092
247	0	7.562042744928507
247	1	7.562042744928507
247	2	11.567638605470485
247	3	4.952426591238767
247	4	12.313718989471049
247	5	9.867236159444092
247	6	7.562042744928507
247	7	11.739668443895814
247	8	9.867236159444092
247	9	17.1337062385864
247	10	10.134614090318852
248	0	10.425331939672539
248	1	14.626442437163576
248	2	5.510522371467214
248	3	4.345594969276621
248	4	5.510522371467214
248	5	10.692709870547297
248	6	8.120138525156952
248	7	17.691802018814847
248	8	14.301146455853434
248	9	12.871814769699492
248	10	8.120138525156952
248	11	8.120138525156952
248	12	10.425331939672539
248	13	8.120138525156952
248	14	11.567638605470485
248	15	8.120138525156952
249	0	8.120138525156952
249	1	10.692709870547297
249	2	5.510522371467214
249	3	10.425331939672539
249	4	9.867236159444092
249	5	12.125734385698932
249	6	12.871814769699492
249	7	5.510522371467214
249	8	8.120138525156952
249	9	8.120138525156952
249	10	5.510522371467214
249	11	6.95521112296636
249	12	14.85924223608188
249	13	17.1337062385864
249	14	8.120138525156952
249	15	13.986047809860192
249	16	8.120138525156952
250	0	7.562042744928507
250	1	7.562042744928507
250	2	17.1337062385864
250	3	11.567638605470485
250	4	9.867236159444092
250	5	7.339918852829291
250	6	10.134614090318852
250	7	7.562042744928507
250	8	7.562042744928507
250	9	12.313718989471049
250	10	4.952426591238767
250	11	4.952426591238767
250	12	11.739668443895814
250	13	14.301146455853434
250	14	4.952426591238767
250	15	13.986047809860192
250	16	7.562042744928507
250	17	7.562042744928507
251	0	7.339918852829291
251	1	7.562042744928507
251	2	17.1337062385864
251	3	7.562042744928507
251	4	10.134614090318852
251	5	13.986047809860192
251	6	4.952426591238767
251	7	12.313718989471049
251	8	14.301146455853434
251	9	11.567638605470485
251	10	7.562042744928507
251	11	9.867236159444092
251	12	7.562042744928507
251	13	4.952426591238767
251	14	7.562042744928507
251	15	4.952426591238767
251	16	7.562042744928507
252	0	7.562042744928507
252	1	17.1337062385864
252	2	7.562042744928507
252	3	7.562042744928507
252	4	9.867236159444092
252	5	7.339918852829291
252	6	7.562042744928507
252	7	4.952426591238767
252	8	4.952426591238767
252	9	12.313718989471049
252	10	4.952426591238767
252	11	10.134614090318852
252	12	14.301146455853434
252	13	7.562042744928507
252	14	11.567638605470485
252	15	7.562042744928507
252	16	13.986047809860192
253	0	7.562042744928507
253	1	9.867236159444092
253	2	7.562042744928507
253	3	7.562042744928507
253	4	7.562042744928507
253	5	11.567638605470485
253	6	12.313718989471049
253	7	10.134614090318852
253	8	4.952426591238767
253	9	7.339918852829291
253	10	4.952426591238767
253	11	17.1337062385864
253	12	13.986047809860192
253	13	7.562042744928507
253	14	14.301146455853434
253	15	4.952426591238767
253	16	7.562042744928507
253	17	11.739668443895814
254	0	11.567638605470485
254	1	9.867236159444092
254	2	12.313718989471049
254	3	4.952426591238767
254	4	10.134614090318852
254	5	4.952426591238767
254	6	7.339918852829291
254	7	17.1337062385864
254	8	7.562042744928507
254	9	7.562042744928507
254	10	7.562042744928507
254	11	7.562042744928507
254	12	7.562042744928507
254	13	4.952426591238767
254	14	14.301146455853434
254	15	7.562042744928507
254	16	13.986047809860192
254	17	11.18157266366737
255	0	7.562042744928507
255	1	4.952426591238767
255	2	7.562042744928507
255	3	17.1337062385864
255	4	7.562042744928507
255	5	9.867236159444092
255	6	10.134614090318852
255	7	4.952426591238767
255	8	12.313718989471049
255	9	7.562042744928507
255	10	7.339918852829291
255	11	11.567638605470485
255	12	11.18157266366737
255	13	7.562042744928507
255	14	14.301146455853434
255	15	7.562042744928507
255	16	4.952426591238767
255	17	13.986047809860192
255	18	16.293024875247585
255	19	5.510522371467214
256	0	10.960806983508338
256	1	9.260404537481946
256	2	9.260404537481946
256	3	11.706887367508903
256	4	6.95521112296636
256	5	10.574741041705224
257	0	16.293024875247585
257	1	14.54414359008864
257	2	5.510522371467214
257	3	17.691802018814847
257	4	7.562042744928507
257	5	9.867236159444092
257	6	8.120138525156952
257	7	8.120138525156952
257	8	11.567638605470485
257	9	12.313718989471049
257	10	9.867236159444092
257	11	8.120138525156952
257	12	4.952426591238767
257	13	10.692709870547297
258	0	14.54414359008864
258	1	16.293024875247585
258	2	5.510522371467214
258	3	10.425331939672539
258	4	8.120138525156952
258	5	10.692709870547297
258	6	8.120138525156952
258	7	17.691802018814847
258	8	8.120138525156952
258	9	12.871814769699492
258	10	8.120138525156952
258	11	12.125734385698932
258	12	5.510522371467214
258	13	10.425331939672539
259	0	7.562042744928507
259	1	7.562042744928507
259	2	7.562042744928507
259	3	9.867236159444092
259	4	11.567638605470485
259	5	17.1337062385864
259	6	4.952426591238767
259	7	12.313718989471049
259	8	7.562042744928507
259	9	4.952426591238767
259	10	9.867236159444092
259	11	11.739668443895814
259	12	10.134614090318852
260	0	12.871814769699492
260	1	5.510522371467214
260	2	8.120138525156952
260	3	10.692709870547297
260	4	14.54414359008864
260	5	8.120138525156952
260	6	6.95521112296636
260	7	9.867236159444092
260	8	14.85924223608188
260	9	17.691802018814847
260	10	10.425331939672539
260	11	5.510522371467214
260	12	8.120138525156952
260	13	8.120138525156952
260	14	5.510522371467214
260	15	8.120138525156952
260	16	12.125734385698932
261	0	14.301146455853434
261	1	17.1337062385864
261	2	13.986047809860192
261	3	7.562042744928507
261	4	7.562042744928507
261	5	12.313718989471049
261	6	4.952426591238767
261	7	7.562042744928507
261	8	4.952426591238767
261	9	4.952426591238767
261	10	7.562042744928507
261	11	7.562042744928507
261	12	9.867236159444092
261	13	11.567638605470485
261	14	10.134614090318852
261	15	9.867236159444092
261	16	7.562042744928507
262	0	12.313718989471049
262	1	9.867236159444092
262	2	7.562042744928507
262	3	13.986047809860192
262	4	10.134614090318852
262	5	4.952426591238767
262	6	4.952426591238767
262	7	4.952426591238767
262	8	7.562042744928507
262	9	11.567638605470485
262	10	14.301146455853434
262	11	7.562042744928507
262	12	7.562042744928507
262	13	17.1337062385864
262	14	7.562042744928507
262	15	7.562042744928507
262	16	9.867236159444092
263	0	4.952426591238767
263	1	8.120138525156952
263	2	5.510522371467214
263	3	14.85924223608188
263	4	8.120138525156952
263	5	8.120138525156952
263	6	8.120138525156952
263	7	12.125734385698932
263	8	8.120138525156952
263	9	17.691802018814847
263	10	5.510522371467214
263	11	10.425331939672539
263	12	12.871814769699492
263	13	10.692709870547297
263	14	14.54414359008864
263	15	8.120138525156952
263	16	10.425331939672539
263	17	11.739668443895814
264	0	4.952426591238767
264	1	11.567638605470485
264	2	7.562042744928507
264	3	4.952426591238767
264	4	4.952426591238767
264	5	12.313718989471049
264	6	13.986047809860192
264	7	14.301146455853434
264	8	7.562042744928507
264	9	7.562042744928507
264	10	10.134614090318852
264	11	7.562042744928507
264	12	9.867236159444092
264	13	7.562042744928507
264	14	7.562042744928507
264	15	17.1337062385864
264	16	9.867236159444092
265	0	13.986047809860192
265	1	7.562042744928507
265	2	9.867236159444092
265	3	4.952426591238767
265	4	9.867236159444092
265	5	11.567638605470485
265	6	7.562042744928507
265	7	12.313718989471049
265	8	7.562042744928507
265	9	14.301146455853434
265	10	7.562042744928507
265	11	4.952426591238767
265	12	17.1337062385864
265	13	4.952426591238767
265	14	7.562042744928507
265	15	7.562042744928507
265	16	10.134614090318852
266	0	10.692709870547297
266	1	8.120138525156952
266	2	9.867236159444092
266	3	17.691802018814847
266	4	12.125734385698932
266	5	5.510522371467214
266	6	10.425331939672539
266	7	8.120138525156952
266	8	12.871814769699492
266	9	8.120138525156952
266	10	8.120138525156952
266	11	5.510522371467214
266	12	11.739668443895814
266	13	8.120138525156952
266	14	14.85924223608188
266	15	14.54414359008864
266	16	5.510522371467214
266	17	8.120138525156952
266	18	16.293024875247585
267	0	9.867236159444092
267	1	7.562042744928507
267	2	9.867236159444092
267	3	7.562042744928507
267	4	17.1337062385864
267	5	7.562042744928507
267	6	11.567638605470485
267	7	10.134614090318852
267	8	4.952426591238767
267	9	13.986047809860192
267	10	14.301146455853434
267	11	7.562042744928507
267	12	7.562042744928507
267	13	4.952426591238767
267	14	7.562042744928507
267	15	4.952426591238767
267	16	12.313718989471049
268	0	4.952426591238767
268	1	9.867236159444092
268	2	7.562042744928507
268	3	12.313718989471049
268	4	11.567638605470485
268	5	4.952426591238767
268	6	11.739668443895814
268	7	7.562042744928507
268	8	7.562042744928507
268	9	7.562042744928507
268	10	17.1337062385864
268	11	9.867236159444092
268	12	10.134614090318852
269	0	8.120138525156952
269	1	7.562042744928507
269	2	17.1337062385864
269	3	8.120138525156952
269	4	9.867236159444092
269	5	9.867236159444092
269	6	11.567638605470485
269	7	10.134614090318852
269	8	4.952426591238767
269	9	14.85924223608188
269	10	12.313718989471049
269	11	5.510522371467214
269	12	14.54414359008864
269	13	4.952426591238767
269	14	7.562042744928507
269	15	7.562042744928507
269	16	7.562042744928507
270	0	13.986047809860192
270	1	4.952426591238767
270	2	9.867236159444092
270	3	7.562042744928507
270	4	7.562042744928507
270	5	17.1337062385864
270	6	7.562042744928507
270	7	12.313718989471049
270	8	7.562042744928507
270	9	10.134614090318852
270	10	9.867236159444092
270	11	4.952426591238767
270	12	11.567638605470485
