8	0	-0.10133474320173264
8	1	974.2320556640625
8	2	991.8392333984375
8	3	999.2409057617188
8	4	335.4072570800781
8	5	925.5796508789062
8	6	997.1454467773438
8	7	998.2052612304688
9	0	991.776611328125
9	1	2.0351671992102638E-7
9	2	972.6229858398438
9	3	410.06396484375
9	4	999.6116943359375
9	5	993.2651977539062
9	6	996.8663940429688
9	7	940.3323364257812
10	0	-5.923620192334056E-4
10	1	994.1535034179688
10	2	368.2397155761719
10	3	999.0952758789062
10	4	974.2320556640625
10	5	995.8305053710938
11	0	397.9036865234375
11	1	-0.0030711733270436525
11	2	920.1300659179688
11	3	991.9680786132812
11	4	971.4627075195312
11	5	997.1713256835938
11	6	999.09375
11	7	995.951904296875
12	0	999.6116943359375
12	1	410.06396484375
12	2	0.0012135796714574099
12	3	991.6971435546875
12	4	975.1636352539062
12	5	996.8615112304688
12	6	939.3897705078125
12	7	994.544189453125
13	0	975.1636352539062
13	1	991.776611328125
13	2	410.06396484375
13	3	994.6774291992188
13	4	999.6116943359375
13	5	-0.028373876586556435
13	6	935.1447143554688
13	7	996.6032104492188
14	0	974.7799682617188
14	1	991.776611328125
14	2	996.685546875
14	3	999.6116943359375
14	4	384.4315185546875
14	5	-0.028373876586556435
14	6	997.4296875
14	7	939.3897705078125
15	0	334.07940673828125
15	1	978.0665893554688
15	2	997.0692749023438
15	3	999.5348510742188
15	4	0.0950317233800888
15	5	997.8726806640625
15	6	940.39453125
15	7	996.4458618164062
16	0	-0.0030711733270436525
16	1	976.0201416015625
16	2	992.6358642578125
16	3	999.7359619140625
16	4	996.8710327148438
16	5	388.2923278808594
17	0	-4.503694306379202E-9
17	1	999.09375
17	2	414.0863952636719
17	3	973.61767578125
17	4	991.9680786132812
17	5	997.7532348632812
17	6	925.9035034179688
17	7	996.0349731445312
18	0	999.0952758789062
18	1	934.8604125976562
18	2	993.8524169921875
18	3	-5.923620192334056E-4
18	4	397.565185546875
18	5	990.67138671875
18	6	995.8944091796875
18	7	971.4653930664062
19	0	996.5608520507812
19	1	992.9935913085938
19	2	999.6116943359375
19	3	384.4315185546875
19	4	0.0012135796714574099
19	5	974.7799682617188
19	6	935.1375732421875
19	7	996.6032104492188
20	0	991.9680786132812
20	1	995.951904296875
20	2	995.89306640625
20	3	-0.0030711733270436525
20	4	324.9491271972656
20	5	974.2297973632812
20	6	938.818359375
20	7	999.09375
21	0	999.0952758789062
21	1	991.9694213867188
21	2	938.8212890625
21	3	0.0024788021109998226
21	4	996.6677856445312
21	5	973.6199340820312
21	6	397.565185546875
21	7	995.951904296875
22	0	0.016737710684537888
22	1	999.0952758789062
22	2	991.9694213867188
22	3	973.4541625976562
22	4	415.79071044921875
22	5	996.5714721679688
22	6	938.8212890625
22	7	992.453369140625
23	0	991.9624633789062
23	1	971.4591674804688
23	2	999.0889892578125
23	3	-0.008668220601975918
23	4	995.82421875
23	5	324.94464111328125
24	0	996.0364990234375
24	1	925.7601928710938
24	2	998.0006713867188
24	3	973.6199340820312
24	4	0.0024788021109998226
24	5	994.1535034179688
24	6	324.94378662109375
24	7	999.0952758789062
25	0	995.9536743164062
25	1	995.89306640625
25	2	940.5332641601562
25	3	-0.0030711733270436525
25	4	974.00341796875
25	5	999.09375
25	6	991.9680786132812
25	7	397.8963623046875
26	0	-0.09825163334608078
26	1	993.9329833984375
26	2	920.019287109375
26	3	993.6709594726562
26	4	974.7799682617188
26	5	386.89312744140625
26	6	990.5960693359375
26	7	999.2409057617188
27	0	-0.03199288621544838
27	1	994.1535034179688
27	2	397.5583190917969
27	3	995.9534301757812
27	4	973.6199340820312
27	5	992.5177612304688
27	6	938.8212890625
27	7	999.0952758789062
28	0	397.54986572265625
28	1	999.0889892578125
28	2	973.6141357421875
28	3	992.548828125
28	4	990.6647338867188
28	5	-0.008668220601975918
28	6	938.8160400390625
28	7	996.0061645507812
29	0	410.0570983886719
29	1	972.6229858398438
29	2	996.5608520507812
29	3	935.1375732421875
29	4	996.7276000976562
29	5	991.6971435546875
29	6	0.004284740425646305
29	7	999.6116943359375
30	0	991.9680786132812
30	1	972.469970703125
30	2	397.5554504394531
30	3	992.4513549804688
30	4	934.8573608398438
30	5	-0.03447167947888374
30	6	999.09375
30	7	995.951904296875
31	0	972.4722290039062
31	1	397.5583190917969
31	2	991.9694213867188
31	3	-0.0018057384295389056
31	4	934.8604125976562
31	5	995.9552001953125
31	6	999.0952758789062
31	7	995.83154296875
32	0	938.8212890625
32	1	995.6766967773438
32	2	993.8524169921875
32	3	0.0024788021109998226
32	4	999.0952758789062
32	5	973.6199340820312
32	6	990.67138671875
32	7	397.5583190917969
33	0	974.0056762695312
33	1	992.6343383789062
33	2	993.833740234375
33	3	-5.923620192334056E-4
33	4	940.0468139648438
33	5	995.83154296875
33	6	397.5583190917969
33	7	999.0952758789062
34	0	397.89923095703125
34	1	-4.503694306379202E-9
34	2	995.951904296875
34	3	971.4627075195312
34	4	999.0952758789062
34	5	990.6696166992188
34	6	940.044921875
34	7	995.89306640625
35	0	996.5608520507812
35	1	935.1375732421875
35	2	0.004284740425646305
35	3	993.2650756835938
35	4	999.6116943359375
35	5	410.0570983886719
35	6	991.6962890625
35	7	972.6229858398438
36	0	992.4530029296875
36	1	-5.923620192334056E-4
36	2	971.4653930664062
36	3	995.8305053710938
36	4	414.0810546875
36	5	999.0952758789062
36	6	994.1535034179688
37	0	972.6229858398438
37	1	994.5455932617188
37	2	991.6971435546875
37	3	999.6116943359375
37	4	411.9632568359375
37	5	920.019287109375
37	6	996.749755859375
37	7	0.0024788021109998226
38	0	997.1304931640625
38	1	934.8772583007812
38	2	977.1915893554688
38	3	388.70916748046875
38	4	0.3918043076992035
38	5	998.2761840820312
38	6	999.9994506835938
38	7	993.4173583984375
39	0	993.0195922851562
39	1	-0.1165628656744957
39	2	997.3761596679688
39	3	997.6698608398438
39	4	934.8604125976562
39	5	975.8650512695312
39	6	326.4537353515625
39	7	999.9998779296875
40	0	999.5338745117188
40	1	995.7601928710938
40	2	976.4138793945312
40	3	0.12769022583961487
40	4	994.8944091796875
40	5	935.7857666015625
40	6	462.7811279296875
40	7	996.3085327148438
41	0	993.2705688476562
41	1	992.9948120117188
41	2	973.4541625976562
41	3	999.0952758789062
41	4	324.9991149902344
41	5	-0.03192881494760513
41	6	995.7564086914062
41	7	938.8212890625
42	0	999.0889892578125
42	1	414.0745849609375
42	2	-0.005597054027020931
42	3	971.4591674804688
42	4	991.9624633789062
42	5	995.9489135742188
42	6	938.8160400390625
42	7	995.82666015625
43	0	995.595947265625
43	1	1000.07373046875
43	2	994.7664794921875
43	3	0.25714385509490967
43	4	366.7026672363281
43	5	924.0660400390625
43	6	975.32177734375
43	7	997.6695556640625
44	0	973.6206665039062
44	1	925.7601928710938
44	2	999.9994506835938
44	3	997.6925659179688
44	4	994.7796020507812
44	5	0.42628565430641174
44	6	993.4173583984375
44	7	386.7342834472656
45	0	387.10736083984375
45	1	935.8055419921875
45	2	-0.11348066478967667
45	3	997.778564453125
45	4	973.7163696289062
45	5	999.9998779296875
45	6	993.0195922851562
45	7	994.4789428710938
46	0	991.801513671875
46	1	998.273193359375
46	2	940.4276123046875
46	3	-0.11348066478967667
46	4	973.7163696289062
46	5	999.9998779296875
46	6	997.2882690429688
46	7	387.10736083984375
47	0	997.7898559570312
47	1	995.594482421875
47	2	999.9998779296875
47	3	-0.11348066478967667
47	4	993.0195922851562
47	5	386.7342834472656
47	6	973.7163696289062
47	7	935.8055419921875
48	0	997.0260620117188
48	1	-0.09825163334608078
48	2	973.4540405273438
48	3	990.5968017578125
48	4	993.9332275390625
48	5	999.2409057617188
48	6	386.7342834472656
48	7	925.1963500976562
49	0	997.6698608398438
49	1	386.7342834472656
49	2	999.9998779296875
49	3	-0.11348066478967667
49	4	991.8458251953125
49	5	973.7163696289062
50	0	991.7658081054688
50	1	-0.11348066478967667
50	2	973.7163696289062
50	3	999.9998779296875
50	4	999.4822387695312
50	5	386.8984069824219
51	0	999.9998779296875
51	1	-0.11348066478967667
51	2	386.7342834472656
51	3	993.0639038085938
51	4	997.6698608398438
51	5	973.7163696289062
52	0	-0.09825163334608078
52	1	999.9996948242188
52	2	995.8423461914062
52	3	998.7977905273438
52	4	386.89312744140625
52	5	973.4540405273438
52	6	996.8809814453125
52	7	990.8077392578125
53	0	-0.09825163334608078
53	1	993.949951171875
53	2	386.89312744140625
53	3	975.9938354492188
53	4	993.8359375
53	5	999.2409057617188
53	6	996.7144775390625
54	0	994.4789428710938
54	1	-0.11348066478967667
54	2	999.9998779296875
54	3	997.2882690429688
54	4	973.7163696289062
54	5	993.0639038085938
54	6	386.8984069824219
55	0	999.9998779296875
55	1	993.0639038085938
55	2	997.6698608398438
55	3	386.7342834472656
55	4	-0.11348066478967667
55	5	994.4789428710938
55	6	918.66650390625
55	7	973.7163696289062
56	0	999.2409057617188
56	1	997.1304931640625
56	2	386.89312744140625
56	3	973.4540405273438
56	4	-0.09825163334608078
56	5	994.2116088867188
56	6	920.019287109375
56	7	995.1436157226562
57	0	-0.09825163334608078
57	1	996.7144775390625
57	2	973.4540405273438
57	3	999.2409057617188
57	4	993.9329833984375
57	5	925.1963500976562
57	6	386.89312744140625
57	7	992.0501708984375
58	0	-0.09825163334608078
58	1	990.8565063476562
58	2	169.47732543945312
58	3	999.2409057617188
58	4	996.5973510742188
58	5	386.89312744140625
58	6	993.9332275390625
58	7	925.8477783203125
59	0	-0.09825163334608078
59	1	999.9996948242188
59	2	997.1454467773438
59	3	185.10855102539062
59	4	388.0052490234375
59	5	999.2409057617188
59	6	997.1304931640625
59	7	992.0501708984375
60	0	-0.09825163334608078
60	1	993.9332275390625
60	2	386.89312744140625
60	3	996.5973510742188
60	4	185.10855102539062
60	5	993.6412353515625
60	6	999.2409057617188
61	0	995.1436157226562
61	1	-0.09825163334608078
61	2	386.89312744140625
61	3	996.5973510742188
61	4	992.0501708984375
61	5	185.10855102539062
61	6	999.2409057617188
62	0	-0.09825163334608078
62	1	997.1304931640625
62	2	185.10855102539062
62	3	999.2409057617188
62	4	994.2116088867188
62	5	386.89312744140625
62	6	925.9035034179688
62	7	993.9332275390625
63	0	185.10855102539062
63	1	999.2409057617188
63	2	992.0501708984375
63	3	388.0052490234375
63	4	-0.09825163334608078
63	5	996.8809814453125
63	6	993.9332275390625
63	7	920.019287109375
64	0	996.8297119140625
64	1	-0.09825163334608078
64	2	386.89312744140625
64	3	996.5973510742188
64	4	185.10855102539062
64	5	999.2409057617188
64	6	990.8565063476562
65	0	185.11399841308594
65	1	-0.09825163334608078
65	2	990.8077392578125
65	3	993.949951171875
65	4	999.2409057617188
65	5	386.89312744140625
65	6	997.0260620117188
65	7	925.7601928710938
66	0	997.0260620117188
66	1	185.10855102539062
66	2	-0.09825163334608078
66	3	999.2409057617188
66	4	992.0501708984375
66	5	386.89312744140625
66	6	920.019287109375
66	7	993.9332275390625
66	8	999.9996948242188
67	0	-0.09825163334608078
67	1	386.89312744140625
67	2	992.0501708984375
67	3	999.2409057617188
67	4	996.8809814453125
67	5	185.11399841308594
68	0	994.9815063476562
68	1	-0.09825163334608078
68	2	999.2409057617188
68	3	990.8070068359375
68	4	996.5973510742188
68	5	386.89312744140625
68	6	185.10855102539062
69	0	185.11399841308594
69	1	999.2409057617188
69	2	386.89312744140625
69	3	-0.09825163334608078
69	4	994.8646240234375
69	5	990.8077392578125
69	6	995.1436157226562
69	7	925.9035034179688
69	8	999.6431884765625
70	0	992.0501708984375
70	1	996.5973510742188
70	2	999.2409057617188
70	3	185.10855102539062
70	4	386.89312744140625
70	5	-0.09825163334608078
70	6	993.949951171875
70	7	920.019287109375
71	0	992.0501708984375
71	1	185.10855102539062
71	2	999.2409057617188
71	3	386.89312744140625
71	4	-0.09825163334608078
71	5	996.8809814453125
71	6	993.9329833984375
71	7	920.019287109375
72	0	185.10855102539062
72	1	999.2409057617188
72	2	996.7144775390625
72	3	993.8359375
72	4	-0.09825163334608078
72	5	386.89312744140625
72	6	993.9332275390625
72	7	925.1963500976562
73	0	386.7342834472656
73	1	179.62205505371094
73	2	997.2882690429688
73	3	999.9998779296875
73	4	-0.11348066478967667
73	5	993.0639038085938
73	6	935.8055419921875
73	7	994.4786987304688
74	0	388.0052490234375
74	1	185.10855102539062
74	2	997.1304931640625
74	3	993.8359375
74	4	999.2409057617188
74	5	-0.09825163334608078
74	6	920.019287109375
74	7	993.9332275390625
75	0	996.5973510742188
75	1	996.8297119140625
75	2	185.11399841308594
75	3	-0.09825163334608078
75	4	992.0501708984375
75	5	999.2409057617188
75	6	386.93280029296875
75	7	925.1963500976562
76	0	994.7796020507812
76	1	185.53549194335938
76	2	998.0326538085938
76	3	0.42628565430641174
76	4	992.2928466796875
76	5	999.9994506835938
76	6	918.523193359375
76	7	386.93280029296875
77	0	996.5973510742188
77	1	386.93280029296875
77	2	185.10855102539062
77	3	999.2409057617188
77	4	992.0501708984375
77	5	993.9332275390625
77	6	925.1963500976562
77	7	-0.09825163334608078
78	0	996.7144775390625
78	1	925.8477783203125
78	2	999.2409057617188
78	3	996.8297119140625
78	4	-0.09825163334608078
78	5	185.10855102539062
78	6	992.0501708984375
78	7	386.93280029296875
79	0	387.42657470703125
79	1	925.7601928710938
79	2	0.42628565430641174
79	3	994.7796020507812
79	4	185.53549194335938
79	5	997.59326171875
79	6	999.9994506835938
79	7	992.3414916992188
80	0	388.044921875
80	1	925.1963500976562
80	2	996.7144775390625
80	3	185.05087280273438
80	4	-0.09825163334608078
80	5	999.2409057617188
80	6	996.8297119140625
80	7	992.0501708984375
81	0	997.0260620117188
81	1	185.05087280273438
81	2	386.93280029296875
81	3	999.2409057617188
81	4	-0.09825163334608078
81	5	925.1963500976562
81	6	993.9332275390625
81	7	990.8077392578125
82	0	990.8077392578125
82	1	996.7144775390625
82	2	185.05087280273438
82	3	386.93280029296875
82	4	-0.09825163334608078
82	5	999.2409057617188
82	6	925.1963500976562
82	7	997.7256469726562
83	0	992.0501708984375
83	1	999.638671875
83	2	388.044921875
83	3	-0.09825163334608078
83	4	999.2409057617188
83	5	996.7144775390625
83	6	995.1436157226562
83	7	920.019287109375
83	8	185.05087280273438
84	0	998.85498046875
84	1	388.044921875
84	2	185.05087280273438
84	3	-0.09825163334608078
84	4	992.0501708984375
84	5	996.8809814453125
84	6	999.2409057617188
84	7	997.7256469726562
84	8	925.1963500976562
85	0	386.93280029296875
85	1	185.05087280273438
85	2	990.8565063476562
85	3	925.1963500976562
85	4	-0.09825163334608078
85	5	999.2409057617188
85	6	998.85498046875
85	7	996.7144775390625
85	8	997.145263671875
86	0	925.1963500976562
86	1	997.59326171875
86	2	387.45159912109375
86	3	185.47181701660156
86	4	0.42628565430641174
86	5	999.5643920898438
86	6	999.9994506835938
86	7	994.7962036132812
86	8	992.2928466796875
87	0	996.8297119140625
87	1	386.99383544921875
87	2	-0.09825163334608078
87	3	990.8077392578125
87	4	996.8809814453125
87	5	925.1963500976562
87	6	185.05087280273438
87	7	999.2409057617188
87	8	998.85498046875
88	0	999.710693359375
88	1	-0.09825163334608078
88	2	999.2409057617188
88	3	185.10855102539062
88	4	996.5973510742188
88	5	994.2116088867188
88	6	386.99383544921875
88	7	920.019287109375
89	0	-0.09825163334608078
89	1	998.2388305664062
89	2	185.01962280273438
89	3	992.0501708984375
89	4	999.2409057617188
89	5	386.99383544921875
89	6	996.8809814453125
90	0	185.11399841308594
90	1	-0.09825163334608078
90	2	996.7144775390625
90	3	386.99383544921875
90	4	998.3675537109375
90	5	993.6412353515625
90	6	999.2409057617188
91	0	-0.09825163334608078
91	1	997.05029296875
91	2	388.10546875
91	3	994.2116088867188
91	4	925.9035034179688
91	5	997.1304931640625
91	6	185.05087280273438
91	7	999.6202392578125
91	8	994.7498779296875
91	9	999.2409057617188
92	0	386.99383544921875
92	1	997.066650390625
92	2	0.024636130779981613
92	3	991.2595825195312
92	4	999.7359619140625
92	5	185.10855102539062
92	6	997.7169799804688
92	7	997.379638671875
92	8	999.1538696289062
92	9	925.5488891601562
93	0	185.11399841308594
93	1	997.1454467773438
93	2	999.9996948242188
93	3	386.99383544921875
93	4	925.8477783203125
93	5	999.2409057617188
93	6	996.8809814453125
93	7	-0.09825163334608078
93	8	997.05029296875
93	9	994.2116088867188
93	10	999.2706909179688
94	0	248.3754425048828
94	1	995.1436157226562
94	2	925.1963500976562
94	3	996.7144775390625
94	4	185.11399841308594
94	5	997.05029296875
94	6	994.2116088867188
94	7	999.2409057617188
94	8	-0.09825163334608078
94	9	999.2706909179688
95	0	248.32113647460938
95	1	992.2928466796875
95	2	993.6401977539062
95	3	0.42628565430641174
95	4	185.47181701660156
95	5	997.59326171875
95	6	999.9994506835938
96	0	248.32113647460938
96	1	-0.09825163334608078
96	2	185.05087280273438
96	3	993.6401977539062
96	4	996.7144775390625
96	5	992.0501708984375
96	6	999.2409057617188
97	0	0.42628565430641174
97	1	992.2928466796875
97	2	248.32113647460938
97	3	997.534912109375
97	4	185.44056701660156
97	5	995.8423461914062
97	6	996.3491821289062
97	7	999.9994506835938
97	8	925.9035034179688
97	9	999.6202392578125
98	0	996.8809814453125
98	1	999.2409057617188
98	2	990.8565063476562
98	3	248.32113647460938
98	4	996.9437866210938
98	5	-0.09825163334608078
98	6	925.1963500976562
98	7	996.8297119140625
98	8	998.85498046875
98	9	185.05087280273438
99	0	999.9996948242188
99	1	997.3050537109375
99	2	185.05087280273438
99	3	248.32113647460938
99	4	925.1963500976562
99	5	996.8809814453125
99	6	992.0501708984375
99	7	999.2409057617188
99	8	-0.09825163334608078
99	9	996.9437866210938
99	10	998.85498046875
100	0	248.32113647460938
100	1	925.1963500976562
100	2	999.6328735351562
100	3	185.05087280273438
100	4	993.949951171875
100	5	-0.09825163334608078
100	6	997.1304931640625
100	7	999.2706909179688
100	8	996.9437866210938
100	9	994.2116088867188
100	10	999.2409057617188
101	0	248.32113647460938
101	1	185.11923217773438
101	2	997.145263671875
101	3	925.1963500976562
101	4	999.6328735351562
101	5	-0.09825163334608078
101	6	994.2116088867188
101	7	999.2706909179688
101	8	999.2409057617188
101	9	996.9437866210938
101	10	997.1304931640625
102	0	993.8359375
102	1	995.1436157226562
102	2	-0.09825163334608078
102	3	925.1963500976562
102	4	996.7144775390625
102	5	999.2409057617188
102	6	248.32113647460938
102	7	996.2159423828125
102	8	999.2706909179688
102	9	185.10855102539062
103	0	992.6378784179688
103	1	997.2073974609375
103	2	0.024636130779981613
103	3	995.39892578125
103	4	999.65087890625
103	5	999.5858154296875
103	6	248.5074920654297
103	7	185.3997344970703
103	8	920.2547607421875
103	9	997.6340942382812
104	0	-0.09825163334608078
104	1	990.8070068359375
104	2	993.9332275390625
104	3	248.32113647460938
104	4	925.8477783203125
104	5	996.9437866210938
104	6	184.8873291015625
104	7	997.0260620117188
104	8	998.8895263671875
104	9	998.7977905273438
105	0	999.2706909179688
105	1	-0.09825163334608078
105	2	925.1963500976562
105	3	999.2409057617188
105	4	184.8873291015625
105	5	996.7144775390625
105	6	990.8070068359375
105	7	997.145263671875
105	8	248.32113647460938
105	9	996.3491821289062
106	0	-0.09825163334608078
106	1	997.0260620117188
106	2	990.8070068359375
106	3	993.9332275390625
106	4	248.32113647460938
106	5	998.7977905273438
106	6	996.9437866210938
106	7	999.2706909179688
106	8	184.8873291015625
106	9	919.9201049804688
107	0	925.7485961914062
107	1	-0.09825163334608078
107	2	999.2706909179688
107	3	184.8873291015625
107	4	997.1304931640625
107	5	999.2409057617188
107	6	248.32113647460938
107	7	996.9437866210938
107	8	990.8070068359375
107	9	993.9329833984375
108	0	925.26025390625
108	1	997.7256469726562
108	2	-0.09825163334608078
108	3	248.32113647460938
108	4	998.8895263671875
108	5	991.2595825195312
108	6	184.8873291015625
108	7	998.2200317382812
108	8	999.2409057617188
108	9	982.6444702148438
108	10	993.6300659179688
109	0	978.896728515625
109	1	999.2409057617188
109	2	-0.09825163334608078
109	3	990.8070068359375
109	4	925.7485961914062
109	5	993.9332275390625
109	6	184.8873291015625
109	7	997.1304931640625
109	8	248.32113647460938
109	9	998.85498046875
109	10	996.9437866210938
110	0	1000.0601196289062
110	1	248.6011505126953
110	2	992.1253662109375
110	3	185.34249877929688
110	4	997.59326171875
110	5	999.9994506835938
110	6	992.2930908203125
110	7	989.2977905273438
110	8	0.42628565430641174
110	9	994.7793579101562
110	10	999.5643920898438
110	11	923.9027099609375
110	12	999.4053955078125
111	0	994.8646240234375
111	1	248.32113647460938
111	2	-0.09825163334608078
111	3	999.2409057617188
111	4	996.8095703125
111	5	999.3367309570312
111	6	993.9329833984375
111	7	998.85498046875
111	8	990.8070068359375
111	9	184.8873291015625
111	10	919.9201049804688
112	0	925.7485961914062
112	1	184.8873291015625
112	2	996.8095703125
112	3	994.8646240234375
112	4	998.8936157226562
112	5	993.9332275390625
112	6	990.8070068359375
112	7	248.32113647460938
112	8	-0.09825163334608078
112	9	999.2409057617188
112	10	998.73828125
113	0	990.8070068359375
113	1	996.8095703125
113	2	998.7977905273438
113	3	-0.09825163334608078
113	4	248.32113647460938
113	5	184.8873291015625
113	6	993.6300659179688
113	7	999.2706909179688
113	8	995.1436157226562
113	9	919.9201049804688
113	10	998.8936157226562
114	0	996.8095703125
114	1	990.8070068359375
114	2	999.2409057617188
114	3	-0.09825163334608078
114	4	248.32113647460938
114	5	184.8873291015625
114	6	996.7144775390625
114	7	993.9329833984375
114	8	999.2706909179688
114	9	999.3367309570312
114	10	919.9201049804688
115	0	248.32113647460938
115	1	999.3367309570312
115	2	184.8873291015625
115	3	993.6293334960938
115	4	999.2409057617188
115	5	996.8095703125
115	6	998.8895263671875
115	7	919.9201049804688
115	8	-0.09825163334608078
115	9	993.9329833984375
115	10	988.9482421875
116	0	-0.09825163334608078
116	1	999.4053955078125
116	2	993.9332275390625
116	3	991.2598266601562
116	4	996.8095703125
116	5	248.32113647460938
116	6	184.8873291015625
116	7	999.2409057617188
116	8	993.6709594726562
117	0	918.6422119140625
117	1	184.8873291015625
117	2	994.8646240234375
117	3	999.6344604492188
117	4	248.32113647460938
117	5	-0.09825163334608078
117	6	996.2149658203125
117	7	999.5863037109375
117	8	999.2409057617188
117	9	993.9332275390625
117	10	990.8070068359375
118	0	999.2409057617188
118	1	990.8070068359375
118	2	-0.09825163334608078
118	3	999.3367309570312
118	4	995.1436157226562
118	5	925.26025390625
118	6	184.8873291015625
118	7	996.7144775390625
118	8	996.8095703125
118	9	248.32113647460938
118	10	999.2706909179688
119	0	993.6709594726562
119	1	998.8936157226562
119	2	184.8873291015625
119	3	248.32113647460938
119	4	925.26025390625
119	5	998.73828125
119	6	999.2409057617188
119	7	993.9332275390625
119	8	-0.09825163334608078
119	9	991.2595825195312
119	10	996.8095703125
120	0	993.9332275390625
120	1	184.8873291015625
120	2	998.73828125
120	3	919.9201049804688
120	4	248.32113647460938
120	5	999.2409057617188
120	6	999.3367309570312
120	7	991.2595825195312
120	8	993.6300659179688
120	9	-0.09825163334608078
120	10	996.8095703125
121	0	996.8095703125
121	1	-0.09825163334608078
121	2	996.8297119140625
121	3	999.3367309570312
121	4	990.8070068359375
121	5	998.7977905273438
121	6	999.2706909179688
121	7	248.32113647460938
121	8	925.09716796875
121	9	184.8873291015625
121	10	997.1304931640625
122	0	999.3367309570312
122	1	998.73828125
122	2	184.8873291015625
122	3	919.9201049804688
122	4	996.8095703125
122	5	999.2409057617188
122	6	-0.09825163334608078
122	7	994.8646240234375
122	8	997.1454467773438
122	9	248.32113647460938
122	10	990.8070068359375
123	0	184.8873291015625
123	1	990.8070068359375
123	2	-0.09825163334608078
123	3	919.9201049804688
123	4	999.3367309570312
123	5	998.85498046875
123	6	995.1436157226562
123	7	999.2409057617188
123	8	248.32113647460938
123	9	996.8095703125
123	10	996.8809814453125
124	0	996.2149658203125
124	1	999.3367309570312
124	2	997.1304931640625
124	3	990.8070068359375
124	4	184.8873291015625
124	5	248.32113647460938
124	6	999.2409057617188
124	7	-0.09825163334608078
124	8	993.9329833984375
124	9	919.9201049804688
124	10	999.2706909179688
125	0	184.8873291015625
125	1	996.8095703125
125	2	990.8070068359375
125	3	248.32113647460938
125	4	-0.09825163334608078
125	5	997.145263671875
125	6	998.85498046875
125	7	919.9201049804688
125	8	999.3367309570312
125	9	999.2409057617188
125	10	997.1304931640625
126	0	925.26025390625
126	1	993.949951171875
126	2	996.8095703125
126	3	998.73828125
126	4	184.8873291015625
126	5	994.8646240234375
126	6	999.3367309570312
126	7	248.32113647460938
126	8	-0.09825163334608078
126	9	990.8070068359375
126	10	999.2409057617188
127	0	991.9802856445312
127	1	248.32113647460938
127	2	999.7359619140625
127	3	0.024636130779981613
127	4	994.9248046875
127	5	997.48681640625
127	6	185.28224182128906
127	7	994.2548217773438
127	8	999.831298828125
127	9	925.5654296875
127	10	999.1538696289062
128	0	999.2409057617188
128	1	995.1436157226562
128	2	-0.09825163334608078
128	3	996.8095703125
128	4	994.8646240234375
128	5	184.8873291015625
128	6	990.8070068359375
128	7	248.32113647460938
128	8	925.7485961914062
128	9	998.73828125
128	10	998.8936157226562
129	0	993.9329833984375
129	1	184.8873291015625
129	2	999.2409057617188
129	3	-0.09825163334608078
129	4	998.85498046875
129	5	919.9201049804688
129	6	999.3367309570312
129	7	248.32113647460938
129	8	994.8646240234375
129	9	990.8070068359375
129	10	996.8095703125
130	0	995.1436157226562
130	1	-0.09825163334608078
130	2	919.9201049804688
130	3	998.85498046875
130	4	999.3367309570312
130	5	990.8070068359375
130	6	248.32113647460938
130	7	996.8095703125
130	8	996.5973510742188
130	9	184.8873291015625
130	10	999.2409057617188
131	0	992.2930908203125
131	1	997.59326171875
131	2	1000.0198974609375
131	3	185.34249877929688
131	4	248.6011505126953
131	5	0.42628565430641174
131	6	997.7162475585938
131	7	925.26025390625
131	8	999.5643920898438
131	9	994.7793579101562
132	0	148.34625244140625
132	1	-0.09856990724802017
132	2	999.3363647460938
132	3	990.8565063476562
132	4	996.7144775390625
132	5	248.32113647460938
132	6	925.7485961914062
132	7	996.3491821289062
132	8	999.2706909179688
132	9	997.3046875
132	10	997.8837890625
133	0	997.6409912109375
133	1	1000.0198974609375
133	2	925.7359008789062
133	3	999.5061645507812
133	4	995.7019653320312
133	5	992.2930908203125
133	6	248.32113647460938
133	7	997.7622680664062
133	8	0.42596742510795593
133	9	148.34625244140625
134	0	925.09716796875
134	1	999.2706909179688
134	2	996.9437866210938
134	3	997.1448974609375
134	4	-0.09856990724802017
134	5	990.8070068359375
134	6	248.32113647460938
134	7	148.34625244140625
134	8	999.3363647460938
134	9	996.5973510742188
135	0	-0.09856990724802017
135	1	996.9437866210938
135	2	998.8932495117188
135	3	148.34625244140625
135	4	998.8895263671875
135	5	993.932861328125
135	6	990.8070068359375
135	7	993.6709594726562
135	8	248.32113647460938
135	9	925.7485961914062
136	0	997.59326171875
136	1	248.32113647460938
136	2	148.80142211914062
136	3	992.2930908203125
136	4	0.42596742510795593
136	5	997.7622680664062
136	6	1000.0042724609375
136	7	1000.0198974609375
136	8	997.79052734375
136	9	924.3213500976562
137	0	996.9437866210938
137	1	248.32113647460938
137	2	148.34625244140625
137	3	990.8070068359375
137	4	-0.09856990724802017
137	5	994.8646240234375
137	6	999.3363647460938
137	7	925.09716796875
137	8	997.1448974609375
137	9	998.85498046875
138	0	996.7144775390625
138	1	996.9437866210938
138	2	148.34625244140625
138	3	248.32113647460938
138	4	990.8070068359375
138	5	-0.09856990724802017
138	6	999.2706909179688
138	7	993.932861328125
138	8	999.3363647460938
138	9	919.9201049804688
139	0	248.32113647460938
139	1	-0.09856990724802017
139	2	990.8070068359375
139	3	996.7144775390625
139	4	148.34625244140625
139	5	996.9437866210938
139	6	919.9201049804688
139	7	999.3363647460938
139	8	999.2706909179688
139	9	993.932861328125
140	0	248.32113647460938
140	1	997.0260620117188
140	2	148.34625244140625
140	3	-0.09856990724802017
140	4	990.8070068359375
140	5	996.9437866210938
140	6	999.3363647460938
140	7	925.26025390625
140	8	993.932861328125
140	9	996.8798217773438
141	0	-0.09856990724802017
141	1	919.9201049804688
141	2	996.9437866210938
141	3	148.34625244140625
141	4	996.7144775390625
141	5	995.1432495117188
141	6	990.8077392578125
141	7	248.32113647460938
141	8	999.3363647460938
141	9	998.85498046875
142	0	999.3363647460938
142	1	919.9201049804688
142	2	996.9437866210938
142	3	248.32113647460938
142	4	993.9495849609375
142	5	148.34625244140625
142	6	-0.09856990724802017
142	7	990.8070068359375
142	8	999.2706909179688
142	9	997.1304931640625
143	0	999.3363647460938
143	1	-0.09856990724802017
143	2	997.1304931640625
143	3	999.2706909179688
143	4	148.34625244140625
143	5	919.9201049804688
143	6	997.1448974609375
143	7	996.9437866210938
143	8	248.32113647460938
143	9	990.8070068359375
144	0	148.34625244140625
144	1	-0.09856990724802017
144	2	991.2595825195312
144	3	248.32113647460938
144	4	996.9437866210938
144	5	994.8646240234375
144	6	998.8932495117188
144	7	998.73828125
144	8	997.1450805664062
144	9	919.9201049804688
145	0	990.8070068359375
145	1	148.34625244140625
145	2	996.8809814453125
145	3	-0.09856990724802017
145	4	996.9437866210938
145	5	248.32113647460938
145	6	999.3363647460938
145	7	919.9201049804688
145	8	998.85498046875
145	9	997.1448974609375
146	0	997.1304931640625
146	1	990.8070068359375
146	2	248.32113647460938
146	3	996.9437866210938
146	4	-0.09856990724802017
146	5	148.34625244140625
146	6	999.3363647460938
146	7	919.9201049804688
146	8	999.2706909179688
146	9	993.9326171875
147	0	992.50537109375
147	1	995.8423461914062
147	2	248.39161682128906
147	3	148.63148498535156
147	4	0.2599087059497833
147	5	999.6344604492188
147	6	925.8792114257812
147	7	997.7180786132812
147	8	999.5640869140625
147	9	997.90576171875
148	0	248.39161682128906
148	1	996.9437866210938
148	2	990.8070068359375
148	3	-0.09856990724802017
148	4	996.8809814453125
148	5	148.34625244140625
148	6	998.73828125
148	7	996.829345703125
148	8	999.3363647460938
148	9	919.9201049804688
149	0	990.8070068359375
149	1	248.39161682128906
149	2	148.34625244140625
149	3	-0.09856990724802017
149	4	996.9437866210938
149	5	996.7144775390625
149	6	919.9201049804688
149	7	999.2706909179688
149	8	997.1450805664062
149	9	999.3363647460938
150	0	990.8070068359375
150	1	996.9437866210938
150	2	996.5973510742188
150	3	-0.09856990724802017
150	4	248.39161682128906
150	5	148.34625244140625
150	6	925.09716796875
150	7	999.2706909179688
150	8	997.1448974609375
150	9	999.3363647460938
151	0	925.09716796875
151	1	996.9437866210938
151	2	148.34625244140625
151	3	-0.09856990724802017
151	4	997.1448974609375
151	5	999.3363647460938
151	6	996.7144775390625
151	7	998.73828125
151	8	248.39161682128906
151	9	990.8070068359375
152	0	248.39161682128906
152	1	997.1304931640625
152	2	990.8070068359375
152	3	-0.09856990724802017
152	4	996.9437866210938
152	5	148.34625244140625
152	6	997.1448974609375
152	7	999.3363647460938
152	8	919.9201049804688
152	9	999.2706909179688
153	0	1000.0601196289062
153	1	148.34625244140625
153	2	248.39161682128906
153	3	997.0260620117188
153	4	999.3363647460938
153	5	990.8070068359375
153	6	996.9437866210938
153	7	-0.09856990724802017
154	0	248.39161682128906
154	1	996.9437866210938
154	2	990.8070068359375
154	3	997.1304931640625
154	4	148.34625244140625
154	5	-0.09856990724802017
154	6	997.7532348632812
154	7	999.6202392578125
154	8	925.8792114257812
154	9	999.3363647460938
155	0	992.2928466796875
155	1	148.80142211914062
155	2	0.42596742510795593
155	3	999.9843139648438
155	4	248.68678283691406
155	5	918.4989013671875
155	6	998.2200317382812
155	7	997.8413696289062
155	8	998.125
155	9	998.0326538085938
155	10	1000.0042724609375
156	0	997.1304931640625
156	1	-0.09856990724802017
156	2	989.5648803710938
156	3	990.8070068359375
156	4	148.34625244140625
156	5	248.39161682128906
156	6	996.9437866210938
156	7	999.2706909179688
156	8	999.3363647460938
156	9	919.9201049804688
156	10	996.829345703125
157	0	989.5648803710938
157	1	998.8895263671875
157	2	990.8070068359375
157	3	998.8932495117188
157	4	248.39161682128906
157	5	981.5656127929688
157	6	-0.09856990724802017
157	7	996.3491821289062
157	8	919.9201049804688
157	9	148.34625244140625
157	10	997.1448974609375
157	11	996.5973510742188
158	0	248.39161682128906
158	1	996.3491821289062
158	2	-0.09856990724802017
158	3	997.1448974609375
158	4	977.1908569335938
158	5	925.09716796875
158	6	148.34625244140625
158	7	991.2598266601562
158	8	989.5648803710938
158	9	998.73828125
158	10	999.3363647460938
158	11	994.8646240234375
159	0	-0.09856990724802017
159	1	989.5648803710938
159	2	148.34625244140625
159	3	999.3363647460938
159	4	977.5823364257812
159	5	925.09716796875
159	6	999.2706909179688
159	7	248.39161682128906
159	8	996.9437866210938
159	9	990.8070068359375
159	10	997.1448974609375
159	11	996.5973510742188
160	0	996.3491821289062
160	1	997.1448974609375
160	2	248.39161682128906
160	3	999.3363647460938
160	4	996.7144775390625
160	5	925.09716796875
160	6	998.73828125
160	7	-0.09856990724802017
160	8	989.5648803710938
160	9	148.34625244140625
160	10	977.3264770507812
160	11	990.8070068359375
161	0	997.1448974609375
161	1	-0.09856990724802017
161	2	925.09716796875
161	3	996.8809814453125
161	4	989.5648803710938
161	5	998.8932495117188
161	6	148.34625244140625
161	7	990.8070068359375
161	8	248.45303344726562
161	9	996.9437866210938
161	10	977.1908569335938
161	11	996.8624267578125
162	0	148.80142211914062
162	1	992.2930908203125
162	2	997.0914916992188
162	3	989.8997802734375
162	4	998.0326538085938
162	5	0.42596742510795593
162	6	248.45303344726562
162	7	997.8826293945312
162	8	977.8053588867188
162	9	997.6409912109375
162	10	999.5800170898438
162	11	925.65625
163	0	925.65625
163	1	-0.09856990724802017
163	2	997.1304931640625
163	3	999.3363647460938
163	4	248.45303344726562
163	5	148.34625244140625
163	6	997.2781372070312
163	7	977.3264770507812
163	8	989.5648803710938
163	9	997.1450805664062
163	10	994.2116088867188
163	11	996.9437866210938
164	0	990.8070068359375
164	1	996.2159423828125
164	2	989.5648803710938
164	3	997.1304931640625
164	4	148.34625244140625
164	5	-0.09856990724802017
164	6	248.45303344726562
164	7	996.8624267578125
164	8	977.1908569335938
164	9	997.1448974609375
164	10	925.65625
164	11	999.3363647460938
165	0	148.80142211914062
165	1	997.2677001953125
165	2	925.7980346679688
165	3	248.61932373046875
165	4	0.42596742510795593
165	5	989.2907104492188
165	6	998.22314453125
165	7	992.2930908203125
165	8	997.7622680664062
165	9	989.8997802734375
165	10	997.534912109375
165	11	997.79052734375
165	12	1000.0198974609375
166	0	996.3491821289062
166	1	997.1304931640625
166	2	-0.09856990724802017
166	3	997.2677001953125
166	4	148.34625244140625
166	5	989.5648803710938
166	6	248.45303344726562
166	7	990.8070068359375
166	8	999.3363647460938
166	9	997.2781372070312
166	10	920.5031127929688
166	11	997.3453979492188
166	12	993.9495849609375
167	0	996.9437866210938
167	1	997.2781372070312
167	2	920.5031127929688
167	3	-0.09856990724802017
167	4	990.8070068359375
167	5	997.3046875
167	6	999.3363647460938
167	7	248.45303344726562
167	8	989.5648803710938
167	9	996.7144775390625
167	10	996.9024658203125
167	11	997.2677001953125
167	12	148.34625244140625
168	0	1000.0601196289062
168	1	996.7144775390625
168	2	999.3363647460938
168	3	148.34625244140625
168	4	996.766845703125
168	5	248.39207458496094
168	6	990.5960693359375
168	7	989.5648803710938
168	8	997.2677001953125
168	9	996.413818359375
168	10	-0.10164312273263931
168	11	926.123046875
168	12	996.8624267578125
168	13	995.1432495117188
168	14	997.8837890625
168	15	999.6205444335938
169	0	994.0647583007812
169	1	148.34625244140625
169	2	997.1304931640625
169	3	996.9437866210938
169	4	-0.10164312273263931
169	5	989.5648803710938
169	6	248.39207458496094
169	7	997.2677001953125
169	8	925.5775756835938
169	9	997.1448974609375
169	10	996.9024658203125
169	11	999.3363647460938
169	12	997.2781372070312
170	0	999.3363647460938
170	1	148.34625244140625
170	2	996.9024658203125
170	3	990.5960693359375
170	4	996.9437866210938
170	5	-0.10164312273263931
170	6	989.5648803710938
170	7	996.7144775390625
170	8	997.2781372070312
170	9	997.2677001953125
170	10	997.1450805664062
170	11	248.39207458496094
170	12	920.5031127929688
171	0	996.3491821289062
171	1	997.2677001953125
171	2	148.34625244140625
171	3	996.8809814453125
171	4	-0.10164312273263931
171	5	990.5960693359375
171	6	248.39207458496094
171	7	989.5648803710938
171	8	926.123046875
171	9	996.8624267578125
171	10	999.3363647460938
171	11	993.932861328125
171	12	996.9024658203125
172	0	997.0260620117188
172	1	-0.10164312273263931
172	2	148.34625244140625
172	3	996.829345703125
172	4	248.39207458496094
172	5	996.766845703125
172	6	998.8932495117188
172	7	997.2677001953125
172	8	989.5648803710938
172	9	996.2159423828125
172	10	990.5960693359375
172	11	996.8624267578125
172	12	925.5775756835938
173	0	994.6260986328125
173	1	999.5800170898438
173	2	997.166259765625
173	3	997.7832641601562
173	4	0.4231819212436676
173	5	918.6636352539062
173	6	992.2930908203125
173	7	148.80142211914062
173	8	997.79052734375
173	9	989.8997802734375
173	10	998.0179443359375
173	11	248.39207458496094
173	12	997.7989501953125
174	0	990.5960693359375
174	1	996.9024658203125
174	2	999.3363647460938
174	3	996.8624267578125
174	4	925.5775756835938
174	5	-0.10164312273263931
174	6	148.34625244140625
174	7	996.829345703125
174	8	248.39207458496094
174	9	989.5648803710938
174	10	997.2677001953125
174	11	996.2159423828125
174	12	997.0260620117188
175	0	999.3363647460938
175	1	993.6709594726562
175	2	148.34625244140625
175	3	996.9024658203125
175	4	248.39207458496094
175	5	991.8392333984375
175	6	996.9437866210938
175	7	996.6593627929688
175	8	997.2781372070312
175	9	-0.10164312273263931
175	10	997.1448974609375
175	11	989.5648803710938
175	12	926.123046875
176	0	998.8932495117188
176	1	996.9024658203125
176	2	926.123046875
176	3	989.5648803710938
176	4	997.2677001953125
176	5	993.6300659179688
176	6	990.5960693359375
176	7	-0.10164312273263931
176	8	148.34625244140625
176	9	248.39207458496094
176	10	996.829345703125
176	11	996.9437866210938
176	12	996.8624267578125
177	0	997.2677001953125
177	1	248.39207458496094
177	2	998.8932495117188
177	3	-0.10164312273263931
177	4	996.766845703125
177	5	990.5960693359375
177	6	148.34625244140625
177	7	996.2159423828125
177	8	994.8646240234375
177	9	989.5648803710938
177	10	925.65625
177	11	996.8624267578125
177	12	997.3046875
178	0	997.2677001953125
178	1	920.5031127929688
178	2	997.2781372070312
178	3	997.3453979492188
178	4	999.3363647460938
178	5	-0.10164312273263931
178	6	248.39207458496094
178	7	989.5648803710938
178	8	148.34625244140625
178	9	997.1304931640625
178	10	990.5968017578125
178	11	996.9437866210938
178	12	997.7252807617188
179	0	996.9437866210938
179	1	248.39207458496094
179	2	925.65625
179	3	993.8807983398438
179	4	996.6593627929688
179	5	-0.10164312273263931
179	6	999.3363647460938
179	7	997.2781372070312
179	8	148.34625244140625
179	9	993.932861328125
179	10	990.5960693359375
179	11	996.5973510742188
179	12	989.5648803710938
180	0	998.8932495117188
180	1	148.34625244140625
180	2	996.3491821289062
180	3	925.6632080078125
180	4	997.2781372070312
180	5	995.1432495117188
180	6	989.5648803710938
180	7	-0.10164312273263931
180	8	248.39207458496094
180	9	990.5960693359375
180	10	996.7144775390625
180	11	996.9024658203125
180	12	997.2677001953125
181	0	-0.10164312273263931
181	1	248.39207458496094
181	2	925.0761108398438
181	3	996.829345703125
181	4	999.3363647460938
181	5	997.2677001953125
181	6	996.8624267578125
181	7	148.34625244140625
181	8	989.5648803710938
181	9	996.766845703125
181	10	990.5960693359375
181	11	996.2159423828125
181	12	997.0260620117188
182	0	996.9437866210938
182	1	997.1304931640625
182	2	-0.10164312273263931
182	3	248.39207458496094
182	4	993.4302978515625
182	5	997.2677001953125
182	6	148.34625244140625
182	7	989.5648803710938
182	8	996.9024658203125
182	9	925.0761108398438
182	10	997.2781372070312
182	11	998.8932495117188
182	12	996.829345703125
183	0	248.39207458496094
183	1	997.166259765625
183	2	997.59326171875
183	3	997.4219360351562
183	4	992.3414916992188
183	5	148.79559326171875
183	6	0.4231819212436676
183	7	989.8997802734375
183	8	925.4492797851562
183	9	997.6409912109375
183	10	999.5800170898438
183	11	998.23828125
183	12	997.7832641601562
184	0	996.7144775390625
184	1	996.9437866210938
184	2	-0.10164312273263931
184	3	997.2677001953125
184	4	148.34042358398438
184	5	248.39207458496094
184	6	991.8392333984375
184	7	989.5648803710938
184	8	997.2781372070312
184	9	925.0761108398438
184	10	996.829345703125
184	11	997.3453979492188
184	12	999.3363647460938
185	0	996.7144775390625
185	1	996.9437866210938
185	2	-0.10164312273263931
185	3	996.6593627929688
185	4	990.5960693359375
185	5	148.34042358398438
185	6	989.5648803710938
185	7	248.39207458496094
185	8	998.8932495117188
185	9	996.9024658203125
185	10	997.2781372070312
185	11	925.0761108398438
185	12	995.1432495117188
186	0	-0.10164312273263931
186	1	925.5775756835938
186	2	999.3363647460938
186	3	995.1432495117188
186	4	248.39207458496094
186	5	997.2677001953125
186	6	996.8624267578125
186	7	996.9437866210938
186	8	996.9024658203125
186	9	148.34042358398438
186	10	989.5648803710938
186	11	996.7144775390625
186	12	994.0647583007812
187	0	248.39207458496094
187	1	997.2677001953125
187	2	989.5648803710938
187	3	996.7144775390625
187	4	148.34042358398438
187	5	925.0761108398438
187	6	-0.10164312273263931
187	7	998.8932495117188
187	8	996.8624267578125
187	9	996.9437866210938
187	10	996.9024658203125
187	11	994.0006713867188
187	12	996.829345703125
188	0	997.2781372070312
188	1	925.0761108398438
188	2	996.6593627929688
188	3	148.34042358398438
188	4	248.39207458496094
188	5	-0.10164312273263931
188	6	996.3491821289062
188	7	998.8932495117188
188	8	990.5960693359375
188	9	997.0260620117188
188	10	997.1450805664062
188	11	996.9024658203125
188	12	989.5648803710938
189	0	1000.0601196289062
189	1	997.0260620117188
189	2	148.34042358398438
189	3	999.3363647460938
189	4	996.9024658203125
189	5	248.39207458496094
189	6	990.5960693359375
189	7	989.5648803710938
189	8	996.9437866210938
189	9	-0.10164312273263931
189	10	997.2677001953125
190	0	996.7144775390625
190	1	148.34042358398438
190	2	996.9024658203125
190	3	248.39207458496094
190	4	999.3363647460938
190	5	925.596435546875
190	6	-0.10164312273263931
190	7	997.2677001953125
190	8	990.6455688476562
190	9	997.839111328125
190	10	989.5648803710938
190	11	997.6334838867188
190	12	996.3491821289062
191	0	997.0260620117188
191	1	248.39207458496094
191	2	999.3363647460938
191	3	997.3453979492188
191	4	148.34042358398438
191	5	925.0761108398438
191	6	989.5648803710938
191	7	-0.10164312273263931
191	8	997.2677001953125
191	9	990.6455688476562
191	10	996.829345703125
191	11	996.8624267578125
191	12	996.9437866210938
192	0	-0.10164312273263931
192	1	996.829345703125
192	2	996.9437866210938
192	3	248.39207458496094
192	4	997.2677001953125
192	5	148.34042358398438
192	6	994.8646240234375
192	7	989.5648803710938
192	8	990.5960693359375
193	0	997.1304931640625
193	1	999.6344604492188
193	2	148.34042358398438
193	3	248.39207458496094
193	4	998.2921752929688
193	5	998.2783813476562
193	6	989.5648803710938
193	7	-0.10164312273263931
193	8	925.6355590820312
193	9	997.1448974609375
193	10	991.8392333984375
193	11	996.6593627929688
193	12	996.3491821289062
194	0	996.9024658203125
194	1	998.8932495117188
194	2	996.5973510742188
194	3	148.34042358398438
194	4	248.39207458496094
194	5	996.9437866210938
194	6	997.2677001953125
194	7	989.5648803710938
194	8	994.0006713867188
194	9	996.8624267578125
194	10	-0.10164312273263931
194	11	925.0761108398438
194	12	995.1432495117188
195	0	925.4492797851562
195	1	0.4231819212436676
195	2	995.8720703125
195	3	248.5943145751953
195	4	148.79559326171875
195	5	998.23828125
195	6	998.0179443359375
195	7	997.7622680664062
195	8	992.2930908203125
195	9	994.5853271484375
195	10	999.5800170898438
195	11	998.22314453125
195	12	989.8997802734375
196	0	997.1448974609375
196	1	997.2677001953125
196	2	996.9024658203125
196	3	998.8932495117188
196	4	989.5648803710938
196	5	997.2781372070312
196	6	994.8646240234375
196	7	-0.10164312273263931
196	8	996.9437866210938
196	9	148.34042358398438
196	10	925.0761108398438
196	11	248.39207458496094
196	12	994.0006713867188
197	0	148.34042358398438
197	1	990.6455688476562
197	2	-0.10164312273263931
197	3	997.2677001953125
197	4	248.39207458496094
197	5	996.829345703125
197	6	996.7144775390625
197	7	997.3453979492188
197	8	989.5648803710938
197	9	996.9437866210938
197	10	997.2781372070312
197	11	925.0761108398438
197	12	999.3363647460938
198	0	997.4219360351562
198	1	997.7989501953125
198	2	0.4231819212436676
198	3	248.5943145751953
198	4	997.6409912109375
198	5	995.2023315429688
198	6	148.79559326171875
198	7	998.22314453125
198	8	997.7622680664062
198	9	997.59326171875
198	10	989.8997802734375
198	11	925.65625
198	12	999.5800170898438
199	0	996.7144775390625
199	1	925.5775756835938
199	2	999.3363647460938
199	3	148.34042358398438
199	4	996.9437866210938
199	5	248.36790466308594
199	6	997.2677001953125
199	7	996.9024658203125
199	8	996.829345703125
199	9	996.8624267578125
199	10	990.5960693359375
199	11	989.5648803710938
199	12	-0.10164312273263931
200	0	248.36790466308594
200	1	993.625
200	2	989.5648803710938
200	3	-0.10164312273263931
200	4	996.8624267578125
200	5	999.3363647460938
200	6	997.1450805664062
200	7	925.0761108398438
200	8	997.1304931640625
200	9	996.9024658203125
200	10	148.34042358398438
200	11	997.2677001953125
200	12	996.3491821289062
201	0	-0.10164312273263931
201	1	996.9437866210938
201	2	248.36790466308594
201	3	148.34042358398438
201	4	990.5960693359375
201	5	996.7144775390625
201	6	989.5648803710938
201	7	996.6593627929688
201	8	997.3453979492188
201	9	999.3363647460938
201	10	925.0761108398438
201	11	997.1448974609375
201	12	997.2781372070312
202	0	998.23828125
202	1	248.36790466308594
202	2	997.6409912109375
202	3	0.4231819212436676
202	4	997.166259765625
202	5	1000.0198974609375
202	6	989.8997802734375
202	7	925.8829345703125
202	8	998.0326538085938
202	9	997.7832641601562
202	10	992.2930908203125
202	11	998.0179443359375
202	12	148.79559326171875
203	0	989.5648803710938
203	1	996.9437866210938
203	2	148.34042358398438
203	3	996.7144775390625
203	4	996.6593627929688
203	5	991.8392333984375
203	6	-0.10164312273263931
203	7	248.36790466308594
203	8	998.8932495117188
203	9	997.3453979492188
203	10	925.0761108398438
203	11	997.2781372070312
203	12	996.829345703125
204	0	0.2571549415588379
204	1	994.6742553710938
204	2	997.811767578125
204	3	925.65625
204	4	989.6222534179688
204	5	148.6256561279297
204	6	999.6344604492188
204	7	248.5701446533203
204	8	997.6695556640625
204	9	997.7180786132812
204	10	992.3430786132812
204	11	997.839111328125
204	12	989.87646484375
205	0	992.2930908203125
205	1	997.7622680664062
205	2	0.4231819212436676
205	3	997.9267578125
205	4	989.8997802734375
205	5	248.5701446533203
205	6	997.534912109375
205	7	148.79559326171875
205	8	997.7979125976562
205	9	925.8829345703125
205	10	999.5800170898438
205	11	998.22314453125
205	12	995.8720703125
206	0	989.5648803710938
206	1	248.36790466308594
206	2	996.8809814453125
206	3	148.34042358398438
206	4	991.8392333984375
206	5	997.1259155273438
206	6	-0.10164312273263931
206	7	996.9437866210938
206	8	996.829345703125
206	9	997.2781372070312
206	10	925.0761108398438
206	11	996.9010620117188
206	12	998.8932495117188
207	0	993.4656982421875
207	1	996.3430786132812
207	2	148.34042358398438
207	3	989.5648803710938
207	4	-0.10164312273263931
207	5	248.36790466308594
207	6	996.9437866210938
207	7	996.5266723632812
207	8	925.0758666992188
207	9	996.829345703125
207	10	999.3363647460938
207	11	996.8624267578125
207	12	996.9010620117188
208	0	992.2930908203125
208	1	248.5701446533203
208	2	989.8997802734375
208	3	148.34042358398438
208	4	994.9129638671875
208	5	997.7622680664062
208	6	997.3307495117188
208	7	0.4231819212436676
208	8	997.7832641601562
208	9	1000.0198974609375
208	10	925.212890625
208	11	997.6409912109375
208	12	997.7979125976562
209	0	996.5266723632812
209	1	-0.10164312273263931
209	2	148.34042358398438
209	3	996.3491821289062
209	4	248.36790466308594
209	5	996.3430786132812
209	6	990.5960693359375
209	7	989.5648803710938
209	8	996.8624267578125
209	9	996.9010620117188
209	10	925.0761108398438
209	11	996.829345703125
209	12	999.3363647460938
210	0	996.3430786132812
210	1	996.3491821289062
210	2	-0.10164312273263931
210	3	990.5960693359375
210	4	996.5266723632812
210	5	989.5648803710938
210	6	248.36790466308594
210	7	148.34042358398438
210	8	924.9388427734375
210	9	996.8624267578125
210	10	996.829345703125
210	11	998.8932495117188
210	12	996.9010620117188
211	0	0.4231819212436676
211	1	997.7622680664062
211	2	248.5701446533203
211	3	148.34042358398438
211	4	997.9267578125
211	5	995.052978515625
211	6	996.8042602539062
211	7	989.8997802734375
212	0	996.5266723632812
212	1	996.3491821289062
212	2	996.6546630859375
212	3	989.5648803710938
212	4	248.36790466308594
212	5	-0.10164312273263931
212	6	990.5960693359375
212	7	148.34042358398438
212	8	997.8524169921875
212	9	999.6344604492188
212	10	997.839111328125
212	11	997.6334838867188
212	12	925.6359252929688
213	0	989.5648803710938
213	1	-0.10164312273263931
213	2	996.9437866210938
213	3	996.2259521484375
213	4	248.36790466308594
213	5	148.34042358398438
213	6	997.1259155273438
213	7	990.5960693359375
213	8	997.3046875
213	9	999.3363647460938
213	10	925.0761108398438
213	11	996.9010620117188
213	12	996.7457275390625
214	0	999.3363647460938
214	1	996.8624267578125
214	2	996.9437866210938
214	3	996.9010620117188
214	4	996.5095825195312
214	5	994.0006713867188
214	6	-0.10164312273263931
214	7	997.1450805664062
214	8	925.2467651367188
214	9	148.34042358398438
214	10	248.36790466308594
214	11	989.5648803710938
214	12	996.5266723632812
215	0	-0.10164312273263931
215	1	996.5266723632812
215	2	996.829345703125
215	3	996.3491821289062
215	4	997.343994140625
215	5	999.3363647460938
215	6	996.2259521484375
215	7	997.1810302734375
215	8	148.34042358398438
215	9	925.2467651367188
215	10	989.5648803710938
215	11	990.6455688476562
215	12	248.42886352539062
216	0	997.7979125976562
216	1	998.22314453125
216	2	997.3307495117188
216	3	997.7622680664062
216	4	925.48876953125
216	5	148.79559326171875
216	6	995.052978515625
216	7	996.8042602539062
216	8	0.4231819212436676
216	9	997.6409912109375
216	10	999.5800170898438
216	11	989.8997802734375
216	12	248.42886352539062
217	0	996.8624267578125
217	1	-0.10164312273263931
217	2	925.0761108398438
217	3	990.5960693359375
217	4	998.8932495117188
217	5	989.5648803710938
217	6	997.343994140625
217	7	996.3430786132812
217	8	996.829345703125
217	9	248.42886352539062
217	10	996.3491821289062
217	11	148.34042358398438
217	12	997.1259155273438
218	0	-0.10164312273263931
218	1	148.34042358398438
218	2	989.5648803710938
218	3	999.3363647460938
218	4	997.343994140625
218	5	996.8624267578125
218	6	997.1259155273438
218	7	248.42886352539062
218	8	996.5095825195312
218	9	996.3491821289062
218	10	996.829345703125
218	11	925.6632080078125
218	12	990.5960693359375
219	0	996.8624267578125
219	1	248.42886352539062
219	2	996.9010620117188
219	3	996.5266723632812
219	4	996.3491821289062
219	5	925.237548828125
219	6	996.829345703125
219	7	996.6546630859375
219	8	990.5960693359375
219	9	-0.10164312273263931
219	10	148.34042358398438
219	11	999.3363647460938
219	12	989.5648803710938
220	0	996.9437866210938
220	1	996.6546630859375
220	2	-0.10164312273263931
220	3	993.4656982421875
220	4	996.9010620117188
220	5	996.8624267578125
220	6	996.5266723632812
220	7	989.5648803710938
220	8	925.0761108398438
220	9	148.34042358398438
220	10	996.829345703125
220	11	998.8932495117188
220	12	248.42886352539062
221	0	986.2944946289062
221	1	248.59515380859375
221	2	998.2372436523438
221	3	997.7622680664062
221	4	997.6409912109375
221	5	925.4492797851562
221	6	148.79559326171875
221	7	0.4231819212436676
221	8	989.8997802734375
221	9	997.9267578125
221	10	1000.0198974609375
221	11	996.8042602539062
221	12	998.22314453125
222	0	998.8932495117188
222	1	989.5648803710938
222	2	996.8624267578125
222	3	990.5960693359375
222	4	-0.10164312273263931
222	5	997.1259155273438
222	6	997.343994140625
222	7	925.0761108398438
222	8	996.829345703125
222	9	996.3491821289062
222	10	248.42886352539062
222	11	148.34042358398438
222	12	996.2259521484375
223	0	993.4656982421875
223	1	-0.10164312273263931
223	2	996.829345703125
223	3	996.9010620117188
223	4	996.3430786132812
223	5	989.5648803710938
223	6	248.42886352539062
223	7	925.0761108398438
223	8	996.8624267578125
223	9	996.5266723632812
223	10	999.3363647460938
223	11	148.34042358398438
223	12	996.9437866210938
224	0	996.3430786132812
224	1	-0.10164312273263931
224	2	989.5648803710938
224	3	990.5960693359375
224	4	997.1259155273438
224	5	148.34042358398438
224	6	997.3046875
224	7	996.8624267578125
224	8	996.9437866210938
224	9	999.3363647460938
224	10	299.0310974121094
224	11	248.42886352539062
224	12	996.9010620117188
225	0	-0.10164312273263931
225	1	996.829345703125
225	2	996.9437866210938
225	3	298.96282958984375
225	4	999.3363647460938
225	5	997.343994140625
225	6	248.42886352539062
225	7	996.2259521484375
225	8	148.34042358398438
225	9	989.5648803710938
225	10	996.8624267578125
225	11	990.5960693359375
225	12	996.5266723632812
226	0	996.9437866210938
226	1	-0.10164312273263931
226	2	298.96282958984375
226	3	993.932861328125
226	4	248.42886352539062
226	5	148.34042358398438
226	6	989.5648803710938
226	7	996.3430786132812
226	8	999.3363647460938
226	9	997.343994140625
226	10	996.8624267578125
226	11	990.5960693359375
226	12	997.1259155273438
227	0	999.5800170898438
227	1	997.79052734375
227	2	298.96282958984375
227	3	992.2930908203125
227	4	0.4231819212436676
227	5	998.22314453125
227	6	148.79559326171875
227	7	996.8042602539062
227	8	997.9267578125
227	9	248.59515380859375
227	10	997.7979125976562
227	11	989.8997802734375
227	12	997.166259765625
228	0	996.3430786132812
228	1	-0.10164312273263931
228	2	993.932861328125
228	3	997.343994140625
228	4	993.4656982421875
228	5	248.42886352539062
228	6	989.5648803710938
228	7	996.3491821289062
228	8	999.3363647460938
228	9	996.5266723632812
228	10	996.8624267578125
228	11	148.34042358398438
228	12	299.1443786621094
229	0	148.34042358398438
229	1	997.3307495117188
229	2	998.2372436523438
229	3	1000.0198974609375
229	4	992.2930908203125
229	5	0.4231819212436676
229	6	248.59515380859375
229	7	997.7832641601562
229	8	997.6409912109375
229	9	989.8997802734375
229	10	299.429931640625
229	11	997.7622680664062
229	12	997.0415649414062
230	0	299.1390075683594
230	1	148.34042358398438
230	2	996.9010620117188
230	3	993.4302978515625
230	4	996.5266723632812
230	5	996.9437866210938
230	6	-0.10164312273263931
230	7	998.8932495117188
230	8	996.3430786132812
230	9	996.8624267578125
230	10	997.1448974609375
230	11	248.42886352539062
230	12	989.5648803710938
231	0	1000.0601196289062
231	1	983.938720703125
231	2	998.2783813476562
231	3	299.42706298828125
231	4	148.6256561279297
231	5	248.4623565673828
231	6	996.9788818359375
231	7	997.8837890625
231	8	997.74755859375
231	9	1000.059814453125
231	10	999.6344604492188
231	11	997.1226806640625
231	12	989.87646484375
231	13	997.8524169921875
231	14	997.3597412109375
231	15	999.9842529296875
231	16	0.4231819212436676
232	0	989.9268798828125
232	1	0.2571549415588379
232	2	997.5811767578125
232	3	997.1226806640625
232	4	248.4623565673828
232	5	148.79559326171875
232	6	989.87646484375
232	7	993.8715209960938
232	8	999.9842529296875
232	9	999.9843139648438
232	10	299.6998596191406
232	11	1000.07373046875
232	12	998.2911376953125
232	13	998.2783813476562
232	14	994.8406982421875
233	0	999.3363037109375
233	1	148.34042358398438
233	2	248.42886352539062
233	3	996.659423828125
233	4	997.343994140625
233	5	-0.10164312273263931
233	6	988.7140502929688
233	7	993.936279296875
233	8	989.5648803710938
233	9	299.1564636230469
233	10	998.8932495117188
233	11	996.3491821289062
233	12	999.3363647460938
233	13	996.3430786132812
233	14	997.2781372070312
234	0	989.9481811523438
234	1	248.59515380859375
234	2	996.7459106445312
234	3	1000.0198974609375
234	4	1000.0198974609375
234	5	997.7550659179688
234	6	998.2372436523438
234	7	148.79559326171875
234	8	0.4231819212436676
234	9	997.166259765625
234	10	1000.0198364257812
234	11	998.0180053710938
234	12	989.8997802734375
234	13	299.6998596191406
234	14	998.22314453125
235	0	989.87646484375
235	1	248.4623565673828
235	2	0.4231819212436676
235	3	1000.07373046875
235	4	148.79559326171875
235	5	997.1226806640625
235	6	996.9867553710938
235	7	999.6344604492188
235	8	983.9174194335938
235	9	997.9735107421875
236	0	997.2678833007812
236	1	148.34042358398438
236	2	996.3491821289062
236	3	993.1585693359375
236	4	989.5648803710938
236	5	999.3363647460938
236	6	-0.10164312273263931
236	7	983.3079833984375
236	8	999.3363037109375
236	9	248.42886352539062
237	0	993.8013916015625
237	1	1000.0198364257812
237	2	997.4219970703125
237	3	998.2783813476562
237	4	999.5800170898438
237	5	989.8997802734375
237	6	0.4231819212436676
237	7	299.6089782714844
237	8	989.9481811523438
237	9	997.8524169921875
237	10	994.8406982421875
237	11	248.59515380859375
237	12	148.34042358398438
237	13	997.7622680664062
237	14	999.6344604492188
238	0	0.4231819212436676
238	1	989.87646484375
238	2	997.9735107421875
238	3	148.6256561279297
238	4	999.6344604492188
238	5	1000.07373046875
238	6	997.7180786132812
238	7	986.938232421875
238	8	988.9755859375
238	9	248.4623565673828
239	0	998.8932495117188
239	1	998.8931884765625
239	2	-0.10164312273263931
239	3	989.5648803710938
239	4	986.2664184570312
239	5	248.42886352539062
239	6	993.1585693359375
239	7	996.9437866210938
239	8	148.34042358398438
239	9	996.659423828125
240	0	998.2940063476562
240	1	0.4231819212436676
240	2	1000.0198974609375
240	3	989.8997802734375
240	4	986.9612426757812
240	5	997.7622680664062
240	6	997.4219970703125
240	7	986.31103515625
240	8	248.59515380859375
240	9	999.5799560546875
240	10	148.79559326171875
241	0	998.8931884765625
241	1	248.42886352539062
241	2	996.9437866210938
241	3	991.3910522460938
241	4	989.5648803710938
241	5	-0.10164312273263931
241	6	997.2678833007812
241	7	986.2664184570312
241	8	998.8932495117188
241	9	148.34042358398438
241	10	995.97998046875
241	11	997.8524169921875
241	12	299.6089782714844
241	13	997.74755859375
241	14	998.2783813476562
241	15	999.6344604492188
242	0	-0.10164312273263931
242	1	988.7140502929688
242	2	996.659423828125
242	3	989.5648803710938
242	4	248.42886352539062
242	5	148.34042358398438
242	6	994.4104614257812
242	7	998.8931884765625
242	8	996.7692260742188
242	9	998.8932495117188
242	10	996.3491821289062
243	0	996.9437866210938
243	1	999.3363037109375
243	2	989.5648803710938
243	3	-0.10164312273263931
243	4	148.34042358398438
243	5	248.42886352539062
243	6	991.3963623046875
243	7	996.659423828125
243	8	996.4638061523438
243	9	986.2664184570312
243	10	999.3363647460938
244	0	987.9839477539062
244	1	299.54913330078125
244	2	296.901611328125
244	3	993.2747802734375
244	4	996.924072265625
244	5	997.8950805664062
245	0	999.6344604492188
245	1	0.2571549415588379
245	2	997.7180786132812
245	3	986.9612426757812
245	4	999.6344604492188
245	5	997.839111328125
245	6	248.59515380859375
245	7	986.31103515625
245	8	997.74755859375
245	9	299.5773620605469
245	10	989.87646484375
245	11	1000.07373046875
245	12	997.8524169921875
245	13	997.4219970703125
245	14	148.6256561279297
246	0	998.8932495117188
246	1	299.01983642578125
246	2	991.0133056640625
246	3	996.8624267578125
246	4	997.2518310546875
246	5	248.42886352539062
246	6	999.3363037109375
246	7	996.9437866210938
246	8	997.2678833007812
246	9	993.936279296875
246	10	-0.10164312273263931
246	11	986.2664184570312
246	12	989.5648803710938
246	13	998.8932495117188
246	14	148.34042358398438
247	0	989.5648803710938
247	1	998.8931884765625
247	2	983.3079833984375
247	3	-0.10164312273263931
247	4	996.9437866210938
247	5	148.34042358398438
247	6	998.8932495117188
247	7	996.9447631835938
247	8	248.42886352539062
247	9	994.4104614257812
247	10	997.2678833007812
248	0	248.4623565673828
248	1	997.74755859375
248	2	997.839111328125
248	3	997.92919921875
248	4	0.2571549415588379
248	5	997.3781127929688
248	6	999.6344604492188
248	7	991.732666015625
248	8	298.98028564453125
248	9	997.7180786132812
248	10	998.2911376953125
248	11	989.87646484375
248	12	148.6256561279297
248	13	1000.07373046875
248	14	986.5896606445312
248	15	999.6344604492188
249	0	998.2911376953125
249	1	997.9735107421875
249	2	997.5199584960938
249	3	148.6256561279297
249	4	248.59515380859375
249	5	989.5552978515625
249	6	997.7180786132812
249	7	998.2783813476562
249	8	999.6344604492188
249	9	999.6344604492188
249	10	0.2571549415588379
249	11	999.6610107421875
249	12	299.4261474609375
249	13	991.75390625
249	14	999.6344604492188
249	15	976.2429809570312
249	16	989.87646484375
250	0	995.345947265625
250	1	989.8997802734375
250	2	992.8707275390625
250	3	989.5765991210938
250	4	248.59515380859375
250	5	148.86305236816406
250	6	997.4219970703125
250	7	1000.0198364257812
250	8	1000.0198974609375
250	9	997.7622680664062
250	10	0.4231819212436676
250	11	997.9042358398438
250	12	997.2685546875
250	13	299.75762939453125
250	14	998.22314453125
250	15	981.4219360351562
250	16	997.7979125976562
250	17	1000.0198974609375
251	0	148.320556640625
251	1	999.2942504882812
251	2	991.1171264648438
251	3	998.8931884765625
251	4	997.2678833007812
251	5	980.5555419921875
251	6	997.107666015625
251	7	996.9437866210938
251	8	299.1564636230469
251	9	985.8951416015625
251	10	989.5648803710938
251	11	248.42886352539062
251	12	996.9010620117188
251	13	-0.10164312273263931
251	14	998.8932495117188
251	15	997.2781372070312
251	16	998.8932495117188
252	0	998.8932495117188
252	1	991.1171264648438
252	2	999.3363647460938
252	3	997.343994140625
252	4	248.42886352539062
252	5	148.320556640625
252	6	989.5648803710938
252	7	996.8624267578125
252	8	-0.10164312273263931
252	9	996.3491821289062
252	10	997.107666015625
252	11	996.659423828125
252	12	299.1564636230469
252	13	998.8931884765625
252	14	985.8951416015625
252	15	998.6950073242188
252	16	980.5552978515625
253	0	999.3363037109375
253	1	248.42886352539062
253	2	999.3363647460938
253	3	999.2942504882812
253	4	989.5648803710938
253	5	985.8951416015625
253	6	996.3491821289062
253	7	997.2678833007812
253	8	-0.10164312273263931
253	9	148.320556640625
253	10	997.107666015625
253	11	994.5142822265625
253	12	980.5555419921875
253	13	998.8932495117188
253	14	299.1564636230469
253	15	997.2781372070312
253	16	997.101806640625
253	17	997.629150390625
254	0	986.3834838867188
254	1	248.42886352539062
254	2	996.9437866210938
254	3	-0.10164312273263931
254	4	996.659423828125
254	5	997.107666015625
254	6	148.320556640625
254	7	991.1171264648438
254	8	999.2942504882812
254	9	999.3363647460938
254	10	998.8931884765625
254	11	989.5648803710938
254	12	999.3363647460938
254	13	997.2781372070312
254	14	299.1564636230469
254	15	996.9010620117188
254	16	983.4468383789062
254	17	995.97998046875
255	0	989.5648803710938
255	1	-0.10164312273263931
255	2	999.3363647460938
255	3	991.1171264648438
255	4	999.2942504882812
255	5	248.42886352539062
255	6	996.659423828125
255	7	997.107666015625
255	8	996.3491821289062
255	9	998.8931884765625
255	10	148.320556640625
255	11	986.3834838867188
255	12	996.0471801757812
255	13	996.7654418945312
255	14	299.1564636230469
255	15	998.8932495117188
255	16	997.2781372070312
255	17	980.5555419921875
255	18	997.8837890625
255	19	999.6202392578125
256	0	990.7369995117188
256	1	149.79835510253906
256	2	296.901611328125
256	3	998.0057983398438
256	4	990.0301513671875
256	5	997.8397216796875
257	0	997.8837890625
257	1	981.4088134765625
257	2	0.2571549415588379
257	3	991.818359375
257	4	989.8997802734375
257	5	248.59515380859375
257	6	999.6344604492188
257	7	999.6344604492188
257	8	986.5896606445312
257	9	997.7622680664062
257	10	148.79559326171875
257	11	1000.063232421875
257	12	996.867431640625
257	13	997.3781127929688
258	0	984.4595947265625
258	1	997.8837890625
258	2	0.2571549415588379
258	3	148.79559326171875
258	4	999.4678344726562
258	5	997.3781127929688
258	6	989.87646484375
258	7	991.818603515625
258	8	999.6344604492188
258	9	997.7180786132812
258	10	999.6344604492188
258	11	983.5458374023438
258	12	997.959228515625
258	13	248.4623565673828
259	0	999.2942504882812
259	1	998.8931884765625
259	2	989.5648803710938
259	3	148.34042358398438
259	4	985.8951416015625
259	5	989.0352172851562
259	6	997.1075439453125
259	7	996.9437866210938
259	8	999.3363647460938
259	9	-0.10164312273263931
259	10	248.42886352539062
259	11	994.4326171875
259	12	997.2678833007812
260	0	997.7180786132812
260	1	997.839111328125
260	2	999.6344604492188
260	3	997.9735107421875
260	4	984.3045654296875
260	5	1000.07373046875
260	6	999.9843139648438
260	7	248.42886352539062
260	8	299.6089782714844
260	9	991.818603515625
260	10	148.6256561279297
260	11	0.2571549415588379
260	12	999.4678344726562
260	13	989.87646484375
260	14	997.959228515625
260	15	997.8524169921875
260	16	989.5552978515625
261	0	299.1564636230469
261	1	991.1171264648438
261	2	983.4468383789062
261	3	989.5648803710938
261	4	999.2942504882812
261	5	996.9437866210938
261	6	997.1075439453125
261	7	998.8931884765625
261	8	-0.10164312273263931
261	9	997.2781372070312
261	10	998.8932495117188
261	11	996.9010620117188
261	12	148.34042358398438
261	13	985.8951416015625
261	14	997.2678833007812
261	15	248.42886352539062
261	16	999.3363647460938
262	0	997.166259765625
262	1	148.34042358398438
262	2	1000.0347900390625
262	3	984.3120727539062
262	4	997.4219970703125
262	5	997.9042358398438
262	6	998.22314453125
262	7	0.4231819212436676
262	8	998.2372436523438
262	9	986.5896606445312
262	10	299.7392883300781
262	11	999.5799560546875
262	12	1000.0198974609375
262	13	991.75390625
262	14	989.8997802734375
262	15	1000.0198974609375
262	16	248.59515380859375
263	0	-0.10164312273263931
263	1	999.4678344726562
263	2	997.5199584960938
263	3	299.6089782714844
263	4	999.6344604492188
263	5	1000.07373046875
263	6	989.87646484375
263	7	989.5552978515625
263	8	1000.07373046875
263	9	992.9354248046875
263	10	998.2783813476562
263	11	248.4623565673828
263	12	997.1226806640625
263	13	995.5634765625
263	14	981.3922119140625
263	15	997.8524169921875
263	16	148.6256561279297
263	17	996.9876708984375
264	0	996.8624267578125
264	1	986.3834838867188
264	2	998.8931884765625
264	3	-0.10164312273263931
264	4	997.1075439453125
264	5	996.9437866210938
264	6	983.4468383789062
264	7	298.8644714355469
264	8	996.9010620117188
264	9	989.5648803710938
264	10	997.3242797851562
264	11	998.8932495117188
264	12	248.42886352539062
264	13	999.3363647460938
264	14	999.2942504882812
264	15	994.5142822265625
264	16	148.34042358398438
265	0	981.7659301757812
265	1	999.3363647460938
265	2	148.34042358398438
265	3	996.8624267578125
265	4	248.42886352539062
265	5	988.342529296875
265	6	999.3363037109375
265	7	996.9437866210938
265	8	989.5648803710938
265	9	299.1564636230469
265	10	996.9010620117188
265	11	-0.10164312273263931
265	12	992.3528442382812
265	13	997.1075439453125
265	14	999.2942504882812
265	15	999.3363647460938
265	16	997.3242797851562
266	0	997.9732055664062
266	1	1000.07373046875
266	2	148.79559326171875
266	3	995.0640258789062
266	4	983.5457153320312
266	5	997.5199584960938
266	6	248.4623565673828
266	7	1000.07373046875
266	8	997.7180786132812
266	9	999.4678344726562
266	10	989.87646484375
266	11	0.2571549415588379
266	12	997.629150390625
266	13	999.6344604492188
266	14	299.42706298828125
266	15	981.3922119140625
266	16	997.839111328125
266	17	997.777587890625
266	18	997.8837890625
267	0	148.34042358398438
267	1	998.8932495117188
267	2	206.81114196777344
267	3	996.9010620117188
267	4	991.1171264648438
267	5	998.8932495117188
267	6	982.9364624023438
267	7	996.8719482421875
267	8	-0.10164312273263931
267	9	983.7733764648438
267	10	299.1047058105469
267	11	999.2942504882812
267	12	999.3363037109375
267	13	997.2781372070312
267	14	989.5648803710938
267	15	997.1075439453125
267	16	996.3491821289062
268	0	-0.10164312273263931
268	1	206.81114196777344
268	2	989.5648803710938
268	3	996.9437866210938
268	4	985.8948974609375
268	5	997.1075439453125
268	6	997.629150390625
268	7	999.3363037109375
268	8	999.2942504882812
268	9	999.3363647460938
268	10	991.1171264648438
268	11	148.34042358398438
268	12	997.3242797851562
269	0	997.777587890625
269	1	999.3363647460938
269	2	991.1171264648438
269	3	999.6344604492188
269	4	206.81114196777344
269	5	148.34042358398438
269	6	982.9364624023438
269	7	996.8719482421875
269	8	-0.10164312273263931
269	9	299.61126708984375
269	10	996.9437866210938
269	11	998.2783813476562
269	12	984.3045654296875
269	13	996.6892700195312
269	14	999.2942504882812
269	15	999.3363037109375
269	16	989.5648803710938
270	0	981.4219360351562
270	1	0.4231819212436676
270	2	148.79559326171875
270	3	989.8997802734375
270	4	1000.0347900390625
270	5	991.75390625
270	6	999.5799560546875
270	7	997.166259765625
270	8	1000.0198974609375
270	9	997.5777587890625
270	10	206.81114196777344
270	11	997.46435546875
270	12	986.5895385742188
