8	0	-3.186811923980713
8	1	-1.3981488943099976
8	2	1.1392314434051514
8	3	3.4744515419006348
8	4	-3.1568915843963623
8	5	-1.9844954013824463
8	6	3.4927525520324707
8	7	2.3115365505218506
9	0	-0.0381622277200222
9	1	-3.225958824157715
9	2	-1.3981488943099976
9	3	-3.482961416244507
9	4	3.4635045528411865
9	5	2.2794718742370605
9	6	3.469393730163574
9	7	-1.5708972215652466
10	0	-3.1597747802734375
10	1	1.1780591011047363
10	2	-3.2085630893707275
10	3	3.4635045528411865
10	4	-1.3981488943099976
10	5	3.068143844604492
11	0	-3.2085630893707275
11	1	-3.1597747802734375
11	2	-2.082923650741577
11	3	1.1780591011047363
11	4	-1.3981488943099976
11	5	3.08425235748291
11	6	3.4635045528411865
11	7	3.4915270805358887
12	0	3.4635045528411865
12	1	-3.482961416244507
12	2	-3.225958824157715
12	3	0.014680279418826103
12	4	-1.3981488943099976
12	5	3.37211275100708
12	6	-1.3651800155639648
12	7	3.470308542251587
13	0	-1.3981488943099976
13	1	-0.0381622277200222
13	2	-3.482961416244507
13	3	3.37211275100708
13	4	3.4635045528411865
13	5	-3.225958824157715
13	6	-1.5708972215652466
13	7	3.452969789505005
14	0	-1.3981488943099976
14	1	-0.0381622277200222
14	2	2.3813347816467285
14	3	3.4635045528411865
14	4	-3.274747133255005
14	5	-3.225958824157715
14	6	2.7766330242156982
14	7	-1.3651800155639648
15	0	-3.2329297065734863
15	1	-1.4192975759506226
15	2	1.2977160215377808
15	3	3.4852545261383057
15	4	-3.24710750579834
15	5	3.491769790649414
15	6	-1.3863285779953003
15	7	3.470308542251587
16	0	-3.1597747802734375
16	1	-1.901850938796997
16	2	0.9857810139656067
16	3	3.4744515419006348
16	4	2.4053232669830322
16	5	-3.213111400604248
17	0	-3.1597747802734375
17	1	3.4635045528411865
17	2	-3.152343511581421
17	3	-1.3981488943099976
17	4	1.1780591011047363
17	5	2.881366729736328
17	6	-2.0317962169647217
17	7	3.40610933303833
18	0	3.4635045528411865
18	1	-1.445569634437561
18	2	3.40610933303833
18	3	-3.1597747802734375
18	4	-3.4167773723602295
18	5	0.014680279418826103
18	6	3.504305124282837
18	7	-1.3981488943099976
19	0	3.068143844604492
19	1	1.1780591011047363
19	2	3.4635045528411865
19	3	-3.274747133255005
19	4	-3.225958824157715
19	5	-1.3981488943099976
19	6	-1.5117536783218384
19	7	3.452969789505005
20	0	1.1780591011047363
20	1	3.4915270805358887
20	2	3.504305124282837
20	3	-3.1597747802734375
20	4	-3.152343511581421
20	5	-1.3981488943099976
20	6	-1.2460085153579712
20	7	3.4635045528411865
21	0	3.4635045528411865
21	1	1.1780591011047363
21	2	-1.2460085153579712
21	3	-3.1597747802734375
21	4	2.7766330242156982
21	5	-1.3981488943099976
21	6	-3.4167773723602295
21	7	3.4915270805358887
22	0	-3.1597747802734375
22	1	3.4635045528411865
22	2	1.1780591011047363
22	3	-1.3981488943099976
22	4	-3.152343511581421
22	5	3.068143844604492
22	6	-1.2460085153579712
22	7	2.3134679794311523
23	0	1.1780591011047363
23	1	-1.3981488943099976
23	2	3.4635045528411865
23	3	-3.083549737930298
23	4	3.068143844604492
23	5	-3.0761184692382812
24	0	3.40610933303833
24	1	-2.0063962936401367
24	2	3.5219545364379883
24	3	-1.3981488943099976
24	4	-3.1597747802734375
24	5	1.1780591011047363
24	6	-2.591482639312744
24	7	3.4635045528411865
25	0	2.3813347816467285
25	1	3.504305124282837
25	2	-1.445569634437561
25	3	-3.1597747802734375
25	4	-1.3981488943099976
25	5	3.4635045528411865
25	6	1.1780591011047363
25	7	-2.5524027347564697
26	0	-3.186811923980713
26	1	2.295933485031128
26	2	-1.9240460395812988
26	3	2.270367383956909
26	4	-1.3981488943099976
26	5	-3.059749126434326
26	6	-0.04663617163896561
26	7	3.4744515419006348
27	0	-3.1597747802734375
27	1	1.1780591011047363
27	2	-2.7606170177459717
27	3	3.4915270805358887
27	4	-1.3981488943099976
27	5	2.3864431381225586
27	6	-1.2460085153579712
27	7	3.4635045528411865
28	0	-2.684391975402832
28	1	3.4635045528411865
28	2	-1.3981488943099976
28	3	2.138835906982422
28	4	0.014680279418826103
28	5	-3.083549737930298
28	6	-1.2460085153579712
28	7	2.8573784828186035
29	0	-2.826801061630249
29	1	-1.3981488943099976
29	2	3.068143844604492
29	3	-1.5117536783218384
29	4	2.8573784828186035
29	5	0.014680279418826103
29	6	-3.225958824157715
29	7	3.4635045528411865
30	0	1.1780591011047363
30	1	-1.3981488943099976
30	2	-2.7606170177459717
30	3	2.3134679794311523
30	4	-1.445569634437561
30	5	-3.1597747802734375
30	6	3.4635045528411865
30	7	3.4915270805358887
31	0	-1.3981488943099976
31	1	-2.7606170177459717
31	2	1.1780591011047363
31	3	-3.1597747802734375
31	4	-1.445569634437561
31	5	2.3813347816467285
31	6	3.4635045528411865
31	7	3.4751031398773193
32	0	-1.2460085153579712
32	1	3.051719903945923
32	2	3.40610933303833
32	3	-3.1597747802734375
32	4	3.4635045528411865
32	5	-1.3981488943099976
32	6	0.014680279418826103
32	7	-2.7606170177459717
33	0	-1.3981488943099976
33	1	2.2882473468780518
33	2	1.275339961051941
33	3	-3.1597747802734375
33	4	-1.445569634437561
33	5	3.4751031398773193
33	6	-2.7606170177459717
33	7	3.4635045528411865
34	0	-2.5524027347564697
34	1	-3.1597747802734375
34	2	3.4915270805358887
34	3	-1.3981488943099976
34	4	3.4635045528411865
34	5	0.014680279418826103
34	6	-1.445569634437561
34	7	3.504305124282837
35	0	3.068143844604492
35	1	-1.5117536783218384
35	2	-3.225958824157715
35	3	2.2794718742370605
35	4	3.4635045528411865
35	5	-2.826801061630249
35	6	0.014680279418826103
35	7	-1.3981488943099976
36	0	2.3134679794311523
36	1	-3.1597747802734375
36	2	-1.3981488943099976
36	3	3.068143844604492
36	4	-2.496183156967163
36	5	3.4635045528411865
36	6	1.1780591011047363
37	0	-1.3981488943099976
37	1	3.470308542251587
37	2	0.014680279418826103
37	3	3.4635045528411865
37	4	-2.618586778640747
37	5	-1.9240460395812988
37	6	3.469393730163574
37	7	-3.1597747802734375
38	0	2.3115365505218506
38	1	-1.2101755142211914
38	2	-1.4192975759506226
38	3	-2.528549909591675
38	4	-3.053922414779663
38	5	2.7875800132751465
38	6	3.4744515419006348
38	7	0.9857810139656067
39	0	1.1392314434051514
39	1	-3.164323091506958
39	2	3.08425235748291
39	3	3.5281801223754883
39	4	-1.445569634437561
39	5	-1.8021169900894165
39	6	-2.739309310913086
39	7	3.4744515419006348
40	0	3.4852545261383057
40	1	2.352447032928467
40	2	-1.4192975759506226
40	3	-3.24710750579834
40	4	1.2977160215377808
40	5	-1.5329022407531738
40	6	-2.6329891681671143
40	7	3.491769790649414
41	0	2.2794718742370605
41	1	1.1780591011047363
41	2	-1.3981488943099976
41	3	3.4635045528411865
41	4	-2.496183156967163
41	5	-3.1597747802734375
41	6	3.469393730163574
41	7	-1.2460085153579712
42	0	3.4635045528411865
42	1	-2.4199581146240234
42	2	-3.083549737930298
42	3	-1.3981488943099976
42	4	1.1780591011047363
42	5	2.3813347816467285
42	6	-1.2460085153579712
42	7	3.4751031398773193
43	0	0.9857810139656067
43	1	3.4744515419006348
43	2	2.223207712173462
43	3	-2.9992523193359375
43	4	-2.473879814147949
43	5	-2.1754496097564697
43	6	-1.9061625003814697
43	7	2.4053232669830322
44	0	-1.8807623386383057
44	1	-2.0063962936401367
44	2	3.4744515419006348
44	3	3.50917649269104
44	4	2.150578022003174
44	5	-3.053922414779663
44	6	0.9857810139656067
44	7	-3.0037431716918945
45	0	-2.7955291271209717
45	1	-1.9015573263168335
45	2	-3.164323091506958
45	3	3.4427623748779297
45	4	-1.8021169900894165
45	5	3.4744515419006348
45	6	1.1392314434051514
45	7	2.337425708770752
46	0	-0.07698988914489746
46	1	2.7875800132751465
46	2	-1.7019962072372437
46	3	-3.164323091506958
46	4	-1.8021169900894165
46	5	3.4744515419006348
46	6	3.1006762981414795
46	7	-2.7955291271209717
47	0	3.511756181716919
47	1	3.4427623748779297
47	2	3.4744515419006348
47	3	-3.164323091506958
47	4	1.1392314434051514
47	5	-3.0037431716918945
47	6	-1.8021169900894165
47	7	-1.9015573263168335
48	0	3.4237587451934814
48	1	-3.186811923980713
48	2	-1.8021169900894165
48	3	-0.04663617163896561
48	4	2.295933485031128
48	5	3.4744515419006348
48	6	-3.0037431716918945
48	7	-1.724484920501709
49	0	3.5281801223754883
49	1	-3.0037431716918945
49	2	3.4744515419006348
49	3	-3.164323091506958
49	4	0.023269567638635635
49	5	-1.8021169900894165
50	0	-0.02414737269282341
50	1	-3.164323091506958
50	2	-1.8021169900894165
50	3	3.4744515419006348
50	4	2.3115365505218506
50	5	-3.0037431716918945
51	0	3.4744515419006348
51	1	-3.164323091506958
51	2	-3.0037431716918945
51	3	1.2394909858703613
51	4	3.5281801223754883
51	5	-1.8021169900894165
52	0	-3.186811923980713
52	1	1.884305477142334
52	2	3.5219545364379883
52	3	3.4935543537139893
52	4	-3.059749126434326
52	5	-1.8021169900894165
52	6	3.50917649269104
52	7	-0.04663617163896561
53	0	-3.186811923980713
53	1	2.368563175201416
53	2	-3.059749126434326
53	3	-1.8021169900894165
53	4	1.336771845817566
53	5	3.4744515419006348
53	6	2.4053232669830322
54	0	2.337425708770752
54	1	-3.164323091506958
54	2	3.4744515419006348
54	3	3.1006762981414795
54	4	-1.8021169900894165
54	5	1.2394909858703613
54	6	-3.0037431716918945
55	0	3.4744515419006348
55	1	1.2394909858703613
55	2	3.5281801223754883
55	3	-3.0037431716918945
55	4	-3.164323091506958
55	5	2.337425708770752
55	6	-2.1754496097564697
55	7	-1.8021169900894165
56	0	3.4744515419006348
56	1	2.3115365505218506
56	2	-3.059749126434326
56	3	-1.8021169900894165
56	4	-3.186811923980713
56	5	1.2394909858703613
56	6	-1.9240460395812988
56	7	3.5219545364379883
57	0	-3.186811923980713
57	1	2.4053232669830322
57	2	-1.8021169900894165
57	3	3.4744515419006348
57	4	2.295933485031128
57	5	-1.724484920501709
57	6	-3.059749126434326
57	7	1.2394909858703613
58	0	-3.186811923980713
58	1	7.807802176102996E-4
58	2	-1.9066654443740845
58	3	3.4744515419006348
58	4	3.1006762981414795
58	5	-3.059749126434326
58	6	2.295933485031128
58	7	-1.9240460395812988
59	0	-3.186811923980713
59	1	1.884305477142334
59	2	3.4927525520324707
59	3	-1.9066654443740845
59	4	-2.7955291271209717
59	5	3.4744515419006348
59	6	2.3115365505218506
59	7	1.2394909858703613
60	0	-3.186811923980713
60	1	2.295933485031128
60	2	-3.059749126434326
60	3	3.1006762981414795
60	4	-1.9066654443740845
60	5	1.336771845817566
60	6	3.4744515419006348
61	0	3.5219545364379883
61	1	-3.186811923980713
61	2	-3.059749126434326
61	3	3.1006762981414795
61	4	1.2394909858703613
61	5	-1.9066654443740845
61	6	3.4744515419006348
62	0	-3.186811923980713
62	1	2.3115365505218506
62	2	-1.9066654443740845
62	3	3.4744515419006348
62	4	1.2394909858703613
62	5	-3.059749126434326
62	6	-2.0317962169647217
62	7	2.295933485031128
63	0	-1.9066654443740845
63	1	3.4744515419006348
63	2	1.2394909858703613
63	3	-2.7955291271209717
63	4	-3.186811923980713
63	5	3.50917649269104
63	6	2.295933485031128
63	7	-1.9240460395812988
64	0	3.08425235748291
64	1	-3.186811923980713
64	2	-3.059749126434326
64	3	3.1006762981414795
64	4	-1.9066654443740845
64	5	3.4744515419006348
64	6	7.807802176102996E-4
65	0	-1.9066654443740845
65	1	-3.186811923980713
65	2	-0.04663617163896561
65	3	2.368563175201416
65	4	3.4744515419006348
65	5	-3.059749126434326
65	6	3.4237587451934814
65	7	-2.0063962936401367
66	0	3.4237587451934814
66	1	-1.9066654443740845
66	2	-3.186811923980713
66	3	3.4744515419006348
66	4	1.2394909858703613
66	5	-3.059749126434326
66	6	-1.9240460395812988
66	7	2.295933485031128
66	8	1.884305477142334
67	0	-3.186811923980713
67	1	-3.059749126434326
67	2	1.2394909858703613
67	3	3.4744515419006348
67	4	3.50917649269104
67	5	-1.9066654443740845
68	0	2.150578022003174
68	1	-3.186811923980713
68	2	3.4744515419006348
68	3	-0.04663617163896561
68	4	3.1006762981414795
68	5	-3.059749126434326
68	6	-1.9066654443740845
69	0	-1.9066654443740845
69	1	3.4744515419006348
69	2	-3.059749126434326
69	3	-3.186811923980713
69	4	3.4237587451934814
69	5	-0.04663617163896561
69	6	3.5219545364379883
69	7	-2.0317962169647217
69	8	2.2617006301879883
70	0	1.2394909858703613
70	1	3.1006762981414795
70	2	3.4744515419006348
70	3	-1.9066654443740845
70	4	-3.059749126434326
70	5	-3.186811923980713
70	6	2.368563175201416
70	7	-1.9240460395812988
71	0	1.2394909858703613
71	1	-1.9066654443740845
71	2	3.4744515419006348
71	3	-3.059749126434326
71	4	-3.186811923980713
71	5	3.50917649269104
71	6	2.295933485031128
71	7	-1.9240460395812988
72	0	-1.9066654443740845
72	1	3.4744515419006348
72	2	2.4053232669830322
72	3	1.336771845817566
72	4	-3.186811923980713
72	5	-3.059749126434326
72	6	2.295933485031128
72	7	-1.724484920501709
73	0	-3.0037431716918945
73	1	-1.9066654443740845
73	2	3.1006762981414795
73	3	3.4744515419006348
73	4	-3.164323091506958
73	5	1.2394909858703613
73	6	-1.9015573263168335
73	7	2.337425708770752
74	0	-2.7955291271209717
74	1	-1.9066654443740845
74	2	2.3115365505218506
74	3	1.336771845817566
74	4	3.4744515419006348
74	5	-3.186811923980713
74	6	-1.9240460395812988
74	7	2.295933485031128
75	0	3.1006762981414795
75	1	3.08425235748291
75	2	-1.9066654443740845
75	3	-3.186811923980713
75	4	1.2394909858703613
75	5	3.4744515419006348
75	6	-2.9840962886810303
75	7	-1.724484920501709
76	0	2.150578022003174
76	1	-1.9343963861465454
76	2	2.3115365505218506
76	3	-3.053922414779663
76	4	-0.34544211626052856
76	5	3.4744515419006348
76	6	-2.1500496864318848
76	7	-2.9840962886810303
77	0	3.1006762981414795
77	1	-2.9840962886810303
77	2	-1.9066654443740845
77	3	3.4744515419006348
77	4	1.2394909858703613
77	5	2.295933485031128
77	6	-1.724484920501709
77	7	-3.186811923980713
78	0	2.4053232669830322
78	1	-1.9240460395812988
78	2	3.4744515419006348
78	3	3.08425235748291
78	4	-3.186811923980713
78	5	-1.9066654443740845
78	6	1.2394909858703613
78	7	-2.9840962886810303
79	0	-2.5093162059783936
79	1	-2.0063962936401367
79	2	-3.053922414779663
79	3	2.150578022003174
79	4	-1.9343963861465454
79	5	2.4053232669830322
79	6	3.4744515419006348
79	7	-0.2980251610279083
80	0	-2.719876289367676
80	1	-1.724484920501709
80	2	2.4053232669830322
80	3	-1.9066654443740845
80	4	-3.186811923980713
80	5	3.4744515419006348
80	6	3.08425235748291
80	7	1.2394909858703613
81	0	3.4237587451934814
81	1	-1.9066654443740845
81	2	-2.9840962886810303
81	3	3.4744515419006348
81	4	-3.186811923980713
81	5	-1.724484920501709
81	6	2.295933485031128
81	7	-0.04663617163896561
82	0	-0.04663617163896561
82	1	2.4053232669830322
82	2	-1.9066654443740845
82	3	-2.9840962886810303
82	4	-3.186811923980713
82	5	3.4744515419006348
82	6	-1.724484920501709
82	7	2.7875800132751465
83	0	1.2394909858703613
83	1	2.2617006301879883
83	2	-2.719876289367676
83	3	-3.186811923980713
83	4	3.4744515419006348
83	5	2.4053232669830322
83	6	3.5219545364379883
83	7	-1.9240460395812988
83	8	-1.9066654443740845
84	0	2.4023818969726562
84	1	-2.719876289367676
84	2	-1.9066654443740845
84	3	-3.186811923980713
84	4	1.2394909858703613
84	5	3.50917649269104
84	6	3.4744515419006348
84	7	2.7875800132751465
84	8	-1.724484920501709
85	0	-2.9840962886810303
85	1	-1.9066654443740845
85	2	7.807802176102996E-4
85	3	-1.724484920501709
85	4	-3.186811923980713
85	5	3.4744515419006348
85	6	2.4023818969726562
85	7	2.4053232669830322
85	8	2.881366729736328
86	0	-1.724484920501709
86	1	2.4053232669830322
86	2	-2.5093162059783936
86	3	-1.9343963861465454
86	4	-3.053922414779663
86	5	2.4023818969726562
86	6	3.4744515419006348
86	7	2.223207712173462
86	8	-0.34544211626052856
87	0	3.08425235748291
87	1	-2.9840962886810303
87	2	-3.186811923980713
87	3	-0.04663617163896561
87	4	3.50917649269104
87	5	-1.724484920501709
87	6	-1.9066654443740845
87	7	3.4744515419006348
87	8	2.4023818969726562
88	0	2.5899908542633057
88	1	-3.186811923980713
88	2	3.4744515419006348
88	3	-1.9066654443740845
88	4	3.1006762981414795
88	5	1.2394909858703613
88	6	-2.9840962886810303
88	7	-1.9240460395812988
89	0	-3.186811923980713
89	1	2.7875800132751465
89	2	-1.9066654443740845
89	3	1.2394909858703613
89	4	3.4744515419006348
89	5	-2.9840962886810303
89	6	3.50917649269104
90	0	-1.9066654443740845
90	1	-3.186811923980713
90	2	2.4053232669830322
90	3	-2.9840962886810303
90	4	1.535519003868103
90	5	1.336771845817566
90	6	3.4744515419006348
91	0	-3.186811923980713
91	1	1.6188184022903442
91	2	-2.719876289367676
91	3	1.2394909858703613
91	4	-2.0317962169647217
91	5	2.3115365505218506
91	6	-1.9066654443740845
91	7	2.4023818969726562
91	8	2.150578022003174
91	9	3.4744515419006348
92	0	-2.9840962886810303
92	1	3.4237587451934814
92	2	-3.186811923980713
92	3	-0.04663617163896561
92	4	3.4744515419006348
92	5	-1.9066654443740845
92	6	1.4653677940368652
92	7	2.881366729736328
92	8	3.0676703453063965
92	9	-1.8242188692092896
93	0	-1.9066654443740845
93	1	3.4927525520324707
93	2	1.884305477142334
93	3	-2.9840962886810303
93	4	-1.9240460395812988
93	5	3.4744515419006348
93	6	3.50917649269104
93	7	-3.186811923980713
93	8	1.6188184022903442
93	9	1.2394909858703613
93	10	2.3832790851593018
94	0	-2.9840962886810303
94	1	3.5219545364379883
94	2	-1.724484920501709
94	3	2.4053232669830322
94	4	-1.9066654443740845
94	5	1.6188184022903442
94	6	1.2394909858703613
94	7	3.4744515419006348
94	8	-3.186811923980713
94	9	2.3832790851593018
95	0	-2.9840962886810303
95	1	-0.34544211626052856
95	2	-0.03183884546160698
95	3	-3.053922414779663
95	4	-1.9343963861465454
95	5	2.4053232669830322
95	6	3.4744515419006348
96	0	-2.9840962886810303
96	1	-3.186811923980713
96	2	-1.9066654443740845
96	3	-0.03183884546160698
96	4	2.4053232669830322
96	5	1.2394909858703613
96	6	3.4744515419006348
97	0	-3.053922414779663
97	1	-0.34544211626052856
97	2	-2.9840962886810303
97	3	3.1006762981414795
97	4	-1.9343963861465454
97	5	3.5219545364379883
97	6	1.5785973072052002
97	7	3.4744515419006348
97	8	-2.0317962169647217
97	9	2.4023818969726562
98	0	3.50917649269104
98	1	3.4744515419006348
98	2	7.807802176102996E-4
98	3	-2.9840962886810303
98	4	1.5650609731674194
98	5	-3.186811923980713
98	6	-1.724484920501709
98	7	3.08425235748291
98	8	2.4023818969726562
98	9	-1.9066654443740845
99	0	1.884305477142334
99	1	3.5219545364379883
99	2	-1.9066654443740845
99	3	-2.9840962886810303
99	4	-1.724484920501709
99	5	3.50917649269104
99	6	1.2394909858703613
99	7	3.4744515419006348
99	8	-3.186811923980713
99	9	1.5650609731674194
99	10	2.4023818969726562
100	0	-2.9840962886810303
100	1	-1.724484920501709
100	2	2.0377562046051025
100	3	-1.9066654443740845
100	4	2.368563175201416
100	5	-3.186811923980713
100	6	2.3115365505218506
100	7	2.3832790851593018
100	8	1.5650609731674194
100	9	1.2394909858703613
100	10	3.4744515419006348
101	0	-2.9840962886810303
101	1	-1.9066654443740845
101	2	2.881366729736328
101	3	-1.724484920501709
101	4	2.0377562046051025
101	5	-3.186811923980713
101	6	1.2394909858703613
101	7	2.3832790851593018
101	8	3.4744515419006348
101	9	1.5650609731674194
101	10	2.3115365505218506
102	0	1.336771845817566
102	1	3.5219545364379883
102	2	-3.186811923980713
102	3	-1.724484920501709
102	4	2.4053232669830322
102	5	3.4744515419006348
102	6	-2.9840962886810303
102	7	1.5785973072052002
102	8	2.3832790851593018
102	9	-1.9066654443740845
103	0	1.0860403776168823
103	1	2.3115365505218506
103	2	-3.186811923980713
103	3	3.5219545364379883
103	4	3.4744515419006348
103	5	2.3832790851593018
103	6	-3.0239028930664062
103	7	-1.9554849863052368
103	8	-2.02377986907959
103	9	1.4116103649139404
104	0	-3.186811923980713
104	1	-0.04663617163896561
104	2	2.295933485031128
104	3	-2.9840962886810303
104	4	-1.9240460395812988
104	5	1.5650609731674194
104	6	-1.9066654443740845
104	7	3.4237587451934814
104	8	3.476170539855957
104	9	3.4935543537139893
105	0	2.3832790851593018
105	1	-3.186811923980713
105	2	-1.724484920501709
105	3	3.4744515419006348
105	4	-1.9066654443740845
105	5	2.4053232669830322
105	6	-0.04663617163896561
105	7	2.881366729736328
105	8	-2.9840962886810303
105	9	1.5785973072052002
106	0	-3.186811923980713
106	1	3.4237587451934814
106	2	-0.04663617163896561
106	3	2.295933485031128
106	4	-2.9840962886810303
106	5	3.4935543537139893
106	6	1.5650609731674194
106	7	2.3832790851593018
106	8	-1.9066654443740845
106	9	-2.112762689590454
107	0	-2.112762689590454
107	1	-3.186811923980713
107	2	2.3832790851593018
107	3	-1.9066654443740845
107	4	2.3115365505218506
107	5	3.4744515419006348
107	6	-2.9840962886810303
107	7	1.5650609731674194
107	8	-0.04663617163896561
107	9	2.295933485031128
108	0	-2.112762689590454
108	1	2.7875800132751465
108	2	-3.186811923980713
108	3	-2.9840962886810303
108	4	3.476170539855957
108	5	-0.04663617163896561
108	6	-1.9066654443740845
108	7	1.4817615747451782
108	8	3.4744515419006348
108	9	2.0573205947875977
108	10	2.1213014125823975
109	0	2.0744807720184326
109	1	3.4744515419006348
109	2	-3.186811923980713
109	3	-0.04663617163896561
109	4	-2.112762689590454
109	5	2.295933485031128
109	6	-1.9066654443740845
109	7	2.3115365505218506
109	8	-2.9840962886810303
109	9	2.4023818969726562
109	10	1.5650609731674194
110	0	2.655249834060669
110	1	-2.5093162059783936
110	2	0.582018256187439
110	3	-1.9343963861465454
110	4	2.4053232669830322
110	5	3.4744515419006348
110	6	-0.34544211626052856
110	7	-0.03183884546160698
110	8	-3.053922414779663
110	9	2.150578022003174
110	10	2.4023818969726562
110	11	-2.2899467945098877
110	12	1.9132862091064453
111	0	3.4237587451934814
111	1	-2.9840962886810303
111	2	-3.186811923980713
111	3	3.4744515419006348
111	4	1.5650609731674194
111	5	2.0744807720184326
111	6	2.295933485031128
111	7	2.4023818969726562
111	8	-0.04663617163896561
111	9	-1.9066654443740845
111	10	-2.112762689590454
112	0	-2.112762689590454
112	1	-1.9066654443740845
112	2	1.5650609731674194
112	3	3.4237587451934814
112	4	2.093583583831787
112	5	2.295933485031128
112	6	-0.04663617163896561
112	7	-2.9840962886810303
112	8	-3.186811923980713
112	9	3.4744515419006348
112	10	3.0676703453063965
113	0	-0.04663617163896561
113	1	1.5650609731674194
113	2	3.4935543537139893
113	3	-3.186811923980713
113	4	-2.9840962886810303
113	5	-1.9066654443740845
113	6	2.1213014125823975
113	7	2.3832790851593018
113	8	3.5219545364379883
113	9	-2.112762689590454
113	10	2.093583583831787
114	0	1.5650609731674194
114	1	-0.04663617163896561
114	2	3.4744515419006348
114	3	-3.186811923980713
114	4	-2.9840962886810303
114	5	-1.9066654443740845
114	6	2.4053232669830322
114	7	2.295933485031128
114	8	2.3832790851593018
114	9	2.0744807720184326
114	10	-2.112762689590454
115	0	-2.9840962886810303
115	1	2.0744807720184326
115	2	-1.9066654443740845
115	3	2.1213014125823975
115	4	3.4744515419006348
115	5	1.5650609731674194
115	6	3.476170539855957
115	7	-2.112762689590454
115	8	-3.186811923980713
115	9	2.295933485031128
115	10	-0.04663617163896561
116	0	-3.186811923980713
116	1	1.9132862091064453
116	2	2.295933485031128
116	3	-0.04663617163896561
116	4	1.5650609731674194
116	5	-2.9840962886810303
116	6	-1.9066654443740845
116	7	3.4744515419006348
116	8	2.270367383956909
117	0	-2.235276699066162
117	1	-1.9066654443740845
117	2	3.4237587451934814
117	3	1.940132975578308
117	4	-2.9840962886810303
117	5	-3.186811923980713
117	6	1.5785973072052002
117	7	3.476170539855957
117	8	3.4744515419006348
117	9	2.295933485031128
117	10	-0.04663617163896561
118	0	3.4744515419006348
118	1	-0.04663617163896561
118	2	-3.186811923980713
118	3	2.0744807720184326
118	4	3.5219545364379883
118	5	-2.112762689590454
118	6	-1.9066654443740845
118	7	2.4053232669830322
118	8	1.5650609731674194
118	9	-2.9840962886810303
118	10	2.3832790851593018
119	0	2.270367383956909
119	1	2.093583583831787
119	2	-1.9066654443740845
119	3	-2.9840962886810303
119	4	-2.112762689590454
119	5	3.0676703453063965
119	6	3.4744515419006348
119	7	2.295933485031128
119	8	-3.186811923980713
119	9	-0.04663617163896561
119	10	1.5650609731674194
120	0	2.295933485031128
120	1	-1.9066654443740845
120	2	3.0676703453063965
120	3	-2.112762689590454
120	4	-2.9840962886810303
120	5	3.4744515419006348
120	6	2.0744807720184326
120	7	-0.04663617163896561
120	8	2.1213014125823975
120	9	-3.186811923980713
120	10	1.5650609731674194
121	0	1.5650609731674194
121	1	-3.186811923980713
121	2	3.08425235748291
121	3	2.0744807720184326
121	4	-0.04663617163896561
121	5	3.4935543537139893
121	6	2.3832790851593018
121	7	-2.9840962886810303
121	8	-1.9132016897201538
121	9	-1.9066654443740845
121	10	2.3115365505218506
122	0	2.0744807720184326
122	1	3.0676703453063965
122	2	-1.9066654443740845
122	3	-2.112762689590454
122	4	1.5650609731674194
122	5	3.4744515419006348
122	6	-3.186811923980713
122	7	3.4237587451934814
122	8	3.4927525520324707
122	9	-2.9840962886810303
122	10	-0.04663617163896561
123	0	-1.9066654443740845
123	1	-0.04663617163896561
123	2	-3.186811923980713
123	3	-2.112762689590454
123	4	2.0744807720184326
123	5	2.4023818969726562
123	6	3.5219545364379883
123	7	3.4744515419006348
123	8	-2.9840962886810303
123	9	1.5650609731674194
123	10	3.50917649269104
124	0	1.5785973072052002
124	1	2.0744807720184326
124	2	2.3115365505218506
124	3	-0.04663617163896561
124	4	-1.9066654443740845
124	5	-2.9840962886810303
124	6	3.4744515419006348
124	7	-3.186811923980713
124	8	2.295933485031128
124	9	-2.112762689590454
124	10	2.3832790851593018
125	0	-1.9066654443740845
125	1	1.5650609731674194
125	2	-0.04663617163896561
125	3	-2.9840962886810303
125	4	-3.186811923980713
125	5	2.881366729736328
125	6	2.4023818969726562
125	7	-2.112762689590454
125	8	2.0744807720184326
125	9	3.4744515419006348
125	10	2.3115365505218506
126	0	-2.112762689590454
126	1	2.368563175201416
126	2	1.5650609731674194
126	3	3.0676703453063965
126	4	-1.9066654443740845
126	5	3.4237587451934814
126	6	2.0744807720184326
126	7	-2.9840962886810303
126	8	-3.186811923980713
126	9	-0.04663617163896561
126	10	3.4744515419006348
127	0	-0.20008663833141327
127	1	-2.9840962886810303
127	2	3.4744515419006348
127	3	-3.186811923980713
127	4	3.4237587451934814
127	5	1.4116103649139404
127	6	-1.9554849863052368
127	7	2.295933485031128
127	8	1.9210302829742432
127	9	-2.163677215576172
127	10	3.0676703453063965
128	0	3.4744515419006348
128	1	3.5219545364379883
128	2	-3.186811923980713
128	3	1.5650609731674194
128	4	3.4237587451934814
128	5	-1.9066654443740845
128	6	-0.04663617163896561
128	7	-2.9840962886810303
128	8	-2.112762689590454
128	9	3.0676703453063965
128	10	2.093583583831787
129	0	2.295933485031128
129	1	-1.9066654443740845
129	2	3.4744515419006348
129	3	-3.186811923980713
129	4	2.4023818969726562
129	5	-2.112762689590454
129	6	2.0744807720184326
129	7	-2.9840962886810303
129	8	3.4237587451934814
129	9	-0.04663617163896561
129	10	1.5650609731674194
130	0	3.5219545364379883
130	1	-3.186811923980713
130	2	-2.112762689590454
130	3	2.4023818969726562
130	4	2.0744807720184326
130	5	-0.04663617163896561
130	6	-2.9840962886810303
130	7	1.5650609731674194
130	8	3.1006762981414795
130	9	-1.9066654443740845
130	10	3.4744515419006348
131	0	-0.34544211626052856
131	1	2.4053232669830322
131	2	1.9210302829742432
131	3	-1.9343963861465454
131	4	-2.5093162059783936
131	5	-3.053922414779663
131	6	1.4116103649139404
131	7	-2.112762689590454
131	8	2.4023818969726562
131	9	2.150578022003174
132	0	-1.9066654443740845
132	1	-3.3663012981414795
132	2	2.0744807720184326
132	3	7.807802176102996E-4
132	4	2.4053232669830322
132	5	-2.9840962886810303
132	6	-2.112762689590454
132	7	1.5785973072052002
132	8	2.3832790851593018
132	9	3.5219545364379883
132	10	1.884305477142334
133	0	3.08425235748291
133	1	1.9210302829742432
133	2	-2.1462931632995605
133	3	3.0676703453063965
133	4	3.4237587451934814
133	5	-0.34544211626052856
133	6	-2.9840962886810303
133	7	1.4116103649139404
133	8	-3.160553455352783
133	9	-1.9066654443740845
134	0	-1.9132016897201538
134	1	2.3832790851593018
134	2	1.5650609731674194
134	3	2.881366729736328
134	4	-3.3663012981414795
134	5	-0.04663617163896561
134	6	-2.9840962886810303
134	7	-1.9066654443740845
134	8	2.0744807720184326
134	9	3.1006762981414795
135	0	-3.3663012981414795
135	1	1.5650609731674194
135	2	2.093583583831787
135	3	-1.9066654443740845
135	4	3.476170539855957
135	5	2.295933485031128
135	6	-0.04663617163896561
135	7	2.270367383956909
135	8	-2.9840962886810303
135	9	-2.112762689590454
136	0	2.4053232669830322
136	1	-2.9840962886810303
136	2	-2.016176700592041
136	3	-0.34544211626052856
136	4	-3.160553455352783
136	5	1.4116103649139404
136	6	2.3832790851593018
136	7	1.9210302829742432
136	8	2.881366729736328
136	9	-2.2899467945098877
137	0	1.5650609731674194
137	1	-2.9840962886810303
137	2	-1.98844575881958
137	3	-0.04663617163896561
137	4	-3.3663012981414795
137	5	3.4237587451934814
137	6	2.0744807720184326
137	7	-1.9132016897201538
137	8	2.881366729736328
137	9	2.4023818969726562
138	0	2.4053232669830322
138	1	1.5650609731674194
138	2	-1.98844575881958
138	3	-2.9840962886810303
138	4	-0.04663617163896561
138	5	-3.3663012981414795
138	6	2.3832790851593018
138	7	2.295933485031128
138	8	2.0744807720184326
138	9	-2.112762689590454
139	0	-2.9840962886810303
139	1	-3.3663012981414795
139	2	-0.04663617163896561
139	3	2.4053232669830322
139	4	-1.98844575881958
139	5	1.5650609731674194
139	6	-2.112762689590454
139	7	2.0744807720184326
139	8	2.3832790851593018
139	9	2.295933485031128
140	0	-2.9840962886810303
140	1	3.4237587451934814
140	2	-1.98844575881958
140	3	-3.3663012981414795
140	4	-0.04663617163896561
140	5	1.5650609731674194
140	6	2.0744807720184326
140	7	-2.112762689590454
140	8	2.295933485031128
140	9	3.5053725242614746
141	0	-3.3663012981414795
141	1	-2.112762689590454
141	2	1.5650609731674194
141	3	-1.98844575881958
141	4	2.4053232669830322
141	5	3.5219545364379883
141	6	-0.04663617163896561
141	7	-2.9840962886810303
141	8	2.0744807720184326
141	9	2.4023818969726562
142	0	2.0744807720184326
142	1	-2.112762689590454
142	2	1.5650609731674194
142	3	-2.9840962886810303
142	4	2.368563175201416
142	5	-1.98844575881958
142	6	-3.3663012981414795
142	7	-0.04663617163896561
142	8	2.3832790851593018
142	9	2.3115365505218506
143	0	2.0744807720184326
143	1	-3.3663012981414795
143	2	2.3115365505218506
143	3	2.3832790851593018
143	4	-1.98844575881958
143	5	-2.112762689590454
143	6	2.881366729736328
143	7	1.5650609731674194
143	8	-2.9840962886810303
143	9	-0.04663617163896561
144	0	-1.98844575881958
144	1	-3.3663012981414795
144	2	-0.04663617163896561
144	3	-2.9840962886810303
144	4	1.5650609731674194
144	5	3.4237587451934814
144	6	2.093583583831787
144	7	3.0676703453063965
144	8	3.4927525520324707
144	9	-2.112762689590454
145	0	-0.04663617163896561
145	1	-1.98844575881958
145	2	3.50917649269104
145	3	-3.3663012981414795
145	4	1.5650609731674194
145	5	-2.9840962886810303
145	6	2.0744807720184326
145	7	-2.112762689590454
145	8	2.4023818969726562
145	9	2.881366729736328
146	0	2.3115365505218506
146	1	-0.04663617163896561
146	2	-2.9840962886810303
146	3	1.5650609731674194
146	4	-3.3663012981414795
146	5	-1.98844575881958
146	6	2.0744807720184326
146	7	-2.112762689590454
146	8	2.3832790851593018
146	9	2.295933485031128
147	0	-0.34544211626052856
147	1	3.5219545364379883
147	2	-2.9840962886810303
147	3	-2.041576862335205
147	4	-3.1058833599090576
147	5	1.940132975578308
147	6	-2.091623067855835
147	7	1.4116103649139404
147	8	3.0676703453063965
147	9	3.4237587451934814
148	0	-2.9840962886810303
148	1	1.5650609731674194
148	2	-0.04663617163896561
148	3	-3.3663012981414795
148	4	3.50917649269104
148	5	-1.98844575881958
148	6	3.0676703453063965
148	7	3.08425235748291
148	8	2.0744807720184326
148	9	-2.112762689590454
149	0	-0.04663617163896561
149	1	-2.9840962886810303
149	2	-1.98844575881958
149	3	-3.3663012981414795
149	4	1.5650609731674194
149	5	2.4053232669830322
149	6	-2.112762689590454
149	7	2.3832790851593018
149	8	3.4927525520324707
149	9	2.0744807720184326
150	0	-0.04663617163896561
150	1	1.5650609731674194
150	2	3.1006762981414795
150	3	-3.3663012981414795
150	4	-2.9840962886810303
150	5	-1.98844575881958
150	6	-1.9132016897201538
150	7	2.3832790851593018
150	8	2.881366729736328
150	9	2.0744807720184326
151	0	-1.9132016897201538
151	1	1.5650609731674194
151	2	-1.98844575881958
151	3	-3.3663012981414795
151	4	2.881366729736328
151	5	2.0744807720184326
151	6	2.4053232669830322
151	7	3.0676703453063965
151	8	-2.9840962886810303
151	9	-0.04663617163896561
152	0	-2.9840962886810303
152	1	2.3115365505218506
152	2	-0.04663617163896561
152	3	-3.3663012981414795
152	4	1.5650609731674194
152	5	-1.98844575881958
152	6	2.881366729736328
152	7	2.0744807720184326
152	8	-2.112762689590454
152	9	2.3832790851593018
153	0	2.655249834060669
153	1	-1.98844575881958
153	2	-2.9840962886810303
153	3	3.4237587451934814
153	4	2.0744807720184326
153	5	-0.04663617163896561
153	6	1.5650609731674194
153	7	-3.3663012981414795
154	0	-2.9840962886810303
154	1	1.5650609731674194
154	2	-0.04663617163896561
154	3	2.3115365505218506
154	4	-1.98844575881958
154	5	-3.3663012981414795
154	6	2.881366729736328
154	7	2.4023818969726562
154	8	-2.091623067855835
154	9	2.0744807720184326
155	0	-0.34544211626052856
155	1	-2.016176700592041
155	2	-3.160553455352783
155	3	2.0573205947875977
155	4	-2.5093162059783936
155	5	-2.2899467945098877
155	6	1.4817615747451782
155	7	3.4927525520324707
155	8	1.535519003868103
155	9	2.3115365505218506
155	10	2.3832790851593018
156	0	2.3115365505218506
156	1	-3.3663012981414795
156	2	0.05876024812459946
156	3	-0.04663617163896561
156	4	-1.98844575881958
156	5	-2.9840962886810303
156	6	1.5650609731674194
156	7	2.3832790851593018
156	8	2.0744807720184326
156	9	-2.112762689590454
156	10	3.08425235748291
157	0	0.05876024812459946
157	1	3.476170539855957
157	2	-0.04663617163896561
157	3	2.093583583831787
157	4	-2.9840962886810303
157	5	1.9407395124435425
157	6	-3.3663012981414795
157	7	1.5785973072052002
157	8	-2.112762689590454
157	9	-1.98844575881958
157	10	2.881366729736328
157	11	3.1006762981414795
158	0	-2.9840962886810303
158	1	1.5785973072052002
158	2	-3.3663012981414795
158	3	2.881366729736328
158	4	2.0397377014160156
158	5	-1.9132016897201538
158	6	-1.98844575881958
158	7	-0.04663617163896561
158	8	0.05876024812459946
158	9	3.0676703453063965
158	10	2.0744807720184326
158	11	3.4237587451934814
159	0	-3.3663012981414795
159	1	0.05876024812459946
159	2	-1.98844575881958
159	3	2.0744807720184326
159	4	1.9578996896743774
159	5	-1.9132016897201538
159	6	2.3832790851593018
159	7	-2.9840962886810303
159	8	1.5650609731674194
159	9	-0.04663617163896561
159	10	2.881366729736328
159	11	3.1006762981414795
160	0	1.5785973072052002
160	1	2.881366729736328
160	2	-2.9840962886810303
160	3	2.0744807720184326
160	4	2.4053232669830322
160	5	-1.9132016897201538
160	6	3.0676703453063965
160	7	-3.3663012981414795
160	8	0.05876024812459946
160	9	-1.98844575881958
160	10	2.034001111984253
160	11	-0.04663617163896561
161	0	2.881366729736328
161	1	-3.3663012981414795
161	2	-1.9132016897201538
161	3	3.50917649269104
161	4	0.05876024812459946
161	5	2.093583583831787
161	6	-1.98844575881958
161	7	-0.04663617163896561
161	8	-2.91200590133667
161	9	1.5650609731674194
161	10	2.0397377014160156
161	11	2.3959481716156006
162	0	-2.016176700592041
162	1	-0.34544211626052856
162	2	1.4251466989517212
162	3	-0.2400456964969635
162	4	2.3115365505218506
162	5	-3.160553455352783
162	6	-2.91200590133667
162	7	3.476439952850342
162	8	1.8805503845214844
162	9	3.08425235748291
162	10	1.940132975578308
162	11	-2.297646999359131
163	0	-2.297646999359131
163	1	-3.3663012981414795
163	2	2.3115365505218506
163	3	2.0744807720184326
163	4	-2.91200590133667
163	5	-1.98844575881958
163	6	2.3198466300964355
163	7	2.034001111984253
163	8	0.05876024812459946
163	9	3.4927525520324707
163	10	1.2394909858703613
163	11	1.5650609731674194
164	0	-0.04663617163896561
164	1	1.5785973072052002
164	2	0.05876024812459946
164	3	2.3115365505218506
164	4	-1.98844575881958
164	5	-3.3663012981414795
164	6	-2.91200590133667
164	7	2.3959481716156006
164	8	2.0397377014160156
164	9	2.881366729736328
164	10	-2.297646999359131
164	11	2.0744807720184326
165	0	-2.016176700592041
165	1	1.6188184022903442
165	2	-2.160722017288208
165	3	-2.437225818634033
165	4	-3.160553455352783
165	5	0.582018256187439
165	6	2.3198466300964355
165	7	-0.34544211626052856
165	8	1.4116103649139404
165	9	-0.2400456964969635
165	10	3.1006762981414795
165	11	2.881366729736328
165	12	1.9210302829742432
166	0	1.5785973072052002
166	1	2.3115365505218506
166	2	-3.3663012981414795
166	3	1.6188184022903442
166	4	-1.98844575881958
166	5	0.05876024812459946
166	6	-2.91200590133667
166	7	-0.04663617163896561
166	8	2.0744807720184326
166	9	2.3198466300964355
166	10	-2.297646999359131
166	11	1.9578996896743774
166	12	2.368563175201416
167	0	1.5650609731674194
167	1	2.3198466300964355
167	2	-2.297646999359131
167	3	-3.3663012981414795
167	4	-0.04663617163896561
167	5	3.5219545364379883
167	6	2.0744807720184326
167	7	-2.91200590133667
167	8	0.05876024812459946
167	9	2.4053232669830322
167	10	2.034001111984253
167	11	1.6188184022903442
167	12	-1.98844575881958
168	0	2.655249834060669
168	1	2.4053232669830322
168	2	2.0744807720184326
168	3	-1.98844575881958
168	4	2.0397377014160156
168	5	-2.91200590133667
168	6	-0.04663617163896561
168	7	0.05876024812459946
168	8	1.6188184022903442
168	9	1.5785973072052002
168	10	-3.5198047161102295
168	11	-2.297646999359131
168	12	2.3959481716156006
168	13	3.5219545364379883
168	14	1.884305477142334
168	15	2.4023818969726562
169	0	1.236512303352356
169	1	-1.98844575881958
169	2	2.3115365505218506
169	3	1.5650609731674194
169	4	-3.5198047161102295
169	5	0.05876024812459946
169	6	-2.91200590133667
169	7	1.6188184022903442
169	8	-2.2227585315704346
169	9	2.881366729736328
169	10	2.034001111984253
169	11	2.0744807720184326
169	12	2.3198466300964355
170	0	2.0744807720184326
170	1	-1.98844575881958
170	2	2.034001111984253
170	3	-0.04663617163896561
170	4	1.5650609731674194
170	5	-3.5198047161102295
170	6	0.05876024812459946
170	7	2.4053232669830322
170	8	2.3198466300964355
170	9	1.6188184022903442
170	10	3.4927525520324707
170	11	-2.91200590133667
170	12	-2.297646999359131
171	0	1.5785973072052002
171	1	1.6188184022903442
171	2	-1.98844575881958
171	3	3.50917649269104
171	4	-3.5198047161102295
171	5	-0.04663617163896561
171	6	-2.91200590133667
171	7	0.05876024812459946
171	8	-2.297646999359131
171	9	2.3959481716156006
171	10	2.0744807720184326
171	11	2.295933485031128
171	12	2.034001111984253
172	0	3.4237587451934814
172	1	-3.5198047161102295
172	2	-1.98844575881958
172	3	3.08425235748291
172	4	-2.91200590133667
172	5	2.0397377014160156
172	6	2.093583583831787
172	7	1.6188184022903442
172	8	0.05876024812459946
172	9	1.5785973072052002
172	10	-0.04663617163896561
172	11	2.3959481716156006
172	12	-2.2227585315704346
173	0	2.125012159347534
173	1	1.940132975578308
173	2	1.4251466989517212
173	3	2.3959481716156006
173	4	-3.314056873321533
173	5	-2.2356104850769043
173	6	-0.34544211626052856
173	7	-2.016176700592041
173	8	2.881366729736328
173	9	-0.2400456964969635
173	10	1.4653677940368652
173	11	-2.91200590133667
173	12	1.8805503845214844
174	0	-0.04663617163896561
174	1	2.034001111984253
174	2	2.0744807720184326
174	3	2.3959481716156006
174	4	-2.2227585315704346
174	5	-3.5198047161102295
174	6	-1.98844575881958
174	7	3.08425235748291
174	8	-2.91200590133667
174	9	0.05876024812459946
174	10	1.6188184022903442
174	11	1.5785973072052002
174	12	3.4237587451934814
175	0	2.0744807720184326
175	1	2.270367383956909
175	2	-1.98844575881958
175	3	2.034001111984253
175	4	-2.91200590133667
175	5	1.1392314434051514
175	6	1.5650609731674194
175	7	1.632354736328125
175	8	2.3198466300964355
175	9	-3.5198047161102295
175	10	2.881366729736328
175	11	0.05876024812459946
175	12	-2.297646999359131
176	0	2.093583583831787
176	1	2.034001111984253
176	2	-2.297646999359131
176	3	0.05876024812459946
176	4	1.6188184022903442
176	5	2.1213014125823975
176	6	-0.04663617163896561
176	7	-3.5198047161102295
176	8	-1.98844575881958
176	9	-2.91200590133667
176	10	3.08425235748291
176	11	1.5650609731674194
176	12	2.3959481716156006
177	0	1.6188184022903442
177	1	-2.91200590133667
177	2	2.093583583831787
177	3	-3.5198047161102295
177	4	2.0397377014160156
177	5	-0.04663617163896561
177	6	-1.98844575881958
177	7	1.5785973072052002
177	8	3.4237587451934814
177	9	0.05876024812459946
177	10	-2.297646999359131
177	11	2.3959481716156006
177	12	3.5219545364379883
178	0	1.6188184022903442
178	1	-2.297646999359131
178	2	2.3198466300964355
178	3	1.9578996896743774
178	4	2.0744807720184326
178	5	-3.5198047161102295
178	6	-2.91200590133667
178	7	0.05876024812459946
178	8	-1.98844575881958
178	9	2.3115365505218506
178	10	-0.04663617163896561
178	11	1.5650609731674194
178	12	2.7875800132751465
179	0	1.5650609731674194
179	1	-2.91200590133667
179	2	-2.297646999359131
179	3	0.582018256187439
179	4	1.632354736328125
179	5	-3.5198047161102295
179	6	2.0744807720184326
179	7	2.3198466300964355
179	8	-1.98844575881958
179	9	2.295933485031128
179	10	-0.04663617163896561
179	11	3.1006762981414795
179	12	0.05876024812459946
180	0	2.093583583831787
180	1	-1.98844575881958
180	2	1.5785973072052002
180	3	-2.2227585315704346
180	4	2.3198466300964355
180	5	3.5219545364379883
180	6	0.05876024812459946
180	7	-3.5198047161102295
180	8	-2.91200590133667
180	9	-0.04663617163896561
180	10	2.4053232669830322
180	11	2.034001111984253
180	12	1.6188184022903442
181	0	-3.5198047161102295
181	1	-2.9840962886810303
181	2	-2.2227585315704346
181	3	3.08425235748291
181	4	2.0744807720184326
181	5	1.6188184022903442
181	6	2.3959481716156006
181	7	-1.98844575881958
181	8	0.05876024812459946
181	9	2.0397377014160156
181	10	-0.04663617163896561
181	11	1.5785973072052002
181	12	3.4237587451934814
182	0	1.5650609731674194
182	1	2.3115365505218506
182	2	-3.5198047161102295
182	3	-2.9840962886810303
182	4	1.236512303352356
182	5	1.6188184022903442
182	6	-1.98844575881958
182	7	0.05876024812459946
182	8	2.034001111984253
182	9	-2.2227585315704346
182	10	2.3198466300964355
182	11	2.093583583831787
182	12	3.08425235748291
183	0	-2.9840962886810303
183	1	1.4251466989517212
183	2	2.4053232669830322
183	3	1.478904128074646
183	4	-0.3982846140861511
183	5	-2.201145648956299
183	6	-3.314056873321533
183	7	-0.2400456964969635
183	8	-2.160722017288208
183	9	3.08425235748291
183	10	1.940132975578308
183	11	1.8044490814208984
183	12	2.3959481716156006
184	0	2.4053232669830322
184	1	1.5650609731674194
184	2	-3.5198047161102295
184	3	1.6188184022903442
184	4	-2.2087693214416504
184	5	-2.9840962886810303
184	6	1.1392314434051514
184	7	0.05876024812459946
184	8	2.3198466300964355
184	9	-2.2227585315704346
184	10	3.08425235748291
184	11	1.9578996896743774
184	12	2.0744807720184326
185	0	2.4053232669830322
185	1	1.5650609731674194
185	2	-3.5198047161102295
185	3	1.632354736328125
185	4	-0.04663617163896561
185	5	-2.2087693214416504
185	6	0.05876024812459946
185	7	-2.9840962886810303
185	8	2.093583583831787
185	9	2.034001111984253
185	10	2.3198466300964355
185	11	-2.2227585315704346
185	12	3.5219545364379883
186	0	-3.5198047161102295
186	1	-2.2227585315704346
186	2	2.0744807720184326
186	3	3.5219545364379883
186	4	-2.9840962886810303
186	5	1.6188184022903442
186	6	2.3959481716156006
186	7	1.5650609731674194
186	8	2.034001111984253
186	9	-2.2087693214416504
186	10	0.05876024812459946
186	11	2.4053232669830322
186	12	1.236512303352356
187	0	-2.9840962886810303
187	1	1.6188184022903442
187	2	0.05876024812459946
187	3	2.4053232669830322
187	4	-2.2087693214416504
187	5	-2.2227585315704346
187	6	-3.5198047161102295
187	7	2.093583583831787
187	8	2.3959481716156006
187	9	1.5650609731674194
187	10	2.034001111984253
187	11	1.1392314434051514
187	12	3.08425235748291
188	0	2.3198466300964355
188	1	-2.2227585315704346
188	2	1.632354736328125
188	3	-2.2087693214416504
188	4	-2.9840962886810303
188	5	-3.5198047161102295
188	6	1.5785973072052002
188	7	2.093583583831787
188	8	-0.04663617163896561
188	9	3.4237587451934814
188	10	3.4927525520324707
188	11	2.034001111984253
188	12	0.05876024812459946
189	0	2.655249834060669
189	1	3.4237587451934814
189	2	-2.2087693214416504
189	3	2.0744807720184326
189	4	2.034001111984253
189	5	-2.9840962886810303
189	6	-0.04663617163896561
189	7	0.05876024812459946
189	8	1.5650609731674194
189	9	-3.5198047161102295
189	10	1.6188184022903442
190	0	2.4053232669830322
190	1	-2.2087693214416504
190	2	2.034001111984253
190	3	-2.9840962886810303
190	4	2.0744807720184326
190	5	-2.1060519218444824
190	6	-3.5198047161102295
190	7	1.6188184022903442
190	8	-0.09947867691516876
190	9	2.3959481716156006
190	10	0.05876024812459946
190	11	3.08425235748291
190	12	1.5785973072052002
191	0	3.4237587451934814
191	1	-2.9840962886810303
191	2	2.0744807720184326
191	3	1.9578996896743774
191	4	-2.2087693214416504
191	5	-2.2227585315704346
191	6	0.05876024812459946
191	7	-3.5198047161102295
191	8	1.6188184022903442
191	9	-0.09947867691516876
191	10	3.08425235748291
191	11	2.3959481716156006
191	12	1.5650609731674194
192	0	-3.5198047161102295
192	1	3.08425235748291
192	2	1.5650609731674194
192	3	-2.9840962886810303
192	4	1.6188184022903442
192	5	-2.2087693214416504
192	6	3.4237587451934814
192	7	0.05876024812459946
192	8	-0.04663617163896561
193	0	2.3115365505218506
193	1	1.940132975578308
193	2	-2.2087693214416504
193	3	-2.9840962886810303
193	4	1.8044490814208984
193	5	2.3198466300964355
193	6	0.05876024812459946
193	7	-3.5198047161102295
193	8	-2.1060519218444824
193	9	2.881366729736328
193	10	1.1392314434051514
193	11	1.632354736328125
193	12	1.5785973072052002
194	0	2.034001111984253
194	1	2.093583583831787
194	2	3.1006762981414795
194	3	-2.2087693214416504
194	4	-2.9840962886810303
194	5	1.5650609731674194
194	6	1.6188184022903442
194	7	0.05876024812459946
194	8	1.1392314434051514
194	9	2.3959481716156006
194	10	-3.5198047161102295
194	11	-2.2227585315704346
194	12	3.5219545364379883
195	0	-2.160722017288208
195	1	-3.314056873321533
195	2	3.5219545364379883
195	3	-2.5093162059783936
195	4	-2.201145648956299
195	5	1.8044490814208984
195	6	1.4653677940368652
195	7	1.4116103649139404
195	8	-0.34544211626052856
195	9	1.975946068763733
195	10	1.940132975578308
195	11	2.3198466300964355
195	12	-0.2400456964969635
196	0	2.881366729736328
196	1	1.6188184022903442
196	2	2.034001111984253
196	3	2.093583583831787
196	4	0.05876024812459946
196	5	2.3198466300964355
196	6	3.4237587451934814
196	7	-3.5198047161102295
196	8	1.5650609731674194
196	9	-2.2087693214416504
196	10	-2.2227585315704346
196	11	-2.9840962886810303
196	12	1.1392314434051514
197	0	-2.2087693214416504
197	1	-0.09947867691516876
197	2	-3.5198047161102295
197	3	1.6188184022903442
197	4	-2.9840962886810303
197	5	3.08425235748291
197	6	2.4053232669830322
197	7	1.9578996896743774
197	8	0.05876024812459946
197	9	1.5650609731674194
197	10	2.3198466300964355
197	11	-2.2227585315704346
197	12	2.0744807720184326
198	0	1.478904128074646
198	1	1.8805503845214844
198	2	-3.314056873321533
198	3	-2.5093162059783936
198	4	3.08425235748291
198	5	1.083061695098877
198	6	-2.201145648956299
198	7	2.3198466300964355
198	8	1.4116103649139404
198	9	2.4053232669830322
198	10	-0.2400456964969635
198	11	-2.297646999359131
198	12	1.940132975578308
199	0	2.4053232669830322
199	1	-2.2227585315704346
199	2	2.0744807720184326
199	3	-2.2087693214416504
199	4	1.5650609731674194
199	5	-2.9840962886810303
199	6	1.6188184022903442
199	7	2.034001111984253
199	8	3.08425235748291
199	9	2.3959481716156006
199	10	-0.04663617163896561
199	11	0.05876024812459946
199	12	-3.5198047161102295
200	0	-2.9840962886810303
200	1	1.236512303352356
200	2	0.05876024812459946
200	3	-3.5198047161102295
200	4	2.3959481716156006
200	5	2.0744807720184326
200	6	3.4927525520324707
200	7	-2.2227585315704346
200	8	2.3115365505218506
200	9	2.034001111984253
200	10	-2.2087693214416504
200	11	1.6188184022903442
200	12	1.5785973072052002
201	0	-3.5198047161102295
201	1	1.5650609731674194
201	2	-2.9840962886810303
201	3	-2.2087693214416504
201	4	-0.04663617163896561
201	5	2.4053232669830322
201	6	0.05876024812459946
201	7	1.632354736328125
201	8	1.9578996896743774
201	9	2.0744807720184326
201	10	-2.2227585315704346
201	11	2.881366729736328
201	12	2.3198466300964355
202	0	1.8044490814208984
202	1	-2.9840962886810303
202	2	3.08425235748291
202	3	-3.314056873321533
202	4	1.4251466989517212
202	5	1.9210302829742432
202	6	-0.2400456964969635
202	7	-2.160722017288208
202	8	2.3115365505218506
202	9	2.3959481716156006
202	10	-0.34544211626052856
202	11	1.4653677940368652
202	12	-2.201145648956299
203	0	0.05876024812459946
203	1	1.5650609731674194
203	2	-2.2087693214416504
203	3	2.4053232669830322
203	4	1.632354736328125
203	5	1.1392314434051514
203	6	-3.5198047161102295
203	7	-2.9840962886810303
203	8	2.093583583831787
203	9	1.9578996896743774
203	10	-2.2227585315704346
203	11	2.3198466300964355
203	12	3.08425235748291
204	0	-3.2593867778778076
204	1	-0.2400456964969635
204	2	3.4927525520324707
204	3	-2.297646999359131
204	4	0.28321224451065063
204	5	-2.226545810699463
204	6	1.940132975578308
204	7	-2.5093162059783936
204	8	2.4053232669830322
204	9	1.4116103649139404
204	10	-0.34544211626052856
204	11	2.3959481716156006
204	12	-0.2400456964969635
205	0	-0.34544211626052856
205	1	1.4116103649139404
205	2	-3.314056873321533
205	3	1.4653677940368652
205	4	-0.2400456964969635
205	5	-2.5093162059783936
205	6	3.1006762981414795
205	7	-2.201145648956299
205	8	1.8805503845214844
205	9	-2.160722017288208
205	10	1.940132975578308
205	11	2.3198466300964355
205	12	3.5219545364379883
206	0	0.05876024812459946
206	1	-2.9840962886810303
206	2	3.50917649269104
206	3	-2.2087693214416504
206	4	1.1392314434051514
206	5	1.6188184022903442
206	6	-3.5198047161102295
206	7	1.5650609731674194
206	8	3.08425235748291
206	9	2.3198466300964355
206	10	-2.2227585315704346
206	11	2.034001111984253
206	12	2.093583583831787
207	0	1.236512303352356
207	1	2.4053232669830322
207	2	-2.2087693214416504
207	3	0.05876024812459946
207	4	-3.5198047161102295
207	5	-2.9840962886810303
207	6	1.5650609731674194
207	7	1.632354736328125
207	8	-2.2227585315704346
207	9	3.08425235748291
207	10	2.0744807720184326
207	11	2.3959481716156006
207	12	2.034001111984253
208	0	-0.34544211626052856
208	1	-2.5093162059783936
208	2	-0.2400456964969635
208	3	-2.2087693214416504
208	4	3.4237587451934814
208	5	1.4116103649139404
208	6	1.478904128074646
208	7	-3.314056873321533
208	8	2.3959481716156006
208	9	1.9210302829742432
208	10	-2.1652462482452393
208	11	3.08425235748291
208	12	1.8805503845214844
209	0	1.632354736328125
209	1	-3.5198047161102295
209	2	-2.2087693214416504
209	3	1.5785973072052002
209	4	-2.9840962886810303
209	5	2.4053232669830322
209	6	-0.04663617163896561
209	7	0.05876024812459946
209	8	2.3959481716156006
209	9	2.034001111984253
209	10	-2.2227585315704346
209	11	3.08425235748291
209	12	2.0744807720184326
210	0	2.4053232669830322
210	1	1.5785973072052002
210	2	-3.5198047161102295
210	3	-0.04663617163896561
210	4	1.632354736328125
210	5	0.05876024812459946
210	6	-2.9840962886810303
210	7	-2.2087693214416504
210	8	-2.147496223449707
210	9	2.3959481716156006
210	10	3.08425235748291
210	11	2.093583583831787
210	12	2.034001111984253
211	0	-3.314056873321533
211	1	1.4116103649139404
211	2	-2.5093162059783936
211	3	-2.2087693214416504
211	4	1.4653677940368652
211	5	1.083061695098877
211	6	2.4053232669830322
211	7	-0.2400456964969635
212	0	1.632354736328125
212	1	1.5785973072052002
212	2	3.4237587451934814
212	3	0.05876024812459946
212	4	-2.9840962886810303
212	5	-3.5198047161102295
212	6	-0.04663617163896561
212	7	-2.2087693214416504
212	8	1.8805503845214844
212	9	1.940132975578308
212	10	2.3959481716156006
212	11	3.08425235748291
212	12	-2.1105761528015137
213	0	0.05876024812459946
213	1	-3.5198047161102295
213	2	1.5650609731674194
213	3	3.1006762981414795
213	4	-2.9840962886810303
213	5	-2.2087693214416504
213	6	1.6188184022903442
213	7	-0.04663617163896561
213	8	3.5219545364379883
213	9	2.0744807720184326
213	10	-2.2227585315704346
213	11	2.034001111984253
213	12	3.0679397583007812
214	0	2.0744807720184326
214	1	2.3959481716156006
214	2	1.5650609731674194
214	3	2.034001111984253
214	4	3.50917649269104
214	5	1.1392314434051514
214	6	-3.5198047161102295
214	7	3.4927525520324707
214	8	-2.147496223449707
214	9	-2.2087693214416504
214	10	-2.9840962886810303
214	11	0.05876024812459946
214	12	1.632354736328125
215	0	-3.5198047161102295
215	1	1.632354736328125
215	2	3.08425235748291
215	3	1.5785973072052002
215	4	1.9578996896743774
215	5	2.0744807720184326
215	6	3.1006762981414795
215	7	3.5056419372558594
215	8	-2.2087693214416504
215	9	-2.147496223449707
215	10	0.05876024812459946
215	11	-0.09947867691516876
215	12	-2.9840962886810303
216	0	1.8805503845214844
216	1	2.3198466300964355
216	2	1.478904128074646
216	3	1.4116103649139404
216	4	-2.1652462482452393
216	5	-2.201145648956299
216	6	1.083061695098877
216	7	2.4053232669830322
216	8	-3.314056873321533
216	9	3.08425235748291
216	10	1.940132975578308
216	11	-0.2400456964969635
216	12	-2.9840962886810303
217	0	2.3959481716156006
217	1	-3.5198047161102295
217	2	-2.2227585315704346
217	3	-0.04663617163896561
217	4	2.093583583831787
217	5	0.05876024812459946
217	6	1.9578996896743774
217	7	2.4053232669830322
217	8	3.08425235748291
217	9	-2.9840962886810303
217	10	1.5785973072052002
217	11	-2.2087693214416504
217	12	1.6188184022903442
218	0	-3.5198047161102295
218	1	-2.2087693214416504
218	2	0.05876024812459946
218	3	2.0744807720184326
218	4	1.9578996896743774
218	5	2.3959481716156006
218	6	1.6188184022903442
218	7	-2.9840962886810303
218	8	3.50917649269104
218	9	1.5785973072052002
218	10	3.08425235748291
218	11	-2.2227585315704346
218	12	-0.04663617163896561
219	0	2.3959481716156006
219	1	-2.9840962886810303
219	2	2.034001111984253
219	3	1.632354736328125
219	4	1.5785973072052002
219	5	-2.147496223449707
219	6	3.08425235748291
219	7	3.4237587451934814
219	8	-0.04663617163896561
219	9	-3.5198047161102295
219	10	-2.2087693214416504
219	11	2.0744807720184326
219	12	0.05876024812459946
220	0	1.5650609731674194
220	1	3.4237587451934814
220	2	-3.5198047161102295
220	3	1.236512303352356
220	4	2.034001111984253
220	5	2.3959481716156006
220	6	1.632354736328125
220	7	0.05876024812459946
220	8	-2.2227585315704346
220	9	-2.2087693214416504
220	10	3.08425235748291
220	11	2.093583583831787
220	12	-2.9840962886810303
221	0	-0.04663617163896561
221	1	-2.5093162059783936
221	2	1.8044490814208984
221	3	1.4116103649139404
221	4	3.08425235748291
221	5	-2.160722017288208
221	6	-2.201145648956299
221	7	-3.314056873321533
221	8	-0.2400456964969635
221	9	1.4653677940368652
221	10	1.9210302829742432
221	11	2.4053232669830322
221	12	2.3198466300964355
222	0	2.093583583831787
222	1	0.05876024812459946
222	2	2.3959481716156006
222	3	-0.04663617163896561
222	4	-3.5198047161102295
222	5	1.6188184022903442
222	6	1.9578996896743774
222	7	-2.2227585315704346
222	8	3.08425235748291
222	9	1.5785973072052002
222	10	-2.9840962886810303
222	11	-2.2087693214416504
222	12	3.1006762981414795
223	0	1.236512303352356
223	1	-3.5198047161102295
223	2	3.08425235748291
223	3	2.034001111984253
223	4	2.4053232669830322
223	5	0.05876024812459946
223	6	-2.9840962886810303
223	7	-2.2227585315704346
223	8	2.3959481716156006
223	9	1.632354736328125
223	10	2.0744807720184326
223	11	-2.2087693214416504
223	12	1.5650609731674194
224	0	2.4053232669830322
224	1	-3.5198047161102295
224	2	0.05876024812459946
224	3	-0.04663617163896561
224	4	1.6188184022903442
224	5	-2.2087693214416504
224	6	3.5219545364379883
224	7	2.3959481716156006
224	8	1.5650609731674194
224	9	2.0744807720184326
224	10	-2.547630548477173
224	11	-2.9840962886810303
224	12	2.034001111984253
225	0	-3.5198047161102295
225	1	3.08425235748291
225	2	1.5650609731674194
225	3	-2.622519016265869
225	4	2.0744807720184326
225	5	1.9578996896743774
225	6	-2.9840962886810303
225	7	3.1006762981414795
225	8	-2.2087693214416504
225	9	0.05876024812459946
225	10	2.3959481716156006
225	11	-0.04663617163896561
225	12	1.632354736328125
226	0	1.5650609731674194
226	1	-3.5198047161102295
226	2	-2.622519016265869
226	3	2.295933485031128
226	4	-2.9840962886810303
226	5	-2.2087693214416504
226	6	0.05876024812459946
226	7	2.4053232669830322
226	8	2.0744807720184326
226	9	1.9578996896743774
226	10	2.3959481716156006
226	11	-0.04663617163896561
226	12	1.6188184022903442
227	0	1.940132975578308
227	1	2.881366729736328
227	2	-2.622519016265869
227	3	-0.34544211626052856
227	4	-3.314056873321533
227	5	2.3198466300964355
227	6	-2.201145648956299
227	7	2.4053232669830322
227	8	1.4653677940368652
227	9	-2.5093162059783936
227	10	1.8805503845214844
227	11	-0.2400456964969635
227	12	1.4251466989517212
228	0	2.4053232669830322
228	1	-3.5198047161102295
228	2	2.295933485031128
228	3	1.9578996896743774
228	4	1.236512303352356
228	5	-2.9840962886810303
228	6	0.05876024812459946
228	7	1.5785973072052002
228	8	2.0744807720184326
228	9	1.632354736328125
228	10	2.3959481716156006
228	11	-2.2087693214416504
228	12	-2.547630548477173
229	0	-2.2087693214416504
229	1	1.478904128074646
229	2	1.8044490814208984
229	3	1.9210302829742432
229	4	-0.34544211626052856
229	5	-3.314056873321533
229	6	-2.5093162059783936
229	7	2.3959481716156006
229	8	3.08425235748291
229	9	-0.2400456964969635
229	10	-2.4038491249084473
229	11	1.4116103649139404
229	12	3.4237587451934814
230	0	-2.547630548477173
230	1	-2.2087693214416504
230	2	2.034001111984253
230	3	1.236512303352356
230	4	1.632354736328125
230	5	1.5650609731674194
230	6	-3.5198047161102295
230	7	2.093583583831787
230	8	2.4053232669830322
230	9	2.3959481716156006
230	10	2.881366729736328
230	11	-2.9840962886810303
230	12	0.05876024812459946
231	0	2.655249834060669
231	1	-0.34544211626052856
231	2	2.3198466300964355
231	3	-2.419543504714966
231	4	-2.2030835151672363
231	5	-2.454646110534668
231	6	3.50917649269104
231	7	1.884305477142334
231	8	3.08425235748291
231	9	2.3832790851593018
231	10	1.940132975578308
231	11	1.4251466989517212
231	12	-0.2400456964969635
231	13	1.8805503845214844
231	14	1.478904128074646
231	15	2.0573205947875977
231	16	-3.314056873321533
232	0	-0.34544211626052856
232	1	-3.2593867778778076
232	2	1.4184648990631104
232	3	1.4251466989517212
232	4	-2.454646110534668
232	5	-2.1776833534240723
232	6	-0.2400456964969635
232	7	1.975946068763733
232	8	2.0573205947875977
232	9	3.078418493270874
232	10	-2.399325132369995
232	11	1.9210302829742432
232	12	1.8044490814208984
232	13	2.3198466300964355
232	14	2.150578022003174
233	0	2.0744807720184326
233	1	-2.185307025909424
233	2	-2.9840962886810303
233	3	1.632354736328125
233	4	1.9578996896743774
233	5	-3.5198047161102295
233	6	-0.04663617163896561
233	7	2.295933485031128
233	8	0.05876024812459946
233	9	-2.547630548477173
233	10	3.1668200492858887
233	11	1.5785973072052002
233	12	2.0744807720184326
233	13	2.4053232669830322
233	14	2.3198466300964355
234	0	-0.34544211626052856
234	1	-2.5093162059783936
234	2	3.1006762981414795
234	3	1.9210302829742432
234	4	3.147717237472534
234	5	3.08425235748291
234	6	1.8044490814208984
234	7	-2.1776833534240723
234	8	-3.314056873321533
234	9	1.4251466989517212
234	10	1.9210302829742432
234	11	1.4653677940368652
234	12	-0.2400456964969635
234	13	-2.399325132369995
234	14	2.3198466300964355
235	0	-0.2400456964969635
235	1	-2.454646110534668
235	2	-3.314056873321533
235	3	1.9210302829742432
235	4	-2.1776833534240723
235	5	1.4251466989517212
235	6	3.50917649269104
235	7	3.1668200492858887
235	8	-0.34544211626052856
235	9	1.4653677940368652
236	0	1.6188184022903442
236	1	-2.185307025909424
236	2	1.5785973072052002
236	3	2.1213014125823975
236	4	0.05876024812459946
236	5	3.147717237472534
236	6	-3.5198047161102295
236	7	-0.04663617163896561
236	8	2.0744807720184326
236	9	-2.9840962886810303
237	0	1.975946068763733
237	1	1.9210302829742432
237	2	1.478904128074646
237	3	2.3198466300964355
237	4	3.1668200492858887
237	5	-0.2400456964969635
237	6	-3.314056873321533
237	7	-2.3446550369262695
237	8	-0.34544211626052856
237	9	1.8805503845214844
237	10	2.150578022003174
237	11	-2.5093162059783936
237	12	-2.185307025909424
237	13	1.4116103649139404
237	14	1.940132975578308
238	0	-3.314056873321533
238	1	-0.2400456964969635
238	2	1.4653677940368652
238	3	-2.2030835151672363
238	4	1.940132975578308
238	5	3.147717237472534
238	6	1.4116103649139404
238	7	-0.34544211626052856
238	8	2.1213014125823975
238	9	-2.454646110534668
239	0	3.1668200492858887
239	1	2.093583583831787
239	2	-3.5198047161102295
239	3	0.05876024812459946
239	4	-0.04663617163896561
239	5	-2.9840962886810303
239	6	2.1213014125823975
239	7	1.5650609731674194
239	8	-2.185307025909424
239	9	1.632354736328125
240	0	1.5359300374984741
240	1	-3.314056873321533
240	2	3.147717237472534
240	3	-0.2400456964969635
240	4	-0.34544211626052856
240	5	1.4116103649139404
240	6	1.478904128074646
240	7	2.1213014125823975
240	8	-2.5093162059783936
240	9	1.940132975578308
240	10	-2.1776833534240723
241	0	2.093583583831787
241	1	-2.9840962886810303
241	2	1.5650609731674194
241	3	2.1213014125823975
241	4	0.05876024812459946
241	5	-3.5198047161102295
241	6	1.6188184022903442
241	7	-0.04663617163896561
241	8	3.1668200492858887
241	9	-2.185307025909424
241	10	1.666696548461914
241	11	1.8805503845214844
241	12	-2.3446550369262695
241	13	3.08425235748291
241	14	2.3198466300964355
241	15	1.940132975578308
242	0	-3.5198047161102295
242	1	-0.04663617163896561
242	2	1.632354736328125
242	3	0.05876024812459946
242	4	-2.9840962886810303
242	5	-2.185307025909424
242	6	3.4237587451934814
242	7	2.093583583831787
242	8	1.6620967388153076
242	9	3.1668200492858887
242	10	1.5785973072052002
243	0	1.5650609731674194
243	1	2.0744807720184326
243	2	0.05876024812459946
243	3	-3.5198047161102295
243	4	-2.185307025909424
243	5	-2.9840962886810303
243	6	2.1213014125823975
243	7	1.632354736328125
243	8	1.6726560592651367
243	9	-0.04663617163896561
243	10	3.147717237472534
244	0	0.1343371719121933
244	1	-2.3446550369262695
244	2	-2.8175699710845947
244	3	2.224496841430664
244	4	1.680517315864563
244	5	1.7865056991577148
245	0	1.940132975578308
245	1	-3.2593867778778076
245	2	1.4116103649139404
245	3	-0.34544211626052856
245	4	1.940132975578308
245	5	2.3959481716156006
245	6	-2.5093162059783936
245	7	2.1213014125823975
245	8	3.08425235748291
245	9	-2.4742136001586914
245	10	-0.2400456964969635
245	11	3.147717237472534
245	12	1.8805503845214844
245	13	1.478904128074646
245	14	-2.2030835151672363
246	0	3.1668200492858887
246	1	-2.622519016265869
246	2	2.1213014125823975
246	3	2.3959481716156006
246	4	2.213465690612793
246	5	-2.9840962886810303
246	6	2.0744807720184326
246	7	1.5650609731674194
246	8	1.6188184022903442
246	9	2.295933485031128
246	10	-3.5198047161102295
246	11	-0.04663617163896561
246	12	0.05876024812459946
246	13	2.093583583831787
246	14	-2.185307025909424
247	0	0.05876024812459946
247	1	2.093583583831787
247	2	-0.04663617163896561
247	3	-3.5198047161102295
247	4	1.5650609731674194
247	5	-2.185307025909424
247	6	3.1668200492858887
247	7	1.513245940208435
247	8	-2.9840962886810303
247	9	3.4237587451934814
247	10	1.6188184022903442
248	0	-2.454646110534668
248	1	3.08425235748291
248	2	2.3959481716156006
248	3	2.8855764865875244
248	4	-3.2593867778778076
248	5	1.478904128074646
248	6	1.940132975578308
248	7	1.975946068763733
248	8	-2.622519016265869
248	9	1.4116103649139404
248	10	1.8044490814208984
248	11	-0.2400456964969635
248	12	-2.2030835151672363
248	13	1.9210302829742432
248	14	-0.34544211626052856
248	15	3.1668200492858887
249	0	1.8044490814208984
249	1	1.4653677940368652
249	2	3.082984685897827
249	3	-2.2030835151672363
249	4	-2.5093162059783936
249	5	-0.34544211626052856
249	6	1.4116103649139404
249	7	2.3198466300964355
249	8	1.940132975578308
249	9	3.1668200492858887
249	10	-3.2593867778778076
249	11	1.535519003868103
249	12	-2.419543504714966
249	13	1.975946068763733
249	14	1.940132975578308
249	15	2.295933485031128
249	16	-0.2400456964969635
250	0	0.05876024812459946
250	1	-0.2400456964969635
250	2	3.4237587451934814
250	3	-0.34544211626052856
250	4	-2.5093162059783936
250	5	-2.1776833534240723
250	6	1.478904128074646
250	7	1.9210302829742432
250	8	3.147717237472534
250	9	1.4116103649139404
250	10	-3.314056873321533
250	11	3.0638818740844727
250	12	1.5192055702209473
250	13	-2.399325132369995
250	14	2.3198466300964355
250	15	2.150578022003174
250	16	1.8805503845214844
250	17	1.9210302829742432
251	0	-2.185307025909424
251	1	1.6188184022903442
251	2	2.1213014125823975
251	3	2.093583583831787
251	4	1.6188184022903442
251	5	2.295933485031128
251	6	3.0638818740844727
251	7	1.5650609731674194
251	8	-2.547630548477173
251	9	-0.04663617163896561
251	10	0.05876024812459946
251	11	-2.9840962886810303
251	12	2.034001111984253
251	13	-3.5198047161102295
251	14	2.093583583831787
251	15	2.3198466300964355
251	16	3.1668200492858887
252	0	2.093583583831787
252	1	2.1213014125823975
252	2	3.147717237472534
252	3	1.9578996896743774
252	4	-2.9840962886810303
252	5	-2.185307025909424
252	6	0.05876024812459946
252	7	2.3959481716156006
252	8	-3.5198047161102295
252	9	1.5785973072052002
252	10	3.0638818740844727
252	11	1.632354736328125
252	12	-2.547630548477173
252	13	2.093583583831787
252	14	-0.04663617163896561
252	15	1.632354736328125
252	16	2.295933485031128
253	0	2.0744807720184326
253	1	-2.9840962886810303
253	2	3.147717237472534
253	3	1.6188184022903442
253	4	0.05876024812459946
253	5	-0.04663617163896561
253	6	1.5785973072052002
253	7	1.6188184022903442
253	8	-3.5198047161102295
253	9	-2.185307025909424
253	10	3.0638818740844727
253	11	3.4237587451934814
253	12	2.295933485031128
253	13	2.093583583831787
253	14	-2.547630548477173
253	15	2.3198466300964355
253	16	2.196126699447632
253	17	1.5086461305618286
254	0	-0.04663617163896561
254	1	-2.9840962886810303
254	2	1.5650609731674194
254	3	-3.5198047161102295
254	4	1.632354736328125
254	5	3.0638818740844727
254	6	-2.185307025909424
254	7	2.1213014125823975
254	8	1.6188184022903442
254	9	3.147717237472534
254	10	2.093583583831787
254	11	0.05876024812459946
254	12	2.0744807720184326
254	13	2.3198466300964355
254	14	-2.547630548477173
254	15	2.034001111984253
254	16	3.08425235748291
254	17	1.666696548461914
255	0	0.05876024812459946
255	1	-3.5198047161102295
255	2	3.147717237472534
255	3	2.1213014125823975
255	4	1.6188184022903442
255	5	-2.9840962886810303
255	6	1.632354736328125
255	7	3.0638818740844727
255	8	1.5785973072052002
255	9	2.093583583831787
255	10	-2.185307025909424
255	11	-0.04663617163896561
255	12	1.6676630973815918
255	13	2.0397377014160156
255	14	-2.547630548477173
255	15	2.093583583831787
255	16	2.3198466300964355
255	17	2.295933485031128
255	18	1.884305477142334
255	19	2.4023818969726562
256	0	0.1343371719121933
256	1	-2.0382306575775146
256	2	-2.8175699710845947
256	3	1.6262646913528442
256	4	0.240034818649292
256	5	1.6844727993011475
257	0	1.884305477142334
257	1	2.223207712173462
257	2	-3.2593867778778076
257	3	1.975946068763733
257	4	-0.2400456964969635
257	5	-2.5093162059783936
257	6	3.1668200492858887
257	7	1.940132975578308
257	8	-0.34544211626052856
257	9	1.4116103649139404
257	10	-2.1776833534240723
257	11	1.4653677940368652
257	12	3.306917428970337
257	13	1.478904128074646
258	0	3.4927525520324707
258	1	1.884305477142334
258	2	-3.2593867778778076
258	3	-2.1776833534240723
258	4	1.478904128074646
258	5	1.478904128074646
258	6	-0.2400456964969635
258	7	1.975946068763733
258	8	1.940132975578308
258	9	1.4116103649139404
258	10	3.1668200492858887
258	11	-0.34544211626052856
258	12	3.2970497608184814
258	13	-2.454646110534668
259	0	1.6188184022903442
259	1	2.093583583831787
259	2	0.05876024812459946
259	3	-2.185307025909424
259	4	-0.04663617163896561
259	5	2.1213014125823975
259	6	3.2970497608184814
259	7	1.5650609731674194
259	8	3.147717237472534
259	9	-3.5198047161102295
259	10	-2.9840962886810303
259	11	0.0937829241156578
259	12	1.6188184022903442
260	0	1.4116103649139404
260	1	2.3959481716156006
260	2	3.1668200492858887
260	3	1.4653677940368652
260	4	3.08425235748291
260	5	1.9210302829742432
260	6	2.0573205947875977
260	7	-2.9840962886810303
260	8	-2.3446550369262695
260	9	1.975946068763733
260	10	-2.2030835151672363
260	11	-3.2593867778778076
260	12	1.478904128074646
260	13	-0.2400456964969635
260	14	3.2970497608184814
260	15	1.8805503845214844
260	16	-0.34544211626052856
261	0	-2.547630548477173
261	1	2.1213014125823975
261	2	3.08425235748291
261	3	0.05876024812459946
261	4	1.6188184022903442
261	5	1.5650609731674194
261	6	3.2970497608184814
261	7	2.093583583831787
261	8	-3.5198047161102295
261	9	2.3198466300964355
261	10	3.1668200492858887
261	11	2.034001111984253
261	12	-2.185307025909424
261	13	-0.04663617163896561
261	14	1.6188184022903442
261	15	-2.9840962886810303
261	16	2.0744807720184326
262	0	1.4251466989517212
262	1	-2.185307025909424
262	2	1.4653677940368652
262	3	3.08425235748291
262	4	1.478904128074646
262	5	3.2970497608184814
262	6	2.3198466300964355
262	7	-3.314056873321533
262	8	1.8044490814208984
262	9	-0.34544211626052856
262	10	-2.4038491249084473
262	11	1.940132975578308
262	12	3.147717237472534
262	13	1.975946068763733
262	14	-0.2400456964969635
262	15	1.9210302829742432
262	16	-2.5093162059783936
263	0	-3.5198047161102295
263	1	1.478904128074646
263	2	3.316152572631836
263	3	-2.3446550369262695
263	4	1.940132975578308
263	5	1.9210302829742432
263	6	-0.2400456964969635
263	7	-0.34544211626052856
263	8	3.147717237472534
263	9	3.4237587451934814
263	10	2.3198466300964355
263	11	-2.454646110534668
263	12	1.4251466989517212
263	13	1.4184648990631104
263	14	2.150578022003174
263	15	1.8805503845214844
263	16	-2.2030835151672363
263	17	1.5142124891281128
264	0	2.3959481716156006
264	1	-0.04663617163896561
264	2	2.093583583831787
264	3	-3.5198047161102295
264	4	3.2970497608184814
264	5	1.5650609731674194
264	6	3.08425235748291
264	7	-2.433685302734375
264	8	2.034001111984253
264	9	0.05876024812459946
264	10	1.6188184022903442
264	11	2.093583583831787
264	12	-2.9840962886810303
264	13	3.147717237472534
264	14	1.6188184022903442
264	15	3.4237587451934814
264	16	-2.185307025909424
265	0	3.5219545364379883
265	1	3.147717237472534
265	2	-2.185307025909424
265	3	2.3959481716156006
265	4	-2.9840962886810303
265	5	-0.04663617163896561
265	6	2.0744807720184326
265	7	1.5650609731674194
265	8	0.05876024812459946
265	9	-2.547630548477173
265	10	2.034001111984253
265	11	-3.5198047161102295
265	12	3.4237587451934814
265	13	3.2970497608184814
265	14	1.6188184022903442
265	15	2.0744807720184326
265	16	1.6188184022903442
266	0	1.4653677940368652
266	1	3.147717237472534
266	2	-2.1776833534240723
266	3	3.4237587451934814
266	4	-0.34544211626052856
266	5	3.316152572631836
266	6	-2.454646110534668
266	7	1.9210302829742432
266	8	1.4116103649139404
266	9	1.478904128074646
266	10	-0.2400456964969635
266	11	-3.2593867778778076
266	12	1.5086461305618286
266	13	1.940132975578308
266	14	-2.419543504714966
266	15	2.150578022003174
266	16	2.3959481716156006
266	17	1.886286973953247
266	18	1.884305477142334
267	0	-2.185307025909424
267	1	2.093583583831787
267	2	-2.9840962886810303
267	3	2.034001111984253
267	4	2.1213014125823975
267	5	3.1668200492858887
267	6	-0.04663617163896561
267	7	1.632354736328125
267	8	-3.5198047161102295
267	9	3.4927525520324707
267	10	-2.547630548477173
267	11	1.6188184022903442
267	12	2.0744807720184326
267	13	2.3198466300964355
267	14	0.05876024812459946
267	15	3.2970497608184814
267	16	1.5785973072052002
268	0	-3.5198047161102295
268	1	-2.9840962886810303
268	2	0.05876024812459946
268	3	1.5650609731674194
268	4	-0.04663617163896561
268	5	3.2970497608184814
268	6	1.5086461305618286
268	7	2.0744807720184326
268	8	1.6188184022903442
268	9	3.147717237472534
268	10	2.1213014125823975
268	11	-2.185307025909424
268	12	1.6188184022903442
269	0	1.886286973953247
269	1	3.147717237472534
269	2	2.1213014125823975
269	3	1.940132975578308
269	4	-2.9840962886810303
269	5	-2.185307025909424
269	6	-0.04663617163896561
269	7	1.632354736328125
269	8	-3.5198047161102295
269	9	-2.3446550369262695
269	10	1.5650609731674194
269	11	2.3198466300964355
269	12	3.08425235748291
269	13	3.316152572631836
269	14	1.6188184022903442
269	15	2.0744807720184326
269	16	0.05876024812459946
270	0	2.150578022003174
270	1	-3.314056873321533
270	2	-2.1776833534240723
270	3	-0.2400456964969635
270	4	1.4653677940368652
270	5	1.975946068763733
270	6	1.940132975578308
270	7	1.4251466989517212
270	8	3.147717237472534
270	9	1.478904128074646
270	10	-2.9840962886810303
270	11	3.316152572631836
270	12	-0.34544211626052856
