## RankNet
## Epochs = 50
## No. of features = 48
## No. of hidden layers = 2
## Layer 1: 10 neurons
## Layer 2: 10 neurons
1 2 3 4 5 6 7 8 9 10 11 12 13 14 15 16 17 18 19 20 21 22 23 24 25 26 27 28 29 30 31 32 33 34 35 36 37 38 39 40 41 42 43 44 45 46 47 48
2
10
10
0 0 -0.023233329898855643 0.05001873706200686 -0.012385409279872812 0.04385426640957335 -0.015309916703792531 0.042718200670895955 0.02849830004527729 -0.03561823018715377 0.09803052013583978 0.05289798665973358
0 1 0.01189122162759304 0.006205505225807428 -0.0036443532444536686 0.013017559424042702 0.07076858729124069 -0.04189804196357727 0.010735804215073586 0.045184921473264694 0.021918874233961105 0.05559150502085686
0 2 -0.03634970635175705 0.08144579827785492 -0.01997685432434082 -0.06020016223192215 0.009943550452589989 0.09335305541753769 0.01226344145834446 -0.012904536910355091 -0.08349569886922836 -0.028254032135009766
0 3 0.08819664269685745 -0.08915770053863525 0.001944768475368619 -0.023917872458696365 0.004808521363884211 -0.0791178047657013 -0.039769433438777924 -0.08749128133058548 -0.04766073822975159 -0.021292787045240402
0 4 -0.007776695303618908 -0.07998456805944443 0.02990828827023506 -0.0011711716651916504 -0.04793613404035568 -0.043290555477142334 -0.04134311154484749 0.04622630402445793 0.06349218636751175 0.043164581060409546
0 5 0.03395631164312363 -0.04291970655322075 0.07660605013370514 0.07864485681056976 0.0708896592259407 0.08619239181280136 0.06642333418130875 -0.02606799080967903 -0.07160410284996033 -0.047421276569366455
0 6 0.016753396407982027 -0.04401554774334884 0.05791141753734069 0.012977760024613445 -0.09430304855994379 0.06551609012978421 -0.040899475242584096 -0.0016714096870837293 0.08640035615329737 0.03922453320892306
0 7 -0.09769031112272841 0.019785973071220514 0.04901905865827361 -0.07082699220759114 -0.04407764847185641 0.04165172905200786 0.057631299705837045 0.023450617847160023 0.055956431637331216 -0.04784683429849163
0 8 -0.002511738190275121 -0.009426555045021176 -0.08362539301682564 0.05441180086915626 0.04681966724674095 8.364264768906723E-4 0.07119332367537716 0.0899214355928774 -0.04578738124094079 0.03123791341221432
0 9 0.024431296069327223 -0.07118161153800548 0.029668526695479237 -0.04384224273974763 -0.06638681245167889 -0.021262383003776388 -0.06905274724604389 0.06556284266542149 0.08268387406148835 -0.055180720868348195
0 10 0.07366935015112497 0.05071505028002201 -0.08605779896546456 0.0307219999957573 0.02423845874945503 -0.04334052829915788 -0.023142787423150648 0.02505881923268946 -3.6462457485595583E-4 0.05304640170669644
0 11 -0.005798502665775846 -0.051353577176862945 -0.0470952282600193 -0.025572576864318127 -0.07360945202962166 -0.07374640313077611 -0.01769172409560626 0.01633299948781521 0.08495475693652482 -0.014105199969821508
0 12 0.04081542532193112 -0.0430141474514606 -0.08976288711332966 0.06922730431962104 0.08664961358862229 -0.0011883366656508952 -0.05793376672518323 0.07348826501355167 -0.048185204834920406 0.07677667974697652
0 13 0.027819615327018602 -0.04875867336843092 -0.011727631385098303 -0.07747349043721373 0.08518257522310296 -0.07952535513857456 0.06381055677298489 -0.036000260397615794 -0.010520993787368135 -0.04239925756000062
0 14 0.06968726361795365 -0.009738836031793844 0.008833701122141602 0.09316775398268622 -0.06438819655194994 0.010812652096392822 -0.09076434330809717 0.08781858224209725 -0.016076894399216588 -0.055066233302194324
0 15 -0.08527986724059843 -0.07188892159356951 0.057519776308741125 0.007930025682674365 0.05015383951377125 0.022459108713314725 -0.03359080078789173 0.04278125736790537 -0.08751806570651484 0.07110875259985884
0 16 -0.07732614163123937 -0.0967955844222564 -0.08780428677785895 0.06349058652224233 0.012739207932872473 0.02695028572362782 0.0017863952638673896 0.03767052523211827 0.07798384012586271 0.023103713274963026
0 17 0.08414684398334821 -0.013892304961104178 -0.07775186726075732 -0.0301062114117493 0.060774642291823916 -0.09286204550665292 -0.0027372720589461316 -0.06866633770871336 -0.04728070031205687 -0.053965289102137194
0 18 0.0987527399726746 -0.020753796484528342 0.08603981135720645 0.02935547989067383 0.02969434465069101 0.06317723781800784 0.07515008773874068 -0.005629866275309444 -0.05330186084170814 0.09190857445685426
0 19 0.03468478991710286 0.07094102132660997 0.022335526945609654 0.07771374531212392 -0.09188662476772737 -0.08063675764144845 0.027815263178736553 0.03376573338876985 -0.0709396382867382 0.06783750536043297
0 20 0.0339793166807067 0.05534725382296247 -0.0410287972131865 -0.04963261939378645 0.0729947295855158 0.016118051217925047 -0.009728037147835352 -0.029022889579282885 0.050020044024730155 -0.058295699301418875
0 21 0.04668605313461576 -0.09106630412474519 0.05194110908969443 0.028271741230313473 0.09857674003888457 -0.01297290540178356 0.05829690994129872 -0.03869776161731261 -0.067447248115053 -0.010574983717373875
0 22 0.045497180140987775 -0.036623171770181234 -0.041766364445563746 0.023791205701317413 -0.0881448465609725 0.05980663174852353 0.01567842251153683 -0.03712481223536428 -0.008819959016455048 -0.05786323073753254
0 23 -0.07601269931472217 -0.09338727068560469 0.05813424423577272 0.02426954977336483 0.008748477250986379 0.03557599407492699 0.08274794502237504 -0.06464612469304779 0.05725873577603796 0.04219935717184136
0 24 0.016349321231245995 0.0914355218410492 0.0749380812048912 0.09781409800052643 0.013483178801834583 0.06544692069292068 0.013621372170746326 0.0426979586482048 -0.07653934508562088 0.08665312081575394
0 25 -0.03640950008308302 -0.09447525171552286 -0.032095657344667954 -0.022850506666746668 0.07551951730258348 0.03975211524213588 0.0679635381705095 0.03174451227843744 -0.03452979176592461 0.0023852926544888613
0 26 -0.09336642920970917 -0.01204941887408495 0.0916367620229721 0.09477804601192474 -0.06175687164068222 -0.05405883118510246 -0.07711340487003326 0.04293488338589668 -0.08119134604930878 0.02662138268351555
0 27 0.08372961042521944 0.05792126686828394 0.04400454377971854 -0.05348684885633337 -0.016810652180927494 -0.0926997586705946 0.024739064257480275 0.08115771565746123 -0.007578907548281279 0.08826439898062126
0 28 0.03882006345899746 0.033099580517999425 0.09718248711472185 -0.05211535529781911 0.08711872668635577 0.0755709770027295 -0.018717968483197518 -0.0717109465232775 0.012172525817184867 -0.01219299745013351
0 29 0.002833211031708849 0.08674098196786978 -0.017854192221566104 0.009178850436037413 -0.05410799141175387 -0.027265885369540433 0.09584425194061749 -0.015349245669506548 -0.06087921284205151 0.0658931896993898
0 30 0.08163867654318421 0.08494717193400139 -0.0964193058343836 0.04148622184916311 0.03773286307555247 0.05203648837699542 0.09577832426230602 -0.08032522927011347 0.0032014987820301413 0.09615697398883725
0 31 -0.07500910785189205 0.053641087501763586 -0.033107162656582555 -0.049906961404434146 0.07864113998620094 -0.01664357923374788 -0.0936614235014385 0.03512838430929333 -0.07501314967849546 0.046283520516424495
0 32 -0.01849921691432407 -0.06239460968348454 -0.05495689153237588 0.06697630849089685 -0.0545672744108979 -0.036788131962033316 -0.05545837958870566 0.0703239095557343 -0.025049556758638226 -0.06759962100758499
0 33 0.08419788148541238 0.08016921908374222 0.05355922981709749 0.05680654428008026 0.01811502873898726 -0.07070009017318257 -0.02777644824930612 0.08126800286172083 -0.04464638567507147 0.054880639492841395
0 34 0.03601785769678373 -0.04010813573799392 -0.08334712361889296 0.08043786095784203 0.030716208702255478 0.07521546316446616 -0.002388974568115097 0.08138421829568569 -0.018148858726384057 0.03356830797901395
0 35 0.02134626594896433 0.07109796869334448 0.06948867361138622 -0.01828662252758904 0.04264862720533578 -0.04165330589301585 0.06813049755554819 -0.05938513183750368 -0.05986242424843401 -0.08665104763651034
0 36 0.033831167002698004 -0.021029713157644233 0.0900615354655449 0.030563730582639715 -0.06819107257168514 0.03833854576796892 0.06002601881192214 0.0430553989299171 -0.04708165859475647 0.03245583142006241
0 37 -0.08794795389277442 -0.09106490840057609 0.016873385559595333 0.019575348820890074 0.061554988296879706 -0.08659314802624561 -0.033205071660922264 -0.01748355697629849 -0.02005825436217372 0.04000985103738344
0 38 -0.026640671235061326 0.08754511651103433 -0.05335143428150213 -0.02651868763123412 0.05281206250198165 -0.047997757356206615 0.07309913291718644 -0.01587478071237061 -0.010624574908452561 0.04435996291992599
0 39 -0.0566987227973595 0.03663806254956211 0.04650457766651941 -0.03183955524383491 0.07067400206442999 0.039056232971979354 -0.061703406533287666 0.04319160448140558 -0.07669231648542206 -0.0913315757464151
0 40 -0.046374167245364806 -6.828931301361795E-4 0.06716970134672136 0.014148911435857812 0.08002255141742515 -0.09360181869153182 -0.0936149095079692 0.020612565802688863 -0.07653754618151704 -0.030278526713872652
0 41 0.03389686734525594 0.07766215165442862 -0.0020203420832839857 0.010875651308639966 -0.08716462113515144 0.04723873975586242 -0.06009095544006769 0.03830777356534997 0.0017404649830430473 -0.09474742053400831
0 42 -0.023517479343328877 -3.8374920838718323E-4 -0.016290320967460813 0.07855214774748523 0.0870574291561808 0.011378455352803173 -0.039145445826415944 -0.04374834757035651 0.03188726956907736 0.09658827926684391
0 43 -0.09898915010375668 -0.04922258850730729 0.02041609477852926 0.04080905925939947 0.07631536164461789 -0.04973469808948542 0.0859293958434223 -0.09732180067594849 -0.06329136113563083 -0.0414337626459304
0 44 -0.041278604996598925 0.07318822911419248 -0.007003459079744692 -0.05258246461809692 -0.008562904885268475 0.06251226863356044 -0.06561227792109302 0.030153935564934425 0.061312942632376105 0.003656860500136797
0 45 -0.029717715887042855 -0.022346450206110265 0.08131240997001941 -0.06753122181912206 -0.09555716124017845 0.024922891161611612 -0.05189312109957817 -0.07173269377484982 0.001954566399425139 -0.05681565439022507
0 46 0.05356977966690442 0.034514215424474665 -0.01545987961173867 0.01523932940437584 -0.07207605110968554 0.035306211658016125 -0.0305601176655109 -0.0218018402807977 -0.012631557786243147 0.07303369817068342
0 47 -0.004723668014028265 0.030842689457961564 -0.0903601856505683 0.02419458575668888 -0.018823783918566362 0.02680099268315847 0.06799493117311661 0.01342727072309281 0.0979424485863163 0.07601064326364647
0 48 0.018705193112772894 0.05664104630536438 -0.06949817789123351 0.009422334538145982 -0.0036694722119034 -0.011256310540325106 -0.06277324641134695 -0.03238543620199164 0.04565952315041849 0.036165859416610664 -0.047662974932844035 0.08855916597307534 -0.08716936858778809 0.02073107530054181 -0.009929041494495673 -0.009743896904449276 0.0071967903861801215 0.07063526628873666 0.029951876277357427 0.03396402879078058 0.06532549009265472
1 0 -0.034465982607474584 0.019046591387537632 -0.033427645825335174 -0.03306842690872068 -0.048031201689004405 0.008352124702252875 -0.05186382741550421 0.008454014417484949 -0.012286862252898947 0.0902316316517306
1 1 -0.0743040461673558 0.0514284405317851 -0.021933111176001992 0.03605455555312518 0.07354740603196741 0.05953440695345191 0.09262472511498471 0.09113543805728139 0.055580872673732074 0.0698745545300196
1 2 -0.08407287371736608 0.033875442915902144 -0.08526904374703155 0.022533734394144158 0.03639271052365456 -0.005473359711226728 0.03034449538634894 0.01177433715359315 -0.06634268960501581 -0.04076308112953048
1 3 0.022987597784072347 -0.05643185073226945 -0.01150498291516659 -0.0800660136444951 0.017860437343930908 -0.029345670550507578 -0.06841468064914913 0.03381248320239655 0.08884516892198814 -0.07929051020944267
1 4 -0.04271676410526375 -0.09619012143765561 -0.015539271077387664 -0.07181714914273826 -0.020407652074293313 -0.08140430673672898 4.723102474818443E-4 -0.049911531094273175 -0.0711179036207897 0.06314903824347216
1 5 -0.005495535937911797 0.08672280121516547 0.015984331867136287 0.05172634217341956 -0.011581346151788963 0.06186977510318282 -0.027784242444426305 0.035516525830655885 -0.08722765419925993 0.04339559808780742
1 6 0.0823176546515379 -0.04687178214075012 0.0971799178919735 -0.09855190645964265 0.047035029718999734 0.08632690535102683 -0.09562938289247286 -0.08833060905335692 0.0750191745227021 -0.05379893541309614
1 7 -0.0250628951935166 0.02311440659629397 -0.0716323941519041 0.09040864544644808 0.08713869769905469 -0.06941287037143525 0.012972190613087216 0.03028657529634483 -0.05864514294070063 0.0021263434659263497
1 8 0.027165009796586488 -0.09852121023976478 -0.0024959689727738752 -0.08988776579451917 -0.0923231820853673 0.06810817801313926 -0.0627252475906125 -0.08681436694172545 -0.06695958968365719 0.006569346810848507
1 9 0.038921393829047024 -0.0790439001537863 -0.0444558221958196 0.0011913535841749537 -0.006985135127774701 -6.409269473366097E-4 -0.015106460898925181 0.05078364210846752 0.09033228066727451 0.09025716785014462
2 0 0.026981602917621125
2 1 0.05133850895566326
2 2 0.08858244332673253
2 3 -0.00712259772951656
2 4 -0.059198939551072076
2 5 -0.08346229870889767
2 6 0.03852200769761757
2 7 -0.06318570142364341
2 8 0.06208579487419122
2 9 0.02924257664008284
