206	0	0.4840046947809664
206	1	0.48400469446709693
206	2	0.48400469446709693
206	3	0.48400469446709693
206	4	0.48400469446709693
206	5	0.4840046944672125
206	6	0.48400469446709693
206	7	0.48400469446709693
206	8	0.48400469446709693
206	9	0.4840046944671094
206	10	0.48400469446709693
206	11	0.48400469446709693
206	12	0.4840046944719315
207	0	0.48400469446709693
207	1	0.48400469446709693
207	2	0.48400469446709693
207	3	0.48400469477910696
207	4	0.48400469446709693
207	5	0.48400469446709693
207	6	0.48400469446709693
207	7	0.4840046944672128
207	8	0.48400469446709693
207	9	0.48400469446709693
207	10	0.4840046944719415
207	11	0.4840046944671094
207	12	0.48400469446709693
208	0	0.48400469446709693
208	1	0.48400469446709693
208	2	0.4840046947688894
208	3	0.48400469446709693
208	4	0.48400469446709693
208	5	0.48400469446709693
208	6	0.48400469446720884
208	7	0.48400469446709693
208	8	0.484004694467109
208	9	0.48400469447177663
208	10	0.48400469446709693
208	11	0.48400469446709693
208	12	0.48400469446709693
209	0	0.48400469446721334
209	1	0.48400469446709693
209	2	0.48400469446709693
209	3	0.48400469446709693
209	4	0.48400469446709693
209	5	0.48400469446709693
209	6	0.48400469446709693
209	7	0.4840046947800078
209	8	0.4840046944671094
209	9	0.48400469446709693
209	10	0.48400469446709693
209	11	0.48400469446709693
209	12	0.48400469447196093
210	0	0.48400469446709693
210	1	0.48400469446709693
210	2	0.48400469446709693
210	3	0.48400469446709693
210	4	0.4840046944672131
210	5	0.48400469478166813
210	6	0.48400469446709693
210	7	0.48400469446709693
210	8	0.48400469446709693
210	9	0.4840046944671094
210	10	0.48400469446709693
210	11	0.4840046944719569
210	12	0.48400469446709693
211	0	0.48400469446709693
211	1	0.48400469446709693
211	2	0.48400469446709693
211	3	0.48400469446709693
211	4	0.4840046944672092
211	5	0.48400469446709693
211	6	0.48400469446709693
211	7	0.48400469476911284
212	0	0.4840046944672129
212	1	0.48400469446709693
212	2	0.48400469446709693
212	3	0.4840046947810198
212	4	0.48400469446709693
212	5	0.48400469446709693
212	6	0.48400469446709693
212	7	0.48400469446709693
212	8	0.48400469446709693
212	9	0.4840046944713188
212	10	0.48400469446710775
212	11	0.48400469446709693
212	12	0.48400469446709693
213	0	0.4840046947797377
213	1	0.48400469446709693
213	2	0.48400469446709693
213	3	0.48400469446709693
213	4	0.48400469446709693
213	5	0.48400469446709693
213	6	0.4840046944672126
213	7	0.48400469446709693
213	8	0.48400469446709693
213	9	0.4840046944719384
213	10	0.48400469446709693
213	11	0.48400469446709693
213	12	0.4840046944671094
214	0	0.4840046944719235
214	1	0.4840046944671094
214	2	0.48400469446709693
214	3	0.48400469446709693
214	4	0.48400469446709693
214	5	0.48400469446709693
214	6	0.48400469446709693
214	7	0.48400469446709693
214	8	0.48400469446709693
214	9	0.48400469446709693
214	10	0.48400469446709693
214	11	0.48400469478126884
214	12	0.4840046944672123
215	0	0.48400469446709693
215	1	0.4840046944672127
215	2	0.48400469446709693
215	3	0.48400469446709693
215	4	0.48400469446709693
215	5	0.4840046944719353
215	6	0.48400469446709693
215	7	0.4840046944671094
215	8	0.48400469446709693
215	9	0.48400469446709693
215	10	0.4840046947788613
215	11	0.48400469446709693
215	12	0.48400469446709693
216	0	0.48400469446709693
216	1	0.48400469446710875
216	2	0.4840046944672079
216	3	0.48400469446709693
216	4	0.48400469446709693
216	5	0.48400469446709693
216	6	0.48400469446709693
216	7	0.48400469446709693
216	8	0.48400469446709693
216	9	0.48400469446709693
216	10	0.4840046944717368
216	11	0.4840046947659307
216	12	0.48400469446709693
217	0	0.4840046944671094
217	1	0.48400469446709693
217	2	0.48400469446709693
217	3	0.48400469446709693
217	4	0.48400469447195266
217	5	0.4840046947818195
217	6	0.48400469446709693
217	7	0.48400469446709693
217	8	0.48400469446709693
217	9	0.48400469446709693
217	10	0.48400469446709693
217	11	0.48400469446709693
217	12	0.484004694467213
218	0	0.48400469446709693
218	1	0.48400469446709693
218	2	0.48400469478104247
218	3	0.4840046944719334
218	4	0.48400469446709693
218	5	0.4840046944671094
218	6	0.4840046944672126
218	7	0.48400469446709693
218	8	0.48400469446709693
218	9	0.48400469446709693
218	10	0.48400469446709693
218	11	0.48400469446709693
218	12	0.48400469446709693
219	0	0.4840046944671094
219	1	0.48400469446709693
219	2	0.48400469446709693
219	3	0.4840046944672128
219	4	0.48400469446709693
219	5	0.48400469446709693
219	6	0.48400469446709693
219	7	0.48400469446709693
219	8	0.48400469446709693
219	9	0.48400469446709693
219	10	0.48400469446709693
219	11	0.48400469447193767
219	12	0.4840046947810898
220	0	0.48400469446709693
220	1	0.48400469446709693
220	2	0.48400469446709693
220	3	0.48400469446709693
220	4	0.48400469446709693
220	5	0.4840046944671094
220	6	0.4840046944672129
220	7	0.4840046947825501
220	8	0.48400469446709693
220	9	0.48400469446709693
220	10	0.48400469446709693
220	11	0.4840046944719469
220	12	0.48400469446709693
221	0	0.48400469446709693
221	1	0.48400469446709693
221	2	0.48400469446709693
221	3	0.48400469446709693
221	4	0.48400469446709693
221	5	0.48400469446709693
221	6	0.48400469446709693
221	7	0.48400469446709693
221	8	0.4840046947730305
221	9	0.4840046944672097
221	10	0.48400469447181405
221	11	0.48400469446709693
221	12	0.484004694467109
222	0	0.4840046944719378
222	1	0.48400469478049984
222	2	0.4840046944671094
222	3	0.48400469446709693
222	4	0.48400469446709693
222	5	0.4840046944672126
222	6	0.48400469446709693
222	7	0.48400469446709693
222	8	0.48400469446709693
222	9	0.48400469446709693
222	10	0.48400469446709693
222	11	0.48400469446709693
222	12	0.48400469446709693
223	0	0.48400469446709693
223	1	0.48400469446709693
223	2	0.48400469446709693
223	3	0.48400469446709693
223	4	0.48400469446709693
223	5	0.48400469477607055
223	6	0.48400469446709693
223	7	0.48400469446709693
223	8	0.4840046944671092
223	9	0.4840046944672119
223	10	0.48400469447190225
223	11	0.48400469446709693
223	12	0.48400469446709693
224	0	0.48400469446709693
224	1	0.48400469446709693
224	2	0.4840046947790802
224	3	0.48400469446709693
224	4	0.4840046944672118
224	5	0.48400469446709693
224	6	0.48400469446709693
224	7	0.4840046944671092
224	8	0.48400469446709693
224	9	0.48400469447189487
224	10	0.48400469446709693
224	11	0.48400469446709693
224	12	0.48400469446709693
225	0	0.48400469446709693
225	1	0.48400469446709693
225	2	0.48400469446709693
225	3	0.48400469446709693
225	4	0.48400469447189404
225	5	0.48400469446709693
225	6	0.48400469446709693
225	7	0.48400469446709693
225	8	0.48400469446709693
225	9	0.4840046947772925
225	10	0.4840046944671092
225	11	0.48400469446709693
225	12	0.48400469446721156
226	0	0.48400469446709693
226	1	0.48400469446709693
226	2	0.48400469446709693
226	3	0.48400469446709693
226	4	0.48400469446709693
226	5	0.48400469446709693
226	6	0.4840046947734169
226	7	0.48400469446709693
226	8	0.4840046944718693
226	9	0.48400469446709693
226	10	0.4840046944671092
226	11	0.48400469446709693
226	12	0.4840046944672111
227	0	0.48400469447165273
227	1	0.48400469446709693
227	2	0.48400469446709693
227	3	0.48400469446709693
227	4	0.48400469446709693
227	5	0.4840046944671086
227	6	0.48400469446709693
227	7	0.48400469446709693
227	8	0.48400469446720584
227	9	0.48400469446709693
227	10	0.48400469446709693
227	11	0.48400469476218116
227	12	0.48400469446709693
228	0	0.48400469446709693
228	1	0.48400469446709693
228	2	0.48400469446709693
228	3	0.48400469446709693
228	4	0.48400469446709693
228	5	0.48400469446709693
228	6	0.48400469477789093
228	7	0.48400469446709693
228	8	0.48400469447193195
228	9	0.4840046944672126
228	10	0.4840046944671094
228	11	0.48400469446709693
228	12	0.48400469446709693
229	0	0.48400469446709693
229	1	0.4840046944672099
229	2	0.48400469446709693
229	3	0.48400469447181926
229	4	0.48400469446709693
229	5	0.48400469446709693
229	6	0.48400469446709693
229	7	0.484004694467109
229	8	0.48400469446709693
229	9	0.48400469477252867
229	10	0.48400469446709693
229	11	0.48400469446709693
229	12	0.48400469446709693
230	0	0.48400469446709693
230	1	0.48400469446709693
230	2	0.48400469446709693
230	3	0.48400469446709693
230	4	0.4840046944672128
230	5	0.48400469446709693
230	6	0.48400469446709693
230	7	0.48400469447194266
230	8	0.48400469446709693
230	9	0.4840046944671094
230	10	0.48400469446709693
230	11	0.48400469446709693
230	12	0.48400469478124536
231	0	0.4840046978703345
231	1	0.48400469446709693
231	2	0.4840046944671042
231	3	0.48400469446709693
231	4	0.48400469446709693
231	5	0.48400469446709693
231	6	0.48400469446709693
231	7	0.48400469446709693
231	8	0.48400469446709693
231	9	0.48400469446709693
231	10	0.4840046944708802
231	11	0.48400469446709693
231	12	0.4840046946506347
231	13	0.48400469446709693
231	14	0.4840046944671874
231	15	0.4840046944781581
231	16	0.48400469446709693
232	0	0.48400469446709693
232	1	0.48400469446709693
232	2	0.4840046944674816
232	3	0.48400469446709693
232	4	0.48400469446709693
232	5	0.48400469446709693
232	6	0.4840046946784002
232	7	0.48400469446709693
232	8	0.4840046944670972
232	9	0.48400469450041966
232	10	0.48400469446709693
232	11	0.48400469447147015
232	12	0.48400469446709693
232	13	0.4840046944671053
232	14	0.48400469446709693
233	0	0.4840046944670972
233	1	0.48400469446709693
233	2	0.48400469446709693
233	3	0.48400469446749983
233	4	0.48400469446709693
233	5	0.48400469446709693
233	6	0.48400469446709693
233	7	0.48400469446709693
233	8	0.48400469469970897
233	9	0.48400469446709693
233	10	0.4840046944970585
233	11	0.48400469446709693
233	12	0.48400469447194255
233	13	0.48400469446709693
233	14	0.48400469446710626
234	0	0.48400469446709693
234	1	0.48400469446709693
234	2	0.48400469446709693
234	3	0.48400469447183153
234	4	0.4840046944963692
234	5	0.48400469446709693
234	6	0.48400469446709693
234	7	0.48400469446709693
234	8	0.48400469446709693
234	9	0.48400469446709693
234	10	0.4840046944670971
234	11	0.48400469446749045
234	12	0.484004694694552
234	13	0.48400469446709693
234	14	0.4840046944671061
235	0	0.48400469467526425
235	1	0.48400469446709693
235	2	0.48400469446709693
235	3	0.4840046944670971
235	4	0.48400469446709693
235	5	0.48400469446709693
235	6	0.48400469446709693
235	7	0.4840046944936119
235	8	0.48400469446709693
235	9	0.48400469446745364
236	0	0.4840046944674997
236	1	0.48400469446709693
236	2	0.48400469446709693
236	3	0.48400469446709693
236	4	0.48400469470209484
236	5	0.48400469449703387
236	6	0.48400469446709693
236	7	0.48400469446709693
236	8	0.4840046944670972
236	9	0.48400469446709693
237	0	0.48400469446709693
237	1	0.4840046944670971
237	2	0.48400469446748784
237	3	0.48400469446710337
237	4	0.48400469449616246
237	5	0.4840046946943655
237	6	0.48400469446709693
237	7	0.48400469446709693
237	8	0.48400469446709693
237	9	0.48400469446709693
237	10	0.48400469446709693
237	11	0.48400469446709693
237	12	0.48400469446709693
237	13	0.48400469446709693
237	14	0.48400469447045485
238	0	0.48400469446709693
238	1	0.4840046946711456
238	2	0.48400469446744665
238	3	0.48400469446709693
238	4	0.4840046944670971
238	5	0.48400469449309863
238	6	0.48400469446709693
238	7	0.48400469446709693
238	8	0.48400469446709693
238	9	0.48400469446709693
239	0	0.4840046944969653
239	1	0.4840046944670972
239	2	0.48400469446709693
239	3	0.4840046947023155
239	4	0.48400469446709693
239	5	0.48400469446709693
239	6	0.48400469446709693
239	7	0.48400469446709693
239	8	0.48400469446709693
239	9	0.4840046944674985
240	0	0.4840046944671069
240	1	0.48400469446709693
240	2	0.4840046944955234
240	3	0.48400469468943225
240	4	0.48400469446709693
240	5	0.48400469446709693
240	6	0.48400469446747935
240	7	0.48400469446709693
240	8	0.48400469446709693
240	9	0.4840046944670971
240	10	0.48400469446709693
241	0	0.4840046944670971
241	1	0.48400469446709693
241	2	0.48400469446709693
241	3	0.48400469446709693
241	4	0.484004694699616
241	5	0.48400469446709693
241	6	0.4840046944674967
241	7	0.48400469446709693
241	8	0.48400469449682026
241	9	0.48400469446709693
241	10	0.48400469446710587
241	11	0.48400469446709693
241	12	0.48400469446709693
241	13	0.48400469446709693
241	14	0.4840046944671024
241	15	0.48400469446996447
242	0	0.48400469446709693
242	1	0.48400469446709693
242	2	0.48400469446749855
242	3	0.48400469469966173
242	4	0.48400469446709693
242	5	0.48400469446709693
242	6	0.48400469446709693
242	7	0.4840046944670972
242	8	0.48400469446710587
242	9	0.4840046944969545
242	10	0.48400469446709693
243	0	0.48400469446709693
243	1	0.4840046944670972
243	2	0.4840046947007956
243	3	0.48400469446709693
243	4	0.48400469446709693
243	5	0.48400469446709693
243	6	0.48400469446709693
243	7	0.4840046944674989
243	8	0.48400469446710587
243	9	0.48400469446709693
243	10	0.48400469449698674
244	0	0.48400469446709693
244	1	0.48400469446709693
244	2	0.48400469446709693
244	3	0.48400469446709693
244	4	0.4840046944676943
244	5	0.4840046944671065
245	0	0.4840046944706799
245	1	0.48400469446709693
245	2	0.48400469446709693
245	3	0.48400469446709693
245	4	0.4840046944670971
245	5	0.48400469446710376
245	6	0.48400469446709693
245	7	0.48400469446709693
245	8	0.48400469446709693
245	9	0.48400469446709693
245	10	0.484004694683276
245	11	0.484004694494646
245	12	0.48400469446709693
245	13	0.48400469446763256
245	14	0.48400469446709693
246	0	0.4840046944969093
246	1	0.48400469446709693
246	2	0.48400469446709693
246	3	0.48400469446710614
246	4	0.48400469446709693
246	5	0.48400469446709693
246	6	0.4840046944670972
246	7	0.48400469446709693
246	8	0.48400469446765326
246	9	0.48400469446709693
246	10	0.48400469446709693
246	11	0.48400469446709693
246	12	0.48400469470099244
246	13	0.48400469447191424
246	14	0.48400469446709693
247	0	0.4840046946984508
247	1	0.4840046944670971
247	2	0.48400469446709693
247	3	0.48400469446709693
247	4	0.48400469446709693
247	5	0.48400469446709693
247	6	0.48400469449671
247	7	0.48400469446710376
247	8	0.48400469446709693
247	9	0.48400469446709693
247	10	0.48400469446764977
248	0	0.48400469446709693
248	1	0.48400469446709693
248	2	0.4840046944671044
248	3	0.48400469447413264
248	4	0.48400469446709693
248	5	0.4840046944675998
248	6	0.4840046944670971
248	7	0.48400469446709693
248	8	0.48400469446709693
248	9	0.48400469446709693
248	10	0.48400469446709693
248	11	0.4840046946796024
248	12	0.48400469446709693
248	13	0.48400469447096567
248	14	0.48400469446709693
248	15	0.48400469449401057
249	0	0.48400469446709693
249	1	0.48400469446761335
249	2	0.48400469447293554
249	3	0.48400469446709693
249	4	0.48400469446709693
249	5	0.48400469446709693
249	6	0.48400469446709693
249	7	0.4840046944671054
249	8	0.4840046944670971
249	9	0.4840046944947577
249	10	0.48400469446709693
249	11	0.48400469465565105
249	12	0.48400469446709693
249	13	0.48400469446709693
249	14	0.48400469447156935
249	15	0.48400469446709693
249	16	0.4840046946818216
250	0	0.4840046946355758
250	1	0.48400469469103835
250	2	0.48400469446709693
250	3	0.48400469446709693
250	4	0.48400469446709693
250	5	0.48400469446709693
250	6	0.48400469446763456
250	7	0.4840046944670971
250	8	0.48400469449589395
250	9	0.48400469446709693
250	10	0.48400469446709693
250	11	0.48400469447317407
250	12	0.48400469446710276
250	13	0.48400469446709693
250	14	0.48400469446710587
250	15	0.48400469446709693
250	16	0.48400469446709693
250	17	0.48400469447175354
251	0	0.48400469446709693
251	1	0.4840046946355444
251	2	0.48400469446709693
251	3	0.4840046944670971
251	4	0.48400469446765265
251	5	0.48400469446709693
251	6	0.48400469447338246
251	7	0.48400469446709693
251	8	0.48400469446709693
251	9	0.48400469446709693
251	10	0.4840046947003338
251	11	0.48400469446709693
251	12	0.48400469446709693
251	13	0.48400469446709693
251	14	0.4840046944719126
251	15	0.48400469446710614
251	16	0.48400469449686034
252	0	0.48400469447194794
252	1	0.48400469446709693
252	2	0.4840046944970864
252	3	0.48400469446709693
252	4	0.48400469446709693
252	5	0.48400469446709693
252	6	0.48400469470119406
252	7	0.48400469446710626
252	8	0.48400469446709693
252	9	0.48400469446709693
252	10	0.48400469447342437
252	11	0.48400469446765637
252	12	0.48400469446709693
252	13	0.4840046944670972
252	14	0.48400469446709693
252	15	0.48400469463667056
252	16	0.48400469446709693
253	0	0.4840046944670971
253	1	0.48400469446709693
253	2	0.4840046944967816
253	3	0.48400469463515655
253	4	0.4840046946978256
253	5	0.48400469446709693
253	6	0.48400469446709693
253	7	0.4840046944676512
253	8	0.48400469446709693
253	9	0.48400469446709693
253	10	0.48400469447336375
253	11	0.48400469446709693
253	12	0.48400469446709693
253	13	0.4840046944718959
253	14	0.48400469446709693
253	15	0.48400469446710614
253	16	0.48400469446709693
253	17	0.4840046944671041
254	0	0.48400469446709693
254	1	0.48400469446709693
254	2	0.48400469446709693
254	3	0.48400469446709693
254	4	0.4840046944676548
254	5	0.48400469447340605
254	6	0.48400469446709693
254	7	0.48400469446709693
254	8	0.4840046946361536
254	9	0.4840046944969684
254	10	0.4840046944670972
254	11	0.48400469470126445
254	12	0.48400469447192984
254	13	0.48400469446710626
254	14	0.48400469446709693
254	15	0.48400469446709693
254	16	0.48400469446709693
254	17	0.48400469446710587
255	0	0.4840046947001528
255	1	0.48400469446709693
255	2	0.48400469449688144
255	3	0.48400469446709693
255	4	0.48400469463563883
255	5	0.48400469446709693
255	6	0.4840046944676529
255	7	0.48400469447338296
255	8	0.48400469446709693
255	9	0.4840046944670971
255	10	0.48400469446709693
255	11	0.48400469446709693
255	12	0.48400469446710587
255	13	0.48400469446709693
255	14	0.48400469446709693
255	15	0.4840046944719127
255	16	0.48400469446710614
255	17	0.48400469446709693
255	18	0.48400469446709693
255	19	0.4840046944670989
256	0	0.48400469446709693
256	1	0.48400469446709693
256	2	0.48400469446709693
256	3	0.48400469446709693
256	4	0.48400469471445146
256	5	0.4840046944671065
257	0	0.48400469446709693
257	1	0.48400469446709693
257	2	0.48400469446709693
257	3	0.48400469446709693
257	4	0.48400469469395807
257	5	0.48400469446709693
257	6	0.48400469449465233
257	7	0.4840046944670971
257	8	0.48400469446709693
257	9	0.48400469446709693
257	10	0.48400469446709693
257	11	0.48400469462302353
257	12	0.4840046944726025
257	13	0.48400469446761146
258	0	0.48400469446709693
258	1	0.48400469446709693
258	2	0.48400469446709693
258	3	0.48400469446709693
258	4	0.4840046946193692
258	5	0.48400469446759936
258	6	0.4840046946767417
258	7	0.48400469446709693
258	8	0.4840046944670971
258	9	0.48400469446709693
258	10	0.48400469449399214
258	11	0.48400469446709693
258	12	0.48400469447205813
258	13	0.48400469446709693
259	0	0.48400469463610457
259	1	0.4840046944670972
259	2	0.4840046947021245
259	3	0.48400469446709693
259	4	0.48400469446709693
259	5	0.48400469446709693
259	6	0.48400469447260586
259	7	0.48400469446709693
259	8	0.484004694496958
259	9	0.48400469446709693
259	10	0.48400469446709693
259	11	0.48400469446710315
259	12	0.4840046944676543
260	0	0.48400469446709693
260	1	0.4840046944671021
260	2	0.48400469449467554
260	3	0.48400469446761196
260	4	0.48400469446709693
260	5	0.4840046944670971
260	6	0.48400469447248684
260	7	0.48400469446709693
260	8	0.48400469446709693
260	9	0.48400469446709693
260	10	0.48400469446709693
260	11	0.48400469446709693
260	12	0.4840046946230798
260	13	0.4840046946811288
260	14	0.484004694472181
260	15	0.48400469446709693
260	16	0.48400469446709693
261	0	0.48400469446709693
261	1	0.48400469446709693
261	2	0.48400469446709693
261	3	0.4840046947026558
261	4	0.48400469463726614
261	5	0.48400469446709693
261	6	0.4840046944726437
261	7	0.4840046944670971
261	8	0.48400469446709693
261	9	0.48400469446710626
261	10	0.4840046944971517
261	11	0.48400469446709693
261	12	0.48400469446709693
261	13	0.48400469446709693
261	14	0.48400469446765787
261	15	0.48400469446709693
261	16	0.4840046944719567
262	0	0.48400469446709693
262	1	0.48400469446709693
262	2	0.4840046946309755
262	3	0.48400469446709693
262	4	0.4840046944676379
262	5	0.4840046944724384
262	6	0.48400469446710587
262	7	0.48400469446709693
262	8	0.48400469446709693
262	9	0.48400469446709693
262	10	0.48400469446709693
262	11	0.4840046944670972
262	12	0.48400469449605105
262	13	0.48400469446709693
262	14	0.4840046946936503
262	15	0.4840046944717808
262	16	0.48400469446709693
263	0	0.48400469446709693
263	1	0.48400469461489765
263	2	0.48400469447191374
263	3	0.48400469446709693
263	4	0.48400469447132083
263	5	0.4840046944670971
263	6	0.48400469461328743
263	7	0.48400469446709693
263	8	0.4840046944932093
263	9	0.48400469446709693
263	10	0.48400469446710503
263	11	0.48400469446709693
263	12	0.48400469446709693
263	13	0.48400469446803884
263	14	0.48400469446709693
263	15	0.48400469446709693
263	16	0.48400469446709693
263	17	0.484004694467102
264	0	0.48400469446710626
264	1	0.48400469446709693
264	2	0.4840046944670972
264	3	0.48400469446709693
264	4	0.48400469447262384
264	5	0.48400469446709693
264	6	0.48400469446709693
264	7	0.48400469446709693
264	8	0.48400469446709693
264	9	0.4840046946352883
264	10	0.4840046944681467
264	11	0.48400469447194255
264	12	0.48400469446709693
264	13	0.48400469449705474
264	14	0.484004694636593
264	15	0.48400469446709693
264	16	0.48400469446709693
265	0	0.48400469446709693
265	1	0.4840046944968289
265	2	0.48400469446709693
265	3	0.48400469446710614
265	4	0.48400469446709693
265	5	0.48400469446709693
265	6	0.4840046944670971
265	7	0.48400469446709693
265	8	0.4840046946339423
265	9	0.48400469446709693
265	10	0.48400469446709693
265	11	0.48400469446709693
265	12	0.48400469446709693
265	13	0.48400469447257755
265	14	0.48400469463528495
265	15	0.4840046944719029
265	16	0.4840046944681379
266	0	0.4840046944680309
266	1	0.4840046944937315
266	2	0.48400469446709693
266	3	0.48400469446709693
266	4	0.48400469446709693
266	5	0.4840046944720114
266	6	0.48400469446709693
266	7	0.4840046944670971
266	8	0.48400469446709693
266	9	0.4840046946178782
266	10	0.48400469461720386
266	11	0.48400469446709693
266	12	0.48400469446710337
266	13	0.4840046944714048
266	14	0.48400469446709693
266	15	0.48400469446709693
266	16	0.48400469446710526
266	17	0.48400469446709693
266	18	0.48400469446709693
267	0	0.48400469446709693
267	1	0.4840046944719421
267	2	0.48400469446709693
267	3	0.48400469446709693
267	4	0.48400469446709693
267	5	0.48400469449703676
267	6	0.48400469446709693
267	7	0.48400469446814565
267	8	0.48400469446709693
267	9	0.48400469446709693
267	10	0.48400469446709693
267	11	0.4840046946365379
267	12	0.4840046944670972
267	13	0.48400469446710626
267	14	0.4840046946357145
267	15	0.48400469447261874
267	16	0.48400469446709693
268	0	0.48400469446709693
268	1	0.48400469446709693
268	2	0.48400469463453577
268	3	0.48400469446709693
268	4	0.48400469446709693
268	5	0.4840046944725738
268	6	0.4840046944671049
268	7	0.4840046944670971
268	8	0.48400469463508894
268	9	0.4840046944967748
268	10	0.48400469446709693
268	11	0.48400469446709693
268	12	0.4840046944681365
269	0	0.48400469446709693
269	1	0.48400469449676076
269	2	0.48400469446709693
269	3	0.4840046944713689
269	4	0.48400469446709693
269	5	0.48400469446709693
269	6	0.48400469446709693
269	7	0.4840046944681361
269	8	0.48400469446709693
269	9	0.48400469446709693
269	10	0.48400469446709693
269	11	0.48400469446710515
269	12	0.48400469446709693
269	13	0.4840046944725661
269	14	0.484004694634882
269	15	0.4840046944670971
269	16	0.48400469463300766
270	0	0.48400469446709693
270	1	0.48400469446709693
270	2	0.48400469446709693
270	3	0.4840046946272694
270	4	0.48400469462783663
270	5	0.48400469446709693
270	6	0.4840046944670971
270	7	0.48400469446709693
270	8	0.48400469449548095
270	9	0.48400469446809186
270	10	0.48400469446709693
270	11	0.48400469447233496
270	12	0.48400469446709693
