206	0	-3.124523878097534
206	1	-0.18274033069610596
206	2	2.18695068359375
206	3	0.5974039435386658
206	4	2.1071324348449707
206	5	3.407804250717163
206	6	1.9509190320968628
206	7	3.0818521976470947
206	8	2.1071324348449707
206	9	2.7982020378112793
206	10	2.1071324348449707
206	11	2.277735948562622
206	12	3.4383344650268555
207	0	2.1071324348449707
207	1	2.18695068359375
207	2	0.5974039435386658
207	3	-3.124523878097534
207	4	-1.6759696006774902
207	5	-0.18274033069610596
207	6	3.0818521976470947
207	7	3.3345654010772705
207	8	2.1071324348449707
207	9	2.1071324348449707
207	10	3.5507972240448
207	11	2.8417718410491943
207	12	2.277735948562622
208	0	2.1071324348449707
208	1	-0.18274033069610596
208	2	1.6389832496643066
208	3	0.5974039435386658
208	4	2.186821937561035
208	5	3.3005621433258057
208	6	3.6378939151763916
208	7	1.9509190320968628
208	8	2.8417718410491943
208	9	3.5507972240448
208	10	2.1071324348449707
208	11	2.1071324348449707
208	12	2.277735948562622
209	0	3.3345654010772705
209	1	1.9509190320968628
209	2	0.5974039435386658
209	3	3.4936959743499756
209	4	-0.18274033069610596
209	5	2.18695068359375
209	6	2.1071324348449707
209	7	-3.124523878097534
209	8	2.8417718410491943
209	9	2.277735948562622
209	10	2.1071324348449707
209	11	2.1071324348449707
209	12	3.5507972240448
210	0	2.18695068359375
210	1	3.4936959743499756
210	2	1.9509190320968628
210	3	2.1071324348449707
210	4	3.3345654010772705
210	5	-3.124523878097534
210	6	-0.18274033069610596
210	7	0.5974039435386658
210	8	2.1071324348449707
210	9	2.8417718410491943
210	10	2.1071324348449707
210	11	3.4383344650268555
210	12	2.277735948562622
211	0	1.9509190320968628
211	1	3.3005621433258057
211	2	-0.18274033069610596
211	3	0.5974039435386658
211	4	3.407804250717163
211	5	2.1071324348449707
211	6	2.186821937561035
211	7	1.6389832496643066
212	0	3.3345654010772705
212	1	3.4936959743499756
212	2	2.18695068359375
212	3	-3.124523878097534
212	4	-0.18274033069610596
212	5	1.9509190320968628
212	6	2.1071324348449707
212	7	0.5974039435386658
212	8	2.1952102184295654
212	9	3.792173385620117
212	10	2.8417718410491943
212	11	2.024606466293335
212	12	2.024606466293335
213	0	-3.124523878097534
213	1	1.9509190320968628
213	2	3.0818521976470947
213	3	2.18695068359375
213	4	-0.18274033069610596
213	5	0.5974039435386658
213	6	3.407804250717163
213	7	2.1071324348449707
213	8	2.1071324348449707
213	9	3.5507972240448
213	10	2.1071324348449707
213	11	2.277735948562622
213	12	2.8417718410491943
214	0	3.5507972240448
214	1	2.8417718410491943
214	2	3.0818521976470947
214	3	2.277735948562622
214	4	2.18695068359375
214	5	2.1071324348449707
214	6	1.9509190320968628
214	7	2.1071324348449707
214	8	2.1071324348449707
214	9	0.5974039435386658
214	10	-0.18274033069610596
214	11	-3.124523878097534
214	12	3.3345654010772705
215	0	1.9509190320968628
215	1	3.3345654010772705
215	2	2.1071324348449707
215	3	3.4936959743499756
215	4	2.277735948562622
215	5	3.5507972240448
215	6	2.18695068359375
215	7	2.8417718410491943
215	8	0.5974039435386658
215	9	2.1071324348449707
215	10	-3.124523878097534
215	11	2.1071324348449707
215	12	-0.18274033069610596
216	0	2.277735948562622
216	1	2.7982020378112793
216	2	3.6378939151763916
216	3	3.3005621433258057
216	4	2.1071324348449707
216	5	0.5974039435386658
216	6	2.1071324348449707
216	7	2.186821937561035
216	8	1.9509190320968628
216	9	2.1071324348449707
216	10	3.792173385620117
216	11	1.6389832496643066
216	12	-0.18274033069610596
217	0	2.8417718410491943
217	1	1.2194377183914185
217	2	2.1071324348449707
217	3	2.1071324348449707
217	4	3.4383344650268555
217	5	-3.124523878097534
217	6	2.277735948562622
217	7	2.18695068359375
217	8	2.1071324348449707
217	9	-0.18274033069610596
217	10	3.4936959743499756
217	11	0.5974039435386658
217	12	3.407804250717163
218	0	1.9509190320968628
218	1	0.5974039435386658
218	2	-3.124523878097534
218	3	3.5507972240448
218	4	2.277735948562622
218	5	2.8417718410491943
218	6	3.407804250717163
218	7	-0.18274033069610596
218	8	2.18695068359375
218	9	3.4936959743499756
218	10	2.1071324348449707
218	11	2.1071324348449707
218	12	2.1071324348449707
219	0	2.8417718410491943
219	1	-0.18274033069610596
219	2	2.277735948562622
219	3	3.3345654010772705
219	4	3.4936959743499756
219	5	2.1071324348449707
219	6	2.1071324348449707
219	7	2.18695068359375
219	8	2.1071324348449707
219	9	1.9509190320968628
219	10	0.5974039435386658
219	11	3.5507972240448
219	12	-3.124523878097534
220	0	3.0818521976470947
220	1	2.18695068359375
220	2	1.9509190320968628
220	3	2.1071324348449707
220	4	2.277735948562622
220	5	2.8417718410491943
220	6	3.3345654010772705
220	7	-3.124523878097534
220	8	2.1071324348449707
220	9	0.5974039435386658
220	10	2.1071324348449707
220	11	3.4383344650268555
220	12	-0.18274033069610596
221	0	2.1071324348449707
221	1	-0.18274033069610596
221	2	2.277735948562622
221	3	3.3005621433258057
221	4	2.1071324348449707
221	5	2.1071324348449707
221	6	0.5974039435386658
221	7	1.9509190320968628
221	8	1.6389832496643066
221	9	3.407804250717163
221	10	3.5507972240448
221	11	2.186821937561035
221	12	2.7982020378112793
222	0	3.4383344650268555
222	1	-3.124523878097534
222	2	2.8417718410491943
222	3	2.1071324348449707
222	4	1.9509190320968628
222	5	3.407804250717163
222	6	2.277735948562622
222	7	2.1071324348449707
222	8	2.1071324348449707
222	9	3.4936959743499756
222	10	-0.18274033069610596
222	11	0.5974039435386658
222	12	2.18695068359375
223	0	2.1071324348449707
223	1	1.9509190320968628
223	2	2.1071324348449707
223	3	2.277735948562622
223	4	2.18695068359375
223	5	-3.124523878097534
223	6	-0.18274033069610596
223	7	2.1071324348449707
223	8	2.8417718410491943
223	9	3.3345654010772705
223	10	3.5507972240448
223	11	0.5974039435386658
223	12	3.0818521976470947
224	0	2.18695068359375
224	1	1.9509190320968628
224	2	-3.124523878097534
224	3	2.1071324348449707
224	4	3.407804250717163
224	5	0.5974039435386658
224	6	2.1071324348449707
224	7	2.8417718410491943
224	8	3.0818521976470947
224	9	3.5507972240448
224	10	1.7689337730407715
224	11	-0.18274033069610596
224	12	2.277735948562622
225	0	1.2194377183914185
225	1	2.1071324348449707
225	2	3.0818521976470947
225	3	1.7689337730407715
225	4	3.5507972240448
225	5	2.277735948562622
225	6	-0.18274033069610596
225	7	2.18695068359375
225	8	0.5974039435386658
225	9	-3.124523878097534
225	10	2.8417718410491943
225	11	2.1071324348449707
225	12	3.3345654010772705
226	0	3.3005621433258057
226	1	1.9509190320968628
226	2	1.7689337730407715
226	3	2.1071324348449707
226	4	-0.18274033069610596
226	5	0.5974039435386658
226	6	1.6389832496643066
226	7	2.186821937561035
226	8	3.5507972240448
226	9	2.277735948562622
226	10	2.8417718410491943
226	11	2.1071324348449707
226	12	3.407804250717163
227	0	3.792173385620117
227	1	2.024606466293335
227	2	1.7689337730407715
227	3	2.024606466293335
227	4	1.8245469331741333
227	5	2.7982020378112793
227	6	0.11780332773923874
227	7	2.1042962074279785
227	8	3.407804250717163
227	9	-0.6623409390449524
227	10	2.1952102184295654
227	11	1.6389832496643066
227	12	3.5216517448425293
228	0	2.18695068359375
228	1	1.9509190320968628
228	2	2.1071324348449707
228	3	2.277735948562622
228	4	2.1071324348449707
228	5	-0.18274033069610596
228	6	-3.124523878097534
228	7	3.4936959743499756
228	8	3.5507972240448
228	9	3.3345654010772705
228	10	2.8417718410491943
228	11	0.5974039435386658
228	12	1.7689337730407715
229	0	0.5974039435386658
229	1	3.6378939151763916
229	2	2.277735948562622
229	3	3.5507972240448
229	4	2.1071324348449707
229	5	1.9509190320968628
229	6	-0.18274033069610596
229	7	2.8417718410491943
229	8	2.1071324348449707
229	9	1.6389832496643066
229	10	1.7689337730407715
229	11	3.3005621433258057
229	12	2.186821937561035
230	0	1.7689337730407715
230	1	0.5974039435386658
230	2	2.277735948562622
230	3	2.1071324348449707
230	4	3.3345654010772705
230	5	3.0818521976470947
230	6	1.9509190320968628
230	7	3.4383344650268555
230	8	2.18695068359375
230	9	2.8417718410491943
230	10	2.1071324348449707
230	11	-0.18274033069610596
230	12	-3.124523878097534
231	0	3.991551637649536
231	1	2.1071324348449707
231	2	2.7982020378112793
231	3	1.6090114116668701
231	4	0.11780332773923874
231	5	-0.6623409390449524
231	6	2.1042962074279785
231	7	2.024606466293335
231	8	2.024606466293335
231	9	2.7406485080718994
231	10	3.792173385620117
231	11	3.5216517448425293
231	12	1.6389832496643066
231	13	2.1952102184295654
231	14	3.6378939151763916
231	15	3.5507972240448
231	16	1.9509190320968628
232	0	2.024606466293335
232	1	1.8245469331741333
232	2	3.6402249336242676
232	3	3.5216517448425293
232	4	-0.6623409390449524
232	5	0.11780332773923874
232	6	1.6389832496643066
232	7	2.1042962074279785
232	8	2.559378147125244
232	9	3.5507972240448
232	10	1.6090114116668701
232	11	3.5507972240448
232	12	2.1952102184295654
232	13	2.7982020378112793
232	14	2.024606466293335
233	0	2.559378147125244
233	1	0.5974039435386658
233	2	-0.18274033069610596
233	3	3.3368964195251465
233	4	2.277735948562622
233	5	1.9509190320968628
233	6	2.1071324348449707
233	7	2.1071324348449707
233	8	-3.124523878097534
233	9	1.7689337730407715
233	10	3.4092369079589844
233	11	3.4936959743499756
233	12	3.5507972240448
233	13	2.18695068359375
233	14	2.7982020378112793
234	0	2.1071324348449707
234	1	-0.18274033069610596
234	2	2.186821937561035
234	3	3.5507972240448
234	4	3.5507972240448
234	5	2.1071324348449707
234	6	2.277735948562622
234	7	0.5974039435386658
234	8	1.9509190320968628
234	9	3.5216517448425293
234	10	2.559378147125244
234	11	3.407383441925049
234	12	1.6389832496643066
234	13	1.7689337730407715
234	14	2.7982020378112793
235	0	1.6389832496643066
235	1	-0.6623409390449524
235	2	1.9509190320968628
235	3	2.559378147125244
235	4	0.5974039435386658
235	5	3.5216517448425293
235	6	2.1042962074279785
235	7	3.792173385620117
235	8	2.024606466293335
235	9	3.407383441925049
236	0	3.407383441925049
236	1	0.5974039435386658
236	2	3.4936959743499756
236	3	2.18695068359375
236	4	-3.124523878097534
236	5	3.5507972240448
236	6	1.2194377183914185
236	7	2.1071324348449707
236	8	2.559378147125244
236	9	-0.18274033069610596
237	0	2.186821937561035
237	1	2.559378147125244
237	2	3.6402249336242676
237	3	2.805450201034546
237	4	3.792173385620117
237	5	1.6389832496643066
237	6	1.9509190320968628
237	7	1.6090114116668701
237	8	2.1071324348449707
237	9	2.1952102184295654
237	10	2.024606466293335
237	11	-0.18274033069610596
237	12	0.5974039435386658
237	13	3.3005621433258057
237	14	3.940929889678955
238	0	1.9509190320968628
238	1	1.6389832496643066
238	2	3.407383441925049
238	3	0.11780332773923874
238	4	2.6144042015075684
238	5	3.5507972240448
238	6	3.3005621433258057
238	7	2.024606466293335
238	8	2.18695068359375
238	9	-0.6623409390449524
239	0	3.4092369079589844
239	1	2.6144042015075684
239	2	1.9509190320968628
239	3	-3.124523878097534
239	4	2.1071324348449707
239	5	-0.18274033069610596
239	6	2.18695068359375
239	7	3.0818521976470947
239	8	0.5974039435386658
239	9	3.3368964195251465
240	0	3.3805627822875977
240	1	1.9509190320968628
240	2	3.5507972240448
240	3	1.6389832496643066
240	4	2.1071324348449707
240	5	3.3005621433258057
240	6	3.6402249336242676
240	7	2.1071324348449707
240	8	-0.18274033069610596
240	9	2.6144042015075684
240	10	0.5974039435386658
241	0	2.6144042015075684
241	1	-0.18274033069610596
241	2	3.0818521976470947
241	3	2.1071324348449707
241	4	-3.124523878097534
241	5	1.9509190320968628
241	6	3.407383441925049
241	7	2.1071324348449707
241	8	3.4092369079589844
241	9	0.5974039435386658
241	10	3.6080358028411865
241	11	2.1952102184295654
241	12	1.6090114116668701
241	13	2.024606466293335
241	14	2.805450201034546
241	15	3.940929889678955
242	0	1.9509190320968628
242	1	2.1071324348449707
242	2	3.3368964195251465
242	3	-3.124523878097534
242	4	-0.18274033069610596
242	5	0.5974039435386658
242	6	2.1071324348449707
242	7	2.6144042015075684
242	8	3.3805627822875977
242	9	3.4092369079589844
242	10	3.4936959743499756
243	0	3.0818521976470947
243	1	2.559378147125244
243	2	-3.124523878097534
243	3	1.9509190320968628
243	4	0.5974039435386658
243	5	-0.18274033069610596
243	6	2.1071324348449707
243	7	3.3368964195251465
243	8	3.6080358028411865
243	9	2.1071324348449707
243	10	3.5507972240448
244	0	2.1071324348449707
244	1	1.6090114116668701
244	2	-0.18274033069610596
244	3	2.1071324348449707
244	4	3.3368964195251465
244	5	3.6080358028411865
245	0	3.940929889678955
245	1	1.8245469331741333
245	2	3.3005621433258057
245	3	2.1071324348449707
245	4	2.6144042015075684
245	5	2.8418161869049072
245	6	-0.18274033069610596
245	7	2.1071324348449707
245	8	2.024606466293335
245	9	1.7689337730407715
245	10	1.6389832496643066
245	11	3.5507972240448
245	12	2.1952102184295654
245	13	3.6402249336242676
245	14	0.11780332773923874
246	0	3.4092369079589844
246	1	1.7689337730407715
246	2	2.1071324348449707
246	3	2.8417718410491943
246	4	2.277735948562622
246	5	-0.18274033069610596
246	6	2.559378147125244
246	7	3.0818521976470947
246	8	3.407383441925049
246	9	2.1071324348449707
246	10	1.9509190320968628
246	11	2.1071324348449707
246	12	-3.124523878097534
246	13	3.4383344650268555
246	14	0.5974039435386658
247	0	-3.124523878097534
247	1	2.6144042015075684
247	2	2.1071324348449707
247	3	1.9509190320968628
247	4	3.0818521976470947
247	5	0.5974039435386658
247	6	3.4092369079589844
247	7	3.575540542602539
247	8	-0.18274033069610596
247	9	2.1071324348449707
247	10	3.407383441925049
248	0	-0.6623409390449524
248	1	2.024606466293335
248	2	2.8417718410491943
248	3	2.9893033504486084
248	4	1.8245469331741333
248	5	3.6402249336242676
248	6	2.6144042015075684
248	7	2.024606466293335
248	8	1.7689337730407715
248	9	3.3005621433258057
248	10	2.1952102184295654
248	11	1.6389832496643066
248	12	0.11780332773923874
248	13	3.5507972240448
248	14	2.1071324348449707
248	15	3.792173385620117
249	0	2.1952102184295654
249	1	3.407383441925049
249	2	2.966653347015381
249	3	0.11780332773923874
249	4	-0.18274033069610596
249	5	2.024606466293335
249	6	3.3005621433258057
249	7	2.7982020378112793
249	8	2.6144042015075684
249	9	3.792173385620117
249	10	1.8245469331741333
249	11	1.4231576919555664
249	12	1.6090114116668701
249	13	2.1071324348449707
249	14	3.792173385620117
249	15	2.1071324348449707
249	16	1.6389832496643066
250	0	-1.455678105354309
250	1	1.6389832496643066
250	2	2.1071324348449707
250	3	2.1071324348449707
250	4	-0.18274033069610596
250	5	0.5974039435386658
250	6	3.6402249336242676
250	7	2.559378147125244
250	8	3.5507972240448
250	9	3.3005621433258057
250	10	1.9509190320968628
250	11	2.9893033504486084
250	12	3.724297046661377
250	13	1.7689337730407715
250	14	2.7982020378112793
250	15	2.1071324348449707
250	16	2.277735948562622
250	17	3.5507972240448
251	0	0.5974039435386658
251	1	1.4231576919555664
251	2	2.1071324348449707
251	3	2.6144042015075684
251	4	3.407383441925049
251	5	2.1071324348449707
251	6	2.9893033504486084
251	7	3.0818521976470947
251	8	1.7689337730407715
251	9	2.1071324348449707
251	10	-3.124523878097534
251	11	-0.18274033069610596
251	12	2.277735948562622
251	13	1.9509190320968628
251	14	3.4383344650268555
251	15	2.7982020378112793
251	16	3.4092369079589844
252	0	3.4383344650268555
252	1	2.1071324348449707
252	2	3.5507972240448
252	3	2.277735948562622
252	4	-0.18274033069610596
252	5	0.5974039435386658
252	6	-3.124523878097534
252	7	2.8417718410491943
252	8	1.9509190320968628
252	9	3.4936959743499756
252	10	2.9893033504486084
252	11	3.3368964195251465
252	12	1.7689337730407715
252	13	2.6144042015075684
252	14	2.1071324348449707
252	15	-1.455678105354309
252	16	2.1071324348449707
253	0	2.559378147125244
253	1	-0.18274033069610596
253	2	3.5507972240448
253	3	1.4231576919555664
253	4	-3.124523878097534
253	5	2.1071324348449707
253	6	3.4936959743499756
253	7	3.407383441925049
253	8	1.9509190320968628
253	9	0.5974039435386658
253	10	2.9893033504486084
253	11	2.1071324348449707
253	12	2.1071324348449707
253	13	3.4383344650268555
253	14	1.7689337730407715
253	15	2.7982020378112793
253	16	2.277735948562622
253	17	3.3805627822875977
254	0	2.1071324348449707
254	1	-0.18274033069610596
254	2	3.0818521976470947
254	3	1.2194377183914185
254	4	3.3368964195251465
254	5	2.9893033504486084
254	6	0.5974039435386658
254	7	2.1071324348449707
254	8	1.4231576919555664
254	9	3.5507972240448
254	10	2.6144042015075684
254	11	-3.124523878097534
254	12	3.5507972240448
254	13	2.7982020378112793
254	14	1.7689337730407715
254	15	2.277735948562622
254	16	2.1071324348449707
254	17	3.6080358028411865
255	0	-3.124523878097534
255	1	1.9509190320968628
255	2	3.5507972240448
255	3	2.1071324348449707
255	4	1.4231576919555664
255	5	-0.18274033069610596
255	6	3.3368964195251465
255	7	2.9893033504486084
255	8	3.4936959743499756
255	9	2.6144042015075684
255	10	0.5974039435386658
255	11	2.1071324348449707
255	12	3.6080358028411865
255	13	2.277735948562622
255	14	1.7689337730407715
255	15	3.4383344650268555
255	16	2.7982020378112793
255	17	2.1071324348449707
255	18	2.024606466293335
255	19	2.3667781352996826
256	0	2.1071324348449707
256	1	0.5974039435386658
256	2	-0.18274033069610596
256	3	3.0818521976470947
256	4	-3.124523878097534
256	5	3.3805627822875977
257	0	2.024606466293335
257	1	2.024606466293335
257	2	1.8245469331741333
257	3	2.024606466293335
257	4	1.6389832496643066
257	5	-0.18274033069610596
257	6	3.792173385620117
257	7	2.6144042015075684
257	8	2.1071324348449707
257	9	3.3005621433258057
257	10	0.5974039435386658
257	11	4.132119178771973
257	12	2.8440921306610107
257	13	3.6402249336242676
258	0	2.024606466293335
258	1	2.024606466293335
258	2	1.8245469331741333
258	3	0.11780332773923874
258	4	3.9906108379364014
258	5	3.6402249336242676
258	6	1.6389832496643066
258	7	2.024606466293335
258	8	2.6144042015075684
258	9	3.3005621433258057
258	10	3.792173385620117
258	11	2.024606466293335
258	12	2.9893033504486084
258	13	-0.6623409390449524
259	0	1.4231576919555664
259	1	2.6144042015075684
259	2	-3.124523878097534
259	3	0.5974039435386658
259	4	2.1071324348449707
259	5	2.1071324348449707
259	6	2.9893033504486084
259	7	3.0818521976470947
259	8	3.5507972240448
259	9	1.9509190320968628
259	10	-0.18274033069610596
259	11	3.724297046661377
259	12	3.407383441925049
260	0	3.3005621433258057
260	1	2.8418161869049072
260	2	3.792173385620117
260	3	3.407383441925049
260	4	2.024606466293335
260	5	2.559378147125244
260	6	3.5507972240448
260	7	-0.18274033069610596
260	8	1.6090114116668701
260	9	2.024606466293335
260	10	0.11780332773923874
260	11	1.8245469331741333
260	12	3.9906108379364014
260	13	1.6389832496643066
260	14	2.9893033504486084
260	15	2.1952102184295654
260	16	2.024606466293335
261	0	1.7689337730407715
261	1	2.1071324348449707
261	2	2.1071324348449707
261	3	-3.124523878097534
261	4	1.4231576919555664
261	5	3.0818521976470947
261	6	2.9893033504486084
261	7	2.6144042015075684
261	8	1.9509190320968628
261	9	2.7982020378112793
261	10	3.4092369079589844
261	11	2.277735948562622
261	12	0.5974039435386658
261	13	2.1071324348449707
261	14	3.407383441925049
261	15	-0.18274033069610596
261	16	3.5507972240448
262	0	3.5216517448425293
262	1	0.5974039435386658
262	2	4.132119178771973
262	3	2.1071324348449707
262	4	3.6402249336242676
262	5	2.9893033504486084
262	6	2.7982020378112793
262	7	1.9509190320968628
262	8	2.277735948562622
262	9	2.1071324348449707
262	10	1.7689337730407715
262	11	2.6144042015075684
262	12	3.5507972240448
262	13	2.1071324348449707
262	14	1.6389832496643066
262	15	3.5507972240448
262	16	-0.18274033069610596
263	0	1.9509190320968628
263	1	3.9906108379364014
263	2	2.966653347015381
263	3	1.6090114116668701
263	4	3.792173385620117
263	5	2.559378147125244
263	6	1.5877606868743896
263	7	2.024606466293335
263	8	3.5507972240448
263	9	2.024606466293335
263	10	2.7982020378112793
263	11	-0.6623409390449524
263	12	3.5216517448425293
263	13	3.678205966949463
263	14	2.024606466293335
263	15	2.1952102184295654
263	16	0.11780332773923874
263	17	3.724297046661377
264	0	2.8417718410491943
264	1	2.1071324348449707
264	2	2.6144042015075684
264	3	1.9509190320968628
264	4	2.9893033504486084
264	5	3.0818521976470947
264	6	2.1071324348449707
264	7	1.7689337730407715
264	8	2.277735948562622
264	9	1.9951530694961548
264	10	3.445364475250244
264	11	3.4383344650268555
264	12	-0.18274033069610596
264	13	3.5507972240448
264	14	1.4231576919555664
264	15	2.1071324348449707
264	16	0.5974039435386658
265	0	2.1071324348449707
265	1	3.5507972240448
265	2	0.5974039435386658
265	3	2.8417718410491943
265	4	-0.18274033069610596
265	5	2.1071324348449707
265	6	2.559378147125244
265	7	3.0818521976470947
265	8	1.9951530694961548
265	9	1.7689337730407715
265	10	2.277735948562622
265	11	1.9509190320968628
265	12	2.1071324348449707
265	13	2.9893033504486084
265	14	1.4231576919555664
265	15	3.5507972240448
265	16	3.445364475250244
266	0	3.445364475250244
266	1	3.5507972240448
266	2	0.5974039435386658
266	3	2.024606466293335
266	4	2.024606466293335
266	5	2.966653347015381
266	6	-0.6623409390449524
266	7	2.559378147125244
266	8	3.3005621433258057
266	9	3.9906108379364014
266	10	1.5877606868743896
266	11	1.8245469331741333
266	12	3.3878109455108643
266	13	3.792173385620117
266	14	1.6090114116668701
266	15	2.024606466293335
266	16	2.8417718410491943
266	17	2.1952102184295654
266	18	2.024606466293335
267	0	0.5974039435386658
267	1	3.4383344650268555
267	2	-0.18274033069610596
267	3	2.277735948562622
267	4	2.1071324348449707
267	5	3.4092369079589844
267	6	2.1071324348449707
267	7	3.374877691268921
267	8	1.2194377183914185
267	9	2.1071324348449707
267	10	1.7689337730407715
267	11	1.4231576919555664
267	12	2.559378147125244
267	13	2.7982020378112793
267	14	1.9951530694961548
267	15	2.9893033504486084
267	16	3.4936959743499756
268	0	1.9509190320968628
268	1	-0.18274033069610596
268	2	1.9951530694961548
268	3	3.0818521976470947
268	4	2.1071324348449707
268	5	2.9893033504486084
268	6	3.3805627822875977
268	7	2.559378147125244
268	8	1.4231576919555664
268	9	3.5507972240448
268	10	2.1071324348449707
268	11	0.5974039435386658
268	12	3.445364475250244
269	0	2.1952102184295654
269	1	3.5507972240448
269	2	2.1071324348449707
269	3	3.792173385620117
269	4	-0.18274033069610596
269	5	0.5974039435386658
269	6	2.1071324348449707
269	7	3.374877691268921
269	8	1.9509190320968628
269	9	1.6090114116668701
269	10	3.0818521976470947
269	11	2.7982020378112793
269	12	2.024606466293335
269	13	2.8440921306610107
269	14	1.4231576919555664
269	15	2.559378147125244
269	16	1.9951530694961548
270	0	2.1071324348449707
270	1	1.8245469331741333
270	2	0.11780332773923874
270	3	1.5877606868743896
270	4	4.132119178771973
270	5	2.024606466293335
270	6	2.6144042015075684
270	7	3.5216517448425293
270	8	3.5507972240448
270	9	3.678205966949463
270	10	-0.18274033069610596
270	11	2.966653347015381
270	12	2.024606466293335
