## RankNet
## Epochs = 50
## No. of features = 48
## No. of hidden layers = 2
## Layer 1: 10 neurons
## Layer 2: 10 neurons
1 2 3 4 5 6 7 8 9 10 11 12 13 14 15 16 17 18 19 20 21 22 23 24 25 26 27 28 29 30 31 32 33 34 35 36 37 38 39 40 41 42 43 44 45 46 47 48
2
10
10
0 0 0.00961520128875777 -0.029247559296630248 -0.047983713667470354 0.00597801222697636 -0.06625522441639645 -0.024260504390567907 -0.027957055574165605 0.0616423171490625 3.665829320869794E-4 0.0728023752485819
0 1 0.0625668317079544 0.038313381373882294 -0.08094558119773865 0.07559819519519806 0.05843811109662056 -0.05949265509843826 -0.033722735941410065 -0.012874740175902843 -0.08843772858381271 0.025420326739549637
0 2 -0.07191198319196701 -0.04324588179588318 -0.07383538037538528 -0.09004805982112885 0.08295221626758575 -0.06145668029785156 -0.05626111105084419 -0.09091125428676605 -0.04542640969157219 0.00635101180523634
0 3 -0.037981826812028885 -0.07973724603652954 -0.043579984456300735 -0.04608086869120598 -0.008470505475997925 -0.02321537770330906 -0.06334219872951508 0.06883680820465088 0.08472487330436707 -0.045941323041915894
0 4 0.08270759135484695 0.04315277189016342 -0.06749913096427917 -0.08178628981113434 0.014354085549712181 0.08888959139585495 0.055944543331861496 -0.08480490744113922 -0.019018864259123802 0.017676884308457375
0 5 -0.0691116452217102 0.026284104213118553 0.08442263305187225 -0.05989416316151619 0.09434874355792999 -0.07064832746982574 -0.05642752721905708 0.09419761598110199 -0.0198387261480093 0.0796748548746109
0 6 0.016634909861779023 0.0351484870537031 -0.011346472957169979 0.04183692131951331 -0.023759771913082255 -0.014685189447839319 0.061716845232967506 -0.061577013362529714 0.07494297817157791 0.01394317596989108
0 7 -0.07570844997278325 -0.071932334996977 -0.09743316277955559 0.06344262758788063 -0.05253918078158536 0.053170217154762875 0.051271186776016255 -0.03156890850550851 -0.09371403235984471 -0.049957586738094355
0 8 0.009090616668926976 0.06409803678797293 -0.09480381579542943 0.08004460727219495 0.08039707994154296 0.020825410736436338 0.07645053835070617 -0.018629740393080834 -0.06500205157091712 0.07886391250962542
0 9 0.07168437291251377 0.02416680281566208 0.05201203553532831 0.037706202467727136 -0.015089141893474087 0.04421354691469163 0.029613126529817894 -0.06491061246983083 -0.07276753840735053 -0.0016853425038403588
0 10 -0.03463121887208137 -0.06858262670282782 -0.009682595647115776 0.017357745952366367 -0.04957758525789634 0.06804043012438041 -0.018721847573522948 -0.06712436263794423 -0.05070172183561684 0.06178286025467048
0 11 -0.022268650355706226 -0.007758197338041965 0.020736813143324765 0.05921448525643857 -0.016876999802034214 -0.03130349203972922 0.06678922693926742 0.051123840660281375 -0.04995158057784778 0.022681226112164648
0 12 -0.02480521463327514 0.04307009356516616 0.006662265916489939 -0.0037414300117283627 -0.08989722327555535 -0.0632879156900252 -0.038657501481011075 -0.04185799730435376 -0.08677495403407107 0.09360833225475253
0 13 0.07920391043680895 -0.09494327250761725 -0.08139407428657458 0.028162245454099007 -0.0842116081442258 0.030230581655306364 -0.03417817255671513 0.09917885219235872 -0.07495594898738259 -0.04333398845577478
0 14 0.032701638803566926 -0.032474192310366225 -0.08766359375038181 0.04585074854496978 0.05156375230308442 -0.018220626536961767 -0.09929736396475673 -0.04729551382723398 0.06245455425328063 -0.08688942883167966
0 15 -0.06745710714438584 -0.0029264998646015812 0.06775229683057864 -0.07959258311698414 -0.008734892456069523 0.020293611616606214 0.02537510626387533 -0.09680370860538211 -0.042622858900603154 -0.051371097378300874
0 16 0.018864096552905718 -0.07861211397989457 0.05251060849379948 -0.09943430675021075 -0.05221520271100748 0.055693002651134665 0.03496083279515977 -0.08103776717381879 -0.07016427322336842 -0.05336192808519751
0 17 -0.07957025863746077 0.07414437035359818 0.052946738429913334 0.003953796913299118 -0.06237095726236022 -0.06954406898249789 -0.0949560875506747 0.04260316900863327 0.041646667963886934 -0.016795531487750075
0 18 0.05288247137648351 -0.019393470633591824 -0.017248061108071158 0.024557167639917277 0.039237397248991564 0.0574210410936953 0.05167645879759911 0.02869600801111238 0.048666777613294056 -0.03283045350492078
0 19 -0.050741178926872896 0.09264234901147654 -0.022419664188129424 -0.0202465914428123 0.08233698559343507 0.039200986867157055 9.798193826149294E-4 -0.08788572601146852 -0.012978682632062487 0.0386742274424371
0 20 0.05895538813169034 -0.055119338624898755 0.006500908994274566 0.0156970182195417 0.0011112536303767553 -0.08032684480646536 0.0034416402234505004 -0.00955783738858848 0.07797746605941354 0.02209375381081684
0 21 -0.024734453640237138 0.07093222937027288 0.07121407183314168 0.06218877329025485 -0.0612985207612906 -0.03653544316162325 0.016070807769563454 0.0532714127091425 0.03040576485401545 -0.0914725883579446
0 22 -0.004807890027585021 -0.07550006305410019 -0.07461384532215078 -0.0646459056011139 0.07398773815923498 0.00675504496457919 0.08405696732185686 -0.0920719384233956 0.0414080907987595 -0.06228059743043357
0 23 0.08271698838765701 0.07372391671615412 0.0650803287338189 0.04936593023539696 -0.0325600345677161 -0.004148934836181674 -0.022939238882549638 0.07090142764978255 0.033674797636952115 0.050200972255164074
0 24 0.029318934306502342 -0.06537741422653198 -0.08759806305170059 0.03617469593882561 7.25436198990792E-4 -0.04519020393490791 -2.6886462001129985E-4 -0.03502650931477547 -0.05629413202404976 -0.015455407090485096
0 25 -0.014300922466961363 0.05421289377895594 -0.08044955401839765 0.06391505162884828 -0.04924132840486923 -0.03308805932759766 0.04915007971126491 0.001968897653630276 -0.04026314311174854 0.0973932893155586
0 26 0.012028450146317482 -0.08180200308561325 0.04804117605090141 -0.08216184377670288 -0.028631990775465965 -0.028133045881986618 0.06416471302509308 0.09966695308685303 -0.07373480498790741 -0.08335218578577042
0 27 -0.04722554370601972 0.0977984679459529 -0.06351475254365142 0.047728787974825666 -0.016306403212822236 3.4979090921228315E-4 0.010279038513228594 0.033858441273684974 -0.05639339670323372 0.05303687173946381
0 28 0.078519496990487 0.02924670447167543 0.03543267257327867 0.06313647369019451 -0.003758354438858802 -0.02450954080772723 -0.01649119305261269 -0.07183245998612409 0.07567308101342839 0.05463557142745512
0 29 0.05520870947610259 -0.09620745043049063 0.0738285406072784 -0.08614157022093127 -0.0049013362808961805 -0.03676514742144668 -0.09851810186999206 0.07198616576973292 -0.06512607407959717 -0.053492925493221745
0 30 -0.07782499525882734 0.016418347721943484 0.05391184422050678 0.05600786134194005 0.012670284938359245 0.08989371992629182 0.07221005318034826 0.005296721833489211 -0.010509556936717113 0.06610919305022565
0 31 -0.08626300934363516 -0.07850826756742413 0.09847799591688737 0.08826020396133043 -0.031074250236718406 0.05748367369412568 0.038754556745028985 0.022969393418091538 -0.08734221847739541 0.025455987451898778
0 32 0.04696042364689796 -0.09040606717489869 -0.02728170646742676 -0.07874666281511057 -0.010683980413073075 0.06422961885346888 0.016511692749941218 -0.0724661918969666 -0.08709390233737964 -0.03816850787722215
0 33 0.02906244859112449 -0.09250017865128907 -0.08251076827502908 -0.049681193129809585 0.08271807505050739 0.014457320798238417 0.0077264697711374565 -0.07662935671852612 -0.05388018054425282 -0.028361722510883466
0 34 0.013923538339575083 0.04874000993777542 0.04842748378128857 0.07439789730069392 -0.0560166088732732 -0.012469873751978812 0.00777813894398146 -0.09930522942833471 0.032432050182609654 -0.031299723407558114
0 35 -0.0021027255840241833 -0.05570491151517006 -0.01402103936222833 0.056047247676301454 -0.0029695741232502746 -0.005120001028003607 -0.027756591581461026 -0.09578060682846164 0.011677713255516213 0.04165772340730044
0 36 -0.042626377848688585 -0.011049860350695223 -0.07040625073343527 0.05110578477170559 0.0776159983596597 -0.017645001877513493 -0.0660343431428156 0.026527226513713843 0.048711160503282766 0.04678309078693174
0 37 -0.021637255048563283 0.0018569444416495693 -0.05710886073825388 0.00828785299547864 0.09027198181870888 0.06606685743458046 0.09702163634831826 -0.02757463423750864 -0.052847831693314765 -0.0450884078805106
0 38 -0.01970090912757389 0.038245730679123076 0.08053453100530437 -0.01746128240675472 -0.09125907787200802 -0.046218907554047076 0.06433023063807916 -0.056417501585261626 -0.014712556656359939 0.046587368500409766
0 39 -0.015452193556273228 -0.05209568102952651 -0.00380571559750761 -0.08633011639378646 0.0524247513860645 0.0942120590177587 0.034087451417373 0.07615728149956894 -0.041940662366419676 -0.03721768863796132
0 40 -0.09809004779543949 -0.0963528505119549 -0.06714548761973194 -0.03315427093342848 0.0678796666726968 0.019812580551529086 0.024741558712202957 0.02907493195418431 -0.017673030539076554 -0.06916971574861762
0 41 0.0704486250768117 0.05466243131193561 0.059800556085382504 -0.02120126539679525 -0.011808057956602842 -0.0547294379849826 -0.025433384732136324 -0.04872861035534046 -0.08802720700489781 0.032821972964984125
0 42 -0.052598922269503 -0.06352724290079714 0.08208107732157009 0.07323772063702923 0.06359590621326396 -0.08048846963551941 -0.09578327294669584 0.0034039997475985902 -0.06010236766186865 0.084370871098606
0 43 -0.04705271312493468 0.049021474015025976 0.030727580446359797 -0.008533088555709962 0.061727294159639796 0.09936926470999119 -0.03268664097480118 0.0873920590195841 -0.0015745696632526896 0.07837048055564248
0 44 -0.007952090923697053 0.0467127007584103 0.008904998940073395 -0.0627397402483017 0.009515412897276615 -0.03937375700005831 -0.041950515962044126 0.04557140439660084 -0.09176763603994866 0.08598166178836446
0 45 -0.07044615354263559 0.07408691210182396 -0.05788991427346481 0.07310065443117601 -0.09544554295561364 -0.01747000522277153 0.08060370630271148 -0.004325734040822544 0.07844008814164286 -0.0546784842993765
0 46 0.07660426200258899 -0.03980404716854978 0.051251144572693 0.06709811605477488 -0.0774923681711572 -0.09040794034697572 -0.057557823955782246 -0.02342218321925521 -0.052535775647086676 -0.07270311935332201
0 47 -0.035426642803407696 0.029375417784297465 0.0660936235273236 0.03630920795264299 -0.04789254440226018 0.04156935419788758 0.06474105011024063 -0.06427043604362545 -0.043647515042860734 0.015974110357894297
0 48 0.039913768646349844 -0.09487977620279489 0.05439406965715888 -0.04462094101452319 -0.09084352715973167 0.047514363527010814 0.06654880415398529 -0.04311992421703796 0.007466091549637591 -0.03190845148988799 7.897322044676583E-4 -0.013896536836690482 -0.08989777531359647 -0.06321054225407867 -0.04167989319891095 -0.09658622080622473 0.06685885406101358 0.0806650433166873 -0.07757050497889273 0.017327292822921683 0.09050415630942976
1 0 -0.04837696305453431 0.09800301818524919 -0.01258850065267539 0.06278546372090621 -0.05504055195864441 -0.06194460299716117 -0.05880500422757711 -0.09985598615832204 -0.04437347915045156 0.06169617465816841
1 1 0.012806927633346146 0.03757760261419594 0.05201270683565836 -0.04080273230742686 0.040301248286729895 0.007346269034385508 0.08917346326566408 0.08373808650205372 0.03386090238107143 -0.09567707908796255
1 2 -0.014445598333764343 0.09983182103984525 -0.09011630512575627 0.057606792033029104 0.022029692447254234 0.05241758597833083 -0.08213658914828634 0.0862905355552043 0.06282894086575974 0.09749991849081634
1 3 -0.0738878528313288 -0.0163038284830854 0.07929255032894209 0.01948517914187419 0.050082398628518675 0.024793391083121594 -0.030081129185878453 0.0274257735581408 0.01373772768615579 -0.07368926570374747
1 4 -0.08108802344872057 0.0826171806536671 0.05851413224488225 0.005444174864204235 0.06123512645737569 0.08363774289435355 -0.03368928467825094 0.06444881105667949 0.013899622752518421 -0.025046482482292708
1 5 0.004425245745301019 0.06649627671293223 -0.03311117580524525 -0.08142486903692905 -0.05235664779794693 -0.08053629413822587 0.03177947157237055 -0.040987737173789916 0.07775725267488455 0.018449118130210333
1 6 0.07834465211279927 -0.02706286177903904 -0.04155374818115003 -0.04955070799181319 0.03466758302536106 -0.003843006115574902 0.024223008205075815 0.07308109494245944 -0.03466700561554916 0.05355310487752097
1 7 0.09882596671408903 0.079148831161789 0.0924592843827044 0.0547667077591523 -0.07061705328634821 -0.03278177019116181 0.0460127939899432 0.06374852443908274 -0.004159367107424756 -0.08841539410168557
1 8 0.02493251157991807 -0.01917681199994358 -0.03476867257267208 -0.028394727660202058 1.2994530017777065E-4 -0.05244995069864322 0.05440536215716519 -0.07893151186266276 0.059103498235000836 0.07953528040622963
1 9 0.09089259599852327 0.01522695275223243 0.07144660107768205 -0.0941600214821649 0.09955155402313529 0.016047708085249298 -0.016480729615487376 -0.0598175237078918 0.06339925739952959 0.06446599918909772
2 0 0.09630875530447486
2 1 -0.018552064144769165
2 2 0.023464196986270017
2 3 -0.01979852775288517
2 4 -0.01125188310843412
2 5 0.0029287002210406235
2 6 0.061485573128579156
2 7 -0.012361766730563332
2 8 0.020005025326774752
2 9 -0.018753797541521285
