301	0	0.0
301	1	0.28478919828835453
301	2	0.0
301	3	0.0
301	4	0.0
301	5	0.0
301	6	0.0
301	7	0.0
301	8	0.0
301	9	0.0
301	10	0.14547180107279734
301	11	0.28478919828835453
301	12	0.0
301	13	0.0
301	14	0.0
301	15	0.28478919828835453
301	16	0.14547180107279734
302	0	0.28478919828835453
302	1	0.0
302	2	0.0
302	3	0.0
302	4	0.14547180107279734
302	5	0.0
302	6	0.0
302	7	0.0
302	8	0.14547180107279734
302	9	0.28478919828835453
302	10	0.0
302	11	0.28478919828835453
302	12	0.0
302	13	0.0
302	14	0.0
302	15	0.0
302	16	0.0
303	0	0.0
303	1	0.28478919828835453
303	2	0.0
303	3	0.0
303	4	0.0
303	5	0.14547180107279734
303	6	0.0
303	7	0.0
303	8	0.0
303	9	0.0
303	10	0.0
303	11	0.0
303	12	0.14547180107279734
303	13	0.0
303	14	0.28478919828835453
303	15	0.0
303	16	0.0
303	17	0.0
303	18	0.0
303	19	0.0
303	20	0.28478919828835453
303	21	0.0
303	22	0.0
303	23	0.0
303	24	0.0
304	0	0.14547180107279734
304	1	0.0
304	2	0.0
304	3	0.0
304	4	0.0
304	5	0.0
304	6	0.28478919828835453
304	7	0.14547180107279734
304	8	0.0
304	9	0.28478919828835453
304	10	0.0
304	11	0.0
304	12	0.0
304	13	0.0
304	14	0.0
304	15	0.0
304	16	0.28478919828835453
304	17	0.0
304	18	0.0
304	19	0.0
305	0	0.0
305	1	0.0
305	2	0.28478919828835453
305	3	0.14547180107279734
305	4	0.0
305	5	0.0
305	6	0.0
305	7	0.0
305	8	0.28478919828835453
305	9	0.0
305	10	0.0
305	11	0.14547180107279734
305	12	0.0
305	13	0.28478919828835453
305	14	0.0
305	15	0.0
305	16	0.0
305	17	0.0
305	18	0.0
305	19	0.0
305	20	0.0
306	0	0.14547180107279734
306	1	0.0
306	2	0.0
306	3	0.0
306	4	0.0
306	5	0.0
306	6	0.0
306	7	0.28478919828835453
306	8	0.0
306	9	0.0
306	10	0.0
306	11	0.0
306	12	0.0
306	13	0.28478919828835453
306	14	0.28478919828835453
306	15	0.0
306	16	0.14547180107279734
306	17	0.0
306	18	0.0
306	19	0.0
306	20	0.0
307	0	0.0
307	1	0.0
307	2	0.0
307	3	0.28478919828835453
307	4	0.28478919828835453
307	5	0.14547180107279734
307	6	0.0
307	7	0.0
307	8	0.28478919828835453
307	9	0.0
307	10	0.0
307	11	0.0
307	12	0.0
307	13	0.0
307	14	0.0
307	15	0.14547180107279734
307	16	0.0
307	17	0.0
307	18	0.0
307	19	0.0
308	0	0.0
308	1	0.0
308	2	0.0
308	3	0.0
308	4	0.0
308	5	0.14547180107279734
308	6	0.0
308	7	0.0
308	8	0.0
308	9	0.0
308	10	0.0
308	11	0.28478919828835453
308	12	0.14547180107279734
308	13	0.0
308	14	0.28478919828835453
308	15	0.0
308	16	0.0
308	17	0.0
308	18	0.0
308	19	0.0
308	20	0.0
308	21	0.0
309	0	0.0
309	1	0.14547180107279734
309	2	0.0
309	3	0.14547180107279734
309	4	0.0
309	5	0.28478919828835453
309	6	0.0
309	7	0.28478919828835453
309	8	0.0
309	9	0.0
309	10	0.28478919828835453
309	11	0.0
309	12	0.0
309	13	0.0
309	14	0.0
309	15	0.0
309	16	0.0
309	17	0.0
310	0	0.28478919828835453
310	1	0.0
310	2	0.0
310	3	0.0
310	4	0.0
310	5	0.0
310	6	0.14547180107279734
310	7	0.0
310	8	0.14547180107279734
310	9	0.0
310	10	0.0
310	11	0.0
310	12	0.28478919828835453
310	13	0.0
310	14	0.28478919828835453
310	15	0.0
310	16	0.0
310	17	0.0
310	18	0.0
310	19	0.0
310	20	0.0
310	21	0.0
311	0	0.0
311	1	0.0
311	2	0.28478919828835453
311	3	0.0
311	4	0.0
311	5	0.0
311	6	0.0
311	7	0.28478919828835453
311	8	0.0
311	9	0.14547180107279734
311	10	0.0
311	11	0.0
311	12	0.14547180107279734
311	13	0.0
311	14	0.0
311	15	0.0
311	16	0.28478919828835453
312	0	0.0
312	1	0.0
312	2	0.0
312	3	0.0
312	4	0.14547180107279734
312	5	0.28478919828835453
312	6	0.0
312	7	0.0
312	8	0.28478919828835453
312	9	0.28478919828835453
312	10	0.14547180107279734
312	11	0.0
312	12	0.0
312	13	0.0
312	14	0.0
312	15	0.0
312	16	0.0
312	17	0.0
313	0	0.0
313	1	0.0
313	2	0.0
313	3	0.0
313	4	0.14547180107279734
313	5	0.28478919828835453
313	6	0.0
313	7	0.0
313	8	0.14547180107279734
313	9	0.0
313	10	0.28478919828835453
313	11	0.0
313	12	0.0
313	13	0.28478919828835453
313	14	0.0
313	15	0.0
313	16	0.0
313	17	0.0
313	18	0.0
314	0	0.0
314	1	0.0
314	2	0.28478919828835453
314	3	0.28478919828835453
314	4	0.14547180107279734
314	5	0.0
314	6	0.0
314	7	0.28478919828835453
314	8	0.0
314	9	0.0
314	10	0.0
314	11	0.0
314	12	0.14547180107279734
314	13	0.0
314	14	0.0
314	15	0.0
314	16	0.0
314	17	0.0
315	0	0.0
315	1	0.0
315	2	0.0
315	3	0.0
315	4	0.28478919828835453
315	5	0.14547180107279734
315	6	0.0
315	7	0.0
315	8	0.0
315	9	0.0
315	10	0.28478919828835453
315	11	0.0
315	12	0.0
315	13	0.0
315	14	0.0
315	15	0.14547180107279734
315	16	0.0
315	17	0.28478919828835453
315	18	0.0
315	19	0.0
316	0	0.0
316	1	0.28478919828835453
316	2	0.0
316	3	0.0
316	4	0.14547180107279734
316	5	0.28478919828835453
316	6	0.0
316	7	0.0
316	8	0.0
316	9	0.0
316	10	0.0
316	11	0.0
316	12	0.0
316	13	0.28478919828835453
316	14	0.14547180107279734
316	15	0.0
316	16	0.0
316	17	0.0
316	18	0.0
316	19	0.0
317	0	0.0
317	1	0.0
317	2	0.0
317	3	0.28478919828835453
317	4	0.0
317	5	0.14547180107279734
317	6	0.14547180107279734
317	7	0.0
317	8	0.28478919828835453
317	9	0.28478919828835453
317	10	0.0
317	11	0.0
317	12	0.0
317	13	0.0
317	14	0.0
317	15	0.0
317	16	0.0
318	0	0.0
318	1	0.0
318	2	0.28478919828835453
318	3	0.14547180107279734
318	4	0.0
318	5	0.14547180107279734
318	6	0.0
318	7	0.28478919828835453
318	8	0.0
318	9	0.0
318	10	0.0
318	11	0.0
318	12	0.0
318	13	0.28478919828835453
318	14	0.0
318	15	0.0
318	16	0.0
318	17	0.0
318	18	0.0
318	19	0.0
319	0	0.14547180107279734
319	1	0.28478919828835453
319	2	0.0
319	3	0.14547180107279734
319	4	0.0
319	5	0.0
319	6	0.0
319	7	0.0
319	8	0.0
319	9	0.28478919828835453
319	10	0.0
319	11	0.0
319	12	0.0
319	13	0.28478919828835453
319	14	0.0
319	15	0.0
319	16	0.0
319	17	0.0
319	18	0.0
319	19	0.0
319	20	0.0
319	21	0.0
320	0	0.0
320	1	0.14547180107279734
320	2	0.28478919828835453
320	3	0.14547180107279734
320	4	0.0
320	5	0.0
320	6	0.0
320	7	0.28478919828835453
320	8	0.0
320	9	0.0
320	10	0.0
320	11	0.28478919828835453
320	12	0.0
320	13	0.0
320	14	0.0
320	15	0.0
320	16	0.0
320	17	0.0
320	18	0.0
320	19	0.0
320	20	0.0
320	21	0.0
321	0	0.0
321	1	0.0
321	2	0.28478919828835453
321	3	0.0
321	4	0.28478919828835453
321	5	0.0
321	6	0.0
321	7	0.0
321	8	0.14547180107279734
321	9	0.0
321	10	1.5593434012466232
321	11	0.0
321	12	0.14547180107279734
321	13	0.0
321	14	0.28478919828835453
321	15	0.0
321	16	0.0
321	17	0.0
321	18	0.0
321	19	0.0
321	20	0.0
321	21	0.0
322	0	0.0
322	1	0.14547180107279734
322	2	0.0
322	3	0.3172024210987124
322	4	0.0
322	5	0.28478919828835453
322	6	0.0
322	7	0.0
322	8	0.14547180107279734
322	9	0.28478919828835453
322	10	0.0
322	11	0.0
322	12	0.0
322	13	0.28478919828835453
322	14	0.0
322	15	0.0
322	16	0.0
322	17	0.0
322	18	0.0
322	19	0.0
322	20	0.0
322	21	0.0
323	0	0.0
323	1	0.14547180107279734
323	2	0.0
323	3	0.0
323	4	0.0
323	5	0.0
323	6	0.0
323	7	0.28478919828835453
323	8	0.0
323	9	0.14547180107279734
323	10	0.0
323	11	0.28478919828835453
323	12	0.0
323	13	0.28478919828835453
323	14	0.06806806507179398
323	15	0.0
323	16	0.0
323	17	0.0
323	18	0.0
323	19	0.0
323	20	0.0
323	21	0.0
324	0	0.0
324	1	0.0040478618228857585
324	2	0.0
324	3	0.0
324	4	0.0
324	5	0.14547180107279734
324	6	0.28478919828835453
324	7	0.28478919828835453
324	8	0.0
324	9	0.0
324	10	0.14547180107279734
324	11	0.0
324	12	0.28478919828835453
324	13	0.0
324	14	0.0
324	15	0.0
324	16	0.0
324	17	0.0
324	18	0.0
324	19	0.0
324	20	0.0
324	21	0.0
325	0	0.0
325	1	0.0
325	2	0.14547180107279734
325	3	0.0
325	4	0.0
325	5	0.28478919828835453
325	6	0.0
325	7	0.28478919828835453
325	8	0.0
325	9	0.0
325	10	0.0
325	11	0.28478919828835453
325	12	0.14547180107279734
325	13	0.0
325	14	0.0
325	15	0.0
325	16	0.0
325	17	0.0
326	0	0.28478919828835453
326	1	0.0
326	2	0.0
326	3	0.0
326	4	0.0
326	5	0.0
326	6	0.0
326	7	0.14547180107279734
326	8	0.28478919828835453
326	9	0.0
326	10	0.14547180107279734
326	11	0.0
326	12	0.0
326	13	0.0
326	14	0.28478919828835453
326	15	0.0
326	16	0.0
327	0	0.14547180107279734
327	1	0.0
327	2	0.28478919828835453
327	3	0.0
327	4	0.0
327	5	0.14547180107279734
327	6	0.0
327	7	0.0
327	8	0.0
327	9	0.0
327	10	0.28478919828835453
327	11	0.0
327	12	0.0
327	13	0.0
327	14	0.0
327	15	0.28478919828835453
327	16	0.0
327	17	0.0
327	18	0.0
327	19	0.0
328	0	0.0
328	1	0.0
328	2	0.14547180107279734
328	3	0.14547180107279734
328	4	0.0
328	5	0.0
328	6	0.0
328	7	0.0
328	8	0.0
328	9	0.28478919828835453
328	10	0.28478919828835453
328	11	0.0
328	12	0.0
328	13	0.0
328	14	0.0
328	15	0.28478919828835453
328	16	0.0
328	17	0.0
329	0	0.14547180107279734
329	1	0.0
329	2	0.0
329	3	0.0
329	4	0.0
329	5	0.0
329	6	0.0
329	7	0.28478919828835453
329	8	0.0
329	9	0.0
329	10	0.0
329	11	0.0
329	12	0.0
329	13	0.28478919828835453
329	14	0.0
329	15	0.14547180107279734
329	16	0.28478919828835453
329	17	0.0
329	18	0.0
329	19	0.0
329	20	0.0
330	0	0.0
330	1	0.0
330	2	0.0
330	3	0.14547180107279734
330	4	0.28478919828835453
330	5	0.0
330	6	0.0
330	7	0.0
330	8	0.14547180107279734
330	9	0.0
330	10	0.28478919828835453
330	11	0.0
330	12	0.0
330	13	0.0
330	14	0.0
330	15	0.28478919828835453
330	16	0.0
331	0	0.14547180107279734
331	1	0.0
331	2	0.0
331	3	0.0
331	4	0.0
331	5	0.0
331	6	0.28478919828835453
331	7	0.28478919828835453
331	8	0.0
331	9	0.28478919828835453
331	10	0.0
331	11	0.0
331	12	0.0
331	13	0.14547180107279734
331	14	0.0
331	15	0.0
331	16	0.0
332	0	0.0
332	1	0.0
332	2	0.0
332	3	0.28478919828835453
332	4	0.0
332	5	0.14547180107279734
332	6	0.0
332	7	0.0
332	8	0.0
332	9	0.0
332	10	0.0
332	11	0.14547180107279734
332	12	0.0
332	13	0.0
332	14	0.0
332	15	0.28478919828835453
332	16	0.28478919828835453
332	17	0.0
332	18	0.0
332	19	0.0
332	20	0.0
332	21	0.0
332	22	0.0
333	0	0.0
333	1	0.28478919828835453
333	2	0.14547180107279734
333	3	0.0
333	4	0.0
333	5	0.0
333	6	0.0
333	7	0.0
333	8	0.0
333	9	0.14547180107279734
333	10	0.28478919828835453
333	11	0.0
333	12	0.0
333	13	0.28478919828835453
333	14	0.0
333	15	0.0
333	16	0.0
334	0	0.0
334	1	0.0
334	2	0.0
334	3	0.14547180107279734
334	4	0.0
334	5	0.0
334	6	0.14547180107279734
334	7	0.0
335	0	0.0
335	1	0.28478919828835453
335	2	0.14547180107279734
335	3	0.0
335	4	0.0
335	5	0.0
335	6	0.0
335	7	0.28478919828835453
335	8	0.0
335	9	0.14547180107279734
335	10	0.0
335	11	0.0
335	12	0.0
335	13	0.28478919828835453
336	0	0.14547180107279734
336	1	0.14547180107279734
336	2	0.0
336	3	0.0
336	4	0.0
336	5	0.0
336	6	0.0
336	7	0.0
337	0	0.0
337	1	0.0
337	2	0.0
337	3	0.28478919828835453
337	4	0.0
337	5	0.28478919828835453
337	6	0.0
337	7	0.0
337	8	0.0
337	9	0.0
337	10	0.0
337	11	0.28478919828835453
337	12	0.0
337	13	0.0
337	14	0.14547180107279734
337	15	0.14547180107279734
337	16	0.0
338	0	0.0
338	1	0.0
338	2	0.14547180107279734
338	3	0.0
338	4	0.0
338	5	0.28478919828835453
338	6	0.0
338	7	0.0
338	8	0.28478919828835453
338	9	0.0
338	10	0.0
338	11	0.14547180107279734
338	12	0.28478919828835453
338	13	0.0
338	14	0.0
338	15	0.0
338	16	0.0
338	17	0.0
339	0	0.28478919828835453
339	1	0.0
339	2	0.0
339	3	0.0
339	4	0.28478919828835453
339	5	0.14547180107279734
339	6	0.0
339	7	0.0
339	8	0.0
339	9	0.0
339	10	0.28478919828835453
339	11	0.0
339	12	0.0
339	13	0.14547180107279734
339	14	0.0
339	15	0.0
339	16	0.0
339	17	0.0
339	18	0.0
339	19	0.0
339	20	0.0
339	21	0.0
339	22	0.0
340	0	0.0
340	1	0.0
340	2	0.14547180107279734
340	3	0.28478919828835453
340	4	0.0
340	5	0.0
340	6	0.0
340	7	0.28478919828835453
340	8	0.0
340	9	0.0
340	10	0.0
340	11	0.28478919828835453
340	12	0.0
340	13	0.14547180107279734
340	14	0.0
340	15	0.0
340	16	0.0
340	17	0.0
340	18	0.0
340	19	0.0
340	20	0.0
340	21	0.0
341	0	0.0
341	1	0.0
341	2	0.0
341	3	0.28478919828835453
341	4	0.14547180107279734
341	5	0.0
341	6	0.14547180107279734
341	7	0.28478919828835453
341	8	0.0
341	9	0.0
341	10	0.0
341	11	0.0
341	12	0.0
341	13	0.28478919828835453
341	14	0.0
341	15	0.0
341	16	0.0
341	17	0.0
341	18	0.0
341	19	0.0
342	0	0.0
342	1	0.0
342	2	0.0
342	3	0.28478919828835453
342	4	0.0
342	5	0.28478919828835453
342	6	0.0
342	7	0.0
342	8	0.0
342	9	0.0
342	10	0.0
342	11	0.14547180107279734
342	12	0.14547180107279734
342	13	0.0
342	14	0.0
342	15	0.28478919828835453
342	16	0.0
343	0	0.0
343	1	0.0
343	2	0.0
343	3	0.0
343	4	0.0
343	5	0.0
343	6	0.28478919828835453
343	7	0.14547180107279734
343	8	0.0
343	9	0.0
343	10	0.28478919828835453
343	11	0.0
343	12	0.14547180107279734
343	13	0.0
343	14	0.0
343	15	0.28478919828835453
343	16	0.0
343	17	0.0
344	0	0.0
344	1	0.0
344	2	0.0
344	3	0.0
344	4	0.0
344	5	0.0
344	6	0.0
344	7	0.28478919828835453
344	8	0.0
344	9	0.0
344	10	0.0
344	11	0.0
344	12	0.28478919828835453
344	13	0.14547180107279734
344	14	0.14547180107279734
344	15	0.0
344	16	0.0
344	17	0.28478919828835453
345	0	0.0
345	1	0.14547180107279734
345	2	0.0
345	3	0.0
345	4	0.0
345	5	0.14547180107279734
345	6	0.28478919828835453
345	7	0.28478919828835453
345	8	0.0
345	9	0.0
345	10	0.0
345	11	0.0
345	12	0.0
345	13	0.28478919828835453
345	14	0.0
345	15	0.0
345	16	0.0
345	17	0.0
345	18	0.0
345	19	0.0
345	20	0.0
346	0	0.14547180107279734
346	1	0.0
346	2	0.0
346	3	0.0
346	4	0.14547180107279734
346	5	0.0
346	6	0.0
346	7	0.0
346	8	0.0
346	9	0.0
346	10	0.28478919828835453
346	11	0.28478919828835453
346	12	0.28478919828835453
346	13	0.0
346	14	0.0
346	15	0.0
346	16	0.0
347	0	0.0
347	1	0.14547180107279734
347	2	0.0
347	3	0.0
347	4	0.0
347	5	0.28478919828835453
347	6	0.0
347	7	0.14547180107279734
347	8	0.0
347	9	0.0
347	10	0.0
347	11	0.28478919828835453
347	12	0.28478919828835453
347	13	0.0
347	14	0.0
347	15	0.0
347	16	0.0
347	17	0.0
347	18	0.0
347	19	0.0
347	20	0.0
347	21	0.0
348	0	0.0
348	1	0.0
348	2	0.14547180107279734
348	3	0.28478919828835453
348	4	0.14547180107279734
348	5	0.0
348	6	0.0
348	7	0.0
348	8	0.0
348	9	0.0
348	10	0.28478919828835453
348	11	0.0
348	12	0.0
348	13	0.0
348	14	0.0
348	15	0.0
348	16	0.0
348	17	0.28478919828835453
348	18	0.0
349	0	0.14547180107279734
349	1	0.0
349	2	0.28478919828835453
349	3	0.0
349	4	0.0
349	5	0.0
349	6	0.14547180107279734
349	7	0.28478919828835453
349	8	0.0
349	9	0.0
349	10	0.0
349	11	0.28478919828835453
349	12	0.0
350	0	0.0
350	1	0.0
350	2	0.0
350	3	0.0
350	4	0.0
350	5	0.14547180107279734
350	6	0.28478919828835453
350	7	0.28478919828835453
350	8	0.0
350	9	0.0
350	10	0.0
350	11	0.14547180107279734
350	12	0.0
350	13	0.0
350	14	0.28478919828835453
350	15	0.0
351	0	0.14547180107279734
351	1	0.0
351	2	0.14547180107279734
351	3	0.0
351	4	0.28478919828835453
351	5	0.0
351	6	0.28478919828835453
351	7	0.0
351	8	0.0
351	9	0.0
351	10	0.28478919828835453
351	11	0.0
351	12	0.0
351	13	0.0
351	14	0.0
351	15	0.0
351	16	0.0
351	17	0.0
351	18	0.0
352	0	0.0
352	1	0.0
352	2	0.28478919828835453
352	3	0.0
352	4	0.0
352	5	0.28478919828835453
352	6	0.14547180107279734
352	7	0.0
352	8	0.28478919828835453
352	9	0.0
352	10	0.0
352	11	0.0
352	12	0.0
352	13	0.14547180107279734
352	14	0.0
352	15	0.0
352	16	0.0
352	17	0.0
352	18	0.0
353	0	0.0
353	1	0.28478919828835453
353	2	0.0
353	3	0.28478919828835453
353	4	0.0
353	5	0.0
353	6	0.28478919828835453
353	7	0.0
353	8	0.0
353	9	0.0
353	10	0.0
353	11	0.0
353	12	0.14547180107279734
353	13	0.14547180107279734
353	14	0.0
353	15	0.0
353	16	0.0
353	17	0.0
353	18	0.0
353	19	0.0
353	20	0.0
353	21	0.0
354	0	0.14547180107279734
354	1	0.28478919828835453
354	2	0.0
354	3	0.0
354	4	0.0
354	5	0.28478919828835453
354	6	0.0
354	7	0.0
354	8	0.0
354	9	0.0
354	10	0.28478919828835453
354	11	0.0
354	12	0.0
354	13	0.14547180107279734
354	14	0.0
354	15	0.0
354	16	0.0
354	17	0.0
354	18	0.0
354	19	0.0
354	20	0.0
354	21	0.0
355	0	0.28478919828835453
355	1	0.28478919828835453
355	2	0.14547180107279734
355	3	0.0
355	4	0.0
355	5	0.0
355	6	0.0
355	7	0.0
355	8	0.0
355	9	0.0
355	10	0.0
355	11	0.14547180107279734
355	12	0.28478919828835453
355	13	0.0
355	14	0.0
355	15	0.0
355	16	0.0
355	17	0.0
355	18	0.0
355	19	0.0
355	20	0.0
355	21	0.0
356	0	0.0
356	1	0.28478919828835453
356	2	0.0
356	3	0.14547180107279734
356	4	0.0
356	5	0.28478919828835453
356	6	0.0
356	7	0.0
356	8	0.0
356	9	0.0
356	10	0.0
356	11	0.0
356	12	0.0
356	13	0.28478919828835453
356	14	0.14547180107279734
356	15	0.0
356	16	0.0
356	17	0.0
356	18	0.0
356	19	0.0
356	20	0.0
356	21	0.0
357	0	0.0
357	1	0.0
357	2	0.0
357	3	0.14547180107279734
357	4	0.0
357	5	0.0
357	6	0.0
357	7	0.28478919828835453
357	8	0.0
357	9	0.0
357	10	0.0
357	11	0.14547180107279734
357	12	0.0
357	13	0.28478919828835453
357	14	0.0
357	15	0.28478919828835453
357	16	0.0
357	17	0.0
357	18	0.0
358	0	0.14547180107279734
358	1	0.0
358	2	0.0
358	3	0.0
358	4	0.28478919828835453
358	5	0.28478919828835453
358	6	0.0
358	7	0.14547180107279734
358	8	0.0
358	9	0.0
358	10	0.0
358	11	0.0
358	12	0.0
358	13	0.28478919828835453
358	14	0.0
358	15	0.0
358	16	0.0
358	17	0.0
358	18	0.0
358	19	0.0
358	20	0.0
358	21	0.0
359	0	0.14547180107279734
359	1	0.0
359	2	0.0
359	3	0.0
359	4	0.0
359	5	0.0
359	6	0.14547180107279734
359	7	0.0
359	8	0.0
359	9	0.0
359	10	0.28478919828835453
359	11	0.0
359	12	0.0
359	13	0.28478919828835453
359	14	0.0
359	15	0.28478919828835453
359	16	0.0
359	17	0.0
359	18	0.0
360	0	0.0
360	1	0.0
360	2	0.0
360	3	0.28478919828835453
360	4	0.0
360	5	0.28478919828835453
360	6	0.28478919828835453
360	7	0.0
360	8	0.0
360	9	0.14547180107279734
360	10	0.0
360	11	0.0
360	12	0.0
360	13	0.0
360	14	0.14547180107279734
360	15	0.0
360	16	0.0
360	17	0.0
360	18	0.0
360	19	0.0
360	20	0.0
360	21	0.0
360	22	0.0
361	0	0.0
361	1	0.0
361	2	0.0
361	3	0.0
361	4	0.28478919828835453
361	5	0.28478919828835453
361	6	0.28478919828835453
361	7	0.0
361	8	0.14547180107279734
361	9	0.0
361	10	0.0
361	11	0.0
361	12	0.0
361	13	0.0
361	14	0.0
361	15	0.14547180107279734
361	16	0.0
361	17	0.0
361	18	0.0
361	19	0.0
361	20	0.0
361	21	0.0
361	22	0.0
362	0	0.0
362	1	0.0
362	2	0.0
362	3	0.0
362	4	0.0
362	5	0.0
362	6	0.28478919828835453
362	7	0.28478919828835453
362	8	0.0
362	9	0.14547180107279734
362	10	0.0
362	11	0.0
362	12	0.28478919828835453
362	13	0.14547180107279734
362	14	0.0
362	15	0.0
362	16	0.0
362	17	0.0
362	18	0.0
362	19	0.0
362	20	0.0
362	21	0.0
363	0	0.0
363	1	0.0
363	2	0.14547180107279734
363	3	0.0
363	4	0.0
363	5	0.0
363	6	0.0
363	7	0.28478919828835453
363	8	0.0
363	9	0.0
363	10	0.0
363	11	0.0
363	12	0.0
363	13	0.0
363	14	0.28478919828835453
363	15	0.14547180107279734
363	16	0.0
363	17	0.28478919828835453
363	18	0.0
363	19	0.0
363	20	0.0
363	21	0.0
363	22	0.0
364	0	0.28478919828835453
364	1	0.0
364	2	0.0
364	3	0.0
364	4	0.14547180107279734
364	5	0.28478919828835453
364	6	0.28478919828835453
364	7	0.0
364	8	0.0
364	9	0.0
364	10	0.14547180107279734
364	11	0.0
364	12	0.0
364	13	0.0
364	14	0.0
364	15	0.0
364	16	0.0
364	17	0.0
364	18	0.0
364	19	0.0
365	0	0.28478919828835453
365	1	0.0
365	2	0.0
365	3	0.0
365	4	0.0
365	5	0.14547180107279734
365	6	0.28478919828835453
365	7	0.0
365	8	0.0
365	9	0.0
365	10	0.28478919828835453
365	11	0.0
365	12	0.0
365	13	0.0
365	14	0.0
365	15	0.14547180107279734
365	16	0.0
366	0	0.0
366	1	0.0
366	2	0.28478919828835453
366	3	0.0
366	4	0.14547180107279734
366	5	0.0
366	6	0.0
366	7	0.0
366	8	0.0
366	9	0.28478919828835453
366	10	0.14547180107279734
366	11	0.0
366	12	0.28478919828835453
366	13	0.0
366	14	0.0
366	15	0.0
366	16	0.0
366	17	0.0
367	0	0.0
367	1	0.28478919828835453
367	2	0.0
367	3	0.14547180107279734
367	4	0.0
367	5	0.0
367	6	0.0
367	7	0.0
367	8	0.0
367	9	0.14547180107279734
367	10	0.0
367	11	0.28478919828835453
367	12	0.0
367	13	0.0
367	14	0.0
367	15	0.0
367	16	0.28478919828835453
367	17	0.0
368	0	0.0
368	1	0.0
368	2	0.0
368	3	0.14547180107279734
368	4	0.0
368	5	0.28478919828835453
368	6	0.0
368	7	0.0
368	8	0.0
368	9	0.0
368	10	0.0
368	11	0.0
368	12	0.28478919828835453
368	13	0.28478919828835453
368	14	0.14547180107279734
368	15	0.0
368	16	0.0
369	0	0.0
369	1	0.0
369	2	0.0
369	3	0.0
369	4	0.0
369	5	0.14547180107279734
369	6	0.28478919828835453
369	7	0.0
369	8	0.0
369	9	0.0
369	10	0.0
369	11	0.0
369	12	0.28478919828835453
369	13	0.14547180107279734
369	14	0.0
369	15	0.0
369	16	0.0
369	17	0.0
369	18	0.28478919828835453
369	19	0.0
369	20	0.0
369	21	0.0
369	22	0.0
370	0	0.0
370	1	0.0
370	2	0.28478919828835453
370	3	0.0
370	4	0.14547180107279734
370	5	0.0
370	6	0.0
370	7	0.14547180107279734
370	8	0.28478919828835453
370	9	0.0
370	10	0.0
370	11	0.0
370	12	0.0
370	13	0.0
370	14	0.28478919828835453
370	15	0.0
370	16	0.0
370	17	0.0
371	0	0.0
371	1	0.0
371	2	0.28478919828835453
371	3	0.0
371	4	0.0
371	5	0.0
371	6	0.14547180107279734
371	7	0.28478919828835453
371	8	0.14547180107279734
371	9	0.0
371	10	0.0
371	11	0.0
371	12	0.0
371	13	0.0
371	14	0.28478919828835453
371	15	0.0
371	16	0.0
371	17	0.0
371	18	0.0
372	0	0.28478919828835453
372	1	0.0
372	2	0.0
372	3	0.0
372	4	0.0
372	5	0.0
373	0	0.0
373	1	0.0
373	2	0.0
373	3	0.0
373	4	0.0
373	5	0.0
373	6	0.0
373	7	0.14547180107279734
373	8	0.0
373	9	0.0
373	10	0.0
373	11	0.14547180107279734
373	12	0.28478919828835453
373	13	0.28478919828835453
373	14	0.0
373	15	0.28478919828835453
373	16	0.0
373	17	0.0
374	0	0.0
374	1	0.0
374	2	0.14547180107279734
374	3	0.28478919828835453
374	4	0.0
374	5	0.28478919828835453
374	6	0.0
374	7	0.0
374	8	0.0
374	9	0.0
374	10	0.0
374	11	0.0
374	12	0.0
374	13	0.0
374	14	0.14547180107279734
374	15	0.0
374	16	0.0
374	17	0.28478919828835453
374	18	0.0
374	19	0.0
374	20	0.0
374	21	0.0
375	0	0.0
375	1	0.0
375	2	0.0
375	3	0.0
375	4	0.28478919828835453
375	5	0.0
375	6	0.0
375	7	0.0
375	8	0.28478919828835453
375	9	0.0
375	10	0.14547180107279734
375	11	0.0
375	12	0.14547180107279734
375	13	0.0
375	14	0.0
375	15	0.28478919828835453
375	16	0.0
375	17	0.0
376	0	0.0
376	1	0.0
376	2	0.0
376	3	0.28478919828835453
376	4	0.0
376	5	0.0
376	6	0.0
376	7	0.0
376	8	0.0
376	9	0.0
376	10	0.0
376	11	0.28478919828835453
376	12	0.0
376	13	0.0
376	14	0.14547180107279734
376	15	0.28478919828835453
376	16	0.0
376	17	0.0
376	18	0.14547180107279734
376	19	0.0
376	20	0.0
376	21	0.0
377	0	0.14547180107279734
377	1	0.14547180107279734
377	2	0.0
377	3	0.0
377	4	0.0
377	5	0.28478919828835453
377	6	0.0
377	7	0.0
377	8	0.0
377	9	0.0
377	10	0.28478919828835453
377	11	0.0
377	12	0.28478919828835453
377	13	0.0
377	14	0.0
377	15	0.0
377	16	0.0
378	0	0.0
378	1	0.0
378	2	0.14547180107279734
378	3	0.0
378	4	0.28478919828835453
378	5	0.0
378	6	0.0
378	7	0.0
378	8	0.0
378	9	0.0
378	10	0.0
378	11	0.0
378	12	0.0
378	13	0.0
378	14	0.28478919828835453
378	15	0.14547180107279734
378	16	0.0
378	17	0.28478919828835453
379	0	0.0
379	1	0.0
379	2	0.0
379	3	0.28478919828835453
379	4	0.0
379	5	0.28478919828835453
379	6	0.0
379	7	0.0
379	8	0.0
379	9	0.14547180107279734
379	10	0.0
379	11	0.0
379	12	0.0
379	13	0.28478919828835453
379	14	0.14547180107279734
379	15	0.0
379	16	0.0
379	17	0.0
380	0	0.0
380	1	0.0
380	2	0.0
380	3	0.28478919828835453
380	4	0.0
380	5	0.0
380	6	0.0
380	7	0.28478919828835453
380	8	0.0
380	9	0.0
380	10	0.0
380	11	0.0
380	12	0.0
380	13	0.0
380	14	0.14547180107279734
380	15	0.28478919828835453
380	16	0.14547180107279734
381	0	0.0
381	1	0.14547180107279734
381	2	0.14547180107279734
381	3	0.0
381	4	0.0
381	5	0.0
381	6	0.0
381	7	0.0
381	8	0.28478919828835453
381	9	0.0
381	10	0.0
381	11	0.28478919828835453
381	12	0.0
381	13	0.0
381	14	0.0
381	15	0.28478919828835453
381	16	0.0
381	17	0.0
381	18	0.0
381	19	0.0
382	0	0.0
382	1	0.14547180107279734
382	2	0.0
382	3	0.0
382	4	0.0
382	5	0.0
382	6	0.0
382	7	0.28478919828835453
382	8	0.0
382	9	0.0
382	10	0.14547180107279734
382	11	0.0
382	12	0.0
382	13	0.0
382	14	0.0
382	15	0.28478919828835453
382	16	0.0
382	17	0.28478919828835453
383	0	0.0
383	1	0.28478919828835453
383	2	0.0
383	3	0.28478919828835453
383	4	0.0
383	5	0.14547180107279734
383	6	0.0
383	7	0.0
383	8	0.0
383	9	0.0
383	10	0.0
383	11	0.0
383	12	0.0
383	13	0.0
383	14	0.14547180107279734
383	15	0.0
383	16	0.28478919828835453
383	17	0.0
383	18	0.0
384	0	0.0
384	1	0.28478919828835453
384	2	0.0
384	3	0.0
384	4	0.14547180107279734
384	5	0.28478919828835453
384	6	0.0
384	7	0.0
384	8	0.0
384	9	0.0
384	10	0.28478919828835453
384	11	0.14547180107279734
384	12	0.0
384	13	0.0
384	14	0.0
384	15	0.0
384	16	0.0
384	17	0.0
385	0	0.28478919828835453
385	1	0.0
385	2	0.0
385	3	0.0
385	4	0.0
385	5	0.14547180107279734
385	6	0.0
385	7	0.0
385	8	0.0
385	9	0.0
385	10	0.28478919828835453
385	11	0.0
385	12	0.28478919828835453
385	13	0.0
385	14	0.0
385	15	0.14547180107279734
385	16	0.0
385	17	0.0
386	0	0.28478919828835453
386	1	0.0
386	2	0.0
386	3	0.0
386	4	0.0
386	5	0.14547180107279734
386	6	0.0
386	7	0.0
386	8	0.0
386	9	0.28478919828835453
386	10	0.0
386	11	0.28478919828835453
386	12	0.0
386	13	0.0
386	14	0.0
386	15	0.14547180107279734
386	16	0.0
386	17	0.0
387	0	0.0
387	1	0.0
387	2	0.14547180107279734
387	3	0.0
387	4	0.0
387	5	0.0
387	6	0.0
387	7	0.0
387	8	0.0
387	9	0.28478919828835453
387	10	0.28478919828835453
387	11	0.14547180107279734
387	12	0.0
387	13	0.28478919828835453
387	14	0.0
387	15	0.0
387	16	0.0
388	0	0.0
388	1	0.0
388	2	0.0
388	3	0.0
388	4	0.14547180107279734
388	5	0.0
388	6	0.0
388	7	0.0
388	8	0.0
388	9	0.0
388	10	0.0
388	11	0.28478919828835453
388	12	0.14547180107279734
388	13	0.28478919828835453
388	14	0.0
388	15	0.28478919828835453
388	16	0.0
388	17	0.0
389	0	0.0
389	1	0.28478919828835453
389	2	0.14547180107279734
389	3	0.0
389	4	0.0
389	5	0.28478919828835453
389	6	0.0
389	7	0.0
389	8	0.0
389	9	0.0
389	10	0.14547180107279734
389	11	0.0
389	12	0.0
389	13	0.0
389	14	0.28478919828835453
389	15	0.0
389	16	0.0
389	17	0.0
389	18	0.0
389	19	0.0
390	0	0.0
390	1	0.0
390	2	0.0
390	3	0.0
390	4	0.0
390	5	0.0
390	6	0.0
390	7	0.0
390	8	0.0
390	9	0.28478919828835453
390	10	0.14547180107279734
390	11	0.0
390	12	0.28478919828835453
390	13	0.14547180107279734
390	14	0.0
390	15	0.0
390	16	0.0
390	17	0.28478919828835453
390	18	0.0
390	19	0.0
391	0	0.28478919828835453
391	1	0.0
391	2	0.0
391	3	0.14547180107279734
391	4	0.14547180107279734
391	5	0.28478919828835453
391	6	0.0
391	7	0.0
391	8	0.0
391	9	0.0
391	10	0.0
391	11	0.0
391	12	0.28478919828835453
391	13	0.0
391	14	0.0
391	15	0.0
391	16	0.0
391	17	0.0
391	18	0.0
392	0	0.0
392	1	0.14547180107279734
392	2	0.28478919828835453
392	3	0.0
392	4	0.0
392	5	0.14547180107279734
392	6	0.0
392	7	0.0
392	8	0.0
392	9	0.0
392	10	0.0
392	11	0.0
392	12	0.28478919828835453
392	13	0.0
392	14	0.0
392	15	0.28478919828835453
392	16	0.0
392	17	0.0
392	18	0.0
393	0	0.0
393	1	0.0
393	2	0.0
393	3	0.0
393	4	0.0
393	5	0.28478919828835453
393	6	0.0
393	7	0.0
393	8	0.28478919828835453
393	9	0.14547180107279734
393	10	0.28478919828835453
393	11	0.0
393	12	0.0
393	13	0.0
393	14	0.14547180107279734
393	15	0.0
393	16	0.0
393	17	0.0
393	18	0.0
393	19	0.0
394	0	0.0
394	1	0.0
394	2	0.28478919828835453
394	3	0.0
394	4	0.0
394	5	0.14547180107279734
394	6	0.0
394	7	0.0
394	8	0.0
394	9	0.0
394	10	0.0
394	11	0.0
394	12	0.14547180107279734
394	13	0.28478919828835453
394	14	0.0
394	15	0.0
394	16	0.0
394	17	0.0
394	18	0.28478919828835453
395	0	0.0
395	1	0.0
395	2	0.0
395	3	0.0
395	4	0.28478919828835453
395	5	0.0
395	6	0.14547180107279734
395	7	0.0
395	8	0.0
395	9	0.0
395	10	0.0
395	11	0.0
395	12	0.0
395	13	0.0
395	14	0.0
395	15	0.0
395	16	0.28478919828835453
395	17	0.14547180107279734
395	18	0.0
395	19	0.0
395	20	0.0
395	21	0.28478919828835453
396	0	0.0
396	1	0.28478919828835453
396	2	0.0
396	3	0.0
396	4	0.0
396	5	0.14547180107279734
396	6	0.0
396	7	0.14547180107279734
396	8	0.0
396	9	0.28478919828835453
396	10	0.0
396	11	0.0
396	12	0.0
396	13	0.0
396	14	0.0
396	15	0.0
396	16	0.0
396	17	0.0
396	18	0.28478919828835453
397	0	0.0
397	1	0.28478919828835453
397	2	0.0
397	3	0.0
397	4	0.14547180107279734
397	5	0.0
397	6	0.0
397	7	0.0
397	8	0.28478919828835453
397	9	0.0
397	10	0.0
397	11	0.0
397	12	0.0
397	13	0.14547180107279734
397	14	0.0
397	15	0.0
397	16	0.28478919828835453
397	17	0.0
397	18	0.0
398	0	0.0
398	1	0.28478919828835453
398	2	0.0
398	3	0.0
398	4	0.0
398	5	0.0
398	6	0.0
398	7	0.0
398	8	0.0
398	9	0.0
398	10	0.28478919828835453
398	11	0.14547180107279734
398	12	0.0
398	13	0.0
398	14	0.0
398	15	0.14547180107279734
398	16	0.28478919828835453
398	17	0.0
398	18	0.0
399	0	0.0
399	1	0.0
399	2	0.0
399	3	0.28478919828835453
399	4	0.0
399	5	0.0
399	6	0.28478919828835453
399	7	0.14547180107279734
399	8	0.0
399	9	0.0
399	10	0.0
399	11	0.0
399	12	0.28478919828835453
399	13	0.0
399	14	0.0
399	15	0.0
399	16	0.14547180107279734
399	17	0.0
399	18	0.0
400	0	0.0
400	1	0.0
400	2	0.28478919828835453
400	3	0.0
400	4	0.0
400	5	0.14547180107279734
400	6	0.0
400	7	0.0
400	8	0.28478919828835453
400	9	0.14547180107279734
400	10	0.0
400	11	0.0
400	12	0.0
400	13	0.0
400	14	0.28478919828835453
400	15	0.0
400	16	0.0
400	17	0.0
400	18	0.0
400	19	0.0
401	0	0.0
401	1	0.0
401	2	0.0
401	3	0.0
401	4	0.0
401	5	0.14547180107279734
401	6	0.0
401	7	0.14547180107279734
401	8	0.28478919828835453
401	9	0.0
401	10	0.0
401	11	0.28478919828835453
401	12	0.0
401	13	0.0
401	14	0.0
401	15	0.28478919828835453
401	16	0.0
401	17	0.0
401	18	0.0
401	19	0.0
401	20	0.0
401	21	0.0
401	22	0.0
402	0	0.28478919828835453
402	1	0.0
402	2	0.14547180107279734
402	3	0.0
402	4	0.28478919828835453
402	5	0.0
402	6	0.0
402	7	0.14547180107279734
402	8	0.0
402	9	0.0
402	10	0.28478919828835453
402	11	0.0
402	12	0.0
402	13	0.0
402	14	0.0
402	15	0.0
402	16	0.0
402	17	0.0
402	18	0.0
403	0	0.0
403	1	0.0
403	2	0.0
403	3	0.0
403	4	0.0
403	5	0.0
403	6	0.28478919828835453
403	7	0.14547180107279734
403	8	0.0
403	9	0.0
403	10	0.28478919828835453
403	11	0.0
403	12	0.0
403	13	0.28478919828835453
403	14	0.0
403	15	0.0
403	16	0.0
403	17	0.0
403	18	0.14547180107279734
403	19	0.0
403	20	0.0
403	21	0.0
403	22	0.0
404	0	0.0
404	1	0.0
404	2	0.0
404	3	0.0
404	4	0.0
404	5	0.14547180107279734
404	6	0.0
404	7	0.0
404	8	0.0
404	9	0.28478919828835453
404	10	0.0
404	11	0.28478919828835453
404	12	0.28478919828835453
404	13	0.0
404	14	0.0
404	15	0.0
404	16	0.0
404	17	0.14547180107279734
404	18	0.0
405	0	0.0
405	1	0.0
405	2	0.28478919828835453
405	3	0.0
405	4	0.14547180107279734
405	5	0.0
405	6	0.0
405	7	0.0
405	8	0.28478919828835453
405	9	0.0
405	10	0.0
405	11	0.0
405	12	0.0
405	13	0.0
405	14	0.0
405	15	0.0
405	16	0.28478919828835453
405	17	0.0
405	18	0.14547180107279734
406	0	0.0
406	1	0.0
406	2	0.0
406	3	0.0
406	4	0.14547180107279734
406	5	0.0
406	6	0.0
406	7	0.0
406	8	0.0
406	9	0.0
406	10	0.28478919828835453
406	11	0.0
406	12	0.0
406	13	0.14547180107279734
406	14	0.0
406	15	0.0
406	16	0.0
406	17	0.28478919828835453
406	18	0.0
406	19	0.0
406	20	0.0
406	21	0.28478919828835453
406	22	0.0
406	23	0.0
406	24	0.0
406	25	0.0
407	0	0.0
407	1	0.0
407	2	0.0
407	3	0.28478919828835453
407	4	0.0
407	5	0.0
407	6	0.0
407	7	0.0
407	8	0.0
407	9	0.14547180107279734
407	10	0.0
407	11	0.28478919828835453
407	12	0.0
407	13	0.0
407	14	0.0
407	15	0.14547180107279734
407	16	0.0
407	17	0.0
407	18	0.28478919828835453
408	0	0.0
408	1	0.0
408	2	0.0
408	3	0.0
408	4	0.0
408	5	0.0
408	6	0.0
408	7	0.0
408	8	0.0
408	9	0.0
408	10	0.14547180107279734
408	11	0.0
408	12	0.28478919828835453
408	13	0.0
408	14	0.0
408	15	0.0
408	16	0.0
408	17	0.14547180107279734
408	18	0.0
408	19	0.28478919828835453
408	20	0.0
408	21	0.0
408	22	0.0
408	23	0.28478919828835453
408	24	0.0
408	25	0.0
409	0	0.0
409	1	0.0
409	2	0.28478919828835453
409	3	0.14547180107279734
409	4	0.0
409	5	0.0
409	6	0.0
409	7	0.0
409	8	0.0
409	9	0.0
409	10	0.28478919828835453
409	11	0.0
409	12	0.0
409	13	0.0
409	14	0.14547180107279734
409	15	0.0
409	16	0.0
409	17	0.0
409	18	0.28478919828835453
410	0	0.0
410	1	0.0
410	2	0.28478919828835453
410	3	0.0
410	4	0.0
410	5	0.0
410	6	0.0
410	7	0.0
410	8	0.0
410	9	0.0
410	10	0.28478919828835453
410	11	0.0
410	12	0.14547180107279734
410	13	0.14547180107279734
410	14	0.0
410	15	0.0
410	16	0.28478919828835453
410	17	0.0
410	18	0.0
411	0	0.0
411	1	0.0
411	2	0.0
411	3	0.0
411	4	0.0
411	5	0.0
411	6	0.0
411	7	0.0
411	8	0.0
411	9	0.14547180107279734
411	10	0.14547180107279734
411	11	0.0
411	12	0.0
411	13	0.28478919828835453
411	14	0.28478919828835453
411	15	0.28478919828835453
411	16	0.0
411	17	0.0
411	18	0.0
412	0	0.0
412	1	0.28478919828835453
412	2	0.0
412	3	0.14547180107279734
412	4	0.28478919828835453
412	5	0.0
412	6	0.0
412	7	0.0
412	8	0.0
412	9	0.0
412	10	0.0
412	11	0.0
412	12	0.14547180107279734
412	13	0.28478919828835453
412	14	0.0
412	15	0.0
412	16	0.0
412	17	0.0
412	18	0.0
412	19	0.0
412	20	0.0
412	21	0.0
412	22	0.0
413	0	0.0
413	1	0.0
413	2	0.0
413	3	0.0
413	4	0.14547180107279734
413	5	0.28478919828835453
413	6	0.0
413	7	0.0
413	8	0.0
413	9	0.28478919828835453
413	10	0.0
413	11	0.0
413	12	0.28478919828835453
413	13	0.14547180107279734
413	14	0.0
413	15	0.0
413	16	0.0
413	17	0.0
413	18	0.0
413	19	0.0
414	0	0.0
414	1	0.0
414	2	0.0
414	3	0.14547180107279734
414	4	0.28478919828835453
414	5	0.0
414	6	0.0
414	7	0.0
414	8	0.0
414	9	0.0
414	10	0.0
414	11	0.0
414	12	0.28478919828835453
414	13	0.14547180107279734
414	14	0.0
414	15	0.0
414	16	0.0
414	17	0.0
414	18	0.0
414	19	0.0
414	20	0.0
414	21	0.0
414	22	0.28478919828835453
414	23	0.0
415	0	0.0
415	1	0.0
415	2	0.0
415	3	0.0
415	4	0.28478919828835453
415	5	0.28478919828835453
415	6	0.0
415	7	0.14547180107279734
415	8	0.0
415	9	0.0
415	10	0.14547180107279734
415	11	0.0
415	12	0.0
415	13	0.0
415	14	0.0
415	15	0.0
415	16	0.28478919828835453
415	17	0.0
415	18	0.0
415	19	0.0
416	0	0.0
416	1	0.14547180107279734
416	2	0.28478919828835453
416	3	0.0
416	4	0.0
416	5	0.0
416	6	0.0
416	7	0.0
416	8	0.0
416	9	0.0
416	10	0.28478919828835453
416	11	0.0
416	12	0.28478919828835453
416	13	0.0
416	14	0.14547180107279734
416	15	0.0
416	16	0.0
416	17	0.0
416	18	0.0
417	0	0.14547180107279734
417	1	0.0
417	2	0.0
417	3	0.0
417	4	0.0
417	5	0.28478919828835453
417	6	0.0
417	7	0.0
417	8	0.0
417	9	0.0
417	10	0.0
417	11	0.0
417	12	0.0
417	13	0.0
417	14	0.14547180107279734
417	15	0.0
417	16	0.0
417	17	0.0
417	18	0.28478919828835453
417	19	0.0
417	20	0.0
417	21	0.0
417	22	0.28478919828835453
417	23	0.0
418	0	0.0
418	1	0.0
418	2	0.14547180107279734
418	3	0.0
418	4	0.0
418	5	0.0
418	6	0.28478919828835453
418	7	0.0
418	8	0.0
418	9	0.0
418	10	0.0
418	11	0.0
418	12	0.0
418	13	0.14547180107279734
418	14	0.0
418	15	0.0
418	16	0.0
418	17	0.28478919828835453
418	18	0.28478919828835453
418	19	0.0
418	20	0.0
418	21	0.0
418	22	0.0
418	23	0.0
419	0	0.0
419	1	0.14547180107279734
419	2	0.28478919828835453
419	3	0.0
419	4	0.28478919828835453
419	5	0.0
419	6	0.0
419	7	0.0
419	8	0.0
419	9	0.0
419	10	0.0
419	11	0.0
419	12	0.28478919828835453
419	13	0.0
419	14	0.0
419	15	0.14547180107279734
419	16	0.0
419	17	0.0
419	18	0.0
419	19	0.0
419	20	0.0
419	21	0.0
420	0	0.0
420	1	0.0
420	2	0.28478919828835453
420	3	0.0
420	4	0.0
420	5	0.0
420	6	0.0
420	7	0.0
421	0	0.0
421	1	0.0
421	2	0.0
421	3	0.14547180107279734
421	4	0.0
421	5	0.0
421	6	0.0
421	7	0.0
421	8	0.14547180107279734
421	9	0.28478919828835453
421	10	0.0
421	11	0.0
421	12	0.28478919828835453
421	13	0.0
421	14	0.0
421	15	0.0
421	16	0.0
421	17	0.28478919828835453
421	18	0.0
421	19	0.0
421	20	0.0
421	21	0.0
421	22	0.0
421	23	0.0
422	0	0.0
422	1	0.0
422	2	0.28478919828835453
422	3	0.0
422	4	0.0
422	5	0.0
422	6	0.0
422	7	0.0
422	8	0.28478919828835453
422	9	0.0
422	10	0.0
422	11	0.14547180107279734
422	12	0.0
422	13	0.0
422	14	0.0
422	15	0.28478919828835453
422	16	0.14547180107279734
422	17	0.0
422	18	0.0
422	19	0.0
423	0	0.0
423	1	0.0
423	2	0.0
423	3	0.28478919828835453
423	4	0.0
423	5	0.0
423	6	0.0
423	7	0.14547180107279734
423	8	0.0
423	9	0.28478919828835453
423	10	0.0
423	11	0.28478919828835453
423	12	0.0
423	13	0.0
423	14	0.14547180107279734
423	15	0.0
423	16	0.0
423	17	0.0
423	18	0.0
423	19	0.0
424	0	0.0
424	1	0.28478919828835453
424	2	0.0
424	3	0.14547180107279734
424	4	0.0
424	5	0.0
424	6	0.0
424	7	0.14547180107279734
424	8	0.0
424	9	0.0
424	10	0.0
424	11	0.0
424	12	0.28478919828835453
424	13	0.28478919828835453
424	14	0.0
424	15	0.0
424	16	0.0
424	17	0.0
424	18	0.0
425	0	0.0
425	1	0.0
425	2	0.0
425	3	0.14547180107279734
425	4	0.0
425	5	0.14547180107279734
425	6	0.0
425	7	0.0
425	8	0.28478919828835453
425	9	0.0
425	10	0.0
425	11	0.0
425	12	0.28478919828835453
425	13	0.0
425	14	0.0
425	15	0.0
425	16	0.0
425	17	0.28478919828835453
425	18	0.0
425	19	0.0
426	0	0.0
426	1	0.28478919828835453
426	2	0.28478919828835453
426	3	0.14547180107279734
426	4	0.0
426	5	0.0
426	6	0.0
426	7	0.0
426	8	0.0
426	9	0.0
426	10	0.14547180107279734
426	11	0.0
426	12	0.0
426	13	0.0
426	14	0.28478919828835453
426	15	0.0
426	16	0.0
426	17	0.0
426	18	0.0
426	19	0.0
427	0	0.28478919828835453
427	1	0.0
427	2	0.0
427	3	0.0
427	4	0.0
427	5	0.0
427	6	0.0
427	7	0.0
427	8	0.0
427	9	0.14547180107279734
427	10	0.14547180107279734
427	11	0.0
427	12	0.28478919828835453
427	13	0.0
427	14	0.0
427	15	0.0
427	16	0.28478919828835453
427	17	0.0
427	18	0.0
427	19	0.0
428	0	0.0
428	1	0.0
428	2	0.28478919828835453
428	3	0.0
428	4	0.14547180107279734
428	5	0.0
428	6	0.0
428	7	0.0
428	8	0.0
428	9	0.0
428	10	0.28478919828835453
428	11	0.14547180107279734
428	12	0.0
428	13	0.0
428	14	0.0
428	15	0.0
428	16	0.28478919828835453
428	17	0.0
428	18	0.0
428	19	0.0
429	0	0.0
429	1	0.0
429	2	0.0
429	3	0.0
429	4	0.0
429	5	0.0
429	6	0.14547180107279734
429	7	0.0
429	8	0.0
429	9	0.0
429	10	0.28478919828835453
429	11	0.0
429	12	0.28478919828835453
429	13	0.0
429	14	0.0
429	15	0.0
429	16	0.0
429	17	0.28478919828835453
429	18	0.14547180107279734
429	19	0.0
430	0	0.0
430	1	0.0
430	2	0.0
430	3	0.0
430	4	0.0
430	5	0.0
430	6	0.0
430	7	0.14547180107279734
430	8	0.28478919828835453
430	9	0.0
430	10	0.28478919828835453
430	11	0.0
430	12	0.0
430	13	0.4302609993611519
430	14	0.0
430	15	0.0
430	16	0.0
430	17	0.14547180107279734
430	18	0.0
430	19	0.0
431	0	0.0
431	1	0.0
431	2	0.4302609993611519
431	3	0.0
431	4	0.0
431	5	0.14547180107279734
431	6	0.0
431	7	0.0
431	8	0.0
431	9	0.0
431	10	0.0
431	11	0.0
431	12	0.0
431	13	0.0
431	14	0.28478919828835453
431	15	0.0
431	16	0.28478919828835453
431	17	0.0
431	18	0.0
431	19	0.14547180107279734
432	0	0.0
432	1	0.0
432	2	0.0
432	3	0.28478919828835453
432	4	0.14547180107279734
432	5	0.4302609993611519
432	6	0.0
432	7	0.0
432	8	0.14547180107279734
432	9	0.0
432	10	0.28478919828835453
432	11	0.0
432	12	0.0
432	13	0.0
432	14	0.0
432	15	0.0
432	16	0.0
432	17	0.0
432	18	0.0
432	19	0.0
433	0	0.0
433	1	0.0
433	2	0.0
433	3	0.4302609993611519
433	4	0.0
433	5	0.0
433	6	0.0
433	7	0.0
433	8	0.0
433	9	0.0
433	10	0.14547180107279734
433	11	0.0
433	12	0.0
433	13	0.28478919828835453
433	14	0.0
433	15	0.14547180107279734
433	16	0.28478919828835453
433	17	0.0
433	18	0.0
433	19	0.0
433	20	0.0
433	21	0.0
433	22	0.0
433	23	0.0
433	24	0.0
433	25	0.0
434	0	0.0
434	1	0.0
434	2	0.0
434	3	0.0
434	4	0.0
434	5	0.0
434	6	0.4302609993611519
434	7	0.28478919828835453
434	8	0.0
434	9	0.0
434	10	0.0
434	11	0.28478919828835453
434	12	0.14547180107279734
434	13	0.14547180107279734
434	14	0.0
434	15	0.0
434	16	0.0
434	17	0.0
434	18	0.0
434	19	0.0
434	20	0.0
434	21	0.0
434	22	0.0
435	0	0.0
435	1	0.0
435	2	0.0
435	3	0.0
435	4	0.0
435	5	0.14547180107279734
435	6	0.0
435	7	0.0
435	8	0.14547180107279734
435	9	0.0
435	10	0.4302609993611519
435	11	0.28478919828835453
435	12	0.0
435	13	0.0
435	14	0.0
435	15	0.28478919828835453
435	16	0.0
435	17	0.0
435	18	0.0
436	0	0.28478919828835453
436	1	0.0
436	2	0.0
436	3	0.0
436	4	0.0
436	5	0.0
436	6	0.14547180107279734
436	7	0.0
436	8	0.4302609993611519
436	9	0.0
436	10	0.0
436	11	0.0
436	12	0.0
436	13	0.0
436	14	0.14547180107279734
436	15	0.0
436	16	0.0
436	17	0.28478919828835453
436	18	0.0
436	19	0.0
437	0	0.0
437	1	0.0
437	2	0.0
437	3	0.0
437	4	0.0
437	5	0.0
437	6	0.0
437	7	0.0
437	8	0.0
437	9	0.0
437	10	0.0
437	11	0.4302609993611519
437	12	0.14547180107279734
437	13	0.14547180107279734
437	14	0.0
437	15	0.28478919828835453
437	16	0.0
437	17	0.28478919828835453
437	18	0.0
438	0	0.0
438	1	0.0
438	2	0.0
438	3	0.0
438	4	0.0
438	5	0.0
438	6	0.4302609993611519
438	7	0.0
438	8	0.0
438	9	0.0
438	10	0.0
438	11	0.0
438	12	0.14547180107279734
439	0	0.28478919828835453
439	1	0.0
439	2	0.0
439	3	0.14547180107279734
439	4	0.0
439	5	0.4302609993611519
439	6	0.0
439	7	0.0
439	8	0.0
439	9	0.0
439	10	0.0
439	11	0.0
439	12	0.0
439	13	0.28478919828835453
439	14	0.0
439	15	0.0
439	16	0.14547180107279734
439	17	0.0
439	18	0.0
439	19	0.0
440	0	0.0
440	1	0.0
440	2	0.0
440	3	0.4302609993611519
440	4	0.0
440	5	0.0
440	6	0.0
440	7	0.0
440	8	0.28478919828835453
440	9	0.0
440	10	0.0
440	11	0.14547180107279734
440	12	0.0
440	13	0.14547180107279734
440	14	0.0
440	15	0.0
440	16	0.28478919828835453
440	17	0.0
440	18	0.0
440	19	0.0
440	20	0.0
441	0	0.0
441	1	0.0
441	2	0.4302609993611519
441	3	0.0
441	4	0.0
441	5	0.0
441	6	0.0
441	7	0.28478919828835453
441	8	0.14547180107279734
441	9	0.0
441	10	0.28478919828835453
441	11	0.0
441	12	0.0
441	13	0.0
441	14	0.0
441	15	0.0
441	16	0.0
441	17	0.14547180107279734
441	18	0.0
441	19	0.0
441	20	0.0
441	21	0.0
442	0	0.0
442	1	0.4302609993611519
442	2	0.14547180107279734
442	3	0.0
442	4	0.0
442	5	0.14547180107279734
442	6	0.0
442	7	0.28478919828835453
442	8	0.0
442	9	0.0
442	10	0.28478919828835453
442	11	0.0
442	12	0.0
442	13	0.0
442	14	0.0
442	15	0.0
442	16	0.0
442	17	0.0
442	18	0.0
443	0	0.0
443	1	0.0
443	2	0.0
443	3	0.14547180107279734
443	4	0.0
443	5	0.0
443	6	0.0
443	7	0.0
443	8	0.0
443	9	0.0
443	10	0.0
443	11	0.0
443	12	0.4302609993611519
443	13	0.0
443	14	0.14547180107279734
443	15	0.0
443	16	0.28478919828835453
443	17	0.0
443	18	0.0
443	19	0.28478919828835453
443	20	0.0
443	21	0.0
443	22	0.0
443	23	0.0
444	0	0.0
444	1	0.0
444	2	0.0
444	3	0.0
444	4	0.0
444	5	0.14547180107279734
444	6	0.14547180107279734
444	7	0.0
444	8	0.28478919828835453
444	9	0.0
444	10	0.0
444	11	0.0
444	12	0.0
444	13	0.28478919828835453
444	14	0.4302609993611519
444	15	0.0
444	16	0.0
444	17	0.0
444	18	0.0
444	19	0.0
445	0	1.5593434012466232
445	1	0.14547180107279734
445	2	0.4302609993611519
445	3	0.0
445	4	0.0
445	5	0.14547180107279734
445	6	0.0
445	7	0.0
445	8	0.0
445	9	0.0
445	10	0.0
445	11	1.5593434012466232
445	12	0.0
445	13	0.28478919828835453
445	14	0.0
445	15	1.5593434012466232
445	16	0.28478919828835453
445	17	0.0
445	18	0.0
445	19	0.0
445	20	0.0
445	21	1.5593434012466232
445	22	1.5593434012466232
446	0	1.5593434012466232
446	1	0.3172024210987124
446	2	0.3172024210987124
446	3	0.0
446	4	0.14547180107279734
446	5	0.0
446	6	0.0
446	7	0.0
446	8	0.14547180107279734
446	9	0.0
446	10	0.0
446	11	0.0
446	12	0.28478919828835453
446	13	0.28478919828835453
446	14	0.0
446	15	0.0
446	16	0.3172024210987124
446	17	0.4302609993611519
446	18	0.0
446	19	0.0
447	0	0.06806806507179398
447	1	0.0
447	2	0.4302609993611519
447	3	0.14547180107279734
447	4	0.0
447	5	0.28478919828835453
447	6	0.06806806507179398
447	7	0.0
447	8	0.3172024210987124
447	9	0.0
447	10	0.14547180107279734
447	11	0.06806806507179398
447	12	0.0
447	13	0.0
447	14	0.0
447	15	0.0
447	16	0.28478919828835453
447	17	0.0
447	18	0.0
447	19	0.0
448	0	0.0
448	1	0.0
448	2	0.0
448	3	0.0040478618228857585
448	4	0.0
448	5	0.0
448	6	0.0
448	7	0.0040478618228857585
448	8	0.4302609993611519
448	9	0.06806806507179398
448	10	0.14547180107279734
448	11	0.0
448	12	0.28478919828835453
448	13	0.0
448	14	0.0
448	15	0.28478919828835453
448	16	0.14547180107279734
448	17	0.0
448	18	0.0
448	19	0.0
449	0	0.0040478618228857585
449	1	0.28478919828835453
449	2	0.28478919828835453
449	3	0.4302609993611519
449	4	0.0
449	5	0.0
449	6	0.0
449	7	0.0
449	8	0.0
449	9	0.0
449	10	0.0
449	11	0.0
449	12	0.14547180107279734
449	13	0.0040478618228857585
449	14	0.0
449	15	0.0
449	16	0.0
449	17	0.14547180107279734
449	18	0.0
449	19	0.0
450	0	0.28478919828835453
450	1	0.14547180107279734
450	2	0.0
450	3	0.28478919828835453
450	4	0.0
450	5	0.0
450	6	0.0
450	7	0.0
450	8	0.14547180107279734
450	9	0.0
450	10	0.0
450	11	0.0
450	12	0.0
450	13	0.0
450	14	0.0
450	15	0.0
450	16	0.0
450	17	0.4302609993611519
450	18	0.0
450	19	0.0
451	0	0.0
451	1	0.0
451	2	0.0
451	3	0.0
451	4	0.0
451	5	0.0
451	6	0.0
451	7	0.0
451	8	0.0
451	9	0.0
451	10	0.4302609993611519
451	11	0.0
451	12	0.28478919828835453
451	13	0.14547180107279734
451	14	0.14547180107279734
451	15	0.0
451	16	0.0
451	17	0.0
451	18	0.28478919828835453
451	19	0.0
452	0	0.0
452	1	0.0
452	2	0.0
452	3	0.0
452	4	0.0
452	5	0.14547180107279734
452	6	0.0
452	7	0.0
452	8	0.0
452	9	0.4302609993611519
452	10	0.28478919828835453
452	11	0.0
452	12	0.0
452	13	0.0
452	14	0.0
452	15	0.14547180107279734
452	16	0.0
452	17	0.28478919828835453
452	18	0.0
452	19	0.0
453	0	0.0
453	1	0.0
453	2	0.14547180107279734
453	3	0.0
453	4	0.0
453	5	0.0
453	6	0.28478919828835453
453	7	0.0
453	8	0.14547180107279734
453	9	0.0
453	10	0.0
453	11	0.0
453	12	0.4302609993611519
453	13	0.0
453	14	0.0
453	15	0.0
453	16	0.0
453	17	0.0
453	18	0.28478919828835453
453	19	0.0
454	0	0.0
454	1	0.28478919828835453
454	2	0.14547180107279734
454	3	0.0
454	4	0.0
454	5	0.0
454	6	0.0
454	7	0.0
454	8	0.0
454	9	0.0
454	10	0.14547180107279734
454	11	0.0
454	12	0.0
454	13	0.4302609993611519
454	14	0.0
454	15	0.0
454	16	0.28478919828835453
454	17	0.0
454	18	0.0
454	19	0.0
455	0	0.0
455	1	0.14547180107279734
455	2	0.4302609993611519
455	3	0.0
455	4	0.0
455	5	0.0
455	6	0.0
455	7	0.0
455	8	0.0
455	9	0.0
455	10	0.28478919828835453
455	11	0.0
455	12	0.28478919828835453
455	13	0.14547180107279734
455	14	0.0
455	15	0.0
455	16	0.0
455	17	0.0
455	18	0.0
455	19	0.0
456	0	0.0
456	1	0.14547180107279734
456	2	0.0
456	3	0.4302609993611519
456	4	0.0
456	5	0.0
456	6	0.0
456	7	0.14547180107279734
456	8	0.0
456	9	0.0
456	10	0.0
456	11	0.0
456	12	0.28478919828835453
456	13	0.28478919828835453
456	14	0.0
456	15	0.0
456	16	0.0
456	17	0.0
456	18	0.0
456	19	0.0
456	20	0.0
456	21	0.3172024210987124
456	22	0.3172024210987124
457	0	0.14547180107279734
457	1	0.28478919828835453
457	2	0.0
457	3	0.0
457	4	0.0
457	5	0.28478919828835453
457	6	0.14547180107279734
457	7	0.0
457	8	0.0
457	9	0.0
457	10	0.4302609993611519
457	11	0.0
457	12	0.0
457	13	0.0
457	14	0.0
457	15	0.0
457	16	0.0
457	17	0.0
457	18	0.0
457	19	0.0
458	0	0.0
458	1	0.28478919828835453
458	2	0.14547180107279734
458	3	0.0
458	4	0.0
458	5	0.0
458	6	0.0
458	7	0.0
458	8	0.0
458	9	0.28478919828835453
458	10	0.0
458	11	0.14547180107279734
458	12	0.4302609993611519
458	13	0.0
458	14	0.0
458	15	0.0
458	16	0.0
458	17	0.0
458	18	0.0
458	19	0.0
459	0	0.0
459	1	0.0
459	2	0.14547180107279734
459	3	0.0
459	4	0.0
459	5	0.14547180107279734
459	6	0.0
459	7	0.0
459	8	0.0
459	9	0.4302609993611519
459	10	0.0
459	11	0.0
459	12	0.0
459	13	0.0
459	14	0.0
459	15	0.28478919828835453
459	16	0.0
459	17	0.0
459	18	0.28478919828835453
459	19	0.0
459	20	0.0
459	21	0.06806806507179398
459	22	0.06806806507179398
460	0	0.0
460	1	0.4302609993611519
460	2	0.0
460	3	0.0
460	4	0.0
460	5	0.0
460	6	0.28478919828835453
460	7	0.0
460	8	0.0
460	9	0.0
460	10	0.0
460	11	0.0
460	12	0.0
460	13	0.0
460	14	0.0
460	15	0.14547180107279734
460	16	0.28478919828835453
460	17	0.0
460	18	0.14547180107279734
460	19	0.0
461	0	0.0
461	1	0.0
461	2	0.4302609993611519
461	3	0.14547180107279734
461	4	0.0
461	5	0.0
461	6	0.14547180107279734
461	7	0.0
461	8	0.0
461	9	0.0
461	10	0.0
461	11	0.0
461	12	0.0
461	13	0.0
461	14	0.0
461	15	0.0
461	16	0.28478919828835453
461	17	0.0
461	18	0.0
461	19	0.28478919828835453
461	20	0.0
461	21	0.0040478618228857585
461	22	0.0
461	23	0.0
461	24	0.0040478618228857585
462	0	0.0
462	1	0.0
462	2	0.14547180107279734
462	3	0.28478919828835453
462	4	0.14547180107279734
462	5	0.0
462	6	0.0
462	7	0.0
462	8	0.0
462	9	0.4302609993611519
462	10	0.0
462	11	0.0
462	12	0.0
462	13	0.0
462	14	0.28478919828835453
462	15	0.0
462	16	0.0
462	17	0.0
462	18	0.0
462	19	0.0
462	20	0.0
462	21	0.0
462	22	0.0
462	23	0.0
463	0	0.0
463	1	0.0
463	2	0.0
463	3	0.0
463	4	0.0
463	5	0.0
463	6	0.0
463	7	0.28478919828835453
463	8	0.28478919828835453
463	9	0.4302609993611519
463	10	0.14547180107279734
463	11	0.0
463	12	0.0
463	13	0.0
463	14	0.14547180107279734
463	15	0.0
463	16	0.0
463	17	0.0
463	18	0.0
463	19	0.0
463	20	0.0
463	21	0.0
463	22	0.0
463	23	0.0
463	24	0.0
464	0	0.0
464	1	0.0
464	2	0.0
464	3	0.14547180107279734
464	4	0.0
464	5	0.0
464	6	0.0
464	7	0.0
464	8	0.0
464	9	0.0
464	10	0.0
464	11	0.14547180107279734
464	12	0.0
464	13	0.28478919828835453
464	14	0.0
464	15	0.0
464	16	0.4302609993611519
464	17	0.0
464	18	0.0
464	19	0.0
464	20	0.0
464	21	0.28478919828835453
464	22	0.0
464	23	0.0
465	0	0.4302609993611519
465	1	0.0
465	2	0.0
465	3	0.0
465	4	0.0
465	5	0.0
466	0	0.0
466	1	0.0
466	2	0.0
466	3	0.4302609993611519
466	4	0.14547180107279734
466	5	0.0
466	6	0.0
466	7	0.14547180107279734
466	8	0.0
466	9	0.0
466	10	0.0
466	11	0.0
466	12	0.0
466	13	0.0
466	14	0.0
466	15	0.28478919828835453
466	16	0.0
466	17	0.0
466	18	0.0
466	19	0.28478919828835453
467	0	0.0
467	1	0.0
467	2	0.14547180107279734
467	3	0.0
467	4	0.0
467	5	0.28478919828835453
467	6	0.0
467	7	0.28478919828835453
467	8	0.0
467	9	0.0
467	10	0.14547180107279734
467	11	0.0
467	12	0.0
467	13	0.0
467	14	0.4302609993611519
467	15	0.0
467	16	0.0
467	17	0.0
467	18	0.0
467	19	0.0
468	0	0.0
468	1	0.0
468	2	0.0
468	3	0.0
468	4	0.0
468	5	0.14547180107279734
468	6	0.0
468	7	0.4302609993611519
468	8	0.0
468	9	0.0
468	10	0.0
468	11	0.28478919828835453
468	12	0.14547180107279734
468	13	0.28478919828835453
468	14	0.0
468	15	0.0
468	16	0.0
468	17	0.0
468	18	0.0
468	19	0.0
469	0	0.0
469	1	0.0
469	2	0.4302609993611519
469	3	0.0
469	4	0.0
469	5	0.0
469	6	0.0
469	7	0.0
469	8	0.0
469	9	0.0
469	10	0.0
469	11	0.0
469	12	0.14547180107279734
469	13	0.0
469	14	0.0
469	15	0.14547180107279734
469	16	0.0
469	17	0.0
469	18	0.28478919828835453
469	19	0.28478919828835453
469	20	0.0
469	21	0.0
470	0	0.0
470	1	0.0
470	2	0.4302609993611519
470	3	0.0
470	4	0.0
470	5	0.0
470	6	0.0
470	7	0.0
470	8	0.14547180107279734
470	9	0.28478919828835453
470	10	0.14547180107279734
470	11	0.0
470	12	0.0
470	13	0.0
470	14	0.0
470	15	0.0
470	16	0.28478919828835453
470	17	0.0
470	18	0.0
470	19	0.0
470	20	0.0
470	21	0.0
471	0	0.0
471	1	0.0
471	2	0.4302609993611519
471	3	0.0
471	4	0.14547180107279734
471	5	0.0
471	6	0.28478919828835453
471	7	0.0
471	8	0.0
471	9	0.0
471	10	0.0
471	11	0.0
471	12	0.0
471	13	0.0
471	14	0.0
471	15	0.0
471	16	0.0
471	17	0.28478919828835453
471	18	0.0
471	19	0.14547180107279734
471	20	0.0
471	21	0.0
471	22	0.0
471	23	0.0
471	24	0.0
472	0	0.0
472	1	0.0
472	2	0.0
472	3	0.14547180107279734
472	4	0.0
472	5	0.0
472	6	0.0
472	7	0.0
472	8	0.0
472	9	0.28478919828835453
472	10	0.0
472	11	0.0
472	12	0.4302609993611519
472	13	0.0
472	14	0.0
472	15	0.14547180107279734
472	16	0.0
472	17	0.0
472	18	0.0
472	19	0.28478919828835453
472	20	0.0
472	21	0.0
472	22	0.0
472	23	0.0
472	24	0.0
473	0	0.14547180107279734
473	1	0.0
473	2	0.0
473	3	0.14547180107279734
473	4	0.0
473	5	0.0
473	6	0.14547180107279734
473	7	0.0
473	8	0.0
473	9	0.28478919828835453
473	10	0.28478919828835453
473	11	0.4302609993611519
473	12	0.0
473	13	0.0
473	14	0.0
473	15	0.0
473	16	0.0
473	17	0.0
473	18	0.0
473	19	0.0
473	20	0.0
473	21	0.0
473	22	0.0
473	23	0.0
474	0	0.0
474	1	0.0
474	2	0.14547180107279734
474	3	0.0
474	4	0.14547180107279734
474	5	0.0
474	6	0.0
474	7	0.0
474	8	0.4302609993611519
474	9	0.0
474	10	0.14547180107279734
474	11	0.28478919828835453
474	12	0.0
474	13	0.0
474	14	0.0
474	15	0.0
474	16	0.28478919828835453
474	17	0.0
474	18	0.0
474	19	0.0
474	20	0.0
474	21	0.0
474	22	0.0
474	23	0.0
475	0	0.0
475	1	0.0
475	2	0.0
475	3	0.4302609993611519
475	4	0.0
475	5	0.14547180107279734
475	6	0.14547180107279734
475	7	0.28478919828835453
475	8	0.0
475	9	0.0
475	10	0.28478919828835453
475	11	0.0
475	12	0.0
475	13	0.0
475	14	0.0
475	15	0.0
475	16	0.0
475	17	0.0
475	18	0.14547180107279734
475	19	0.0
475	20	0.0
475	21	0.0
475	22	0.0
475	23	0.0
475	24	0.0
475	25	0.0
476	0	0.0
476	1	0.0
476	2	0.0
476	3	0.4302609993611519
476	4	0.0
476	5	0.14547180107279734
476	6	0.0
476	7	0.14547180107279734
476	8	0.0
476	9	0.0
476	10	0.0
476	11	0.14547180107279734
476	12	0.28478919828835453
476	13	0.0
476	14	0.0
476	15	0.0
476	16	0.28478919828835453
476	17	0.0
476	18	0.0
476	19	0.0
477	0	0.0
477	1	0.0
477	2	0.14547180107279734
477	3	0.0
477	4	0.0
477	5	0.0
477	6	0.0
477	7	0.0
477	8	0.4302609993611519
477	9	0.0
477	10	0.14547180107279734
477	11	0.0
477	12	0.0
477	13	0.0
477	14	0.0
477	15	0.0
477	16	0.28478919828835453
477	17	0.14547180107279734
477	18	0.0
478	0	0.0
478	1	0.0
478	2	0.0
478	3	0.14547180107279734
478	4	0.0
478	5	0.0
478	6	0.14547180107279734
478	7	0.14547180107279734
478	8	0.0
479	0	0.0
479	1	0.0
479	2	0.0
479	3	0.0
479	4	0.14547180107279734
479	5	0.0
479	6	0.0
479	7	0.14547180107279734
479	8	0.14547180107279734
479	9	0.4302609993611519
479	10	0.28478919828835453
479	11	0.0
479	12	0.0
479	13	0.0
479	14	0.0
479	15	0.0
479	16	0.0
479	17	0.0
479	18	0.0
480	0	0.0
480	1	0.4302609993611519
480	2	0.0
480	3	0.14547180107279734
480	4	0.0
480	5	0.0
480	6	0.14547180107279734
480	7	0.14547180107279734
480	8	0.0
480	9	0.0
480	10	0.0
480	11	0.28478919828835453
480	12	0.0
480	13	0.0
480	14	0.0
480	15	0.0
480	16	0.0
480	17	0.28478919828835453
480	18	0.0
480	19	0.0
481	0	0.0
481	1	0.0
481	2	0.0
481	3	0.14547180107279734
481	4	0.14547180107279734
481	5	0.0
481	6	0.0
481	7	0.0
481	8	0.0
481	9	0.0
481	10	0.0
481	11	0.28478919828835453
481	12	0.0
481	13	0.28478919828835453
481	14	0.0
481	15	0.0
481	16	0.0
481	17	0.0
481	18	0.14547180107279734
481	19	0.4302609993611519
482	0	0.4302609993611519
482	1	0.0
482	2	0.0
482	3	0.14547180107279734
482	4	0.0
482	5	0.14547180107279734
482	6	0.0
482	7	0.0
482	8	0.0
482	9	0.0
482	10	0.28478919828835453
482	11	0.0
482	12	0.0
482	13	0.14547180107279734
482	14	0.0
482	15	0.0
482	16	0.0
482	17	0.0
482	18	0.28478919828835453
482	19	0.0
483	0	0.0
483	1	0.28478919828835453
483	2	0.0
483	3	0.14547180107279734
483	4	0.0
483	5	0.0
483	6	0.28478919828835453
483	7	0.0
483	8	0.0
483	9	0.14547180107279734
483	10	0.0
483	11	0.14547180107279734
483	12	0.0
483	13	0.4302609993611519
483	14	0.0
483	15	0.0
483	16	0.0
483	17	0.0
483	18	0.0
484	0	0.4302609993611519
484	1	0.0
484	2	0.0
484	3	0.0
484	4	0.0
484	5	0.0
485	0	0.0
485	1	0.14547180107279734
485	2	0.0
485	3	0.0
485	4	0.0
485	5	0.0
485	6	0.4302609993611519
485	7	0.14547180107279734
485	8	0.0
485	9	0.0
485	10	0.0
485	11	0.0
485	12	0.0
485	13	0.0
485	14	0.14547180107279734
485	15	0.0
485	16	0.0
485	17	0.0
485	18	0.0
485	19	0.0
485	20	0.28478919828835453
485	21	0.28478919828835453
485	22	0.0
485	23	0.0
485	24	0.0
486	0	0.0
486	1	0.0
486	2	0.0
486	3	0.14547180107279734
486	4	0.14547180107279734
486	5	0.0
486	6	0.0
486	7	0.0
486	8	0.14547180107279734
487	0	0.4302609993611519
487	1	0.0
487	2	0.0
487	3	0.14547180107279734
487	4	0.0
487	5	0.0
487	6	0.28478919828835453
487	7	0.0
487	8	0.14547180107279734
487	9	0.0
487	10	0.0
487	11	0.14547180107279734
487	12	0.0
487	13	0.28478919828835453
487	14	0.0
487	15	0.0
487	16	0.0
487	17	0.0
487	18	0.0
488	0	0.0
488	1	0.28478919828835453
488	2	0.0
488	3	0.0
488	4	0.0
488	5	0.0
488	6	0.14547180107279734
488	7	0.0
488	8	0.0
488	9	0.14547180107279734
488	10	0.14547180107279734
488	11	0.0
488	12	0.0
488	13	0.0
488	14	0.4302609993611519
488	15	0.0
488	16	0.0
488	17	0.28478919828835453
488	18	0.0
489	0	0.0
489	1	0.0
489	2	0.0
489	3	0.0
489	4	0.28478919828835453
489	5	0.14547180107279734
489	6	0.14547180107279734
489	7	0.0
489	8	0.0
489	9	0.14547180107279734
489	10	0.0
489	11	0.4302609993611519
489	12	0.0
489	13	0.0
489	14	0.0
489	15	0.0
489	16	0.28478919828835453
489	17	0.0
489	18	0.0
489	19	0.0
490	0	0.23965066954042558
490	1	0.28478919828835453
490	2	0.14547180107279734
490	3	0.0
490	4	0.4302609993611519
490	5	0.0
490	6	0.0
490	7	0.0
490	8	0.28478919828835453
490	9	0.14547180107279734
490	10	0.14547180107279734
490	11	0.0
490	12	0.0
490	13	0.0
490	14	0.0
490	15	0.0
490	16	0.0
490	17	0.0
490	18	0.0
490	19	0.0
491	0	0.0
491	1	0.14547180107279734
491	2	0.14547180107279734
491	3	0.28478919828835453
491	4	0.0
491	5	0.0
491	6	0.28478919828835453
491	7	0.0
491	8	0.0
491	9	0.0
491	10	0.14547180107279734
491	11	0.0
491	12	0.0
491	13	0.0
491	14	0.0
491	15	0.23965066954042558
491	16	0.0
491	17	0.0
491	18	0.4302609993611519
491	19	0.0
491	20	0.0
492	0	0.0
492	1	0.0
492	2	0.4302609993611519
492	3	0.0
492	4	0.0
492	5	0.0
492	6	0.14547180107279734
492	7	0.0
492	8	0.14547180107279734
492	9	0.0
492	10	0.0
492	11	0.0
492	12	0.0
492	13	0.0
492	14	0.0
492	15	0.0
492	16	0.14547180107279734
492	17	0.0
492	18	0.28478919828835453
492	19	0.28478919828835453
492	20	0.23965066954042558
493	0	0.0
493	1	0.4302609993611519
493	2	1.5593434012466232
493	3	0.0
493	4	0.0
493	5	0.14547180107279734
493	6	0.28478919828835453
493	7	0.0
493	8	0.0
493	9	0.28478919828835453
493	10	0.14547180107279734
493	11	0.0
493	12	0.0
493	13	0.0
493	14	0.23965066954042558
493	15	0.0
493	16	0.14547180107279734
493	17	0.0
493	18	0.0
493	19	0.0
493	20	0.0
494	0	0.0
494	1	0.3172024210987124
494	2	0.4302609993611519
494	3	0.0
494	4	0.0
494	5	0.28478919828835453
494	6	0.0
494	7	0.28478919828835453
494	8	0.0
494	9	0.0
494	10	0.14547180107279734
494	11	0.0
494	12	0.0
494	13	0.23965066954042558
494	14	0.0
494	15	0.14547180107279734
494	16	0.14547180107279734
494	17	0.0
494	18	0.0
494	19	0.0
494	20	0.0
495	0	0.06806806507179398
495	1	0.0
495	2	0.0
495	3	0.14547180107279734
495	4	0.4302609993611519
495	5	0.0
495	6	0.0
495	7	0.23965066954042558
495	8	0.28478919828835453
495	9	0.0
495	10	0.14547180107279734
495	11	0.0
495	12	0.0
495	13	0.0
495	14	0.0
495	15	0.0
495	16	0.0
495	17	0.14547180107279734
495	18	0.0
495	19	0.0
495	20	0.28478919828835453
495	21	0.0
495	22	0.0
495	23	0.0
495	24	0.0
495	25	0.0
495	26	0.0
496	0	0.0
496	1	0.4302609993611519
496	2	0.0
496	3	0.0
496	4	0.0
496	5	0.14547180107279734
496	6	0.23965066954042558
496	7	0.0
496	8	0.0
496	9	0.28478919828835453
496	10	0.28478919828835453
496	11	0.14547180107279734
496	12	0.0
496	13	0.0
496	14	0.0
496	15	0.0
496	16	0.14547180107279734
496	17	0.0
496	18	0.0
496	19	0.0
496	20	0.0
497	0	0.0
497	1	0.4302609993611519
497	2	0.0
497	3	0.0
497	4	0.0
497	5	0.0
497	6	0.23965066954042558
497	7	0.28478919828835453
497	8	0.0
497	9	0.0
497	10	0.0
497	11	0.28478919828835453
497	12	0.14547180107279734
497	13	0.14547180107279734
497	14	0.0
497	15	0.0
497	16	0.0
497	17	0.14547180107279734
497	18	0.0
497	19	0.0
497	20	0.0
497	21	0.0040478618228857585
498	0	0.0
498	1	0.0
498	2	0.0
498	3	0.4302609993611519
498	4	0.14547180107279734
498	5	0.0
498	6	0.0
498	7	0.0
498	8	0.0
498	9	0.0
498	10	0.28478919828835453
498	11	0.0
498	12	0.23965066954042558
498	13	0.0
498	14	0.0
498	15	0.14547180107279734
498	16	0.28478919828835453
498	17	0.0
498	18	0.14547180107279734
498	19	0.0
498	20	0.0
498	21	0.0
499	0	0.0
499	1	0.0
499	2	0.4302609993611519
499	3	0.0
499	4	0.0
499	5	0.0
499	6	0.28478919828835453
499	7	0.0
499	8	0.0
499	9	0.0
499	10	0.14547180107279734
499	11	0.0
499	12	0.0
499	13	0.0
499	14	0.0
499	15	0.28478919828835453
499	16	0.0
499	17	0.14547180107279734
499	18	0.23965066954042558
499	19	0.0
499	20	0.28478919828835453
499	21	0.14547180107279734
499	22	0.0
499	23	0.0
499	24	0.0
499	25	0.0
499	26	0.0
500	0	0.0
500	1	0.0
500	2	0.28478919828835453
500	3	0.4302609993611519
500	4	0.0
500	5	0.0
500	6	0.0
500	7	0.0
500	8	0.0
500	9	0.14547180107279734
500	10	0.0
500	11	0.0
500	12	0.0
500	13	0.0
500	14	0.28478919828835453
500	15	0.0
500	16	0.0
500	17	0.23965066954042558
500	18	0.14547180107279734
500	19	0.14547180107279734
500	20	0.0
500	21	0.28478919828835453
500	22	0.0
501	0	0.0
501	1	0.0
501	2	0.0
501	3	0.0
501	4	0.0
501	5	0.28478919828835453
502	0	0.0
502	1	0.0
502	2	0.0
502	3	0.0
502	4	0.28478919828835453
502	5	0.4302609993611519
502	6	0.0
502	7	0.14547180107279734
502	8	0.14547180107279734
502	9	0.0
502	10	0.0
502	11	0.0
502	12	0.0
502	13	0.14547180107279734
502	14	0.0
502	15	0.28478919828835453
502	16	0.28478919828835453
502	17	0.0
502	18	0.0
502	19	0.0
502	20	0.0
502	21	0.23965066954042558
502	22	0.0
503	0	0.0
503	1	0.0
503	2	0.28478919828835453
503	3	0.0
503	4	0.0
503	5	0.14547180107279734
503	6	0.0
503	7	0.7474634204598641
503	8	0.0
503	9	0.0
503	10	0.0
503	11	0.14547180107279734
503	12	0.0
503	13	0.28478919828835453
503	14	0.0
503	15	0.28478919828835453
503	16	0.0
503	17	0.14547180107279734
503	18	0.23965066954042558
503	19	0.0
503	20	0.0
503	21	0.0
503	22	0.0
503	23	0.0
504	0	0.0
504	1	0.0
504	2	0.28478919828835453
504	3	0.0
504	4	0.14547180107279734
504	5	0.0
504	6	0.0
504	7	0.0
504	8	0.14547180107279734
504	9	0.28478919828835453
504	10	0.28478919828835453
504	11	0.0
504	12	0.0
504	13	0.14547180107279734
504	14	0.0
504	15	0.0
504	16	0.43430886118403766
504	17	0.0
504	18	0.0
504	19	0.23965066954042558
504	20	0.0
504	21	0.0
504	22	0.0
504	23	0.0
504	24	0.0
504	25	0.0
505	0	0.0
505	1	0.0
505	2	0.0
505	3	0.4302609993611519
505	4	0.0
505	5	0.0
505	6	0.0
505	7	0.0
505	8	0.28478919828835453
505	9	0.14547180107279734
505	10	0.28478919828835453
505	11	0.0
505	12	0.0
505	13	0.14547180107279734
505	14	0.28478919828835453
505	15	0.14547180107279734
505	16	0.0
505	17	0.23965066954042558
505	18	0.0
505	19	0.0
505	20	0.0
505	21	0.0
505	22	0.0
506	0	0.0
506	1	0.0
506	2	0.0
506	3	0.14547180107279734
506	4	0.0
506	5	0.14547180107279734
506	6	0.0
506	7	0.0
506	8	0.0
506	9	0.0
506	10	0.0
506	11	0.0
506	12	0.14547180107279734
506	13	0.23965066954042558
506	14	0.0
506	15	0.4302609993611519
506	16	0.28478919828835453
506	17	0.28478919828835453
506	18	0.0
506	19	0.28478919828835453
506	20	0.0
506	21	0.0
507	0	0.0
507	1	0.0
507	2	0.0
507	3	0.14547180107279734
507	4	0.28478919828835453
507	5	0.0
507	6	0.4302609993611519
507	7	0.0
507	8	0.23965066954042558
507	9	0.0
507	10	0.0
507	11	0.14547180107279734
507	12	0.28478919828835453
507	13	0.14547180107279734
507	14	0.28478919828835453
507	15	0.0
507	16	0.0
507	17	0.0
507	18	0.0
507	19	0.0
507	20	0.0
507	21	0.0
507	22	0.0
508	0	0.0
508	1	0.0
508	2	0.0
508	3	0.28478919828835453
508	4	0.0
508	5	0.0
508	6	0.0
508	7	0.0
508	8	0.0
508	9	0.28478919828835453
508	10	0.0
508	11	0.0
508	12	0.23965066954042558
508	13	0.0
508	14	0.28478919828835453
508	15	0.14547180107279734
508	16	0.4302609993611519
508	17	0.0
508	18	0.14547180107279734
508	19	0.14547180107279734
508	20	0.0
508	21	0.0
508	22	0.0
508	23	0.0
508	24	0.0
509	0	0.28478919828835453
509	1	0.0
509	2	0.0
509	3	0.0
509	4	0.0
509	5	0.0
509	6	0.28478919828835453
509	7	0.28478919828835453
509	8	0.4302609993611519
509	9	0.0
509	10	0.23965066954042558
509	11	0.0
509	12	0.0
509	13	0.14547180107279734
509	14	0.0
509	15	0.14547180107279734
509	16	0.0
509	17	0.0
509	18	0.0
509	19	0.14547180107279734
509	20	0.0
509	21	0.0
509	22	0.0
509	23	0.0
509	24	0.0
510	0	0.0
510	1	0.28478919828835453
510	2	0.0
510	3	0.0
510	4	0.0
510	5	0.0
510	6	0.0
510	7	0.0
511	0	0.0
511	1	0.10536230347871105
511	2	0.0
511	3	0.0
511	4	0.14547180107279734
511	5	0.0
511	6	0.28478919828835453
511	7	0.0
511	8	0.0
511	9	0.0
511	10	0.0
511	11	0.0
511	12	0.0
512	0	0.0
512	1	0.0
512	2	0.0
512	3	0.28478919828835453
512	4	0.0
512	5	0.0
513	0	0.0
513	1	0.28478919828835453
513	2	0.0
513	3	0.14547180107279734
513	4	0.0
513	5	0.0
513	6	0.0
513	7	0.0
513	8	0.28478919828835453
513	9	0.4302609993611519
513	10	0.0
513	11	0.14547180107279734
513	12	0.0
513	13	0.14547180107279734
513	14	0.28478919828835453
513	15	0.0
513	16	0.23965066954042558
513	17	0.0
514	0	0.0
514	1	0.0
514	2	0.28478919828835453
514	3	0.0
514	4	0.0
514	5	0.0
514	6	0.0
514	7	0.0
514	8	0.28478919828835453
514	9	0.14547180107279734
514	10	0.14547180107279734
514	11	0.0
514	12	0.0
514	13	0.23965066954042558
514	14	0.0
514	15	0.28478919828835453
514	16	0.0
514	17	0.14547180107279734
514	18	0.0
514	19	0.4302609993611519
514	20	0.0
514	21	0.0
514	22	0.0
514	23	0.0
514	24	0.0
514	25	0.0
515	0	0.0
515	1	0.14547180107279734
515	2	0.0
515	3	0.0
515	4	0.0
515	5	0.23965066954042558
515	6	0.0
515	7	0.14547180107279734
515	8	0.14547180107279734
515	9	0.0
515	10	0.0
515	11	0.28478919828835453
515	12	0.0
515	13	0.4302609993611519
515	14	0.0
515	15	0.28478919828835453
515	16	0.0
515	17	0.0
515	18	0.0
515	19	0.0
515	20	0.28478919828835453
515	21	0.0
516	0	0.0
516	1	0.0
516	2	0.0
516	3	0.0
516	4	0.14547180107279734
516	5	0.0
516	6	0.0
516	7	0.0
516	8	0.28478919828835453
516	9	0.0
516	10	0.0
516	11	0.0
516	12	0.0
517	0	0.0
517	1	0.28478919828835453
517	2	0.23965066954042558
517	3	0.0
517	4	0.14547180107279734
517	5	0.0
517	6	0.0
517	7	0.0
517	8	0.4302609993611519
517	9	0.0
517	10	0.0
517	11	0.28478919828835453
517	12	0.0
517	13	0.14547180107279734
517	14	0.0
517	15	0.0
517	16	0.0
517	17	0.28478919828835453
517	18	0.0
517	19	0.0
517	20	0.0
517	21	0.14547180107279734
517	22	0.0
517	23	0.0
517	24	0.0
517	25	0.0
518	0	0.28478919828835453
518	1	0.0
518	2	0.0
518	3	0.28478919828835453
518	4	0.14547180107279734
518	5	0.23965066954042558
518	6	0.0
518	7	0.0
518	8	0.0
518	9	0.14547180107279734
518	10	0.4302609993611519
518	11	0.0
518	12	0.0
518	13	0.14547180107279734
518	14	0.0
518	15	0.0
518	16	0.0
518	17	0.28478919828835453
518	18	0.0
518	19	0.0
518	20	0.0
518	21	0.0
518	22	0.0
518	23	0.0
518	24	0.0
518	25	0.0
518	26	0.0
518	27	0.0
518	28	0.0
518	29	0.0
519	0	0.0
519	1	0.0
519	2	0.14547180107279734
519	3	0.4302609993611519
519	4	0.0
519	5	0.28478919828835453
519	6	0.0
519	7	0.0
519	8	0.0
519	9	0.14547180107279734
519	10	0.28478919828835453
519	11	0.0
519	12	0.23965066954042558
519	13	0.28478919828835453
519	14	0.0
519	15	0.0
519	16	0.0
519	17	0.0
519	18	0.14547180107279734
519	19	0.0
519	20	0.0
519	21	0.0
519	22	0.0
519	23	0.0
519	24	0.0
519	25	0.0
519	26	0.0
519	27	0.0
519	28	0.0
519	29	0.0
520	0	0.28478919828835453
520	1	0.14547180107279734
520	2	0.0
520	3	0.0
520	4	0.0
520	5	0.28478919828835453
520	6	0.14547180107279734
520	7	0.0
520	8	0.14547180107279734
520	9	0.0
520	10	0.0
520	11	0.23965066954042558
520	12	0.0
520	13	0.0
520	14	0.0
520	15	0.4302609993611519
520	16	0.28478919828835453
520	17	0.0
521	0	0.0
521	1	0.28478919828835453
521	2	0.0
521	3	0.0
521	4	0.0
521	5	0.0
521	6	0.14547180107279734
521	7	0.28478919828835453
521	8	0.28478919828835453
521	9	0.0
521	10	0.0
521	11	0.0
521	12	0.0
521	13	0.23965066954042558
521	14	0.4302609993611519
521	15	0.14547180107279734
521	16	0.0
521	17	0.0
521	18	0.14547180107279734
521	19	0.0
521	20	0.0
521	21	0.0
521	22	0.0
521	23	0.0
521	24	0.0
521	25	0.0
521	26	0.0
522	0	0.4302609993611519
522	1	0.0
522	2	0.0
522	3	0.28478919828835453
522	4	0.0
522	5	0.0
522	6	0.0
522	7	0.0
522	8	0.14547180107279734
522	9	0.28478919828835453
522	10	0.0
522	11	0.0
522	12	0.14547180107279734
522	13	0.0
522	14	0.14547180107279734
522	15	0.0
522	16	0.28478919828835453
522	17	0.23965066954042558
522	18	0.0
522	19	0.0
522	20	0.0
522	21	0.0
522	22	0.0
522	23	0.0
522	24	0.0
523	0	0.0
523	1	0.28478919828835453
523	2	0.0
523	3	0.0
523	4	0.0
523	5	0.0
523	6	0.0
523	7	0.4302609993611519
523	8	0.0
523	9	0.28478919828835453
523	10	0.14547180107279734
523	11	0.0
523	12	0.28478919828835453
523	13	0.0
523	14	0.0
523	15	0.0
523	16	0.0
523	17	0.0
523	18	0.14547180107279734
523	19	0.0
523	20	0.23965066954042558
523	21	0.14547180107279734
523	22	0.0
523	23	0.0
523	24	0.0
523	25	0.0
523	26	0.0
524	0	0.4302609993611519
524	1	0.0
524	2	0.0
524	3	0.0
524	4	0.0
524	5	0.0
524	6	0.28478919828835453
524	7	0.28478919828835453
524	8	0.0
524	9	0.14547180107279734
524	10	0.0
524	11	0.28478919828835453
524	12	0.0
524	13	0.14547180107279734
524	14	0.23965066954042558
524	15	0.0
524	16	0.0
524	17	0.14547180107279734
524	18	0.0
524	19	0.0
524	20	0.0
524	21	0.0
524	22	0.0
524	23	0.0
524	24	0.0
524	25	0.0
524	26	0.0
525	0	0.0
525	1	0.0
525	2	0.0
525	3	0.28478919828835453
525	4	0.0
525	5	0.14547180107279734
525	6	0.0
525	7	0.0
525	8	0.0
525	9	0.14547180107279734
525	10	0.0
525	11	0.28478919828835453
525	12	0.28478919828835453
525	13	0.0
525	14	0.0
525	15	0.0
525	16	0.0
525	17	0.0
525	18	0.14547180107279734
525	19	0.0
525	20	0.23965066954042558
525	21	0.0
525	22	0.0
525	23	0.4302609993611519
525	24	0.0
525	25	0.0
525	26	0.0
525	27	0.0
525	28	0.0
525	29	0.0
526	0	0.0
526	1	0.0
526	2	0.0
526	3	0.0
526	4	0.14547180107279734
526	5	0.28478919828835453
526	6	0.28478919828835453
526	7	0.14547180107279734
526	8	0.0
526	9	0.23965066954042558
526	10	0.0
526	11	0.0
526	12	0.0
526	13	0.0
526	14	0.0
526	15	0.0
526	16	0.0
526	17	0.4302609993611519
526	18	0.14547180107279734
526	19	0.0
526	20	0.0
526	21	0.0
526	22	0.0
526	23	0.28478919828835453
526	24	0.0
527	0	0.0
527	1	0.14547180107279734
527	2	0.0
527	3	0.28478919828835453
527	4	0.0
527	5	0.0
527	6	0.0
527	7	0.0
527	8	0.0
527	9	0.14547180107279734
527	10	0.0
527	11	0.28478919828835453
527	12	0.0
527	13	0.0
527	14	0.0
527	15	0.0
527	16	0.23965066954042558
527	17	0.14547180107279734
527	18	0.0
527	19	0.4302609993611519
527	20	0.28478919828835453
527	21	0.0
527	22	0.0
527	23	0.0
527	24	0.0
528	0	0.0
528	1	0.14547180107279734
528	2	0.0
528	3	0.0
528	4	0.0
528	5	0.0
528	6	0.0
528	7	0.0
528	8	0.0
528	9	0.28478919828835453
528	10	0.28478919828835453
528	11	0.0
528	12	0.14547180107279734
528	13	0.0
528	14	0.0
528	15	0.0
528	16	0.23965066954042558
528	17	0.14547180107279734
528	18	0.0
528	19	0.0
528	20	0.0
528	21	0.0
528	22	0.0
528	23	0.0
528	24	0.0
528	25	0.0
528	26	0.0
528	27	0.4302609993611519
528	28	0.0
528	29	0.28478919828835453
529	0	0.0
529	1	0.23965066954042558
529	2	0.0
529	3	0.14547180107279734
529	4	0.28478919828835453
529	5	0.0
529	6	0.0
529	7	0.0
529	8	0.4302609993611519
529	9	0.28478919828835453
529	10	0.0
529	11	0.0
529	12	0.0
529	13	0.0
529	14	0.0
529	15	0.0
529	16	0.0
529	17	0.14547180107279734
529	18	0.0
529	19	0.0
529	20	0.28478919828835453
529	21	0.14547180107279734
529	22	0.0
529	23	0.0
529	24	0.0
529	25	0.0
529	26	0.0
530	0	0.0
530	1	0.4302609993611519
530	2	0.28478919828835453
530	3	0.0
530	4	0.28478919828835453
530	5	0.0
530	6	0.0
530	7	0.14547180107279734
530	8	0.14547180107279734
530	9	0.0
530	10	0.28478919828835453
530	11	0.14547180107279734
530	12	0.0
530	13	0.23965066954042558
530	14	0.0
530	15	0.0
530	16	0.0
530	17	0.0
530	18	0.0
530	19	0.0
530	20	0.0
530	21	0.0
530	22	0.0
530	23	0.0
530	24	0.0
531	0	0.0
531	1	0.28478919828835453
531	2	0.0
531	3	0.0
531	4	0.0
531	5	0.0
531	6	0.0
532	0	0.28478919828835453
532	1	0.0
532	2	0.0
532	3	0.0
532	4	0.0
532	5	0.0
532	6	0.0
533	0	0.0
533	1	0.0
533	2	0.0
533	3	0.0
533	4	0.28478919828835453
533	5	0.0
533	6	0.0
533	7	0.0
533	8	0.0
533	9	0.14547180107279734
533	10	0.0
533	11	0.0
533	12	0.0
533	13	0.0
534	0	0.0
534	1	0.0
534	2	0.28478919828835453
534	3	0.0
534	4	0.4302609993611519
534	5	0.0
534	6	0.14547180107279734
534	7	0.0
534	8	0.28478919828835453
534	9	0.0
534	10	0.28478919828835453
534	11	0.0
534	12	0.0
534	13	0.0
534	14	0.0
534	15	0.0
534	16	0.0
534	17	0.0
534	18	0.0
534	19	0.0
534	20	0.0
534	21	0.0
534	22	0.14547180107279734
534	23	0.28478919828835453
534	24	0.23965066954042558
534	25	0.14547180107279734
535	0	0.4302609993611519
535	1	0.0
535	2	0.28478919828835453
535	3	0.0
535	4	0.0
535	5	0.0
535	6	0.0
535	7	0.14547180107279734
535	8	0.28478919828835453
535	9	0.28478919828835453
535	10	0.23965066954042558
535	11	0.0
535	12	0.0
535	13	0.0
535	14	0.0
535	15	0.0
535	16	0.14547180107279734
535	17	0.0
535	18	0.0
535	19	0.0
535	20	0.0
535	21	0.0
535	22	0.28478919828835453
535	23	0.0
535	24	0.0
535	25	0.14547180107279734
535	26	0.0
536	0	0.0
536	1	0.0
536	2	0.14547180107279734
536	3	0.0
536	4	0.0
536	5	0.0
536	6	0.0
536	7	0.28478919828835453
536	8	0.0
536	9	0.28478919828835453
536	10	0.14547180107279734
536	11	0.4302609993611519
536	12	0.0
536	13	0.0
536	14	0.0
536	15	0.0
536	16	0.23965066954042558
536	17	0.0
536	18	0.0
536	19	0.28478919828835453
536	20	0.14547180107279734
536	21	0.0
537	0	0.28478919828835453
537	1	0.0
537	2	0.0
537	3	0.0
537	4	0.0
537	5	0.0
537	6	0.0
537	7	0.0
537	8	0.0
537	9	0.0
538	0	0.28478919828835453
538	1	0.0
538	2	0.0
538	3	0.0
538	4	0.0
538	5	0.0
538	6	0.0
538	7	0.0
538	8	0.0
538	9	0.0
539	0	0.0
539	1	0.4302609993611519
539	2	0.0
539	3	0.0
539	4	0.0
539	5	0.0
539	6	0.0
539	7	0.14547180107279734
539	8	0.0
539	9	0.0
539	10	0.0
539	11	0.0
539	12	0.0
539	13	0.28478919828835453
539	14	0.14547180107279734
539	15	0.0
539	16	0.28478919828835453
539	17	0.14547180107279734
539	18	0.28478919828835453
539	19	0.0
539	20	0.0
539	21	0.0
539	22	0.23965066954042558
539	23	0.28478919828835453
539	24	0.0
539	25	0.0
539	26	0.0
539	27	0.0
540	0	0.0
540	1	0.0
540	2	0.0
540	3	0.0
540	4	0.28478919828835453
540	5	0.0
540	6	0.0
540	7	0.0
540	8	0.0
540	9	0.0
541	0	0.0
541	1	0.28478919828835453
541	2	0.0
541	3	0.0
541	4	0.0
541	5	0.0
541	6	0.0
542	0	0.0
542	1	0.0
542	2	0.0
542	3	0.28478919828835453
542	4	0.0
542	5	0.0
542	6	0.0
542	7	0.0
542	8	0.0
542	9	0.0
543	0	0.28478919828835453
543	1	0.0
543	2	0.0
543	3	0.0
543	4	0.0
543	5	0.0
543	6	0.0
544	0	0.0
544	1	0.4302609993611519
544	2	0.28478919828835453
544	3	0.0
544	4	0.0
544	5	0.0
544	6	0.14547180107279734
544	7	0.0
544	8	0.0
544	9	0.0
544	10	0.0
544	11	0.28478919828835453
544	12	0.23965066954042558
544	13	0.0
544	14	0.28478919828835453
544	15	0.14547180107279734
544	16	0.14547180107279734
544	17	0.0
544	18	0.0
544	19	0.0
544	20	0.28478919828835453
544	21	0.0
544	22	0.0
544	23	0.0
544	24	0.0
544	25	0.0
545	0	0.0
545	1	0.28478919828835453
545	2	0.0
545	3	0.0
545	4	0.0
545	5	0.4302609993611519
545	6	0.0
545	7	0.14547180107279734
545	8	0.0
545	9	0.0
545	10	0.28478919828835453
545	11	0.0
545	12	0.14547180107279734
545	13	0.0
545	14	0.28478919828835453
545	15	0.23965066954042558
545	16	0.0
545	17	0.0
545	18	0.0
545	19	0.0
545	20	0.14547180107279734
545	21	0.28478919828835453
545	22	0.0
545	23	0.0
545	24	0.0
545	25	0.0
545	26	0.0
545	27	0.0
545	28	0.0
546	0	0.0
546	1	0.4302609993611519
546	2	0.0
546	3	0.0
546	4	0.0
546	5	0.28478919828835453
546	6	0.14547180107279734
546	7	0.0
546	8	0.0
546	9	0.14547180107279734
546	10	0.0
546	11	0.0
546	12	0.0
546	13	0.23965066954042558
546	14	0.28478919828835453
546	15	0.28478919828835453
546	16	0.0
546	17	0.0
546	18	0.0
546	19	0.14547180107279734
546	20	0.0
546	21	0.28478919828835453
546	22	0.0
546	23	0.0
546	24	0.0
546	25	0.0
547	0	0.0
547	1	0.28478919828835453
547	2	0.0
547	3	0.0
547	4	0.4302609993611519
547	5	0.0
547	6	0.14547180107279734
547	7	0.14547180107279734
547	8	0.28478919828835453
547	9	0.0
547	10	0.0
547	11	0.0
547	12	0.0
547	13	0.0
547	14	0.0
547	15	0.0
547	16	0.28478919828835453
547	17	0.23965066954042558
547	18	0.0
547	19	0.0
547	20	0.14547180107279734
547	21	0.0
547	22	0.28478919828835453
547	23	0.0
547	24	0.0
547	25	0.0
547	26	0.0
547	27	0.0
547	28	0.0
547	29	0.0
547	30	0.0
547	31	0.0
547	32	0.0
548	0	0.0
548	1	0.4302609993611519
548	2	0.0
548	3	0.0
548	4	0.0
548	5	0.28478919828835453
548	6	0.0
548	7	0.28478919828835453
548	8	0.14547180107279734
548	9	0.0
548	10	0.0
548	11	0.28478919828835453
548	12	0.0
548	13	0.0
548	14	0.0
548	15	0.0
548	16	0.14547180107279734
548	17	0.0
548	18	0.0
548	19	0.0
548	20	0.14547180107279734
548	21	0.0
548	22	0.28478919828835453
548	23	0.0
548	24	0.0
548	25	0.23965066954042558
548	26	0.0
548	27	0.0
549	0	0.0
549	1	0.0
549	2	0.0
549	3	0.14547180107279734
549	4	0.0
549	5	0.0
549	6	0.23965066954042558
549	7	0.0
549	8	0.0
549	9	0.14547180107279734
549	10	0.0
549	11	0.0
549	12	0.0
549	13	0.28478919828835453
549	14	0.0
549	15	0.28478919828835453
549	16	0.0
549	17	0.0
549	18	0.0
549	19	0.14547180107279734
549	20	0.28478919828835453
549	21	0.0
549	22	0.4302609993611519
549	23	0.0
549	24	0.28478919828835453
549	25	0.0
549	26	0.0
549	27	0.0
549	28	0.0
550	0	0.0
550	1	0.0
550	2	0.14547180107279734
550	3	0.28478919828835453
550	4	0.0
550	5	0.28478919828835453
550	6	0.14547180107279734
550	7	0.0
550	8	0.0
550	9	0.0
550	10	0.28478919828835453
550	11	0.0
550	12	0.0
550	13	0.0
550	14	0.28478919828835453
550	15	0.0
550	16	0.4302609993611519
550	17	0.0
550	18	0.14547180107279734
550	19	0.0
550	20	0.0
550	21	0.23965066954042558
550	22	0.0
550	23	0.0
550	24	0.0
550	25	0.0
551	0	0.0
551	1	0.0
551	2	0.4302609993611519
551	3	0.0
551	4	0.0
551	5	0.0
551	6	0.14547180107279734
551	7	0.0
551	8	0.0
551	9	0.0
551	10	0.28478919828835453
551	11	0.0
551	12	0.0
551	13	0.23965066954042558
551	14	0.0
551	15	0.14547180107279734
551	16	0.0
551	17	0.0
551	18	0.28478919828835453
551	19	0.0
551	20	0.0
551	21	0.28478919828835453
551	22	0.0
551	23	0.0
551	24	0.14547180107279734
551	25	0.28478919828835453
552	0	0.0
552	1	0.0
552	2	0.0
552	3	0.0
552	4	0.0
552	5	0.0
552	6	0.14547180107279734
552	7	0.0
552	8	0.0
552	9	0.28478919828835453
552	10	0.0
552	11	0.0
552	12	0.0
552	13	0.0
553	0	0.23965066954042558
553	1	0.0
553	2	0.4302609993611519
553	3	0.0
553	4	0.0
553	5	0.0
553	6	0.0
553	7	0.0
553	8	0.14547180107279734
553	9	0.28478919828835453
553	10	0.0
553	11	0.14547180107279734
553	12	0.14547180107279734
553	13	0.28478919828835453
553	14	0.0
553	15	0.0
553	16	0.0
553	17	0.28478919828835453
553	18	0.0
553	19	0.0
553	20	0.0
553	21	0.28478919828835453
553	22	0.0
553	23	0.0
553	24	0.0
553	25	0.0
553	26	0.0
553	27	0.0
554	0	0.28478919828835453
554	1	0.0
554	2	0.0
554	3	0.28478919828835453
554	4	0.0
554	5	0.0
554	6	0.0
554	7	0.0
554	8	0.14547180107279734
554	9	0.14547180107279734
554	10	0.0
554	11	0.28478919828835453
554	12	0.0
554	13	0.0
554	14	0.4302609993611519
554	15	0.14547180107279734
554	16	0.0
554	17	0.0
554	18	0.28478919828835453
554	19	0.0
554	20	0.0
554	21	0.23965066954042558
554	22	0.0
554	23	0.0
554	24	0.0
554	25	0.0
554	26	0.0
554	27	0.0
555	0	0.0
555	1	0.0
555	2	0.0
555	3	0.28478919828835453
555	4	0.0
555	5	0.0
555	6	0.0
555	7	0.0
555	8	0.0
555	9	0.14547180107279734
555	10	0.14547180107279734
555	11	0.28478919828835453
555	12	0.4302609993611519
555	13	0.0
555	14	0.0
555	15	0.0
555	16	0.0
555	17	0.28478919828835453
555	18	0.14547180107279734
555	19	0.0
555	20	0.28478919828835453
555	21	0.0
555	22	0.0
555	23	0.0
555	24	0.0
555	25	0.23965066954042558
556	0	0.0
556	1	0.0
556	2	0.0
556	3	0.0
556	4	0.0
556	5	0.0
556	6	0.28478919828835453
556	7	0.0
556	8	0.0
556	9	0.0
556	10	0.0
556	11	0.14547180107279734
556	12	0.0
556	13	0.0
557	0	0.0
557	1	0.0
557	2	0.0
557	3	0.0
557	4	0.28478919828835453
557	5	0.0
557	6	0.0
557	7	0.0
557	8	0.14547180107279734
557	9	0.0
557	10	0.0
557	11	0.0
557	12	0.0
557	13	0.0
558	0	0.0
558	1	0.0
558	2	0.4302609993611519
558	3	0.28478919828835453
558	4	0.0
558	5	0.14547180107279734
558	6	0.0
558	7	0.0
558	8	0.28478919828835453
558	9	0.0
558	10	0.0
558	11	0.0
558	12	0.0
558	13	0.0
558	14	0.0
558	15	0.0
558	16	0.0
558	17	0.14547180107279734
558	18	0.0
558	19	0.28478919828835453
558	20	0.0
558	21	0.0
558	22	0.23965066954042558
558	23	0.28478919828835453
558	24	0.14547180107279734
558	25	0.0
558	26	0.0
558	27	0.0
558	28	0.0
558	29	0.0
558	30	0.0
558	31	0.0
558	32	0.0
559	0	0.0
559	1	0.0
559	2	0.4302609993611519
559	3	0.0
559	4	0.28478919828835453
559	5	0.0
559	6	0.0
559	7	0.0
559	8	0.23965066954042558
559	9	0.0
559	10	0.0
559	11	0.0
559	12	0.28478919828835453
559	13	0.0
559	14	0.14547180107279734
559	15	0.14547180107279734
559	16	0.0
559	17	0.0
559	18	0.0
559	19	0.0
559	20	0.0
559	21	0.0
559	22	0.28478919828835453
559	23	0.14547180107279734
559	24	0.28478919828835453
559	25	0.0
559	26	0.0
559	27	0.0
559	28	0.0
559	29	0.0
559	30	0.0
559	31	0.0
559	32	0.0
560	0	0.0
560	1	0.4302609993611519
560	2	0.0
560	3	0.14547180107279734
560	4	0.0
560	5	0.28478919828835453
560	6	0.0
560	7	0.0
560	8	0.0
560	9	0.0
560	10	0.28478919828835453
560	11	0.0
560	12	0.0
560	13	0.0
560	14	0.14547180107279734
560	15	0.23965066954042558
560	16	0.0
560	17	0.28478919828835453
560	18	0.0
560	19	0.0
560	20	0.0
560	21	0.28478919828835453
560	22	0.0
560	23	0.14547180107279734
560	24	0.0
560	25	0.0
560	26	0.0
560	27	0.0
560	28	0.0
560	29	0.0
560	30	0.0
560	31	0.0
560	32	0.0
561	0	0.0
561	1	0.0
561	2	0.28478919828835453
561	3	0.0
561	4	0.14547180107279734
561	5	0.0
561	6	0.28478919828835453
561	7	0.14547180107279734
561	8	0.4302609993611519
561	9	0.28478919828835453
561	10	0.0
561	11	0.0
561	12	0.0
561	13	0.0
561	14	0.0
561	15	0.0
561	16	0.0
561	17	0.0
561	18	0.0
561	19	0.28478919828835453
561	20	0.14547180107279734
561	21	0.0
561	22	0.0
561	23	0.0
561	24	0.0
561	25	0.23965066954042558
562	0	0.0
562	1	0.0
562	2	0.0
562	3	0.14547180107279734
562	4	0.28478919828835453
562	5	0.28478919828835453
562	6	0.23965066954042558
562	7	0.0
562	8	0.4302609993611519
562	9	0.28478919828835453
562	10	0.0
562	11	0.0
562	12	0.0
562	13	0.0
562	14	0.0
562	15	0.0
562	16	0.0
562	17	0.0
562	18	0.0
562	19	0.28478919828835453
562	20	0.14547180107279734
562	21	0.0
562	22	0.14547180107279734
562	23	0.0
562	24	0.0
562	25	0.0
563	0	0.0
563	1	0.0
563	2	0.0
563	3	0.28478919828835453
563	4	0.0
563	5	0.0
563	6	0.23965066954042558
563	7	0.0
563	8	0.0
563	9	0.14547180107279734
563	10	0.0
563	11	0.28478919828835453
563	12	0.28478919828835453
563	13	0.0
563	14	0.0
563	15	0.28478919828835453
563	16	0.0
563	17	0.14547180107279734
563	18	0.0
563	19	0.4302609993611519
563	20	0.0
563	21	0.14547180107279734
563	22	0.0
563	23	0.0
563	24	0.0
563	25	0.0
563	26	0.0
