## RankNet
## Epochs = 50
## No. of features = 48
## No. of hidden layers = 2
## Layer 1: 10 neurons
## Layer 2: 10 neurons
1 2 3 4 5 6 7 8 9 10 11 12 13 14 15 16 17 18 19 20 21 22 23 24 25 26 27 28 29 30 31 32 33 34 35 36 37 38 39 40 41 42 43 44 45 46 47 48
2
10
10
0 0 -0.05575441637198045 0.06098499936182117 -0.02460960525696248 -0.07722923933216673 -0.02537903150385067 0.05589825331676493 -0.008438450725495586 -0.088851972079042 -2.3072748960027847E-4 0.036050902664139434
0 1 0.05178051650661451 -0.034747270436115696 0.05564326511522637 -0.0588101016845862 -0.028587289079150983 -0.09012639160694039 0.08985418269027778 3.019634632816349E-4 -0.02660403147154137 0.02155517843594115
0 2 0.06220997147570336 0.008576625337242258 -0.02818845867334259 -0.0073626144367405924 -0.0886522080445544 0.09665841010562663 -0.085832388775625 0.030644438914004344 0.028023939104470878 0.013793081927171075
0 3 0.012465140556613656 0.020191487200841712 0.09754609370794592 -0.03197284294407524 -0.010671454345096103 -0.09841052504106847 0.09844391631866936 -0.0980926934467525 -0.010168770397774063 -0.04769392506871029
0 4 0.017144029960036278 0.0219077467918396 0.04071231931447983 -0.09602131694555283 -0.01965075172483921 -0.066541388630867 0.04045557230710983 0.053025148808956146 0.07558155804872513 0.0969110056757927
0 5 0.08878081502690835 -0.09806534095394849 -0.03226168342694278 0.019684729191620072 0.056910561028455334 0.03386889086603663 -0.008998714402730184 0.017781452459943666 -0.08962791964907699 -0.07089580419685906
0 6 0.09701023449539738 -0.042235285343061 -0.06711601679947145 4.799804047849129E-4 0.03139763551919138 0.07473658906911407 0.04709563468540977 0.04804905964914007 0.04823647894669007 0.015370200212834919
0 7 -0.05470836081988436 -0.07164150952975053 0.05196615591279878 0.08138488972689009 0.06916486251725314 -0.0854376858217253 -0.09594827938941856 0.026304265989556555 0.05600801613832868 -0.04349332059876385
0 8 0.02321839045249504 0.09976544866176647 0.005335780877177338 -0.013789130531873073 -0.022119237831907935 -0.07436746297605523 -0.06806669689378975 -0.01107853790132751 0.028128293181450513 -0.058065519167375165
0 9 -0.025634524491796075 -0.03093415981320322 0.04171859388381694 0.09680836352643851 -0.0898833449698269 0.0485647848414623 0.03920738466419935 0.04701401340456212 -0.006144693282752201 0.001662362634870804
0 10 -0.02464932490623909 -0.06364162376312214 -0.024274161931569845 -0.07673961964311715 -0.008152885153072654 0.0065779752636687385 -0.009961588565626527 0.057510134304477815 -0.09881541428467489 0.01519326636354963
0 11 -0.09180683743692358 0.07432295271965068 0.06894558210999274 -0.03904364925685121 -0.07840321471460458 0.01414965433798594 -0.08029041744432686 -0.041180196677730437 0.034051884735614775 0.012306494207787911
0 12 0.0627910645903103 -0.010003694532460304 -0.07188236373701788 0.0490313826617439 -0.0011249287675227824 -0.025139445413179567 -0.008066018213029442 0.016651375605456403 -0.01760748712733548 0.02355699790980394
0 13 -0.02426669815760326 0.006782423369028746 0.031138800321905476 0.002833526873458963 0.09870577553808396 -0.08966861223427808 -0.04189440868001898 -0.08224620836374875 -0.0021282608441653495 0.024840089832573173
0 14 -0.01244803684999376 -0.009386263159721573 -0.0018983789311401008 -0.04421098699043713 -0.012912695195054428 -0.07087719778633715 -0.08012178153735873 0.0971330215662033 -0.0558559774693572 0.012307366936208123
0 15 -0.053485768497844456 0.032394855131906306 0.07169728400701354 -0.020442134408559024 -0.07485948281624291 -0.018416608703776288 0.06600709935072742 0.05548075204449957 0.009121539763188044 0.07251007927082838
0 16 -0.054213816212080546 -0.04415954447762137 -0.0011448518331977993 -0.0759018136208286 -0.09384442055923396 0.06380927512665047 0.09757742657226626 -0.003814845997763572 0.019016180996016405 -0.052776321570447676
0 17 0.03750655050745309 -0.08291787350867488 -0.03547340779850745 0.07899003505896031 -0.0046856448644967755 -0.027628988413846967 -0.05438253314436054 0.08783783589479859 -0.020140794860318646 0.06936803759248707
0 18 -0.02415839959511442 0.029374436714308255 0.05978845656563973 0.009289311544999021 0.07258568856546571 -0.032480866103208585 0.0997873727863973 -0.07415973569276398 -0.08505257387657468 0.05489504263909335
0 19 -0.027146900816034575 0.05046380318899476 0.018835927468979587 0.08777894310801222 0.03542891131998183 0.0017880549923687294 0.04643505628540644 0.0344941138942092 -0.04793864639589451 0.07468118246905991
0 20 0.09708215408198932 -0.027337584568068066 -0.07792115293697117 0.05933004103749097 0.055612701795111665 0.005066131175419549 0.032104482905413 -0.09334739598442472 -0.04787441494056843 0.06624395501129685
0 21 -0.03510045143959752 0.026525667706070833 0.031043235874118932 0.035141727104372016 0.05959116129807412 0.06741596697240722 0.07880668562427322 0.04959839828325263 0.005950303458523964 0.017449976756187157
0 22 0.09697065254281183 0.011184808962838995 0.07455313906920909 0.03394810716510063 0.015002295666520164 -0.07162518749706343 0.05153761684285329 0.01666371521999999 -0.059260165462739774 0.08768710411278437
0 23 -0.09250861294395825 -0.07262263811926516 -0.017612472998654684 -0.006691121047744437 -0.056949015834320806 0.0876855244198046 -0.01867364809528383 -0.04312979730774469 -0.019595427085849618 0.041728735978531904
0 24 -0.0044328672378428505 0.06963189146521885 -0.023530297831553432 0.06160856810233729 0.09789006589601504 -0.05132462373975961 -0.0630968045322635 -0.005184959535364568 0.08273447421944964 0.04167990052322456
0 25 0.03094417007880452 -0.09484088841261167 0.08737702548618215 -0.040419447384574425 -0.04708199895598686 -0.051247500660245894 0.06957361579677444 0.07017962042754852 -0.03690993997699824 0.029181097127327346
0 26 0.04482076534185483 -0.09142792246254883 0.09585596219236689 -0.028162431454456925 0.040312142179483895 0.040857993457107514 0.027687194328690424 -0.0182847208488825 -0.08874094815505226 -0.04757795971255736
0 27 -0.08789390446475305 -0.04210843641767258 -0.07523894158820196 -0.04888135393026542 0.0592624510822855 -0.09427493582095893 -0.0668724175983627 -0.07814227086584366 0.027417884145711054 0.07110785828810162
0 28 0.02240344485700193 -0.038597309400438685 -0.10625169685104768 -0.08050052105385491 -0.010482238701508027 -0.012954607321428476 -0.011598047632515962 -0.01995146102978535 -0.02935377561026343 0.050942952488475336
0 29 -0.08369646525948164 0.04863675877810804 -0.06355849945018702 6.15099748652406E-4 0.0978285909741395 -0.08799736594228333 -0.025606775617266077 -0.012876514447310942 -0.02861747090199496 0.0041452406729585315
0 30 -0.039443917820162454 -0.03078890853385018 -0.13556157749665762 -0.010046793297716405 0.1366153140661585 -0.06239964326800292 0.03883985712505815 -0.007185997955466851 -0.04223301069151679 0.08243132419999527
0 31 0.10450931435609863 -0.06241664785960412 -0.10789970758491818 0.07243922895029324 0.09479764523061499 -0.03510091159898764 -0.10668726815406046 -0.055499287909753406 0.04580800329879925 0.08627077456608694
0 32 0.11806008709135415 0.02751036551991399 0.04290598037632508 0.08881865044649889 -0.008942408499113576 -0.05493041771134013 -0.07226838375789571 0.005369269284897069 0.0636189910882517 0.08672647562754664
0 33 0.012616244177581589 -0.04029739712600773 -0.06629577326545476 -0.01796561413931069 0.04038197294856888 -0.011099510757277064 0.05295755730356273 -0.0466002298650765 -0.04561963118167487 0.01004151964894938
0 34 -0.05513292790899759 0.016727476117170206 -0.10618962049901894 -0.062454559287611476 0.06274754816843427 -0.11146896869407262 -0.09626260091005356 0.05097000793353292 -0.05768732389505066 0.0815816655466592
0 35 -0.06261754965866712 0.09575176942784822 -0.0169532040939417 -1.4298348970706435E-4 0.13060667548838598 -0.04285623485886499 -0.026386493941769156 0.06991634670723498 0.03142504052853601 -0.0036027289952180555
0 36 -0.049600348339495774 -0.03699002315745629 0.05551428177080021 -0.0025471651504971123 0.10272767799275069 0.03888886266960239 -0.018517841450010647 -0.08601536560053748 -0.08149628545772895 0.04852640415037444
0 37 -0.04661252488179466 -0.07815003908092553 0.03322718809069802 -0.09437793933164035 -0.05933510733558219 -0.003807773928413289 0.03324997073139686 -0.09805608429686193 -0.042811643767179455 0.010635092847713301
0 38 -0.0567805264791449 0.028554745022819312 -0.09858963590617963 0.02733690509915849 0.09247144192898513 -0.033073871692267415 0.012312594356895997 0.02056986136102712 -0.0791250966258581 -0.07793589708895163
0 39 0.03934629813824096 0.0793139766945105 -0.010220874552984129 -0.050330653466577537 -0.016634696419594548 0.0662846199072922 -0.0664886547970166 0.014014500619113841 -0.029392003617459486 0.043898921184830915
0 40 0.0691148768464133 -0.0709248054729242 -0.06305631202216931 -0.07825829429208843 0.06996460140192748 -0.056326850613204 -0.020154078935323352 -0.045849568716048325 0.011668122769123542 -0.05237500769586061
0 41 0.06424472379945795 -0.0741639893331905 0.07948885400921607 0.038099211483571996 0.0637426201485813 0.01920913593642258 -0.022984196689346353 -0.018609083717152964 -0.03556751755377579 -0.0878170732988833
0 42 -0.04727789763956076 0.09529293021545154 0.029856425255536834 0.06360613920541615 0.061103672468606096 -0.041895644274597243 0.0547366049180726 -0.08419122994776769 -0.020614983137915852 -0.05124855955036364
0 43 -0.012727153888959706 -0.04732368798200731 0.028679225053556613 0.00522207269498022 0.010310974748386308 -0.0952411735106139 -0.02987929374169046 0.0965479091985307 -0.005290893748841562 -0.03662812577312881
0 44 0.09860953071446926 -0.005716912514567932 0.07171841614860823 -0.01961668849711073 0.003302060671026207 -0.08954749841697392 0.039893848453520314 -0.05949161585018896 0.0018527584643945358 0.09350619671456235
0 45 0.08976437279315502 -0.050721782325804814 -0.10376918411832521 0.006106231931850802 0.05017267297754671 -0.016878727157486693 0.0023983606182619243 0.08622548345877787 0.07488777663371544 -0.021072508566456424
0 46 0.09018099435897381 0.07898294639676748 0.09231898092645933 -0.03487747990314663 0.060657971909145375 -0.03841119099862705 0.01560088396525245 -0.05690573911712431 0.01752656873128433 5.905248369997689E-4
0 47 -0.07343438900835415 6.042563655677508E-4 -0.09342923842624425 0.06616094939558699 0.050770722202073106 0.022653161481877963 -0.030108429460380358 0.09654560384343706 0.08172432182243176 0.10127561267726609
0 48 -0.06105675276852571 -0.03347496425894683 0.0559488451960728 -0.03123421144547634 -0.04425264780886671 -0.07776509909160623 -0.08324214376173256 0.017470889265253652 0.051449571574718474 0.02664085062007942 -0.002492276008205226 -0.07900006452490797 0.04811398110094009 -0.03775170607645787 0.07902170878854094 0.07425827094891593 0.05904509224607453 -0.039757521323085375 -0.04620921413833408 -0.0894249743684903 0.05317152173465453
1 0 -0.0028968231484733 -0.06804390128532903 -0.08021658223617766 -0.010247512367664777 0.048923502832911143 0.06031646136747554 0.01986700653572181 0.039264043379356815 -0.055641592446432415 0.10014464930504326
1 1 0.04176089512025113 0.0938230808721325 0.04073083996743404 0.034065152183370376 0.03614494241943737 -0.008595637865941171 -0.052759239898354494 -0.005469549741421113 -0.09723714551682909 -0.02329315595503526
1 2 -0.06134478295934078 0.08376431135222294 -0.07043497146719471 -0.09524694804658161 -0.07662175355570044 -0.04662136945120444 -0.001015814873295337 -0.04664046991794525 -0.05468128199636657 0.09148348123533954
1 3 -0.03171305237662193 0.0402969419048934 0.041709781819936995 -0.06585281743766476 -0.004943300901135987 0.012302487205659041 -0.08397337287638285 0.02826570834712098 0.0858582369076651 0.017194114291788118
1 4 0.071847321451325 0.06507481526986748 -0.08666530228824897 -0.05650422174824234 -0.0024610077741998387 -0.043558120628340004 -0.09340710897804669 0.08964891104960002 0.06175145705059341 -0.06122907881871505
1 5 0.08520599526510021 0.05096695981912457 0.0655120276572803 -0.08912070097605077 0.09739317927143232 -0.005425700986129732 -0.035028287529585665 0.06204017143057496 -0.08540492198501215 -0.08545766379031611
1 6 -0.0699619505806656 0.09825418378214278 0.05088180465322909 0.028504245545259668 -0.0377684676099699 -0.058318169573958606 -0.0200880359969772 0.039074928691926615 -0.014794385216444075 0.06781375683820574
1 7 -0.011972853579009173 0.04828113943639944 0.019417126906531103 -0.03873297778926062 -0.07730196125773148 -0.03723107650248754 -0.0971143327497604 0.014726573747669704 0.0699511070389609 0.012983684962064921
1 8 -0.08516312147761525 0.0661366046844883 -0.023332532746497634 0.006962787225589957 0.0030926544463878093 -0.015387024290584733 0.0534043356257347 0.07012276072148937 -0.03778771531377369 0.07895903235920847
1 9 -0.09330386067294112 0.08482240346342267 -0.04712738288139526 0.03418819029056674 -0.05590701999053193 -0.027575641056296854 -0.020152374409263915 0.09478549307464937 0.09382303315170253 -0.027030452438653797
2 0 0.07033303568780626
2 1 -0.007930214884227767
2 2 0.08100869604692493
2 3 -0.04517089060654371
2 4 -0.041340163043291904
2 5 -0.04004836419165727
2 6 0.026052827194146536
2 7 -0.030603092820146848
2 8 -0.010153624725391027
2 9 0.06422268992154403
