167	0	0.5144750648926193
167	1	0.5144757315013326
167	2	0.5144748354503352
167	3	0.5144748355378919
167	4	0.5144748354552305
167	5	0.5144748354503353
167	6	0.5144776863252232
167	7	0.5144748354503352
167	8	0.5144783694587666
167	9	0.5144748354528845
167	10	0.5144748371941938
167	11	0.514475594202085
167	12	0.5144748354503352
168	0	0.5145222483159096
168	1	0.5144748354528911
168	2	0.5144776940816864
168	3	0.5144748354503352
168	4	0.5144748371988798
168	5	0.5144748354503352
168	6	0.5144748354556249
168	7	0.514478379667714
168	8	0.5144755962000032
168	9	0.514475065537159
168	10	0.514474835556547
168	11	0.5144748354503352
168	12	0.5144757341042134
168	13	0.5144748354503353
168	14	0.5144748799344493
168	15	0.5145016583552229
169	0	0.5144748354556145
169	1	0.5144748354503352
169	2	0.5144748354528845
169	3	0.5144750648854465
169	4	0.514474835550814
169	5	0.5144783779978035
169	6	0.5144748354503352
169	7	0.5144755941381756
169	8	0.5144748354503352
169	9	0.5144748354503353
169	10	0.5144748371943862
169	11	0.514477686810038
169	12	0.5144757316113407
170	0	0.5144776816441204
170	1	0.5144748354503352
170	2	0.5144748371913378
170	3	0.5144748354556042
170	4	0.5144750645431928
170	5	0.5144748355474342
170	6	0.5144783724807614
170	7	0.5144748354528804
170	8	0.5144757301835068
170	9	0.5144755929708964
170	10	0.5144748354503353
170	11	0.5144748354503352
170	12	0.5144748354503352
171	0	0.5144750656135157
171	1	0.514475596482666
171	2	0.5144748354503352
171	3	0.5144748354528922
171	4	0.5144748355514503
171	5	0.5144748354556299
171	6	0.5144748354503352
171	7	0.5144783859634208
171	8	0.5144748354503352
171	9	0.5144757344176065
171	10	0.5144776959225842
171	11	0.5144748354503353
171	12	0.5144748372001068
172	0	0.5144748354529014
172	1	0.5144748355246048
172	2	0.5144748354503352
172	3	0.5144748354503353
172	4	0.5144748354503352
172	5	0.514474837206017
172	6	0.5144777056000097
172	7	0.514475599387145
172	8	0.5144783814169887
172	9	0.5144750664942814
172	10	0.5144748354556472
172	11	0.5144757375648168
172	12	0.5144748354503352
173	0	0.5144748354529144
173	1	0.5144777200053428
173	2	0.5144750676260915
173	3	0.5144757419403645
173	4	0.5144748355498991
173	5	0.5144748354503352
173	6	0.514474835455674
173	7	0.5144748354503352
173	8	0.5144748354503353
173	9	0.514478404784593
173	10	0.5144756031646216
173	11	0.5144748354503352
173	12	0.5144748372153173
174	0	0.5144748354556214
174	1	0.5144748371976898
174	2	0.5144776924311474
174	3	0.5144757334095049
174	4	0.5144748354503352
174	5	0.5144748355455456
174	6	0.5144748354503352
174	7	0.5144748354503353
174	8	0.5144748354503352
174	9	0.5144783683978447
174	10	0.5144755957319028
174	11	0.5144750653928003
174	12	0.5144748354528897
175	0	0.5144776853586339
175	1	0.5144748354528825
175	2	0.5144748354503352
175	3	0.5144748371936717
175	4	0.5144748354503352
175	5	0.5144748354556125
175	6	0.5144750648107785
175	7	0.5144755938361503
175	8	0.5144757313696756
175	9	0.5144748355488549
175	10	0.5144748354503353
175	11	0.514478357300901
175	12	0.5144748354503352
176	0	0.5144776939117789
176	1	0.514474837198858
176	2	0.5144748354503352
176	3	0.514478367698859
176	4	0.5144755961081867
176	5	0.5144748354528905
176	6	0.5144748354556243
176	7	0.5144748355521674
176	8	0.5144748354503352
176	9	0.5144748354503352
176	10	0.5144748354503353
176	11	0.5144750655252851
176	12	0.5144757339311948
177	0	0.5144755982451062
177	1	0.5144748354503352
177	2	0.5144777020157505
177	3	0.514474835535345
177	4	0.51447483720389
177	5	0.5144748354556394
177	6	0.5144748354503352
177	7	0.5144750661430303
177	8	0.5144748354528982
177	9	0.5144783825056255
177	10	0.5144748354503352
177	11	0.5144757363929837
177	12	0.5144748354503353
178	0	0.5144755936416257
178	1	0.5144748354503352
178	2	0.5144757309027375
178	3	0.5144748371931027
178	4	0.5144776845929242
178	5	0.5144748355482371
178	6	0.5144748354503352
178	7	0.5144783828444729
178	8	0.5144748354503352
178	9	0.5144748354528826
178	10	0.5144748354556099
178	11	0.5144750647558569
178	12	0.5144748354503353
179	0	0.5144750649056935
179	1	0.5144748354503352
179	2	0.5144748354503352
179	3	0.5144748371937551
179	4	0.5144755942922545
179	5	0.5144748355509878
179	6	0.5144776869889461
179	7	0.5144757318003642
179	8	0.5144748354503352
179	9	0.5144748354503353
179	10	0.5144748354556122
179	11	0.5144748354528846
179	12	0.5144783793504752
180	0	0.5144776882702948
180	1	0.5144748354503352
180	2	0.5144750650733236
180	3	0.5144748354503352
180	4	0.5144757322437742
180	5	0.5144748354503353
180	6	0.5144783702079521
180	7	0.5144748355500882
180	8	0.5144748354503352
180	9	0.514474835455614
180	10	0.5144748354528862
180	11	0.5144748371957157
180	12	0.5144755947792105
181	0	0.5144748355438546
181	1	0.5144748354503352
181	2	0.5144748354503352
181	3	0.5144748354503353
181	4	0.5144776888531283
181	5	0.5144755946831409
181	6	0.5144753505936348
181	7	0.5144748354503352
181	8	0.5144783685608961
181	9	0.5144748371955119
181	10	0.5144748354556145
181	11	0.514475065086943
181	12	0.5144748354528861
182	0	0.5144750650878622
182	1	0.5144748354528865
182	2	0.5144748355439194
182	3	0.5144748354503352
182	4	0.5144748354556191
182	5	0.514475594844033
182	6	0.5144748354503352
182	7	0.5144783806568684
182	8	0.5144748371958592
182	9	0.5144748354503352
182	10	0.5144753506997547
182	11	0.5144776891798897
182	12	0.5144748354503353
183	0	0.5144748354503352
183	1	0.5144750695715566
183	2	0.5144748354529364
183	3	0.5144756093779222
183	4	0.514474835455721
183	5	0.5144748354503352
183	6	0.5144748355488536
183	7	0.5144784340827941
183	8	0.5144748354503352
183	9	0.5144748354503353
183	10	0.5144777438390027
183	11	0.5144748372299423
183	12	0.5144753604936723
184	0	0.5144748354528907
184	1	0.514475065483375
184	2	0.51447483553026
184	3	0.5144755960482476
184	4	0.5144748354503352
184	5	0.5144748354503352
184	6	0.5144748354556274
184	7	0.514478384820636
184	8	0.5144753514829915
184	9	0.5144748354503352
184	10	0.5144748354503353
184	11	0.5144748371988294
184	12	0.5144776938141625
185	0	0.5144748354528885
185	1	0.5144750652795357
185	2	0.5144748355327801
185	3	0.5144755953510102
185	4	0.5144748354556198
185	5	0.5144748354503352
185	6	0.514478381220507
185	7	0.5144748354503352
185	8	0.5144776906987764
185	9	0.5144748371969717
185	10	0.5144753510209098
185	11	0.5144748354503352
185	12	0.5144748354503353
186	0	0.5144748355429573
186	1	0.5144748354503352
186	2	0.5144776886950838
186	3	0.5144748354503353
186	4	0.5144748354503352
186	5	0.5144755948328336
186	6	0.5144753506112315
186	7	0.5144750651195172
186	8	0.5144748371957708
186	9	0.5144748354503352
186	10	0.514478386049452
186	11	0.5144748354528869
186	12	0.5144748354556202
187	0	0.5144748354503352
187	1	0.5144755948047488
187	2	0.5144783786781327
187	3	0.5144748354528864
187	4	0.5144748354503352
187	5	0.5144748354503352
187	6	0.5144748355409129
187	7	0.5144776891893716
187	8	0.5144753506645129
187	9	0.514475065119487
187	10	0.5144748371959037
187	11	0.5144748354556188
187	12	0.5144748354503353
188	0	0.5144753502961984
188	1	0.5144748354503352
188	2	0.5144755943440645
188	3	0.5144748354503352
188	4	0.5144748354503352
188	5	0.5144748355381892
188	6	0.5144750649531594
188	7	0.5144776871637624
188	8	0.5144748354556135
188	9	0.514474835452885
188	10	0.5144748354503353
188	11	0.5144748371947669
188	12	0.5144783802768078
189	0	0.5145314071105243
189	1	0.5144748354528791
189	2	0.5144748354503352
189	3	0.5144776811491701
189	4	0.5144748371909182
189	5	0.5144748354503352
189	6	0.5144748354556031
189	7	0.5144783548526196
189	8	0.5144750644855167
189	9	0.5144748355436181
189	10	0.5144755928450236
190	0	0.5144748354528881
190	1	0.5144748354503352
190	2	0.5144748371968337
190	3	0.5144748354503352
190	4	0.5144776907476319
190	5	0.5144748354503352
190	6	0.5144748355584711
190	7	0.5144755952556122
190	8	0.5144748354556214
190	9	0.5144753664666136
190	10	0.5144783710908317
190	11	0.5144748354503353
190	12	0.5144750652474294
191	0	0.5144748354528889
191	1	0.5144748354503352
191	2	0.5144776917027353
191	3	0.5144748371976252
191	4	0.5144748354503352
191	5	0.5144748354503352
191	6	0.5144783643824826
191	7	0.514474835541171
191	8	0.5144755955694315
191	9	0.5144748354556234
191	10	0.5144748354503353
191	11	0.5144753511517705
191	12	0.5144750653359207
192	0	0.514474835534254
192	1	0.5144748354503353
192	2	0.5144750649662182
192	3	0.5144748354503352
192	4	0.514475594417631
192	5	0.5144748354503352
192	6	0.5144748354528852
192	7	0.5144783762357865
192	8	0.5144748354556126
193	0	0.5144748354528846
193	1	0.5144777794390306
193	2	0.5144748354503352
193	3	0.5144748354503352
193	4	0.5144748372519572
193	5	0.5144753668527644
193	6	0.5144783773480733
193	7	0.5144748355415903
193	8	0.5144748354503352
193	9	0.5144748354503353
193	10	0.5144748354556148
193	11	0.5144755942928096
193	12	0.5144750649552035
194	0	0.5144748372001807
194	1	0.5144776961097003
194	2	0.5144748354528931
194	3	0.5144748354503352
194	4	0.5144748354503352
194	5	0.5144750656807121
194	6	0.5144755967068693
194	7	0.5144783786702077
194	8	0.5144748354556322
194	9	0.5144753519559676
194	10	0.5144748355458333
194	11	0.5144748354503352
194	12	0.5144748354503353
195	0	0.5144748354503352
195	1	0.5144748355255084
195	2	0.5144748354503353
195	3	0.5144748354503352
195	4	0.5144748354503352
195	5	0.5144748372161468
195	6	0.5144756034719536
195	7	0.5144750677597004
195	8	0.5144748354556773
195	9	0.5144748354529155
195	10	0.5144777217730211
195	11	0.5144753565001402
195	12	0.5144784131364653
196	0	0.5144748354503353
196	1	0.5144755942314517
196	2	0.5144748371944761
196	3	0.5144776865894359
196	4	0.5144783598429623
196	5	0.5144753502512529
196	6	0.5144748354528843
196	7	0.5144748355358955
196	8	0.514475064939119
196	9	0.5144748354503352
196	10	0.5144748354503352
196	11	0.5144748354503352
196	12	0.5144748354556152
197	0	0.5144748354503352
197	1	0.5144748354556108
197	2	0.5144748355393038
197	3	0.5144755938711688
197	4	0.5144748354503352
197	5	0.5144748354503353
197	6	0.5144748354528833
197	7	0.5144748371937556
197	8	0.5144783719741998
197	9	0.5144750648202915
197	10	0.5144753500443403
197	11	0.5144748354503352
197	12	0.5144776857010332
198	0	0.5144756035895162
198	1	0.5144748372162153
198	2	0.5144748355458458
198	3	0.5144748354503352
198	4	0.5144748354503353
198	5	0.5144748354556817
198	6	0.5144748354503352
198	7	0.5144750077657436
198	8	0.5144750678179228
198	9	0.5144748354529168
198	10	0.5144784174246323
198	11	0.5144748354503352
198	12	0.5144777222429143
199	0	0.5144748354528993
199	1	0.5144748354503352
199	2	0.5144777029896034
199	3	0.5144748354503352
199	4	0.5144750662667074
199	5	0.5144748354503352
199	6	0.5144755987495722
199	7	0.5144748372049444
199	8	0.5144748354503353
199	9	0.5144750066340706
199	10	0.5144748354556448
199	11	0.5144783925842488
199	12	0.5144748355378499
200	0	0.5144748354503352
200	1	0.5144748354556323
200	2	0.514478395133181
200	3	0.5144748355333585
200	4	0.5144750061985148
200	5	0.5144776964807868
200	6	0.5144748354503353
200	7	0.5144748354503352
200	8	0.5144748354528936
200	9	0.5144748372003999
200	10	0.5144748354503352
200	11	0.5144755968352908
200	12	0.5144750657254068
201	0	0.5144748355339203
201	1	0.5144750654169974
201	2	0.5144748354503352
201	3	0.5144748354503352
201	4	0.5144748354556242
201	5	0.5144748354528904
201	6	0.514478372433215
201	7	0.5144755958808627
201	8	0.5144748371985192
201	9	0.5144776934269568
201	10	0.5144748354503352
201	11	0.5144748354503353
201	12	0.5144750060491557
202	0	0.5144748372220656
202	1	0.5144748354503352
202	2	0.5144748354503353
202	3	0.5144748355475897
202	4	0.5144750685803108
202	5	0.5144777315104635
202	6	0.5144784311074215
202	7	0.5144748354503352
202	8	0.5144748354529253
202	9	0.5144750083140621
202	10	0.5144748354556978
202	11	0.5144756061900475
202	12	0.5144748354503352
203	0	0.5144783934723356
203	1	0.5144750660942665
203	2	0.5144748354503352
203	3	0.5144748354528975
203	4	0.5144755979866049
203	5	0.514474835455641
203	6	0.514474835539267
203	7	0.5144748354503352
203	8	0.5144777012630074
203	9	0.5144748372036813
203	10	0.5144748354503352
203	11	0.5144750065134397
203	12	0.5144748354503353
204	0	0.5144748355389684
204	1	0.5144756469558713
204	2	0.5144748354503353
204	3	0.5144748354503352
204	4	0.5144748396085628
204	5	0.5144748354503352
204	6	0.5144777973011104
204	7	0.5144748354503352
204	8	0.5144748354529848
204	9	0.5144750739568981
204	10	0.51447483545582
204	11	0.5144750122609053
204	12	0.514478511813698
205	0	0.5144748354556685
205	1	0.5144750673608676
205	2	0.5144748355361344
205	3	0.5144756313886306
205	4	0.5144784026802178
205	5	0.5144748354503352
205	6	0.5144748354529117
205	7	0.5144748354503352
205	8	0.5144748395722925
205	9	0.5144748354503352
205	10	0.5144777170220748
205	11	0.5144750074508009
205	12	0.5144748354503353
206	0	0.5144783783118124
206	1	0.5144748354503352
206	2	0.5144748354528925
206	3	0.5144748354503352
206	4	0.5144748354556317
206	5	0.5144756255771123
206	6	0.5144748355364925
206	7	0.5144750656833249
206	8	0.5144748354503353
206	9	0.5144750061815971
206	10	0.5144748354503352
206	11	0.5144748395416566
206	12	0.5144776957941417
207	0	0.5144748354556283
207	1	0.5144748354509575
207	2	0.5144748354503352
207	3	0.5144783882164241
207	4	0.514474835532634
207	5	0.5144748354503352
207	6	0.5144750655104458
207	7	0.5144756250092547
207	8	0.5144748354503352
207	9	0.5144748354503353
207	10	0.5144776939465263
207	11	0.5144750060725218
207	12	0.5144748395389143
208	0	0.5144748354556863
208	1	0.5144748354503352
208	2	0.5144784242664061
208	3	0.5144748354503352
208	4	0.5144748354505376
208	5	0.5144750681116644
208	6	0.5144756338099341
208	7	0.514474835543642
208	8	0.5144750079719758
208	9	0.5144777258688833
208	10	0.5144748354503352
208	11	0.5144748354503353
208	12	0.5144748395849442
209	0	0.5144756238574754
209	1	0.514474835535018
209	2	0.5144748354503352
209	3	0.5144750651801492
209	4	0.5144748354503352
209	5	0.5144748354505351
209	6	0.5144748354556195
209	7	0.5144783856238502
209	8	0.5144750058356204
209	9	0.5144748395330913
209	10	0.5144748354503352
209	11	0.5144748354503353
209	12	0.5144776902682795
210	0	0.5144748354505352
210	1	0.5144750652700776
210	2	0.5144748355459886
210	3	0.51447483545562
210	4	0.5144756242588245
210	5	0.5144783771396411
210	6	0.5144748354503352
210	7	0.5144748354503352
210	8	0.5144748354503352
210	9	0.5144750059020389
210	10	0.5144748354503353
210	11	0.5144776909971476
210	12	0.5144748395348996
211	0	0.5144748355431986
211	1	0.5144750678930299
211	2	0.5144748354503352
211	3	0.5144748354503352
211	4	0.5144756331197753
211	5	0.5144748354556838
211	6	0.5144748354505374
211	7	0.5144784243607575
212	0	0.5144756247163328
212	1	0.5144750654396724
212	2	0.5144748354505353
212	3	0.5144783793460853
212	4	0.5144748354503352
212	5	0.5144748355413132
212	6	0.5144748354556233
212	7	0.5144748354503352
212	8	0.5144748397253142
212	9	0.5144778229107695
212	10	0.5144750137967964
212	11	0.5144748354503353
212	12	0.5144748354503352
213	0	0.514478384908673
213	1	0.5144748355417809
213	2	0.5144750655687879
213	3	0.5144748354505354
213	4	0.5144748354503352
213	5	0.5144748354503352
213	6	0.5144756252877667
213	7	0.5144748354556278
213	8	0.5144748354503353
213	9	0.5144776945251239
213	10	0.5144748354503352
213	11	0.5144748395397596
213	12	0.5144750060979381
214	0	0.5144776973548965
214	1	0.51447500626463
214	2	0.5144750658163381
214	3	0.5144748395437024
214	4	0.5144748354505356
214	5	0.5144748354556349
214	6	0.5144748355377449
214	7	0.5144748354503353
214	8	0.5144748354503352
214	9	0.5144748354503352
214	10	0.5144748354503352
214	11	0.5144783756923911
214	12	0.5144756260788791
215	0	0.514474835540173
215	1	0.5144756251530432
215	2	0.5144748354503353
215	3	0.5144750655867597
215	4	0.5144748395404322
215	5	0.5144776951258759
215	6	0.5144748354505354
215	7	0.5144750061196295
215	8	0.5144748354503352
215	9	0.5144748354503352
215	10	0.5144783889581311
215	11	0.5144748354556301
215	12	0.5144748354503352
216	0	0.5144748395960633
216	1	0.514475008437084
216	2	0.5144756359637567
216	3	0.5144750687436452
216	4	0.5144748354503352
216	5	0.5144748354503352
216	6	0.5144748354557026
216	7	0.5144748354505382
216	8	0.5144748355509164
216	9	0.5144748354503353
216	10	0.5144777337808311
216	11	0.5144784359240593
216	12	0.5144748354503352
217	0	0.5144750059529529
217	1	0.514474835523365
217	2	0.5144748354503352
217	3	0.5144748354556229
217	4	0.5144776918080676
217	5	0.5144783759867644
217	6	0.5144748395365621
217	7	0.5144748354505352
217	8	0.5144748354503353
217	9	0.5144748354503352
217	10	0.5144750653738444
217	11	0.5144748354503352
217	12	0.514475624612444
218	0	0.514474835543326
218	1	0.5144748354503352
218	2	0.51447837808721
218	3	0.5144776954828085
218	4	0.5144748395411017
218	5	0.5144750061693345
218	6	0.5144756253874854
218	7	0.5144748354503352
218	8	0.5144748354505354
218	9	0.5144750656263936
218	10	0.5144748354503353
218	11	0.5144748354503352
218	12	0.5144748354556293
219	0	0.5144750060801285
219	1	0.5144748354503352
219	2	0.5144748395393345
219	3	0.5144756250925958
219	4	0.5144750655249478
219	5	0.5144748354503352
219	6	0.5144748354503353
219	7	0.5144748354505354
219	8	0.5144748354556261
219	9	0.5144748355433924
219	10	0.5144748354503352
219	11	0.5144776946672831
219	12	0.5144783781982382
220	0	0.5144750654269931
220	1	0.5144748354505353
220	2	0.5144748355362966
220	3	0.5144748354556267
220	4	0.5144748395375147
220	5	0.5144750060222545
220	6	0.5144756247561396
220	7	0.5144783720119158
220	8	0.5144748354503352
220	9	0.5144748354503352
220	10	0.5144748354503353
220	11	0.5144776929040088
220	12	0.5144748354503352
221	0	0.5144748354556132
221	1	0.5144748354503352
221	2	0.5144748395743541
221	3	0.514475067515563
221	4	0.5144748354503353
221	5	0.5144748354503352
221	6	0.5144748354503352
221	7	0.5144748355411751
221	8	0.5144784067199224
221	9	0.5144756318334122
221	10	0.5144777184910856
221	11	0.5144748354505371
221	12	0.5144750075553793
222	0	0.5144776946236719
222	1	0.5144783810336427
222	2	0.5144750061123798
222	3	0.514474835455629
222	4	0.5144748355394284
222	5	0.5144756252754702
222	6	0.5144748395406462
222	7	0.5144748354503352
222	8	0.5144748354503353
222	9	0.5144750656048785
222	10	0.5144748354503352
222	11	0.5144748354503352
222	12	0.5144748354505354
223	0	0.5144748354556419
223	1	0.51447483554683
223	2	0.5144748354503353
223	3	0.5144748395489744
223	4	0.5144748354505359
223	5	0.5144783998197963
223	6	0.5144748354503352
223	7	0.5144748354503352
223	8	0.5144750065048795
223	9	0.5144756270036072
223	10	0.5144777014009939
223	11	0.5144748354503352
223	12	0.5144750661038319
224	0	0.514474835450536
224	1	0.5144748355384458
224	2	0.5144783842921403
224	3	0.514474835455643
224	4	0.5144756273603335
224	5	0.5144748354503352
224	6	0.5144748354503353
224	7	0.514475006583836
224	8	0.5144750662215981
224	9	0.5144777028232138
224	10	0.5144748354503352
224	11	0.5144748354503352
224	12	0.5144748395522387
225	0	0.5144748355157239
225	1	0.5144748354503353
225	2	0.5144750662430886
225	3	0.5144748354503352
225	4	0.5144777029729721
225	5	0.5144748395517116
225	6	0.5144748354503352
225	7	0.514474835450536
225	8	0.5144748354503352
225	9	0.5144783925774283
225	10	0.5144750066329484
225	11	0.5144748354556447
225	12	0.5144756276619619
226	0	0.5144750666132126
226	1	0.514474835546426
226	2	0.5144748354503352
226	3	0.5144748354503353
226	4	0.5144748354503352
226	5	0.5144748354503352
226	6	0.5144784100772999
226	7	0.5144748354505363
226	8	0.5144777077409113
226	9	0.514474839558863
226	10	0.5144750068807469
226	11	0.514474835455652
226	12	0.514475628779403
227	0	0.5144777508215723
227	1	0.5144748354503353
227	2	0.5144748354503352
227	3	0.5144748354557332
227	4	0.5144748355405132
227	5	0.5144750094914806
227	6	0.5144748354503352
227	7	0.5144748354505394
227	8	0.5144756408033667
227	9	0.5144748354503352
227	10	0.5144748396217318
227	11	0.5144784470968167
227	12	0.5144750701988929
228	0	0.5144748354505354
228	1	0.5144748355462636
228	2	0.5144748354503353
228	3	0.5144748395406818
228	4	0.5144748354556316
228	5	0.5144748354503352
228	6	0.5144783936281043
228	7	0.5144750656097756
228	8	0.5144776957589151
228	9	0.5144756254075098
228	10	0.5144750061649283
228	11	0.5144748354503352
228	12	0.5144748354503352
229	0	0.5144748354503352
229	1	0.5144756314522551
229	2	0.5144748395731435
229	3	0.5144777174679075
229	4	0.5144748354556704
229	5	0.5144748355428709
229	6	0.5144748354503352
229	7	0.5144750074776594
229	8	0.5144748354503353
229	9	0.5144784096692635
229	10	0.5144748354503352
229	11	0.5144750674483525
229	12	0.5144748354505371
230	0	0.5144748354503352
230	1	0.5144748354503352
230	2	0.5144748395384194
230	3	0.514474835455628
230	4	0.514475624945666
230	5	0.5144750654724859
230	6	0.5144748355431473
230	7	0.5144776936940724
230	8	0.5144748354505353
230	9	0.514475006050557
230	10	0.5144748354503353
230	11	0.5144748354503352
230	12	0.5144783778953076
231	0	0.5145827285060051
231	1	0.5144748355507239
231	2	0.5144750087544014
231	3	0.5144748354503352
231	4	0.5144748354503352
231	5	0.5144748354503352
231	6	0.5144748354506288
231	7	0.5144749795857242
231	8	0.5144748354503353
231	9	0.5144861675968609
231	10	0.5144779299632626
231	11	0.5144750692776681
231	12	0.5144784262648466
231	13	0.5144748396060893
231	14	0.5144756902255812
231	15	0.5144772135058496
231	16	0.5144748355527652
232	0	0.5144748355534563
232	1	0.5144748355585832
232	2	0.5144758398122669
232	3	0.514475058507611
232	4	0.5144748354503352
232	5	0.5144748354503352
232	6	0.5144782743097147
232	7	0.5144748354506152
232	8	0.514475435396335
232	9	0.5144785162081488
232	10	0.5144748354503352
232	11	0.5144777893663876
232	12	0.5144748394149807
232	13	0.5144750008921997
232	14	0.5144748354503353
233	0	0.5144754563665912
233	1	0.5144748354503352
233	2	0.5144748354503352
233	3	0.5144758251327186
233	4	0.5144748392849962
233	5	0.5144748355406235
233	6	0.5144748355500826
233	7	0.5144748354503353
233	8	0.5144781764026259
233	9	0.5144748354503352
233	10	0.5144786430261061
233	11	0.5144750512651002
233	12	0.5144776937462909
233	13	0.5144748354506061
233	14	0.5144749955025882
234	0	0.5144748355508245
234	1	0.5144748354503352
234	2	0.5144748354506081
234	3	0.5144777150668739
234	4	0.5144786714228723
234	5	0.5144748354503353
234	6	0.5144748393146874
234	7	0.5144748354503352
234	8	0.5144748355487206
234	9	0.5144750528833804
234	10	0.5144754612475222
234	11	0.5144758325821092
234	12	0.5144781990898146
234	13	0.5144748354503352
234	14	0.5144749967138675
235	0	0.5144782883827013
235	1	0.5144748354503352
235	2	0.5144748355524726
235	3	0.5144754814476616
235	4	0.5144748354503352
235	5	0.5144750599524367
235	6	0.5144748354504948
235	7	0.5144787943637272
235	8	0.5144748355540695
235	9	0.5144758641859747
236	0	0.5144758252869308
236	1	0.5144748354503352
236	2	0.5144750512934746
236	3	0.5144748354504884
236	4	0.5144781612648142
236	5	0.5144786440595599
236	6	0.5144748355251665
236	7	0.5144748355500506
236	8	0.514475456647317
236	9	0.5144748354503352
237	0	0.5144748354504899
237	1	0.5144754625456586
237	2	0.5144758347247123
237	3	0.5144750155222734
237	4	0.5144786800643667
237	5	0.514478197397032
237	6	0.5144748355508948
237	7	0.5144748354503352
237	8	0.5144748355510307
237	9	0.51447483963599
237	10	0.5144748354503353
237	11	0.5144748354503352
237	12	0.5144748354503352
237	13	0.5144750534216636
237	14	0.5144780506922916
238	0	0.5144748355526368
238	1	0.5144783098681207
238	2	0.5144758705904651
238	3	0.5144748354503352
238	4	0.5144754856010215
238	5	0.5144788191751116
238	6	0.514475061375157
238	7	0.5144748355545822
238	8	0.5144748354503671
238	9	0.5144748354503352
239	0	0.5144786468069998
239	1	0.514475457057333
239	2	0.5144748355449645
239	3	0.5144781589716657
239	4	0.5144748355499345
239	5	0.5144748354503352
239	6	0.5144748354503548
239	7	0.5144750514861253
239	8	0.5144748354503352
239	9	0.5144758262276515
240	0	0.5144768849993704
240	1	0.5144748355517899
240	2	0.5144787074585042
240	3	0.5144782201895076
240	4	0.5144748355515906
240	5	0.5144750549486737
240	6	0.5144758416393582
240	7	0.5144748354503389
240	8	0.5144748354503352
240	9	0.5144754671204969
240	10	0.5144748354503352
241	0	0.5144754579180114
241	1	0.5144748354503352
241	2	0.5144750517938899
241	3	0.5144748354503389
241	4	0.5144781737196404
241	5	0.5144748355413851
241	6	0.5144758275964404
241	7	0.5144748355501176
241	8	0.5144786527307839
241	9	0.5144748354503352
241	10	0.5144769617709021
241	11	0.5144748399967664
241	12	0.5144748354503352
241	13	0.5144748354503353
241	14	0.514475025001318
241	15	0.5144782178525164
242	0	0.5144748355377072
242	1	0.5144748355501532
242	2	0.5144758261378811
242	3	0.5144781753051016
242	4	0.5144748354503352
242	5	0.5144748354503352
242	6	0.5144748354503389
242	7	0.5144754571672211
242	8	0.5144769586644866
242	9	0.5144786472501792
242	10	0.5144750515008666
243	0	0.514475051387061
243	1	0.514475456849898
243	2	0.5144781687558974
243	3	0.5144748355494331
243	4	0.5144748354503352
243	5	0.5144748354503352
243	6	0.5144748354503389
243	7	0.5144758258882409
243	8	0.5144769575962843
243	9	0.5144748355499602
243	10	0.514478645972236
244	0	0.514474835547854
244	1	0.5144748354503352
244	2	0.5144748354503352
244	3	0.5144748354503388
244	4	0.514476015251218
244	5	0.5144769115791742
245	0	0.5144779844403152
245	1	0.5144748355579004
245	2	0.5144750571988417
245	3	0.5144748355511677
245	4	0.514475473519744
245	5	0.5144750118449916
245	6	0.5144748354503352
245	7	0.5144748354503353
245	8	0.5144748354503353
245	9	0.5144748354503352
245	10	0.5144782481520424
245	11	0.5144787463729056
245	12	0.514474839680639
245	13	0.5144760566044544
245	14	0.5144748354503352
246	0	0.5144786490913603
246	1	0.5144748354503352
246	2	0.5144748354503353
246	3	0.5144749957780779
246	4	0.5144748392911692
246	5	0.5144748354503352
246	6	0.5144754575662814
246	7	0.5144750516499987
246	8	0.5144760420110432
246	9	0.5144748354503353
246	10	0.5144748355534524
246	11	0.5144748355500102
246	12	0.5144781662220389
246	13	0.5144776991013732
246	14	0.5144748354503352
247	0	0.5144781796229552
247	1	0.5144754586956682
247	2	0.5144748355503846
247	3	0.5144748355533553
247	4	0.5144750520485364
247	5	0.5144748354503352
247	6	0.5144786572557508
247	7	0.5144771508767985
247	8	0.5144748354503352
247	9	0.5144748354503353
247	10	0.5144760444324286
248	0	0.5144748354503352
248	1	0.5144748354503353
248	2	0.5144750075172246
248	3	0.5144756020213457
248	4	0.5144748355497473
248	5	0.5144760812706153
248	6	0.5144754783561515
248	7	0.5144748354503353
248	8	0.5144748354503352
248	9	0.5144750588867941
248	10	0.5144748395760133
248	11	0.5144782637414503
248	12	0.5144748354503352
248	13	0.5144779078490925
248	14	0.5144748356221721
248	15	0.5144787755578691
249	0	0.5144748393859178
249	1	0.5144760707942269
249	2	0.514475648589928
249	3	0.5144748354503352
249	4	0.5144748354503352
249	5	0.5144748356245825
249	6	0.5144750569262854
249	7	0.5144749996931307
249	8	0.5144754727644143
249	9	0.5144787412886783
249	10	0.5144748355437869
249	11	0.5144793276849885
249	12	0.5144748354503352
249	13	0.5144748354503353
249	14	0.514477768146704
249	15	0.5144748354503352
249	16	0.5144782597484362
250	0	0.5144794840657513
250	1	0.5144782152771854
250	2	0.5144748354503353
250	3	0.5144748356223672
250	4	0.5144748354503352
250	5	0.5144748354503352
250	6	0.5144760551973486
250	7	0.5144754644532455
250	8	0.5144786914970298
250	9	0.5144750540465176
250	10	0.5144748355592605
250	11	0.514475638345106
250	12	0.5144772783363452
250	13	0.5144748354503352
250	14	0.5144749975675642
250	15	0.5144748354503352
250	16	0.5144748393355709
250	17	0.5144777304636952
251	0	0.5144748354503352
251	1	0.5144794871020211
251	2	0.5144748354503353
251	3	0.514475457676487
251	4	0.5144760424186468
251	5	0.5144748354503352
251	6	0.5144756298229534
251	7	0.514475051694522
251	8	0.5144748354503352
251	9	0.5144748356202523
251	10	0.5144781697413963
251	11	0.5144748354503352
251	12	0.5144748392930433
251	13	0.5144748355380574
251	14	0.5144776994205482
251	15	0.5144749958354685
251	16	0.5144786510904105
252	0	0.5144776927020144
252	1	0.5144748354503353
252	2	0.5144786419292989
252	3	0.5144748392842814
252	4	0.5144748354503352
252	5	0.5144748354503352
252	6	0.5144781674955675
252	7	0.5144749954578646
252	8	0.5144748355379891
252	9	0.5144750512121348
252	10	0.5144756281542711
252	11	0.5144760398575059
252	12	0.5144748354503352
252	13	0.5144754563752006
252	14	0.5144748356197945
252	15	0.5144794774586814
252	16	0.5144748354503352
253	0	0.5144754581897599
253	1	0.5144748354503352
253	2	0.514478654348206
253	3	0.5144794904275088
253	4	0.5144781843831406
253	5	0.5144748356202529
253	6	0.5144750518795203
253	7	0.5144760434661768
253	8	0.5144748355529949
253	9	0.5144748354503352
253	10	0.5144756305743825
253	11	0.5144748354503353
253	12	0.5144748354503352
253	13	0.5144777025916474
253	14	0.5144748354503352
253	15	0.5144749959953882
253	16	0.514474839297083
253	17	0.5144771178975016
254	0	0.5144748356200939
254	1	0.5144748354503352
254	2	0.5144750514320229
254	3	0.5144748355323038
254	4	0.5144760409662542
254	5	0.5144756288792034
254	6	0.5144748354503352
254	7	0.5144748354503353
254	8	0.514479481901379
254	9	0.5144786467154394
254	10	0.5144754570389517
254	11	0.5144781655893369
254	12	0.5144776961349982
254	13	0.5144749956324322
254	14	0.5144748354503352
254	15	0.5144748392883991
254	16	0.5144748354503352
254	17	0.5144769579540949
255	0	0.514478171280685
255	1	0.5144748355455355
255	2	0.5144786502601842
255	3	0.5144748354503353
255	4	0.5144794862948064
255	5	0.5144748354503352
255	6	0.5144760423203847
255	7	0.514475629804577
255	8	0.514475051683642
255	9	0.5144754576361458
255	10	0.5144748354503352
255	11	0.5144748356203241
255	12	0.5144769603487368
255	13	0.5144748392926198
255	14	0.5144748354503352
255	15	0.5144776993883566
255	16	0.5144749958253718
255	17	0.5144748354503352
255	18	0.5144748727391485
255	19	0.5144755094773459
256	0	0.5144748356170052
256	1	0.5144748354503352
256	2	0.5144748354503352
256	3	0.514475047339358
256	4	0.5144781117515869
256	5	0.5144769181570602
257	0	0.5144748490887564
257	1	0.5144748354503352
257	2	0.5144748355463468
257	3	0.5144748354503353
257	4	0.5144781987686181
257	5	0.5144748354503352
257	6	0.514478746048621
257	7	0.5144754734514607
257	8	0.5144748356216627
257	9	0.514475053617312
257	10	0.5144748354503352
257	11	0.5144795999590122
257	12	0.5144757034991352
257	13	0.5144760722433753
258	0	0.5144748354503352
258	1	0.5144748492003276
258	2	0.5144748355591812
258	3	0.5144748354503352
258	4	0.5144796351698521
258	5	0.5144760816054902
258	6	0.5144782835969338
258	7	0.5144748354503353
258	8	0.5144754785127865
258	9	0.5144750589367507
258	10	0.5144787764190623
258	11	0.5144748356261065
258	12	0.5144757326518882
258	13	0.5144748354503352
259	0	0.5144794823185922
259	1	0.5144754570399597
259	2	0.5144781602090072
259	3	0.5144748354503352
259	4	0.5144748356198326
259	5	0.5144748354503353
259	6	0.5144757033638891
259	7	0.5144750514812332
259	8	0.5144786471382002
259	9	0.5144748355595046
259	10	0.5144748354503352
259	11	0.514477214176466
259	12	0.5144760413756935
260	0	0.5144750571286821
260	1	0.514475029438699
260	2	0.5144787449949179
260	3	0.5144760718938879
260	4	0.5144748354503352
260	5	0.5144754734150601
260	6	0.5144775977991958
260	7	0.5144748354503352
260	8	0.5144748354503352
260	9	0.5144748354503353
260	10	0.5144748354503352
260	11	0.5144748355512411
260	12	0.5144795993760555
260	13	0.5144782631641825
260	14	0.5144757257150882
260	15	0.5144748401053133
260	16	0.5144748356247237
261	0	0.5144748354503352
261	1	0.5144748354503353
261	2	0.5144748354503352
261	3	0.5144781598314023
261	4	0.5144794724667983
261	5	0.5144750510291833
261	6	0.5144757014824385
261	7	0.5144754557531771
261	8	0.5144748355544317
261	9	0.5144749953447548
261	10	0.514478639258711
261	11	0.5144748392808309
261	12	0.5144748354503352
261	13	0.5144748356196703
261	14	0.5144760389009242
261	15	0.5144748354503352
261	16	0.514477691085863
262	0	0.5144750536288442
262	1	0.5144748354503352
262	2	0.5144795269362533
262	3	0.5144748354503352
262	4	0.5144760528535921
262	5	0.5144757118934727
262	6	0.5144749972632061
262	7	0.5144748355648897
262	8	0.5144748393278786
262	9	0.5144748356217348
262	10	0.5144748354503352
262	11	0.5144754633349972
262	12	0.5144786848093846
262	13	0.5144748354503353
262	14	0.5144782003236711
262	15	0.5144777250481563
262	16	0.5144748354503352
263	0	0.5144748355518942
263	1	0.5144796798952643
263	2	0.5144757410919844
263	3	0.5144748354503352
263	4	0.5144778224421281
263	5	0.5144754847093941
263	6	0.5144776989286871
263	7	0.5144748356279093
263	8	0.5144788137793748
263	9	0.5144748354503353
263	10	0.5144750027572913
263	11	0.5144748354503352
263	12	0.5144750611205505
263	13	0.5144756999360313
263	14	0.5144748354503352
263	15	0.5144748394606421
263	16	0.5144748354503352
263	17	0.5144773839268713
264	0	0.5144749954761141
264	1	0.5144748356199473
264	2	0.5144754563701217
264	3	0.5144748355553048
264	4	0.5144757024709907
264	5	0.5144750512246671
264	6	0.5144748354503352
264	7	0.5144748354503352
264	8	0.5144748392847827
264	9	0.5144775760525854
264	10	0.5144756713769171
264	11	0.5144776937110019
264	12	0.5144748354503352
264	13	0.5144786432113443
264	14	0.5144794781647515
264	15	0.5144748354503353
264	16	0.5144748354503352
265	0	0.5144748354503352
265	1	0.514478652409568
265	2	0.5144748354503352
265	3	0.5144749959159265
265	4	0.5144748354503352
265	5	0.5144748355903412
265	6	0.5144754580870649
265	7	0.5144750518211567
265	8	0.5144775828713776
265	9	0.5144748354503352
265	10	0.5144748392953438
265	11	0.5144748355685298
265	12	0.5144748354503353
265	13	0.5144757047833503
265	14	0.5144794893259298
265	15	0.514477701280158
265	16	0.5144756735602516
266	0	0.5144757022265336
266	1	0.514478788718188
266	2	0.5144748354503352
266	3	0.5144748354503353
266	4	0.5144748355952813
266	5	0.5144757353424817
266	6	0.5144748354503352
266	7	0.5144754805831497
266	8	0.5144750596503143
266	9	0.5144796498850623
266	10	0.5144776731619971
266	11	0.5144748355573582
266	12	0.5144772001842445
266	13	0.5144778036456791
266	14	0.5144748354503352
266	15	0.5144748354503352
266	16	0.514475001699192
266	17	0.5144748394346199
266	18	0.5144748545801701
267	0	0.5144748354503352
267	1	0.5144776937910189
267	2	0.5144748354503352
267	3	0.5144748392853554
267	4	0.5144748354503353
267	5	0.5144786439068373
267	6	0.5144748355898539
267	7	0.5144756716231896
267	8	0.514474835529517
267	9	0.5144748354503352
267	10	0.5144748354503352
267	11	0.5144794786330863
267	12	0.5144754565763793
267	13	0.51447499552643
267	14	0.5144775728412132
267	15	0.5144757027231015
267	16	0.5144750512959434
268	0	0.5144748355649912
268	1	0.5144748354503352
268	2	0.5144775783717366
268	3	0.5144750518770383
268	4	0.5144748355901232
268	5	0.5144757049692635
268	6	0.5144770370570854
268	7	0.5144754582834167
268	8	0.5144794910078534
268	9	0.5144786546276228
268	10	0.5144748354503353
268	11	0.5144748354503352
268	12	0.5144756739004986
269	0	0.5144748394448302
269	1	0.514478655200861
269	2	0.5144748354503353
269	3	0.5144778116223439
269	4	0.5144748354503352
269	5	0.5144748354503352
269	6	0.514474835590347
269	7	0.514475673991146
269	8	0.5144748355385151
269	9	0.5144748354503352
269	10	0.5144750519862001
269	11	0.5144750021231943
269	12	0.5144748354503352
269	13	0.5144757053466094
269	14	0.5144794927864004
269	15	0.5144754585552066
269	16	0.5144775886327406
270	0	0.5144748354503352
270	1	0.5144748355645941
270	2	0.5144748354503352
270	3	0.5144776163496223
270	4	0.5144795551788706
270	5	0.5144748354503353
270	6	0.5144754672600179
270	7	0.5144750550278668
270	8	0.5144787092992634
270	9	0.5144756853844449
270	10	0.5144748354503352
270	11	0.5144757173296346
270	12	0.5144748355921003
