167	0	2.2097506523132324
167	1	2.2097506523132324
167	2	-0.4692264497280121
167	3	-0.5347017049789429
167	4	0.3995629549026489
167	5	0.4396809935569763
167	6	2.2097506523132324
167	7	-1.3394277095794678
167	8	1.3730347156524658
167	9	2.2097506523132324
167	10	2.2097506523132324
167	11	0.5692570209503174
167	12	-0.8429287672042847
168	0	3.489840507507324
168	1	2.2097506523132324
168	2	2.2097506523132324
168	3	-0.8429287672042847
168	4	2.2097506523132324
168	5	-1.3394277095794678
168	6	0.3995629549026489
168	7	1.3730347156524658
168	8	0.5692570209503174
168	9	2.2097506523132324
168	10	0.5156763195991516
168	11	-0.4692264497280121
168	12	2.2097506523132324
168	13	0.4396809935569763
168	14	3.872128963470459
168	15	3.872128963470459
169	0	0.3995629549026489
169	1	-0.8429287672042847
169	2	2.2097506523132324
169	3	2.2097506523132324
169	4	0.5156763195991516
169	5	1.3730347156524658
169	6	-1.3394277095794678
169	7	0.5692570209503174
169	8	-0.4692264497280121
169	9	0.4396809935569763
169	10	2.2097506523132324
169	11	2.2097506523132324
169	12	2.2097506523132324
170	0	2.2097506523132324
170	1	-0.8429287672042847
170	2	2.2097506523132324
170	3	0.3995629549026489
170	4	2.2097506523132324
170	5	0.5156763195991516
170	6	1.3730347156524658
170	7	2.2097506523132324
170	8	2.2097506523132324
170	9	0.5692570209503174
170	10	0.4396809935569763
170	11	-1.3394277095794678
170	12	-0.4692264497280121
171	0	2.2097506523132324
171	1	0.5692570209503174
171	2	-0.8429287672042847
171	3	2.2097506523132324
171	4	0.5156763195991516
171	5	0.3995629549026489
171	6	-1.3394277095794678
171	7	1.3730347156524658
171	8	-0.4692264497280121
171	9	2.2097506523132324
171	10	2.2097506523132324
171	11	0.4396809935569763
171	12	2.2097506523132324
172	0	2.2097506523132324
172	1	0.5156763195991516
172	2	-0.8429287672042847
172	3	0.4396809935569763
172	4	-2.0020089149475098
172	5	2.2097506523132324
172	6	2.2097506523132324
172	7	0.5692570209503174
172	8	1.3730347156524658
172	9	2.2097506523132324
172	10	0.3995629549026489
172	11	2.2097506523132324
172	12	-0.4692264497280121
173	0	2.2097506523132324
173	1	2.2097506523132324
173	2	2.2097506523132324
173	3	2.2097506523132324
173	4	0.5156763195991516
173	5	-0.021459415555000305
173	6	0.8187403082847595
173	7	-0.6761068105697632
173	8	0.9162614345550537
173	9	1.3730347156524658
173	10	1.0458375215530396
173	11	-2.0020089149475098
173	12	2.2097506523132324
174	0	0.3995629549026489
174	1	2.2097506523132324
174	2	2.2097506523132324
174	3	2.2097506523132324
174	4	-0.4692264497280121
174	5	0.5156763195991516
174	6	-0.8429287672042847
174	7	0.4396809935569763
174	8	-2.0020089149475098
174	9	1.3730347156524658
174	10	0.5692570209503174
174	11	2.2097506523132324
174	12	2.2097506523132324
175	0	2.2097506523132324
175	1	2.2097506523132324
175	2	-0.8429287672042847
175	3	2.2097506523132324
175	4	-2.0020089149475098
175	5	0.3995629549026489
175	6	2.2097506523132324
175	7	0.5692570209503174
175	8	2.2097506523132324
175	9	0.5156763195991516
175	10	0.4396809935569763
175	11	1.3730347156524658
175	12	-0.4692264497280121
176	0	2.2097506523132324
176	1	2.2097506523132324
176	2	-0.4692264497280121
176	3	1.3730347156524658
176	4	0.5692570209503174
176	5	2.2097506523132324
176	6	0.3995629549026489
176	7	0.5156763195991516
176	8	-0.8429287672042847
176	9	-2.0020089149475098
176	10	0.4396809935569763
176	11	2.2097506523132324
176	12	2.2097506523132324
177	0	0.5692570209503174
177	1	-2.0020089149475098
177	2	2.2097506523132324
177	3	0.5156763195991516
177	4	2.2097506523132324
177	5	0.3995629549026489
177	6	-0.8429287672042847
177	7	2.2097506523132324
177	8	2.2097506523132324
177	9	1.3730347156524658
177	10	-0.4692264497280121
177	11	2.2097506523132324
177	12	0.4396809935569763
178	0	0.5692570209503174
178	1	-0.4692264497280121
178	2	2.2097506523132324
178	3	2.2097506523132324
178	4	2.2097506523132324
178	5	0.5156763195991516
178	6	-2.0020089149475098
178	7	1.3730347156524658
178	8	-0.8429287672042847
178	9	2.2097506523132324
178	10	0.3995629549026489
178	11	2.2097506523132324
178	12	0.4396809935569763
179	0	2.2097506523132324
179	1	-2.0020089149475098
179	2	-0.4692264497280121
179	3	2.2097506523132324
179	4	0.5692570209503174
179	5	0.5156763195991516
179	6	2.2097506523132324
179	7	2.2097506523132324
179	8	-0.8429287672042847
179	9	0.4396809935569763
179	10	0.3995629549026489
179	11	2.2097506523132324
179	12	1.3730347156524658
180	0	2.2097506523132324
180	1	-0.8429287672042847
180	2	2.2097506523132324
180	3	-0.4692264497280121
180	4	2.2097506523132324
180	5	0.4396809935569763
180	6	1.3730347156524658
180	7	0.5156763195991516
180	8	-2.0020089149475098
180	9	0.3995629549026489
180	10	2.2097506523132324
180	11	2.2097506523132324
180	12	0.5692570209503174
181	0	0.5156763195991516
181	1	-2.0020089149475098
181	2	-0.4692264497280121
181	3	0.4396809935569763
181	4	2.2097506523132324
181	5	0.5692570209503174
181	6	2.2097506523132324
181	7	-0.8429287672042847
181	8	1.3730347156524658
181	9	2.2097506523132324
181	10	0.3995629549026489
181	11	2.2097506523132324
181	12	2.2097506523132324
182	0	2.2097506523132324
182	1	2.2097506523132324
182	2	0.5156763195991516
182	3	-2.0020089149475098
182	4	0.3995629549026489
182	5	0.5692570209503174
182	6	-0.8429287672042847
182	7	1.3730347156524658
182	8	2.2097506523132324
182	9	-0.4692264497280121
182	10	2.2097506523132324
182	11	2.2097506523132324
182	12	0.4396809935569763
183	0	-2.0020089149475098
183	1	3.2736704349517822
183	2	3.4117445945739746
183	3	2.200946569442749
183	4	2.1034255027770996
183	5	-3.157958745956421
183	6	0.6214093565940857
183	7	2.455744981765747
183	8	0.9002326130867004
183	9	2.1938021183013916
183	10	3.2736704349517822
183	11	3.2736704349517822
183	12	3.2736704349517822
184	0	2.2097506523132324
184	1	2.2097506523132324
184	2	0.5156763195991516
184	3	0.5692570209503174
184	4	-2.0020089149475098
184	5	-2.0020089149475098
184	6	0.3995629549026489
184	7	1.3730347156524658
184	8	2.2097506523132324
184	9	-0.4692264497280121
184	10	0.4396809935569763
184	11	2.2097506523132324
184	12	2.2097506523132324
185	0	2.2097506523132324
185	1	2.2097506523132324
185	2	0.5156763195991516
185	3	0.5692570209503174
185	4	0.3995629549026489
185	5	-2.0020089149475098
185	6	1.3730347156524658
185	7	-2.0020089149475098
185	8	2.2097506523132324
185	9	2.2097506523132324
185	10	2.2097506523132324
185	11	-0.4692264497280121
185	12	0.4396809935569763
186	0	0.5156763195991516
186	1	-0.4692264497280121
186	2	2.2097506523132324
186	3	0.4396809935569763
186	4	-2.0020089149475098
186	5	0.5692570209503174
186	6	2.2097506523132324
186	7	2.2097506523132324
186	8	2.2097506523132324
186	9	-2.0020089149475098
186	10	1.3730347156524658
186	11	2.2097506523132324
186	12	0.3995629549026489
187	0	-2.0020089149475098
187	1	0.5692570209503174
187	2	1.3730347156524658
187	3	2.2097506523132324
187	4	-2.0020089149475098
187	5	-0.4692264497280121
187	6	0.5156763195991516
187	7	2.2097506523132324
187	8	2.2097506523132324
187	9	2.2097506523132324
187	10	2.2097506523132324
187	11	0.3995629549026489
187	12	0.4396809935569763
188	0	2.2097506523132324
188	1	-0.4692264497280121
188	2	0.5692570209503174
188	3	-2.0020089149475098
188	4	-2.0020089149475098
188	5	0.5156763195991516
188	6	2.2097506523132324
188	7	2.2097506523132324
188	8	0.3995629549026489
188	9	2.2097506523132324
188	10	0.4396809935569763
188	11	2.2097506523132324
188	12	1.3730347156524658
189	0	3.4187328815460205
189	1	2.2097506523132324
189	2	-2.0020089149475098
189	3	2.2097506523132324
189	4	2.2097506523132324
189	5	-2.0020089149475098
189	6	0.3995629549026489
189	7	1.3730347156524658
189	8	2.2097506523132324
189	9	0.5156763195991516
189	10	0.5692570209503174
190	0	2.2097506523132324
190	1	-2.0020089149475098
190	2	2.2097506523132324
190	3	-2.0020089149475098
190	4	2.2097506523132324
190	5	-0.34052377939224243
190	6	0.5156763195991516
190	7	0.5692570209503174
190	8	0.3995629549026489
190	9	2.208847999572754
190	10	1.3730347156524658
190	11	1.0061341524124146
190	12	2.2097506523132324
191	0	2.2097506523132324
191	1	-2.0020089149475098
191	2	2.2097506523132324
191	3	2.2097506523132324
191	4	-2.0020089149475098
191	5	-0.4692264497280121
191	6	1.3730347156524658
191	7	0.5156763195991516
191	8	0.5692570209503174
191	9	0.3995629549026489
191	10	0.4396809935569763
191	11	2.2097506523132324
191	12	2.2097506523132324
192	0	0.5156763195991516
192	1	0.4396809935569763
192	2	2.2097506523132324
192	3	-2.0020089149475098
192	4	0.5692570209503174
192	5	-2.0020089149475098
192	6	2.2097506523132324
192	7	1.3730347156524658
192	8	0.3995629549026489
193	0	2.2097506523132324
193	1	2.208847999572754
193	2	-2.0020089149475098
193	3	-2.0020089149475098
193	4	2.208847999572754
193	5	2.208847999572754
193	6	1.3730347156524658
193	7	0.5156763195991516
193	8	-0.34052377939224243
193	9	0.4396809935569763
193	10	0.3995629549026489
193	11	0.5692570209503174
193	12	2.2097506523132324
194	0	2.2097506523132324
194	1	2.2097506523132324
194	2	2.2097506523132324
194	3	-2.0020089149475098
194	4	-2.0020089149475098
194	5	2.2097506523132324
194	6	0.5692570209503174
194	7	1.3730347156524658
194	8	0.3995629549026489
194	9	2.2097506523132324
194	10	0.5156763195991516
194	11	-0.4692264497280121
194	12	0.4396809935569763
195	0	-0.021459415555000305
195	1	0.5156763195991516
195	2	0.9162614345550537
195	3	-2.0020089149475098
195	4	-2.0020089149475098
195	5	2.2097506523132324
195	6	1.0458375215530396
195	7	2.2097506523132324
195	8	0.8187403082847595
195	9	2.2097506523132324
195	10	2.2097506523132324
195	11	2.2097506523132324
195	12	1.3730347156524658
196	0	0.4396809935569763
196	1	0.5692570209503174
196	2	2.2097506523132324
196	3	2.2097506523132324
196	4	1.3730347156524658
196	5	2.2097506523132324
196	6	2.2097506523132324
196	7	0.5156763195991516
196	8	2.2097506523132324
196	9	-2.0020089149475098
196	10	-0.4692264497280121
196	11	-2.0020089149475098
196	12	0.3995629549026489
197	0	-2.0020089149475098
197	1	0.3995629549026489
197	2	0.5156763195991516
197	3	0.5692570209503174
197	4	-2.0020089149475098
197	5	0.4396809935569763
197	6	2.2097506523132324
197	7	2.2097506523132324
197	8	1.3730347156524658
197	9	2.2097506523132324
197	10	2.2097506523132324
197	11	-0.4692264497280121
197	12	2.2097506523132324
198	0	1.0458375215530396
198	1	2.2097506523132324
198	2	0.5156763195991516
198	3	-2.0020089149475098
198	4	0.9162614345550537
198	5	0.8187403082847595
198	6	-2.0020089149475098
198	7	2.2097506523132324
198	8	2.2097506523132324
198	9	2.2097506523132324
198	10	1.3730347156524658
198	11	-0.4692264497280121
198	12	2.2097506523132324
199	0	2.2097506523132324
199	1	-0.4692264497280121
199	2	2.2097506523132324
199	3	-2.0020089149475098
199	4	2.2097506523132324
199	5	-2.0020089149475098
199	6	0.5692570209503174
199	7	2.2097506523132324
199	8	0.4396809935569763
199	9	2.2097506523132324
199	10	0.3995629549026489
199	11	1.3730347156524658
199	12	0.5156763195991516
200	0	-2.0020089149475098
200	1	0.3995629549026489
200	2	1.3730347156524658
200	3	0.5156763195991516
200	4	2.2097506523132324
200	5	2.2097506523132324
200	6	0.4396809935569763
200	7	-0.4692264497280121
200	8	2.2097506523132324
200	9	2.2097506523132324
200	10	-2.0020089149475098
200	11	0.5692570209503174
200	12	2.2097506523132324
201	0	0.5156763195991516
201	1	2.2097506523132324
201	2	-2.0020089149475098
201	3	-2.0020089149475098
201	4	0.3995629549026489
201	5	2.2097506523132324
201	6	1.3730347156524658
201	7	0.5692570209503174
201	8	2.2097506523132324
201	9	2.2097506523132324
201	10	-0.4692264497280121
201	11	0.4396809935569763
201	12	2.2097506523132324
202	0	2.2097506523132324
202	1	-2.0020089149475098
202	2	0.9162614345550537
202	3	0.5156763195991516
202	4	2.2097506523132324
202	5	2.2097506523132324
202	6	1.3730347156524658
202	7	-0.021459415555000305
202	8	2.2097506523132324
202	9	2.2097506523132324
202	10	0.8187403082847595
202	11	1.0458375215530396
202	12	-2.0020089149475098
203	0	1.3730347156524658
203	1	2.2097506523132324
203	2	-2.0020089149475098
203	3	2.2097506523132324
203	4	0.5692570209503174
203	5	0.3995629549026489
203	6	0.5156763195991516
203	7	-2.0020089149475098
203	8	2.2097506523132324
203	9	2.2097506523132324
203	10	-0.4692264497280121
203	11	2.2097506523132324
203	12	0.4396809935569763
204	0	-0.31845220923423767
204	1	1.0061341524124146
204	2	1.0061341524124146
204	3	-0.4692264497280121
204	4	3.2736704349517822
204	5	-3.157958745956421
204	6	2.208847999572754
204	7	-2.0020089149475098
204	8	2.2855217456817627
204	9	2.208847999572754
204	10	0.9086129665374756
204	11	2.208847999572754
204	12	1.3909227848052979
205	0	0.8187403082847595
205	1	2.2097506523132324
205	2	0.5156763195991516
205	3	1.0458375215530396
205	4	1.3730347156524658
205	5	-2.0020089149475098
205	6	2.2097506523132324
205	7	-2.0020089149475098
205	8	2.2097506523132324
205	9	-0.021459415555000305
205	10	2.2097506523132324
205	11	2.2097506523132324
205	12	0.9162614345550537
206	0	1.3730347156524658
206	1	-2.0020089149475098
206	2	2.2097506523132324
206	3	-2.0020089149475098
206	4	0.3995629549026489
206	5	0.5692570209503174
206	6	0.5156763195991516
206	7	2.2097506523132324
206	8	0.4396809935569763
206	9	2.2097506523132324
206	10	-0.4692264497280121
206	11	2.2097506523132324
206	12	2.2097506523132324
207	0	0.3995629549026489
207	1	2.0801749229431152
207	2	-2.0020089149475098
207	3	1.3730347156524658
207	4	0.5156763195991516
207	5	-2.0020089149475098
207	6	2.2097506523132324
207	7	0.5692570209503174
207	8	-0.4692264497280121
207	9	0.4396809935569763
207	10	2.2097506523132324
207	11	2.2097506523132324
207	12	2.2097506523132324
208	0	0.8187403082847595
208	1	-2.0020089149475098
208	2	1.3730347156524658
208	3	-2.0020089149475098
208	4	2.2097506523132324
208	5	2.2097506523132324
208	6	1.0458375215530396
208	7	0.5156763195991516
208	8	2.2097506523132324
208	9	2.2097506523132324
208	10	-0.021459415555000305
208	11	0.9162614345550537
208	12	2.2097506523132324
209	0	0.5692570209503174
209	1	0.5156763195991516
209	2	-2.0020089149475098
209	3	2.2097506523132324
209	4	-2.0020089149475098
209	5	2.2097506523132324
209	6	0.3995629549026489
209	7	1.3730347156524658
209	8	2.2097506523132324
209	9	2.2097506523132324
209	10	-0.4692264497280121
209	11	0.4396809935569763
209	12	2.2097506523132324
210	0	2.2097506523132324
210	1	2.2097506523132324
210	2	0.5156763195991516
210	3	0.3995629549026489
210	4	0.5692570209503174
210	5	1.3730347156524658
210	6	-2.0020089149475098
210	7	-2.0020089149475098
210	8	-0.4692264497280121
210	9	2.2097506523132324
210	10	0.4396809935569763
210	11	2.2097506523132324
210	12	2.2097506523132324
211	0	0.5156763195991516
211	1	2.2097506523132324
211	2	-2.0020089149475098
211	3	-2.0020089149475098
211	4	1.0458375215530396
211	5	0.8187403082847595
211	6	2.2097506523132324
211	7	1.3730347156524658
212	0	0.5692570209503174
212	1	2.2097506523132324
212	2	2.2097506523132324
212	3	1.3730347156524658
212	4	-2.0020089149475098
212	5	0.5156763195991516
212	6	0.3995629549026489
212	7	-2.0020089149475098
212	8	2.208847999572754
212	9	2.208847999572754
212	10	2.208847999572754
212	11	1.0061341524124146
212	12	-0.34052377939224243
213	0	1.3730347156524658
213	1	0.5156763195991516
213	2	2.2097506523132324
213	3	2.2097506523132324
213	4	-2.0020089149475098
213	5	-2.0020089149475098
213	6	0.5692570209503174
213	7	0.3995629549026489
213	8	0.4396809935569763
213	9	2.2097506523132324
213	10	-0.4692264497280121
213	11	2.2097506523132324
213	12	2.2097506523132324
214	0	2.2097506523132324
214	1	2.2097506523132324
214	2	2.2097506523132324
214	3	2.2097506523132324
214	4	2.2097506523132324
214	5	0.3995629549026489
214	6	0.5156763195991516
214	7	0.4396809935569763
214	8	-0.4692264497280121
214	9	-2.0020089149475098
214	10	-2.0020089149475098
214	11	1.3730347156524658
214	12	0.5692570209503174
215	0	0.5156763195991516
215	1	0.5692570209503174
215	2	0.4396809935569763
215	3	2.2097506523132324
215	4	2.2097506523132324
215	5	2.2097506523132324
215	6	2.2097506523132324
215	7	2.2097506523132324
215	8	-2.0020089149475098
215	9	-0.4692264497280121
215	10	1.3730347156524658
215	11	0.3995629549026489
215	12	-2.0020089149475098
216	0	2.2097506523132324
216	1	2.2097506523132324
216	2	1.0458375215530396
216	3	2.2097506523132324
216	4	-0.021459415555000305
216	5	-2.0020089149475098
216	6	0.8187403082847595
216	7	2.2097506523132324
216	8	0.5156763195991516
216	9	0.9162614345550537
216	10	2.2097506523132324
216	11	1.3730347156524658
216	12	-2.0020089149475098
217	0	2.2097506523132324
217	1	0.5156763195991516
217	2	-0.4692264497280121
217	3	0.3995629549026489
217	4	2.2097506523132324
217	5	1.3730347156524658
217	6	2.2097506523132324
217	7	2.2097506523132324
217	8	0.4396809935569763
217	9	-2.0020089149475098
217	10	2.2097506523132324
217	11	-2.0020089149475098
217	12	0.5692570209503174
218	0	0.5156763195991516
218	1	-2.0020089149475098
218	2	1.3730347156524658
218	3	2.2097506523132324
218	4	2.2097506523132324
218	5	2.2097506523132324
218	6	0.5692570209503174
218	7	-2.0020089149475098
218	8	2.2097506523132324
218	9	2.2097506523132324
218	10	0.4396809935569763
218	11	-0.4692264497280121
218	12	0.3995629549026489
219	0	2.2097506523132324
219	1	-2.0020089149475098
219	2	2.2097506523132324
219	3	0.5692570209503174
219	4	2.2097506523132324
219	5	-0.4692264497280121
219	6	0.4396809935569763
219	7	2.2097506523132324
219	8	0.3995629549026489
219	9	0.5156763195991516
219	10	-2.0020089149475098
219	11	2.2097506523132324
219	12	1.3730347156524658
220	0	2.2097506523132324
220	1	2.2097506523132324
220	2	0.5156763195991516
220	3	0.3995629549026489
220	4	2.2097506523132324
220	5	2.2097506523132324
220	6	0.5692570209503174
220	7	1.3730347156524658
220	8	-0.4692264497280121
220	9	-2.0020089149475098
220	10	0.4396809935569763
220	11	2.2097506523132324
220	12	-2.0020089149475098
221	0	0.3995629549026489
221	1	-2.0020089149475098
221	2	2.2097506523132324
221	3	2.2097506523132324
221	4	0.9162614345550537
221	5	-0.021459415555000305
221	6	-2.0020089149475098
221	7	0.5156763195991516
221	8	1.3730347156524658
221	9	1.0458375215530396
221	10	2.2097506523132324
221	11	2.2097506523132324
221	12	2.2097506523132324
222	0	2.2097506523132324
222	1	1.3730347156524658
222	2	2.2097506523132324
222	3	0.3995629549026489
222	4	0.5156763195991516
222	5	0.5692570209503174
222	6	2.2097506523132324
222	7	-0.4692264497280121
222	8	0.4396809935569763
222	9	2.2097506523132324
222	10	-2.0020089149475098
222	11	-2.0020089149475098
222	12	2.2097506523132324
223	0	0.3995629549026489
223	1	0.5156763195991516
223	2	0.4396809935569763
223	3	2.2097506523132324
223	4	2.2097506523132324
223	5	1.3730347156524658
223	6	-2.0020089149475098
223	7	-0.4692264497280121
223	8	2.2097506523132324
223	9	0.5692570209503174
223	10	2.2097506523132324
223	11	-2.0020089149475098
223	12	2.2097506523132324
224	0	2.2097506523132324
224	1	0.5156763195991516
224	2	1.3730347156524658
224	3	0.3995629549026489
224	4	0.5692570209503174
224	5	-2.0020089149475098
224	6	0.4396809935569763
224	7	2.2097506523132324
224	8	2.2097506523132324
224	9	2.2097506523132324
224	10	-1.1228735446929932
224	11	-2.0020089149475098
224	12	2.2097506523132324
225	0	0.5156763195991516
225	1	0.4396809935569763
225	2	2.2097506523132324
225	3	-1.1228735446929932
225	4	2.2097506523132324
225	5	2.2097506523132324
225	6	-2.0020089149475098
225	7	2.2097506523132324
225	8	-2.0020089149475098
225	9	1.3730347156524658
225	10	2.2097506523132324
225	11	0.3995629549026489
225	12	0.5692570209503174
226	0	2.2097506523132324
226	1	0.5156763195991516
226	2	-1.1228735446929932
226	3	0.4396809935569763
226	4	-2.0020089149475098
226	5	-2.0020089149475098
226	6	1.3730347156524658
226	7	2.2097506523132324
226	8	2.2097506523132324
226	9	2.2097506523132324
226	10	2.2097506523132324
226	11	0.3995629549026489
226	12	0.5692570209503174
227	0	3.2736704349517822
227	1	2.1938021183013916
227	2	-1.1228735446929932
227	3	2.1034255027770996
227	4	0.6214093565940857
227	5	3.2736704349517822
227	6	-3.157958745956421
227	7	3.4117445945739746
227	8	2.200946569442749
227	9	-4.144443988800049
227	10	3.2736704349517822
227	11	2.455744981765747
227	12	3.2736704349517822
228	0	2.2097506523132324
228	1	0.5156763195991516
228	2	0.4396809935569763
228	3	2.2097506523132324
228	4	0.3995629549026489
228	5	-2.0020089149475098
228	6	1.3730347156524658
228	7	2.2097506523132324
228	8	2.2097506523132324
228	9	0.5692570209503174
228	10	2.2097506523132324
228	11	-2.0020089149475098
228	12	-1.1228735446929932
229	0	-2.0020089149475098
229	1	1.0458375215530396
229	2	2.2097506523132324
229	3	2.2097506523132324
229	4	0.8187403082847595
229	5	0.5156763195991516
229	6	-2.0020089149475098
229	7	2.2097506523132324
229	8	0.9162614345550537
229	9	1.3730347156524658
229	10	-0.8515306711196899
229	11	2.2097506523132324
229	12	2.2097506523132324
230	0	-1.1228735446929932
230	1	-2.0020089149475098
230	2	2.2097506523132324
230	3	0.3995629549026489
230	4	0.5692570209503174
230	5	2.2097506523132324
230	6	0.5156763195991516
230	7	2.2097506523132324
230	8	2.2097506523132324
230	9	2.2097506523132324
230	10	0.4396809935569763
230	11	-2.0020089149475098
230	12	1.3730347156524658
231	0	3.872129440307617
231	1	0.9483163356781006
231	2	2.208847999572754
231	3	-2.2315118312835693
231	4	-3.157958745956421
231	5	-4.144443988800049
231	6	2.2855217456817627
231	7	3.872128963470459
231	8	1.0061341524124146
231	9	3.872128963470459
231	10	2.208847999572754
231	11	2.208847999572754
231	12	1.3909227848052979
231	13	2.208847999572754
231	14	1.0061341524124146
231	15	2.2097506523132324
231	16	0.5156763195991516
232	0	0.9086129665374756
232	1	-0.31845220923423767
232	2	1.1186795234680176
232	3	2.208847999572754
232	4	-4.144443988800049
232	5	-3.157958745956421
232	6	1.3909227848052979
232	7	2.2855217456817627
232	8	2.2097506523132324
232	9	2.2097506523132324
232	10	-2.2315118312835693
232	11	2.208847999572754
232	12	2.208847999572754
232	13	2.208847999572754
232	14	1.0061341524124146
233	0	2.2097506523132324
233	1	-2.0020089149475098
233	2	-2.0020089149475098
233	3	0.642099142074585
233	4	2.2097506523132324
233	5	0.5156763195991516
233	6	0.5291389226913452
233	7	0.4396809935569763
233	8	1.3730347156524658
233	9	-1.1228735446929932
233	10	2.2097506523132324
233	11	2.2097506523132324
233	12	2.2097506523132324
233	13	2.0801749229431152
233	14	2.2097506523132324
234	0	0.9483163356781006
234	1	-2.0020089149475098
234	2	2.0801749229431152
234	3	2.2097506523132324
234	4	2.2097506523132324
234	5	0.9162614345550537
234	6	2.2097506523132324
234	7	-2.0020089149475098
234	8	0.5156763195991516
234	9	2.2097506523132324
234	10	2.2097506523132324
234	11	1.1186795234680176
234	12	1.3730347156524658
234	13	-0.8515306711196899
234	14	2.2097506523132324
235	0	1.3909227848052979
235	1	-4.144443988800049
235	2	0.5156763195991516
235	3	2.208847999572754
235	4	-2.0020089149475098
235	5	2.208847999572754
235	6	2.2855217456817627
235	7	2.208847999572754
235	8	0.9086129665374756
235	9	1.0102009773254395
236	0	0.642099142074585
236	1	-2.0020089149475098
236	2	2.2097506523132324
236	3	2.0801749229431152
236	4	1.3730347156524658
236	5	2.2097506523132324
236	6	0.5156763195991516
236	7	0.5291389226913452
236	8	2.2097506523132324
236	9	-2.0020089149475098
237	0	2.0801749229431152
237	1	2.2097506523132324
237	2	1.1186795234680176
237	3	2.208847999572754
237	4	2.2097506523132324
237	5	1.3730347156524658
237	6	0.5156763195991516
237	7	-2.2315118312835693
237	8	0.9483163356781006
237	9	2.208847999572754
237	10	1.0061341524124146
237	11	-2.0020089149475098
237	12	-2.0020089149475098
237	13	2.2097506523132324
237	14	2.208847999572754
238	0	0.5156763195991516
238	1	1.3909227848052979
238	2	1.0102009773254395
238	3	-3.157958745956421
238	4	2.208847999572754
238	5	2.208847999572754
238	6	2.208847999572754
238	7	0.9086129665374756
238	8	2.0801749229431152
238	9	-4.144443988800049
239	0	2.2097506523132324
239	1	2.2097506523132324
239	2	0.5156763195991516
239	3	1.3730347156524658
239	4	0.5291389226913452
239	5	-2.0020089149475098
239	6	2.0801749229431152
239	7	2.2097506523132324
239	8	-2.0020089149475098
239	9	0.642099142074585
240	0	0.642099142074585
240	1	0.6214093565940857
240	2	3.2736704349517822
240	3	2.455744981765747
240	4	2.1034255027770996
240	5	3.2736704349517822
240	6	2.2050135135650635
240	7	2.0801749229431152
240	8	-4.144443988800049
240	9	3.2736704349517822
240	10	-3.157958745956421
241	0	2.2097506523132324
241	1	-2.0020089149475098
241	2	2.2097506523132324
241	3	2.0801749229431152
241	4	1.3730347156524658
241	5	0.5156763195991516
241	6	0.642099142074585
241	7	0.5291389226913452
241	8	2.2097506523132324
241	9	-2.0020089149475098
241	10	0.642099142074585
241	11	2.208847999572754
241	12	-2.2315118312835693
241	13	1.0061341524124146
241	14	2.208847999572754
241	15	2.208847999572754
242	0	0.5156763195991516
242	1	0.5291389226913452
242	2	0.642099142074585
242	3	1.3730347156524658
242	4	-2.0020089149475098
242	5	-2.0020089149475098
242	6	2.0801749229431152
242	7	2.2097506523132324
242	8	0.642099142074585
242	9	2.2097506523132324
242	10	2.2097506523132324
243	0	2.2097506523132324
243	1	2.2097506523132324
243	2	1.3730347156524658
243	3	0.5156763195991516
243	4	-2.0020089149475098
243	5	-2.0020089149475098
243	6	2.0801749229431152
243	7	0.642099142074585
243	8	0.642099142074585
243	9	0.5291389226913452
243	10	2.2097506523132324
244	0	0.5291389226913452
244	1	-2.2315118312835693
244	2	-2.0020089149475098
244	3	2.0801749229431152
244	4	0.642099142074585
244	5	0.642099142074585
245	0	2.208847999572754
245	1	-0.31845220923423767
245	2	2.208847999572754
245	3	0.9483163356781006
245	4	2.208847999572754
245	5	2.208847999572754
245	6	-2.0020089149475098
245	7	2.0801749229431152
245	8	1.0061341524124146
245	9	-0.8515306711196899
245	10	1.3909227848052979
245	11	2.208847999572754
245	12	2.208847999572754
245	13	1.1186795234680176
245	14	-3.157958745956421
246	0	2.2097506523132324
246	1	-1.1228735446929932
246	2	2.0801749229431152
246	3	2.2097506523132324
246	4	2.2097506523132324
246	5	-2.0020089149475098
246	6	2.2097506523132324
246	7	2.2097506523132324
246	8	0.642099142074585
246	9	0.4396809935569763
246	10	0.5156763195991516
246	11	0.5291389226913452
246	12	1.3730347156524658
246	13	2.2097506523132324
246	14	-2.0020089149475098
247	0	1.3730347156524658
247	1	2.2097506523132324
247	2	0.5291389226913452
247	3	0.5156763195991516
247	4	2.2097506523132324
247	5	-2.0020089149475098
247	6	2.2097506523132324
247	7	1.0102009773254395
247	8	-2.0020089149475098
247	9	2.0801749229431152
247	10	0.642099142074585
248	0	-4.144443988800049
248	1	1.0061341524124146
248	2	2.208847999572754
248	3	2.2097506523132324
248	4	-0.31845220923423767
248	5	1.0102009773254395
248	6	2.208847999572754
248	7	2.2855217456817627
248	8	-1.1228735446929932
248	9	2.208847999572754
248	10	2.208847999572754
248	11	1.3909227848052979
248	12	-3.157958745956421
248	13	2.208847999572754
248	14	0.9483163356781006
248	15	2.208847999572754
249	0	2.208847999572754
249	1	1.0102009773254395
249	2	2.208847999572754
249	3	-3.157958745956421
249	4	-2.0020089149475098
249	5	0.9086129665374756
249	6	2.208847999572754
249	7	2.208847999572754
249	8	2.208847999572754
249	9	2.208847999572754
249	10	-0.31845220923423767
249	11	2.2097506523132324
249	12	-2.2315118312835693
249	13	2.0801749229431152
249	14	2.208847999572754
249	15	0.1903923898935318
249	16	1.3909227848052979
250	0	2.2097506523132324
250	1	1.3730347156524658
250	2	2.0801749229431152
250	3	0.9483163356781006
250	4	-2.0020089149475098
250	5	-2.0020089149475098
250	6	1.1186795234680176
250	7	2.2097506523132324
250	8	2.2097506523132324
250	9	2.2097506523132324
250	10	0.5156763195991516
250	11	2.2097506523132324
250	12	1.0102009773254395
250	13	-0.8515306711196899
250	14	2.2097506523132324
250	15	0.4587146043777466
250	16	2.2097506523132324
250	17	2.2097506523132324
251	0	-2.0020089149475098
251	1	2.2097506523132324
251	2	2.0801749229431152
251	3	2.2097506523132324
251	4	0.642099142074585
251	5	0.1903923898935318
251	6	2.2097506523132324
251	7	2.2097506523132324
251	8	-1.1228735446929932
251	9	0.5291389226913452
251	10	1.3730347156524658
251	11	-2.0020089149475098
251	12	2.2097506523132324
251	13	0.5156763195991516
251	14	2.2097506523132324
251	15	2.2097506523132324
251	16	2.2097506523132324
252	0	2.2097506523132324
252	1	2.0801749229431152
252	2	2.2097506523132324
252	3	2.2097506523132324
252	4	-2.0020089149475098
252	5	-2.0020089149475098
252	6	1.3730347156524658
252	7	2.2097506523132324
252	8	0.5156763195991516
252	9	2.2097506523132324
252	10	2.2097506523132324
252	11	0.642099142074585
252	12	-1.1228735446929932
252	13	2.2097506523132324
252	14	0.5291389226913452
252	15	2.2097506523132324
252	16	0.1903923898935318
253	0	2.2097506523132324
253	1	-2.0020089149475098
253	2	2.2097506523132324
253	3	2.2097506523132324
253	4	1.3730347156524658
253	5	0.5291389226913452
253	6	2.2097506523132324
253	7	0.642099142074585
253	8	0.5156763195991516
253	9	-2.0020089149475098
253	10	2.2097506523132324
253	11	2.0801749229431152
253	12	0.1903923898935318
253	13	2.2097506523132324
253	14	-1.1228735446929932
253	15	2.2097506523132324
253	16	2.2097506523132324
253	17	1.0102009773254395
254	0	0.5291389226913452
254	1	-2.0020089149475098
254	2	2.2097506523132324
254	3	0.5156763195991516
254	4	0.642099142074585
254	5	2.2097506523132324
254	6	-2.0020089149475098
254	7	2.0801749229431152
254	8	2.2097506523132324
254	9	2.2097506523132324
254	10	2.2097506523132324
254	11	1.3730347156524658
254	12	2.2097506523132324
254	13	2.2097506523132324
254	14	-1.1228735446929932
254	15	2.2097506523132324
254	16	0.1903923898935318
254	17	0.642099142074585
255	0	1.3730347156524658
255	1	0.5156763195991516
255	2	2.2097506523132324
255	3	2.0801749229431152
255	4	2.2097506523132324
255	5	-2.0020089149475098
255	6	0.642099142074585
255	7	2.2097506523132324
255	8	2.2097506523132324
255	9	2.2097506523132324
255	10	-2.0020089149475098
255	11	0.5291389226913452
255	12	0.642099142074585
255	13	2.2097506523132324
255	14	-1.1228735446929932
255	15	2.2097506523132324
255	16	2.2097506523132324
255	17	0.1903923898935318
255	18	3.872128963470459
255	19	3.4172770977020264
256	0	0.5291389226913452
256	1	-2.0020089149475098
256	2	-2.0020089149475098
256	3	2.2097506523132324
256	4	1.3730347156524658
256	5	0.642099142074585
257	0	1.0061341524124146
257	1	0.5485872626304626
257	2	-0.31845220923423767
257	3	2.2855217456817627
257	4	1.3730347156524658
257	5	-2.0020089149475098
257	6	2.208847999572754
257	7	2.208847999572754
257	8	0.9483163356781006
257	9	2.2097506523132324
257	10	-2.0020089149475098
257	11	2.208847999572754
257	12	2.2097506523132324
257	13	1.0102009773254395
258	0	0.5485872626304626
258	1	1.0061341524124146
258	2	-0.31845220923423767
258	3	-3.157958745956421
258	4	2.208847999572754
258	5	1.0102009773254395
258	6	1.3909227848052979
258	7	2.2855217456817627
258	8	2.208847999572754
258	9	2.208847999572754
258	10	2.208847999572754
258	11	0.9086129665374756
258	12	2.208847999572754
258	13	-4.144443988800049
259	0	2.2097506523132324
259	1	2.2097506523132324
259	2	1.3730347156524658
259	3	-2.0020089149475098
259	4	0.5291389226913452
259	5	2.0801749229431152
259	6	2.2097506523132324
259	7	2.2097506523132324
259	8	2.2097506523132324
259	9	0.5156763195991516
259	10	-2.0020089149475098
259	11	1.0102009773254395
259	12	0.642099142074585
260	0	2.208847999572754
260	1	3.4172770977020264
260	2	2.208847999572754
260	3	1.0102009773254395
260	4	0.5485872626304626
260	5	2.208847999572754
260	6	2.2097506523132324
260	7	-2.0020089149475098
260	8	3.4466001987457275
260	9	2.2855217456817627
260	10	-3.157958745956421
260	11	-0.31845220923423767
260	12	2.208847999572754
260	13	1.3909227848052979
260	14	2.208847999572754
260	15	3.4172770977020264
260	16	0.9086129665374756
261	0	-1.1228735446929932
261	1	2.0801749229431152
261	2	0.1903923898935318
261	3	1.3730347156524658
261	4	2.2097506523132324
261	5	2.2097506523132324
261	6	2.2097506523132324
261	7	2.2097506523132324
261	8	0.5156763195991516
261	9	2.2097506523132324
261	10	2.2097506523132324
261	11	2.2097506523132324
261	12	-2.0020089149475098
261	13	0.5291389226913452
261	14	0.642099142074585
261	15	-2.0020089149475098
261	16	2.2097506523132324
262	0	2.2097506523132324
262	1	-2.0020089149475098
262	2	2.2097506523132324
262	3	0.4587146043777466
262	4	1.1186795234680176
262	5	2.2097506523132324
262	6	2.2097506523132324
262	7	0.5156763195991516
262	8	2.2097506523132324
262	9	0.9483163356781006
262	10	-0.8515306711196899
262	11	2.2097506523132324
262	12	2.2097506523132324
262	13	2.0801749229431152
262	14	1.3730347156524658
262	15	2.2097506523132324
262	16	-2.0020089149475098
263	0	0.5156763195991516
263	1	2.208847999572754
263	2	2.208847999572754
263	3	-2.2315118312835693
263	4	2.208847999572754
263	5	2.208847999572754
263	6	1.3909227848052979
263	7	0.9086129665374756
263	8	2.208847999572754
263	9	2.2855217456817627
263	10	2.208847999572754
263	11	-4.144443988800049
263	12	2.208847999572754
263	13	1.0102009773254395
263	14	0.5485872626304626
263	15	2.208847999572754
263	16	-3.157958745956421
263	17	1.0102009773254395
264	0	2.2097506523132324
264	1	0.5291389226913452
264	2	2.2097506523132324
264	3	0.5156763195991516
264	4	2.2097506523132324
264	5	2.2097506523132324
264	6	0.1903923898935318
264	7	-1.1228735446929932
264	8	2.2097506523132324
264	9	1.3730347156524658
264	10	0.642099142074585
264	11	2.2097506523132324
264	12	-2.0020089149475098
264	13	2.2097506523132324
264	14	2.2097506523132324
264	15	2.0801749229431152
264	16	-2.0020089149475098
265	0	0.1903923898935318
265	1	2.2097506523132324
265	2	-2.0020089149475098
265	3	2.2097506523132324
265	4	-2.0020089149475098
265	5	0.5291389226913452
265	6	2.2097506523132324
265	7	2.2097506523132324
265	8	1.3730347156524658
265	9	-1.1228735446929932
265	10	2.2097506523132324
265	11	0.5156763195991516
265	12	2.0801749229431152
265	13	2.2097506523132324
265	14	2.2097506523132324
265	15	2.2097506523132324
265	16	0.642099142074585
266	0	1.0102009773254395
266	1	2.208847999572754
266	2	-2.0020089149475098
266	3	2.2855217456817627
266	4	0.9086129665374756
266	5	2.208847999572754
266	6	-4.144443988800049
266	7	2.208847999572754
266	8	2.208847999572754
266	9	2.208847999572754
266	10	1.3909227848052979
266	11	-0.31845220923423767
266	12	1.0102009773254395
266	13	2.208847999572754
266	14	-2.2315118312835693
266	15	0.5485872626304626
266	16	2.208847999572754
266	17	2.208847999572754
266	18	3.756118059158325
267	0	-2.0020089149475098
267	1	2.2097506523132324
267	2	-2.0020089149475098
267	3	2.2097506523132324
267	4	2.0801749229431152
267	5	2.2097506523132324
267	6	0.5291389226913452
267	7	0.642099142074585
267	8	0.5156763195991516
267	9	0.1903923898935318
267	10	-1.1228735446929932
267	11	2.2097506523132324
267	12	2.2097506523132324
267	13	2.2097506523132324
267	14	1.3730347156524658
267	15	2.2097506523132324
267	16	2.2097506523132324
268	0	0.5156763195991516
268	1	-2.0020089149475098
268	2	1.3730347156524658
268	3	2.2097506523132324
268	4	0.5291389226913452
268	5	2.2097506523132324
268	6	1.0102009773254395
268	7	2.2097506523132324
268	8	2.2097506523132324
268	9	2.2097506523132324
268	10	2.0801749229431152
268	11	-2.0020089149475098
268	12	0.642099142074585
269	0	2.208847999572754
269	1	2.2097506523132324
269	2	2.0801749229431152
269	3	2.208847999572754
269	4	-2.0020089149475098
269	5	-2.0020089149475098
269	6	0.5291389226913452
269	7	0.642099142074585
269	8	0.5156763195991516
269	9	-2.2315118312835693
269	10	2.2097506523132324
269	11	2.208847999572754
269	12	0.5485872626304626
269	13	2.2097506523132324
269	14	2.2097506523132324
269	15	2.2097506523132324
269	16	1.3730347156524658
270	0	1.7362550497055054
270	1	0.6214093565940857
270	2	-3.157958745956421
270	3	2.455744981765747
270	4	3.2736704349517822
270	5	3.4117445945739746
270	6	3.2736704349517822
270	7	3.2736704349517822
270	8	3.2736704349517822
270	9	2.2050135135650635
270	10	-2.0020089149475098
270	11	3.2736704349517822
270	12	2.1034255027770996
