13	0	2.0396954999990284
13	1	1.4009805046950115
13	2	1.2176782829929762
13	3	1.2176782829929762
13	4	2.029420119038445
13	5	1.9587982887151305
14	0	1.4009805046950115
14	1	0.4423404961004787
14	2	0.6256427178025139
14	3	0.4423404961004787
14	4	2.499793470277656
14	5	1.2176782829929762
14	6	1.2176782829929762
15	0	0.4423404961004787
15	1	0.4423404961004787
15	2	0.6256427178025139
15	3	0.6256427178025139
15	4	0.4423404961004787
15	5	0.4423404961004787
15	6	1.7244556833851579
16	0	2.029420119038445
16	1	1.9690736696757136
16	2	2.0396954999990284
16	3	1.4009805046950115
16	4	1.4009805046950115
16	5	2.029420119038445
16	6	1.9587982887151305
16	7	2.029420119038445
16	8	2.0396954999990284
16	9	2.0396954999990284
16	10	2.029420119038445
16	11	1.9587982887151305
16	12	2.029420119038445
16	13	1.2176782829929762
16	14	1.2176782829929762
16	15	2.499793470277656
16	16	1.2176782829929762
16	17	1.2176782829929762
17	0	2.0396954999990284
17	1	1.9587982887151305
17	2	1.9587982887151305
17	3	1.9690736696757136
17	4	2.0396954999990284
17	5	2.029420119038445
17	6	2.029420119038445
17	7	2.029420119038445
17	8	2.029420119038445
17	9	0.7942579794272763
17	10	1.4009805046950115
17	11	2.0396954999990284
17	12	1.42269759377071
17	13	2.029420119038445
18	0	1.2176782829929762
18	1	1.2176782829929762
18	2	2.029420119038445
18	3	1.9690736696757136
18	4	1.9690736696757136
18	5	1.4009805046950115
18	6	2.029420119038445
18	7	2.029420119038445
18	8	2.0396954999990284
18	9	2.029420119038445
18	10	2.029420119038445
18	11	1.9587982887151305
18	12	1.4009805046950115
18	13	2.0396954999990284
18	14	2.029420119038445
18	15	1.9587982887151305
18	16	1.2176782829929762
18	17	1.2176782829929762
18	18	2.499793470277656
19	0	0.6256427178025139
19	1	0.6256427178025139
19	2	0.4423404961004787
19	3	0.4423404961004787
19	4	0.4423404961004787
19	5	0.4423404961004787
19	6	1.7244556833851579
20	0	0.6256427178025139
20	1	0.6256427178025139
20	2	0.4423404961004787
20	3	0.4423404961004787
20	4	0.4423404961004787
20	5	0.4423404961004787
20	6	1.7244556833851579
21	0	0.6256427178025139
21	1	0.4423404961004787
21	2	0.4423404961004787
21	3	0.6256427178025139
21	4	1.7244556833851579
21	5	0.4423404961004787
21	6	0.4423404961004787
22	0	0.4423404961004787
22	1	0.6256427178025139
22	2	0.4423404961004787
22	3	1.7244556833851579
22	4	0.4423404961004787
22	5	0.4423404961004787
22	6	0.6256427178025139
22	7	1.2540823321459478
22	8	1.2540823321459478
23	0	2.029420119038445
23	1	0.6256427178025139
23	2	0.4423404961004787
23	3	0.4423404961004787
23	4	1.7244556833851579
23	5	0.6256427178025139
23	6	0.4423404961004787
23	7	0.4423404961004787
24	0	0.6256427178025139
24	1	0.4423404961004787
24	2	1.7244556833851579
24	3	0.4423404961004787
24	4	1.2540823321459478
24	5	1.9690736696757136
24	6	0.6256427178025139
24	7	0.4423404961004787
24	8	0.4423404961004787
25	0	1.4009805046950115
25	1	2.029420119038445
25	2	2.029420119038445
25	3	2.029420119038445
25	4	2.029420119038445
25	5	2.029420119038445
25	6	2.0396954999990284
25	7	2.0396954999990284
25	8	2.029420119038445
25	9	1.9690736696757136
25	10	1.9587982887151305
25	11	1.9690736696757136
25	12	1.4009805046950115
25	13	2.029420119038445
25	14	2.029420119038445
25	15	1.8694496689878781
25	16	2.23089295380446
25	17	1.9587982887151305
25	18	1.2176782829929762
25	19	1.2176782829929762
25	20	2.499793470277656
25	21	1.2176782829929762
25	22	1.2176782829929762
25	23	3.0062307406969575
25	24	3.0062307406969575
26	0	1.7244556833851579
26	1	0.6256427178025139
26	2	0.4423404961004787
26	3	0.4423404961004787
26	4	1.2540823321459478
26	5	1.1937358827832163
27	0	1.2540823321459478
27	1	0.4423404961004787
27	2	0.6256427178025139
27	3	0.4423404961004787
27	4	1.8694496689878781
27	5	2.23089295380446
27	6	1.2540823321459478
27	7	1.2540823321459478
28	0	0.6256427178025139
28	1	0.4423404961004787
28	2	0.4423404961004787
28	3	1.8930709450099208
28	4	0.7942579794272763
28	5	0.6109557577252414
28	6	0.6109557577252414
29	0	0.4423404961004787
29	1	0.4423404961004787
29	2	0.6256427178025139
29	3	0.6256427178025139
29	4	0.4423404961004787
29	5	0.4423404961004787
29	6	1.7244556833851579
30	0	0.6256427178025139
30	1	0.4423404961004787
30	2	0.4423404961004787
30	3	1.7244556833851579
30	4	0.6256427178025139
30	5	0.4423404961004787
30	6	0.4423404961004787
31	0	0.4423404961004787
31	1	0.6256427178025139
31	2	0.4423404961004787
31	3	1.7244556833851579
31	4	0.6256427178025139
31	5	0.4423404961004787
31	6	0.4423404961004787
32	0	1.1937358827832163
32	1	0.6256427178025139
32	2	0.6256427178025139
32	3	0.4423404961004787
32	4	0.4423404961004787
32	5	0.4423404961004787
32	6	0.4423404961004787
32	7	1.7244556833851579
33	0	0.6256427178025139
33	1	2.871062408923383
33	2	0.4423404961004787
33	3	0.6256427178025139
33	4	0.4423404961004787
33	5	1.7244556833851579
33	6	0.4423404961004787
33	7	0.4423404961004787
34	0	1.9587982887151305
34	1	1.1937358827832163
34	2	0.4423404961004787
34	3	0.6256427178025139
34	4	0.4423404961004787
34	5	2.029420119038445
34	6	1.047432451981826
34	7	1.9587982887151305
35	0	2.029420119038445
35	1	1.9690736696757136
35	2	1.2176782829929762
35	3	1.4009805046950115
35	4	1.2176782829929762
35	5	2.029420119038445
35	6	1.9587982887151305
35	7	1.9587982887151305
35	8	2.6447874558803766
35	9	1.9690736696757136
35	10	1.9690736696757136
35	11	1.9587982887151305
35	12	1.8330456198349074
35	13	1.1834605018226332
35	14	2.029420119038445
35	15	3.0062307406969575
35	16	2.390863403855027
35	17	2.029420119038445
35	18	1.9587982887151305
35	19	2.390863403855027
35	20	2.029420119038445
36	0	1.1937358827832163
36	1	1.0577078329424092
36	2	0.4423404961004787
36	3	0.6256427178025139
36	4	0.4423404961004787
36	5	1.2176782829929762
36	6	1.2176782829929762
36	7	2.499793470277656
37	0	1.0577078329424092
37	1	0.4423404961004787
37	2	1.0577078329424092
37	3	1.0577078329424092
37	4	1.0577078329424092
37	5	1.0577078329424092
37	6	0.4423404961004787
37	7	1.0577078329424092
37	8	0.4423404961004787
37	9	1.7244556833851579
37	10	0.6256427178025139
37	11	1.0577078329424092
38	0	1.1937358827832163
38	1	1.0577078329424092
38	2	1.1834605018226332
38	3	0.4423404961004787
38	4	0.4423404961004787
38	5	0.4423404961004787
38	6	0.4423404961004787
38	7	0.6256427178025139
38	8	1.7244556833851579
38	9	1.3520757634473957
39	0	1.1937358827832163
39	1	0.4423404961004787
39	2	0.6256427178025139
39	3	0.4423404961004787
39	4	1.7244556833851579
39	5	0.4423404961004787
39	6	0.4423404961004787
39	7	1.0577078329424092
40	0	1.1937358827832163
40	1	0.4423404961004787
40	2	0.4423404961004787
40	3	0.6256427178025139
40	4	1.1937358827832163
40	5	1.7244556833851579
40	6	1.0577078329424092
40	7	0.4423404961004787
40	8	0.4423404961004787
41	0	1.0577078329424092
41	1	1.1937358827832163
41	2	0.4423404961004787
41	3	0.6256427178025139
41	4	0.4423404961004787
41	5	1.1937358827832163
41	6	1.3520757634473957
41	7	0.4423404961004787
41	8	1.3520757634473957
41	9	0.4423404961004787
41	10	1.7244556833851579
42	0	1.8330456198349074
42	1	1.8330456198349074
42	2	0.4423404961004787
42	3	0.4423404961004787
42	4	1.8330456198349074
42	5	1.8330456198349074
42	6	1.8330456198349074
42	7	1.8330456198349074
42	8	1.8330456198349074
42	9	1.6258009979231123
42	10	1.1834605018226332
43	0	1.6258009979231123
43	1	0.4423404961004787
43	2	0.4423404961004787
43	3	0.6256427178025139
43	4	1.0577078329424092
43	5	1.0577078329424092
43	6	1.8330456198349074
43	7	1.0577078329424092
44	0	1.2176782829929762
44	1	1.9690736696757136
44	2	1.2176782829929762
44	3	1.9690736696757136
44	4	1.4009805046950115
44	5	1.2176782829929762
44	6	2.4011387848156103
44	7	1.2176782829929762
44	8	1.2176782829929762
44	9	1.8330456198349074
44	10	0.4423404961004787
44	11	3.0062307406969575
44	12	0.4423404961004787
44	13	3.0062307406969575
44	14	1.1937358827832163
44	15	1.1937358827832163
44	16	1.6155256169625292
45	0	1.3623511444079788
45	1	3.0062307406969575
45	2	1.3623511444079788
45	3	0.7942579794272763
45	4	0.6109557577252414
45	5	0.6109557577252414
46	0	1.0577078329424092
46	1	0.6109557577252414
46	2	3.0062307406969575
46	3	1.3623511444079788
46	4	2.6447874558803766
46	5	0.6109557577252414
46	6	1.3623511444079788
46	7	0.7942579794272763
46	8	0.6109557577252414
46	9	0.4423404961004787
46	10	1.8330456198349074
47	0	1.1937358827832163
47	1	1.9587982887151305
47	2	0.4423404961004787
47	3	1.1937358827832163
47	4	0.6256427178025139
47	5	0.4423404961004787
48	0	1.1937358827832163
48	1	1.1834605018226332
48	2	0.4423404961004787
48	3	0.4423404961004787
48	4	0.6256427178025139
48	5	1.1937358827832163
49	0	2.029420119038445
49	1	1.1937358827832163
49	2	0.4423404961004787
49	3	0.6256427178025139
49	4	0.4423404961004787
49	5	1.1937358827832163
49	6	2.390863403855027
49	7	1.2176782829929762
49	8	1.2176782829929762
49	9	1.6258009979231123
49	10	1.8330456198349074
50	0	0.4423404961004787
50	1	0.6256427178025139
50	2	1.6258009979231123
50	3	0.4423404961004787
50	4	1.6155256169625292
50	5	1.1937358827832163
50	6	1.2540823321459478
51	0	1.3623511444079788
51	1	0.6256427178025139
51	2	0.4423404961004787
51	3	0.4423404961004787
51	4	0.010275380960583122
51	5	1.3520757634473957
51	6	1.6258009979231123
51	7	1.2263230945671728
51	8	0.6109557577252414
51	9	0.6109557577252414
52	0	1.8330456198349074
52	1	0.4423404961004787
52	2	1.8330456198349074
52	3	1.8330456198349074
52	4	1.8330456198349074
52	5	1.8330456198349074
52	6	1.8330456198349074
52	7	0.4423404961004787
52	8	1.8330456198349074
52	9	1.8091032196251469
52	10	1.2176782829929762
52	11	1.8330456198349074
52	12	0.4423404961004787
52	13	1.0577078329424092
52	14	1.8330456198349074
52	15	1.6258009979231123
52	16	0.6256427178025139
52	17	0.4423404961004787
52	18	1.1937358827832163
52	19	2.029420119038445
52	20	1.9690736696757136
52	21	1.42269759377071
52	22	1.9587982887151305
52	23	1.9690736696757136
52	24	1.7841408785872923
52	25	1.1937358827832163
52	26	2.6447874558803766
52	27	3.0062307406969575
52	28	1.8330456198349074
52	29	1.2176782829929762
52	30	0.4320651151398956
52	31	1.2176782829929762
52	32	1.0577078329424092
52	33	1.9587982887151305
52	34	1.9587982887151305
52	35	1.0577078329424092
52	36	3.0165061216575406
52	37	1.1834605018226332
52	38	2.6447874558803766
52	39	1.9690736696757136
52	40	1.9690736696757136
52	41	2.23089295380446
52	42	1.7988278386645637
52	43	2.499793470277656
52	44	1.9690736696757136
52	45	1.8227702388743243
52	46	3.0062307406969575
52	47	3.0062307406969575
52	48	2.23089295380446
52	49	1.2176782829929762
52	50	1.1834605018226332
52	51	1.047432451981826
52	52	3.0062307406969575
52	53	3.0062307406969575
52	54	1.9690736696757136
52	55	1.9690736696757136
52	56	1.1937358827832163
52	57	2.390863403855027
52	58	1.2176782829929762
52	59	1.1937358827832163
53	0	1.1937358827832163
53	1	0.4423404961004787
53	2	0.4423404961004787
53	3	0.010275380960583122
53	4	0.6256427178025139
53	5	1.3520757634473957
53	6	1.6258009979231123
53	7	0.4423404961004787
53	8	0.4423404961004787
53	9	1.0577078329424092
54	0	0.010275380960583122
54	1	1.2540823321459478
54	2	1.1937358827832163
54	3	0.4423404961004787
54	4	0.6256427178025139
54	5	0.4423404961004787
54	6	1.2540823321459478
54	7	2.23089295380446
54	8	1.8694496689878781
54	9	1.1937358827832163
54	10	1.1937358827832163
54	11	1.1834605018226332
54	12	1.1834605018226332
54	13	1.0577078329424092
54	14	0.4423404961004787
54	15	0.4423404961004787
54	16	1.6258009979231123
55	0	0.6256427178025139
55	1	0.4423404961004787
55	2	0.010275380960583122
55	3	0.4423404961004787
55	4	1.1937358827832163
55	5	1.0577078329424092
55	6	0.4423404961004787
55	7	0.4423404961004787
55	8	1.6258009979231123
55	9	1.1834605018226332
56	0	0.010275380960583122
56	1	1.1834605018226332
56	2	1.1937358827832163
56	3	0.4423404961004787
56	4	0.4423404961004787
56	5	0.6256427178025139
56	6	1.6258009979231123
56	7	0.4423404961004787
56	8	0.4423404961004787
56	9	1.0577078329424092
57	0	1.4009805046950115
57	1	1.2176782829929762
57	2	1.2176782829929762
57	3	2.4011387848156103
57	4	1.9587982887151305
57	5	0.7856131678530804
57	6	1.9587982887151305
57	7	2.029420119038445
57	8	2.6447874558803766
57	9	3.0062307406969575
57	10	1.9690736696757136
57	11	1.9690736696757136
57	12	1.9587982887151305
57	13	2.029420119038445
57	14	2.390863403855027
57	15	1.9690736696757136
57	16	1.8330456198349074
57	17	1.2176782829929762
57	18	1.2176782829929762
57	19	3.0062307406969575
57	20	2.390863403855027
58	0	0.4423404961004787
58	1	0.6256427178025139
58	2	1.6258009979231123
58	3	0.4423404961004787
58	4	0.010275380960583122
58	5	1.1937358827832163
58	6	1.1937358827832163
58	7	1.1834605018226332
58	8	1.1834605018226332
58	9	1.1937358827832163
58	10	1.2540823321459478
58	11	1.6155256169625292
58	12	1.2540823321459478
58	13	2.23089295380446
58	14	1.8694496689878781
58	15	1.1834605018226332
58	16	1.0577078329424092
58	17	0.4423404961004787
58	18	0.4423404961004787
59	0	0.6256427178025139
59	1	1.6258009979231123
59	2	0.4423404961004787
59	3	0.4423404961004787
59	4	1.1834605018226332
59	5	0.010275380960583122
59	6	1.1834605018226332
59	7	1.2540823321459478
59	8	1.1937358827832163
59	9	1.8694496689878781
59	10	2.23089295380446
59	11	1.1834605018226332
59	12	1.1937358827832163
59	13	1.1937358827832163
59	14	1.6155256169625292
59	15	1.2540823321459478
60	0	1.2176782829929762
60	1	1.7944162595478754
60	2	0.7942579794272763
60	3	0.6109557577252414
60	4	0.6109557577252414
60	5	1.3520757634473957
60	6	0.17889064258534565
60	7	1.42269759377071
60	8	1.3623511444079788
60	9	1.3623511444079788
60	10	1.3623511444079788
60	11	1.42269759377071
60	12	2.038064930612641
60	13	2.3995082154292224
60	14	1.7841408785872923
60	15	1.3520757634473957
60	16	1.3520757634473957
61	0	1.1937358827832163
61	1	2.5844410065176446
61	2	3.0165061216575406
61	3	1.8330456198349074
61	4	1.2176782829929762
61	5	1.8330456198349074
61	6	1.8330456198349074
61	7	1.8330456198349074
61	8	1.8330456198349074
61	9	2.4011387848156103
61	10	1.4009805046950115
61	11	1.2176782829929762
61	12	1.2176782829929762
61	13	0.7856131678530804
61	14	1.9690736696757136
61	15	1.9690736696757136
61	16	1.9587982887151305
61	17	1.9587982887151305
61	18	2.029420119038445
61	19	1.9690736696757136
61	20	1.9587982887151305
61	21	3.0062307406969575
61	22	2.6447874558803766
61	23	2.390863403855027
61	24	2.029420119038445
61	25	1.8330456198349074
61	26	1.8330456198349074
61	27	1.8330456198349074
61	28	1.8330456198349074
61	29	1.2176782829929762
61	30	1.2176782829929762
61	31	1.207402902032393
61	32	2.390863403855027
61	33	2.029420119038445
61	34	1.9587982887151305
61	35	2.029420119038445
61	36	2.029420119038445
61	37	1.9587982887151305
61	38	3.0062307406969575
61	39	2.029420119038445
61	40	1.8330456198349074
61	41	1.8330456198349074
61	42	1.9690736696757136
61	43	1.9690736696757136
61	44	3.0062307406969575
61	45	2.499793470277656
61	46	1.8227702388743243
61	47	1.9690736696757136
61	48	3.0062307406969575
61	49	3.0062307406969575
61	50	2.5741656255570615
61	51	2.6447874558803766
61	52	1.2176782829929762
61	53	0.4423404961004787
61	54	1.8227702388743243
61	55	1.9587982887151305
61	56	3.0062307406969575
61	57	3.0062307406969575
61	58	1.9690736696757136
61	59	1.9690736696757136
61	60	1.7244556833851579
61	61	1.9690736696757136
61	62	1.1937358827832163
61	63	1.9587982887151305
61	64	1.9690736696757136
61	65	2.390863403855027
61	66	1.9690736696757136
61	67	1.9587982887151305
61	68	0.4320651151398956
62	0	0.6256427178025139
62	1	0.4423404961004787
62	2	1.6258009979231123
62	3	0.4423404961004787
62	4	0.010275380960583122
62	5	1.1834605018226332
62	6	1.1937358827832163
62	7	1.1937358827832163
62	8	1.2540823321459478
62	9	1.6155256169625292
62	10	1.1937358827832163
62	11	1.1834605018226332
62	12	1.2540823321459478
62	13	1.1834605018226332
62	14	1.8694496689878781
62	15	2.23089295380446
63	0	1.6258009979231123
63	1	0.6256427178025139
63	2	0.4423404961004787
63	3	0.4423404961004787
63	4	1.1834605018226332
63	5	1.8694496689878781
63	6	2.23089295380446
63	7	0.010275380960583122
63	8	1.1937358827832163
63	9	1.1937358827832163
63	10	1.1937358827832163
63	11	1.6155256169625292
63	12	1.2540823321459478
63	13	1.1834605018226332
63	14	1.2540823321459478
63	15	1.1834605018226332
64	0	0.4423404961004787
64	1	1.0577078329424092
64	2	1.0577078329424092
64	3	1.6258009979231123
64	4	1.0577078329424092
64	5	1.0577078329424092
64	6	1.0577078329424092
64	7	0.4423404961004787
64	8	0.6256427178025139
64	9	2.2411683347650433
65	0	1.0577078329424092
65	1	1.6258009979231123
65	2	0.4423404961004787
65	3	1.0577078329424092
65	4	1.0577078329424092
65	5	1.0577078329424092
65	6	1.0577078329424092
65	7	0.6256427178025139
65	8	0.4423404961004787
65	9	2.2411683347650433
66	0	1.0577078329424092
66	1	1.0577078329424092
66	2	1.6258009979231123
66	3	1.0577078329424092
66	4	0.4423404961004787
66	5	1.0577078329424092
66	6	1.0577078329424092
66	7	2.2411683347650433
66	8	0.6256427178025139
66	9	0.4423404961004787
67	0	1.2263230945671728
67	1	1.7944162595478754
67	2	0.6109557577252414
67	3	1.2263230945671728
67	4	1.0577078329424092
67	5	2.4097835963898055
67	6	1.2176782829929762
67	7	1.8330456198349074
67	8	1.8330456198349074
67	9	1.8330456198349074
67	10	0.6109557577252414
67	11	0.7942579794272763
68	0	0.6256427178025139
68	1	1.6258009979231123
68	2	0.4423404961004787
68	3	0.4423404961004787
68	4	1.9587982887151305
68	5	2.029420119038445
68	6	0.7856131678530804
68	7	2.6447874558803766
68	8	3.0062307406969575
68	9	1.9587982887151305
68	10	1.9690736696757136
68	11	1.9690736696757136
68	12	1.9690736696757136
68	13	2.029420119038445
68	14	2.390863403855027
68	15	1.9587982887151305
69	0	0.6256427178025139
69	1	1.6258009979231123
69	2	0.4423404961004787
69	3	0.4423404961004787
69	4	1.1834605018226332
69	5	1.1937358827832163
69	6	0.010275380960583122
69	7	1.1937358827832163
69	8	1.1834605018226332
69	9	1.2540823321459478
69	10	1.1937358827832163
69	11	1.8694496689878781
69	12	2.23089295380446
69	13	1.6155256169625292
69	14	1.2540823321459478
69	15	1.1834605018226332
70	0	0.4423404961004787
70	1	1.6258009979231123
70	2	0.6256427178025139
70	3	0.4423404961004787
70	4	0.010275380960583122
70	5	2.23089295380446
70	6	1.8694496689878781
70	7	1.2540823321459478
70	8	1.1834605018226332
70	9	1.2540823321459478
70	10	1.6155256169625292
70	11	1.1937358827832163
70	12	1.1834605018226332
70	13	1.1937358827832163
70	14	1.1937358827832163
70	15	1.1834605018226332
71	0	1.9690736696757136
71	1	1.8330456198349074
71	2	1.9690736696757136
71	3	1.8330456198349074
71	4	1.2263230945671728
71	5	1.2263230945671728
71	6	1.8330456198349074
71	7	1.2263230945671728
72	0	1.6155256169625292
72	1	0.010275380960583122
72	2	0.6256427178025139
72	3	0.4423404961004787
72	4	0.4423404961004787
72	5	1.1937358827832163
73	0	0.7856131678530804
73	1	2.390863403855027
73	2	1.2176782829929762
73	3	1.2176782829929762
73	4	1.9690736696757136
73	5	1.4009805046950115
74	0	1.8330456198349074
74	1	1.2176782829929762
74	2	1.9690736696757136
74	3	1.9690736696757136
74	4	1.9690736696757136
74	5	1.9690736696757136
75	0	0.17889064258534565
75	1	1.8330456198349074
75	2	0.4423404961004787
75	3	1.3623511444079788
75	4	0.7942579794272763
75	5	0.6109557577252414
75	6	1.9587982887151305
75	7	3.0062307406969575
76	0	1.0577078329424092
76	1	0.010275380960583122
76	2	0.4423404961004787
76	3	1.1937358827832163
76	4	0.6256427178025139
76	5	0.4423404961004787
77	0	1.9690736696757136
77	1	1.8330456198349074
77	2	1.8330456198349074
77	3	1.8330456198349074
77	4	1.2176782829929762
77	5	1.8330456198349074
77	6	1.8330456198349074
77	7	0.4423404961004787
77	8	1.8330456198349074
77	9	1.8330456198349074
77	10	2.4011387848156103
77	11	0.6256427178025139
77	12	0.4423404961004787
77	13	1.8330456198349074
77	14	1.9690736696757136
77	15	1.2263230945671728
78	0	1.8330456198349074
78	1	1.8330456198349074
78	2	1.8330456198349074
78	3	1.2176782829929762
78	4	1.8330456198349074
78	5	1.2176782829929762
78	6	2.4011387848156103
78	7	1.4009805046950115
78	8	1.2176782829929762
78	9	0.7856131678530804
78	10	1.9690736696757136
78	11	2.6447874558803766
78	12	3.0062307406969575
78	13	2.390863403855027
78	14	1.9587982887151305
78	15	1.9587982887151305
78	16	2.029420119038445
78	17	1.9587982887151305
78	18	2.029420119038445
78	19	1.9690736696757136
78	20	1.9690736696757136
78	21	1.207402902032393
78	22	3.0062307406969575
78	23	1.9587982887151305
78	24	2.029420119038445
78	25	2.029420119038445
78	26	2.390863403855027
78	27	1.8330456198349074
78	28	1.9587982887151305
78	29	2.029420119038445
78	30	2.029420119038445
78	31	1.8330456198349074
78	32	1.8330456198349074
78	33	1.8330456198349074
78	34	3.0165061216575406
78	35	1.8330456198349074
78	36	1.8330456198349074
78	37	1.2176782829929762
78	38	1.8330456198349074
78	39	1.9690736696757136
78	40	2.390863403855027
79	0	0.4423404961004787
79	1	0.4423404961004787
79	2	1.6258009979231123
79	3	0.6256427178025139
79	4	1.1834605018226332
79	5	1.1937358827832163
79	6	0.010275380960583122
79	7	1.1834605018226332
79	8	1.1834605018226332
79	9	1.8694496689878781
79	10	2.23089295380446
79	11	1.1937358827832163
79	12	1.6155256169625292
79	13	1.2540823321459478
79	14	1.2540823321459478
79	15	1.1937358827832163
80	0	1.7944162595478754
80	1	1.2263230945671728
80	2	1.2263230945671728
80	3	0.4423404961004787
80	4	0.4320651151398956
80	5	1.2263230945671728
80	6	1.2263230945671728
80	7	1.2263230945671728
80	8	0.6109557577252414
80	9	0.7942579794272763
80	10	2.4097835963898055
81	0	1.0577078329424092
81	1	1.0577078329424092
81	2	1.0577078329424092
81	3	0.4423404961004787
81	4	1.0577078329424092
81	5	0.4423404961004787
81	6	0.6256427178025139
81	7	1.6258009979231123
82	0	0.4423404961004787
82	1	1.0577078329424092
82	2	1.0577078329424092
82	3	1.0577078329424092
82	4	1.6258009979231123
82	5	0.6256427178025139
82	6	0.4423404961004787
82	7	1.0577078329424092
83	0	1.6258009979231123
83	1	1.2263230945671728
83	2	0.6006803767646582
83	3	1.0577078329424092
83	4	1.0577078329424092
83	5	0.4423404961004787
83	6	1.0577078329424092
83	7	1.0577078329424092
83	8	0.4423404961004787
83	9	0.6256427178025139
83	10	2.4097835963898055
84	0	1.0577078329424092
84	1	0.4423404961004787
84	2	1.0577078329424092
84	3	1.6258009979231123
84	4	1.0577078329424092
84	5	0.4320651151398956
84	6	2.2411683347650433
84	7	0.4423404961004787
84	8	0.6256427178025139
84	9	1.0577078329424092
84	10	1.0577078329424092
85	0	1.2263230945671728
85	1	1.7944162595478754
85	2	1.2263230945671728
85	3	0.4423404961004787
85	4	0.6006803767646582
85	5	1.2263230945671728
85	6	2.4097835963898055
85	7	0.6109557577252414
85	8	0.7942579794272763
85	9	1.2263230945671728
85	10	1.2263230945671728
86	0	1.0577078329424092
86	1	1.6258009979231123
86	2	1.0577078329424092
86	3	1.0577078329424092
86	4	0.4423404961004787
86	5	0.4320651151398956
87	0	1.6258009979231123
87	1	1.0577078329424092
87	2	0.4320651151398956
87	3	0.4423404961004787
87	4	1.0577078329424092
87	5	1.0577078329424092
87	6	0.6256427178025139
87	7	0.4423404961004787
87	8	2.2411683347650433
87	9	1.0577078329424092
87	10	1.0577078329424092
88	0	1.0577078329424092
88	1	1.0577078329424092
88	2	0.4423404961004787
88	3	1.0577078329424092
88	4	1.6258009979231123
88	5	0.6256427178025139
88	6	0.4423404961004787
88	7	1.0577078329424092
89	0	0.4423404961004787
89	1	1.0577078329424092
89	2	1.0577078329424092
89	3	1.0577078329424092
89	4	0.4423404961004787
89	5	0.6256427178025139
89	6	1.6258009979231123
89	7	1.0577078329424092
90	0	1.2263230945671728
90	1	1.6258009979231123
90	2	1.0577078329424092
90	3	0.6006803767646582
90	4	1.0577078329424092
90	5	0.4423404961004787
90	6	2.4097835963898055
90	7	1.0577078329424092
90	8	1.0577078329424092
90	9	0.4423404961004787
90	10	0.6256427178025139
91	0	1.6258009979231123
91	1	1.0577078329424092
91	2	1.0577078329424092
91	3	1.0577078329424092
91	4	0.4423404961004787
91	5	0.4320651151398956
92	0	1.0577078329424092
92	1	1.0577078329424092
92	2	1.6258009979231123
92	3	1.0577078329424092
92	4	1.0577078329424092
92	5	0.4423404961004787
92	6	0.4320651151398956
92	7	0.4423404961004787
92	8	0.6256427178025139
92	9	1.0577078329424092
92	10	1.0577078329424092
92	11	2.2411683347650433
93	0	1.0577078329424092
93	1	1.0577078329424092
93	2	1.0577078329424092
93	3	0.4423404961004787
93	4	1.0577078329424092
93	5	1.6258009979231123
93	6	0.6256427178025139
93	7	0.4423404961004787
93	8	1.0577078329424092
93	9	1.0577078329424092
93	10	2.2411683347650433
93	11	0.4320651151398956
94	0	1.0577078329424092
94	1	1.0577078329424092
94	2	0.4423404961004787
94	3	1.0577078329424092
94	4	1.0577078329424092
94	5	1.6258009979231123
94	6	0.4320651151398956
94	7	1.0577078329424092
94	8	1.0577078329424092
94	9	2.2411683347650433
94	10	0.4423404961004787
94	11	0.6256427178025139
95	0	1.0577078329424092
95	1	1.0577078329424092
95	2	1.0577078329424092
95	3	0.4423404961004787
95	4	1.0577078329424092
95	5	1.6258009979231123
95	6	0.6256427178025139
95	7	0.4423404961004787
96	0	1.2176782829929762
96	1	1.8330456198349074
96	2	1.8330456198349074
96	3	1.8330456198349074
96	4	1.0577078329424092
96	5	0.4423404961004787
96	6	1.0577078329424092
96	7	1.0577078329424092
96	8	1.0577078329424092
96	9	1.6258009979231123
96	10	0.4423404961004787
96	11	0.6256427178025139
96	12	1.8330456198349074
96	13	1.9690736696757136
96	14	0.4423404961004787
96	15	1.2176782829929762
96	16	1.8330456198349074
96	17	1.2176782829929762
96	18	1.2176782829929762
96	19	3.0062307406969575
96	20	1.9587982887151305
96	21	1.2176782829929762
96	22	1.2176782829929762
96	23	1.8227702388743243
96	24	1.1937358827832163
96	25	3.0062307406969575
96	26	1.8227702388743243
96	27	1.9690736696757136
96	28	1.9690736696757136
96	29	1.207402902032393
96	30	1.9587982887151305
96	31	1.9690736696757136
96	32	1.9690736696757136
96	33	2.499793470277656
96	34	2.390863403855027
96	35	1.9690736696757136
96	36	1.1834605018226332
97	0	1.2263230945671728
97	1	1.6258009979231123
97	2	1.2263230945671728
97	3	1.0577078329424092
97	4	0.4423404961004787
97	5	1.0577078329424092
97	6	0.6006803767646582
98	0	1.6258009979231123
98	1	1.0577078329424092
98	2	1.0577078329424092
98	3	1.0577078329424092
98	4	1.0577078329424092
98	5	0.4423404961004787
98	6	0.4320651151398956
99	0	1.9587982887151305
99	1	1.8330456198349074
99	2	0.4423404961004787
99	3	1.9690736696757136
99	4	0.6256427178025139
99	5	0.4423404961004787
99	6	0.7856131678530804
100	0	1.9690736696757136
100	1	0.7856131678530804
100	2	1.9690736696757136
100	3	1.4009805046950115
100	4	1.9587982887151305
100	5	2.029420119038445
100	6	2.6447874558803766
100	7	3.0062307406969575
100	8	2.390863403855027
100	9	1.8330456198349074
100	10	2.029420119038445
100	11	1.9587982887151305
100	12	2.029420119038445
100	13	2.029420119038445
100	14	2.029420119038445
100	15	1.9587982887151305
100	16	1.9587982887151305
100	17	2.390863403855027
100	18	1.9587982887151305
100	19	3.0062307406969575
100	20	2.029420119038445
101	0	1.2176782829929762
101	1	1.2176782829929762
101	2	0.6256427178025139
101	3	0.010275380960583122
101	4	1.9690736696757136
101	5	1.0577078329424092
101	6	1.2176782829929762
101	7	1.2176782829929762
101	8	2.4011387848156103
102	0	1.1937358827832163
102	1	0.010275380960583122
102	2	0.6256427178025139
102	3	0.4423404961004787
102	4	0.4423404961004787
102	5	0.4423404961004787
102	6	0.4423404961004787
102	7	1.6258009979231123
102	8	1.0577078329424092
103	0	1.0577078329424092
103	1	0.4423404961004787
103	2	0.010275380960583122
103	3	0.4423404961004787
103	4	1.1937358827832163
103	5	0.4423404961004787
103	6	1.3520757634473957
103	7	1.1834605018226332
103	8	0.4423404961004787
103	9	1.9587982887151305
103	10	0.6256427178025139
103	11	1.6258009979231123
104	0	1.1834605018226332
104	1	1.0577078329424092
104	2	1.1937358827832163
104	3	0.4423404961004787
104	4	0.4423404961004787
104	5	0.010275380960583122
104	6	0.6256427178025139
105	0	1.1937358827832163
105	1	0.6256427178025139
105	2	0.4423404961004787
105	3	0.4423404961004787
105	4	1.0577078329424092
105	5	0.010275380960583122
105	6	0.4423404961004787
105	7	0.4423404961004787
105	8	1.6258009979231123
106	0	1.1834605018226332
106	1	2.029420119038445
106	2	1.9587982887151305
106	3	0.010275380960583122
106	4	0.4423404961004787
106	5	1.1937358827832163
106	6	0.4423404961004787
106	7	1.0577078329424092
106	8	0.6256427178025139
106	9	1.6258009979231123
106	10	0.4423404961004787
106	11	0.4423404961004787
107	0	1.2540823321459478
107	1	2.029420119038445
107	2	0.4423404961004787
107	3	1.0577078329424092
107	4	1.1937358827832163
107	5	0.010275380960583122
107	6	0.4423404961004787
107	7	0.6256427178025139
107	8	0.4423404961004787
107	9	0.4423404961004787
107	10	1.6258009979231123
107	11	1.1834605018226332
108	0	1.1834605018226332
108	1	0.010275380960583122
108	2	1.1937358827832163
108	3	1.2540823321459478
108	4	1.9690736696757136
108	5	0.4423404961004787
108	6	1.2540823321459478
108	7	0.6256427178025139
108	8	1.0577078329424092
108	9	0.4423404961004787
108	10	0.4423404961004787
108	11	0.4423404961004787
108	12	1.6258009979231123
109	0	0.010275380960583122
109	1	1.1937358827832163
109	2	2.029420119038445
109	3	0.6256427178025139
109	4	1.1937358827832163
109	5	1.2540823321459478
109	6	2.029420119038445
109	7	0.4423404961004787
109	8	1.0577078329424092
109	9	0.4423404961004787
109	10	1.2540823321459478
109	11	1.6258009979231123
109	12	0.4423404961004787
109	13	0.4423404961004787
109	14	1.1834605018226332
110	0	1.0577078329424092
110	1	0.010275380960583122
110	2	1.2540823321459478
110	3	1.1937358827832163
110	4	1.2540823321459478
110	5	1.2540823321459478
110	6	1.2540823321459478
110	7	0.4423404961004787
110	8	0.6256427178025139
110	9	0.4423404961004787
110	10	1.1937358827832163
110	11	1.1834605018226332
110	12	1.6258009979231123
110	13	0.4423404961004787
110	14	0.4423404961004787
111	0	2.029420119038445
111	1	0.010275380960583122
111	2	1.1937358827832163
111	3	1.2540823321459478
111	4	1.2540823321459478
111	5	1.1937358827832163
111	6	1.2540823321459478
111	7	0.4423404961004787
111	8	0.4423404961004787
111	9	1.0577078329424092
111	10	0.6256427178025139
111	11	1.2540823321459478
112	0	0.010275380960583122
112	1	1.2540823321459478
112	2	1.0577078329424092
112	3	1.2540823321459478
112	4	0.4423404961004787
112	5	1.1937358827832163
112	6	0.4423404961004787
112	7	0.6256427178025139
112	8	1.2540823321459478
112	9	1.1937358827832163
112	10	1.2540823321459478
112	11	1.2540823321459478
113	0	0.7856131678530804
113	1	1.9690736696757136
113	2	2.6447874558803766
113	3	3.0062307406969575
113	4	2.029420119038445
113	5	1.9587982887151305
113	6	2.029420119038445
113	7	2.029420119038445
113	8	1.9690736696757136
113	9	2.029420119038445
113	10	0.6256427178025139
113	11	3.0062307406969575
113	12	2.029420119038445
113	13	1.9587982887151305
113	14	1.8330456198349074
113	15	2.029420119038445
113	16	2.390863403855027
113	17	1.4009805046950115
113	18	1.9587982887151305
113	19	1.9587982887151305
113	20	2.390863403855027
113	21	1.9587982887151305
113	22	1.9587982887151305
113	23	1.2176782829929762
113	24	1.2176782829929762
113	25	1.9690736696757136
113	26	1.2176782829929762
113	27	2.4011387848156103
113	28	1.2176782829929762
114	0	0.6256427178025139
114	1	1.2540823321459478
114	2	1.0577078329424092
114	3	1.1937358827832163
114	4	0.6256427178025139
114	5	0.4423404961004787
114	6	1.2540823321459478
114	7	1.2540823321459478
114	8	1.1937358827832163
114	9	0.010275380960583122
114	10	1.2540823321459478
114	11	0.4423404961004787
114	12	1.1834605018226332
115	0	0.6256427178025139
115	1	1.1937358827832163
115	2	0.4423404961004787
115	3	0.4423404961004787
115	4	1.2540823321459478
115	5	1.2540823321459478
115	6	1.2540823321459478
115	7	1.0577078329424092
115	8	0.010275380960583122
115	9	1.1937358827832163
115	10	0.6256427178025139
115	11	1.2540823321459478
116	0	1.3520757634473957
116	1	1.1937358827832163
116	2	1.0577078329424092
116	3	0.4423404961004787
116	4	0.6109557577252414
116	5	0.010275380960583122
116	6	0.4423404961004787
116	7	0.6256427178025139
116	8	0.6256427178025139
116	9	1.1937358827832163
116	10	1.2540823321459478
116	11	1.2540823321459478
116	12	1.2540823321459478
116	13	1.2540823321459478
116	14	1.2176782829929762
116	15	2.4011387848156103
117	0	0.6256427178025139
117	1	1.2540823321459478
117	2	0.4423404961004787
117	3	1.0577078329424092
117	4	0.010275380960583122
117	5	1.1937358827832163
117	6	0.6256427178025139
117	7	1.2540823321459478
117	8	1.2540823321459478
117	9	1.1937358827832163
117	10	1.2540823321459478
117	11	0.4423404961004787
118	0	0.4423404961004787
118	1	1.1937358827832163
118	2	1.2540823321459478
118	3	1.2540823321459478
118	4	0.6256427178025139
118	5	1.2540823321459478
118	6	0.010275380960583122
118	7	1.2540823321459478
118	8	0.4423404961004787
118	9	1.1937358827832163
118	10	0.6256427178025139
118	11	1.0577078329424092
118	12	1.6258009979231123
118	13	1.9587982887151305
118	14	0.4423404961004787
118	15	0.4423404961004787
118	16	1.9690736696757136
118	17	1.8330456198349074
119	0	0.6256427178025139
119	1	0.4423404961004787
119	2	1.1937358827832163
119	3	1.2540823321459478
119	4	0.010275380960583122
119	5	1.2540823321459478
119	6	0.4423404961004787
119	7	1.2540823321459478
119	8	0.6256427178025139
119	9	1.2540823321459478
119	10	1.1937358827832163
119	11	1.0577078329424092
120	0	0.4423404961004787
120	1	1.6258009979231123
120	2	0.6256427178025139
120	3	0.4423404961004787
120	4	1.1937358827832163
120	5	1.2540823321459478
120	6	0.010275380960583122
120	7	1.2540823321459478
120	8	1.0577078329424092
120	9	1.1937358827832163
120	10	0.6256427178025139
120	11	1.2540823321459478
120	12	1.2540823321459478
120	13	3.0062307406969575
120	14	1.9690736696757136
120	15	1.1834605018226332
120	16	1.9587982887151305
120	17	2.6447874558803766
120	18	3.0062307406969575
120	19	1.3520757634473957
121	0	0.6256427178025139
121	1	0.4423404961004787
121	2	1.6258009979231123
121	3	0.4423404961004787
121	4	2.23089295380446
121	5	1.8694496689878781
121	6	0.010275380960583122
121	7	1.1834605018226332
121	8	1.1834605018226332
121	9	1.1937358827832163
121	10	1.1834605018226332
121	11	1.2540823321459478
121	12	1.2540823321459478
121	13	1.2540823321459478
121	14	1.0577078329424092
121	15	1.1937358827832163
121	16	1.1937358827832163
121	17	1.2540823321459478
121	18	0.6256427178025139
121	19	2.23089295380446
122	0	0.4423404961004787
122	1	0.4423404961004787
122	2	1.6258009979231123
122	3	0.6256427178025139
122	4	1.1937358827832163
122	5	0.010275380960583122
122	6	1.0577078329424092
122	7	1.2540823321459478
122	8	1.2540823321459478
122	9	1.1937358827832163
122	10	1.2540823321459478
122	11	1.2540823321459478
122	12	0.6256427178025139
122	13	1.1937358827832163
122	14	1.8694496689878781
122	15	2.23089295380446
122	16	2.23089295380446
122	17	1.1834605018226332
122	18	1.1834605018226332
122	19	1.1834605018226332
123	0	0.4423404961004787
123	1	1.6258009979231123
123	2	0.6256427178025139
123	3	0.4423404961004787
123	4	0.010275380960583122
123	5	0.6256427178025139
123	6	1.2540823321459478
123	7	1.1937358827832163
123	8	1.2540823321459478
123	9	1.2540823321459478
123	10	1.2540823321459478
123	11	1.0577078329424092
123	12	1.1937358827832163
123	13	2.23089295380446
123	14	1.8694496689878781
123	15	1.1834605018226332
123	16	1.1834605018226332
123	17	2.23089295380446
123	18	1.1937358827832163
123	19	1.1834605018226332
124	0	0.6256427178025139
124	1	1.6258009979231123
124	2	0.4423404961004787
124	3	0.4423404961004787
124	4	0.010275380960583122
124	5	2.23089295380446
124	6	1.1937358827832163
124	7	0.6256427178025139
124	8	1.2540823321459478
124	9	1.2540823321459478
124	10	1.1937358827832163
124	11	1.1937358827832163
124	12	1.2540823321459478
124	13	1.2540823321459478
124	14	1.0577078329424092
124	15	1.8694496689878781
124	16	2.23089295380446
124	17	1.1834605018226332
124	18	1.1834605018226332
124	19	1.1834605018226332
125	0	1.6258009979231123
125	1	0.6256427178025139
125	2	0.4423404961004787
125	3	0.4423404961004787
125	4	2.23089295380446
125	5	0.010275380960583122
125	6	2.23089295380446
125	7	1.8694496689878781
125	8	0.6256427178025139
125	9	1.1937358827832163
125	10	1.2540823321459478
125	11	1.0577078329424092
125	12	1.2540823321459478
125	13	1.1937358827832163
125	14	1.2540823321459478
125	15	1.2540823321459478
125	16	1.1834605018226332
125	17	1.1834605018226332
125	18	1.1834605018226332
125	19	1.1937358827832163
126	0	0.6256427178025139
126	1	1.6258009979231123
126	2	0.4423404961004787
126	3	0.4423404961004787
126	4	1.1937358827832163
126	5	0.010275380960583122
126	6	2.23089295380446
126	7	1.8694496689878781
126	8	1.2540823321459478
126	9	1.0577078329424092
126	10	1.2540823321459478
126	11	1.1937358827832163
126	12	1.2540823321459478
126	13	0.6256427178025139
126	14	1.1937358827832163
126	15	1.2540823321459478
126	16	1.1834605018226332
126	17	1.1834605018226332
126	18	1.1834605018226332
126	19	2.23089295380446
126	20	1.8330456198349074
126	21	1.8330456198349074
126	22	1.8330456198349074
126	23	1.8330456198349074
127	0	0.4423404961004787
127	1	1.0577078329424092
127	2	1.0577078329424092
127	3	1.0577078329424092
127	4	1.0577078329424092
127	5	1.6258009979231123
127	6	0.6256427178025139
127	7	0.4423404961004787
128	0	0.4423404961004787
128	1	1.0577078329424092
128	2	1.0577078329424092
128	3	1.0577078329424092
128	4	0.6256427178025139
128	5	0.4423404961004787
128	6	1.6258009979231123
128	7	1.0577078329424092
129	0	1.0577078329424092
129	1	1.0577078329424092
129	2	1.0577078329424092
129	3	0.4423404961004787
129	4	1.0577078329424092
129	5	1.6258009979231123
129	6	0.6256427178025139
129	7	0.4423404961004787
130	0	1.0577078329424092
130	1	1.0577078329424092
130	2	1.0577078329424092
130	3	0.4423404961004787
130	4	0.6256427178025139
130	5	0.4423404961004787
130	6	1.6258009979231123
130	7	1.0577078329424092
131	0	1.0577078329424092
131	1	1.0577078329424092
131	2	0.4423404961004787
131	3	1.0577078329424092
131	4	1.0577078329424092
131	5	0.4423404961004787
131	6	0.6256427178025139
131	7	1.6258009979231123
132	0	1.0577078329424092
132	1	0.4423404961004787
132	2	1.0577078329424092
132	3	1.0577078329424092
132	4	0.4423404961004787
132	5	0.6256427178025139
132	6	1.6258009979231123
132	7	1.0577078329424092
133	0	1.8330456198349074
133	1	1.0577078329424092
133	2	1.0577078329424092
133	3	0.4423404961004787
133	4	1.0577078329424092
133	5	1.8330456198349074
133	6	1.2176782829929762
133	7	1.8330456198349074
134	0	0.4423404961004787
134	1	1.0577078329424092
134	2	1.0577078329424092
134	3	1.0577078329424092
134	4	0.4423404961004787
134	5	1.6258009979231123
134	6	0.6256427178025139
134	7	1.0577078329424092
135	0	1.0577078329424092
135	1	1.0577078329424092
135	2	1.0577078329424092
135	3	0.4423404961004787
135	4	1.0577078329424092
135	5	0.6256427178025139
135	6	1.6258009979231123
135	7	0.4423404961004787
136	0	0.4423404961004787
136	1	1.0577078329424092
136	2	1.0577078329424092
136	3	1.0577078329424092
136	4	0.4423404961004787
136	5	1.6258009979231123
136	6	0.6256427178025139
136	7	1.0577078329424092
137	0	0.4423404961004787
137	1	1.0577078329424092
137	2	1.0577078329424092
137	3	1.0577078329424092
137	4	0.4423404961004787
137	5	1.6258009979231123
137	6	0.6256427178025139
137	7	1.0577078329424092
138	0	1.6258009979231123
138	1	1.8330456198349074
138	2	1.8330456198349074
138	3	0.4423404961004787
138	4	1.0577078329424092
138	5	1.0577078329424092
138	6	1.207402902032393
139	0	1.0577078329424092
139	1	1.0577078329424092
139	2	1.0577078329424092
139	3	0.4423404961004787
139	4	1.0577078329424092
139	5	0.4423404961004787
139	6	1.6258009979231123
139	7	0.6256427178025139
140	0	1.0577078329424092
140	1	1.0577078329424092
140	2	0.4423404961004787
140	3	1.0577078329424092
140	4	0.4423404961004787
140	5	0.6256427178025139
140	6	1.6258009979231123
140	7	1.0577078329424092
141	0	1.0577078329424092
141	1	0.4423404961004787
141	2	1.0577078329424092
141	3	1.0577078329424092
141	4	1.0577078329424092
141	5	1.6258009979231123
141	6	0.4423404961004787
141	7	0.6256427178025139
142	0	1.4009805046950115
142	1	0.4423404961004787
142	2	1.9690736696757136
142	3	2.029420119038445
142	4	1.9690736696757136
142	5	0.4423404961004787
142	6	2.029420119038445
142	7	2.029420119038445
142	8	0.7856131678530804
142	9	2.029420119038445
142	10	1.8330456198349074
142	11	0.6256427178025139
142	12	1.6258009979231123
142	13	1.9587982887151305
142	14	1.2176782829929762
142	15	1.2176782829929762
143	0	0.6256427178025139
143	1	1.2540823321459478
143	2	1.2540823321459478
143	3	1.9587982887151305
143	4	1.1937358827832163
143	5	1.2540823321459478
143	6	1.2540823321459478
143	7	0.4423404961004787
143	8	0.010275380960583122
143	9	1.1937358827832163
143	10	0.4423404961004787
143	11	1.0577078329424092
143	12	0.6256427178025139
143	13	1.1834605018226332
144	0	0.4423404961004787
144	1	1.2263230945671728
144	2	1.2263230945671728
144	3	1.2263230945671728
144	4	1.2263230945671728
144	5	0.6256427178025139
144	6	0.4423404961004787
144	7	1.6258009979231123
145	0	0.4423404961004787
145	1	0.6256427178025139
145	2	0.6256427178025139
145	3	1.2540823321459478
145	4	1.0577078329424092
145	5	0.010275380960583122
145	6	0.4423404961004787
145	7	1.2540823321459478
145	8	1.1937358827832163
145	9	1.1937358827832163
145	10	1.2540823321459478
145	11	1.2540823321459478
145	12	1.6258009979231123
145	13	1.1834605018226332
145	14	0.6109557577252414
145	15	0.6109557577252414
146	0	0.4423404961004787
146	1	1.0577078329424092
146	2	1.0577078329424092
146	3	1.0577078329424092
146	4	0.4423404961004787
146	5	0.6256427178025139
146	6	1.6258009979231123
146	7	1.0577078329424092
147	0	1.0577078329424092
147	1	0.4423404961004787
147	2	1.0577078329424092
147	3	1.0577078329424092
147	4	1.0577078329424092
147	5	1.6258009979231123
147	6	0.6256427178025139
147	7	0.4423404961004787
148	0	1.0577078329424092
148	1	0.4423404961004787
148	2	1.0577078329424092
148	3	1.0577078329424092
148	4	1.0577078329424092
148	5	0.4423404961004787
148	6	0.6256427178025139
148	7	1.6258009979231123
149	0	1.0577078329424092
149	1	0.4423404961004787
149	2	1.0577078329424092
149	3	1.0577078329424092
149	4	0.4423404961004787
149	5	0.6256427178025139
149	6	1.6258009979231123
149	7	1.0577078329424092
150	0	1.8330456198349074
150	1	1.0577078329424092
150	2	1.8330456198349074
150	3	1.0577078329424092
150	4	1.2176782829929762
150	5	1.4009805046950115
150	6	2.4011387848156103
150	7	1.8330456198349074
151	0	1.0577078329424092
151	1	1.0577078329424092
151	2	1.0577078329424092
151	3	1.0577078329424092
151	4	1.0577078329424092
151	5	0.4423404961004787
151	6	0.6256427178025139
151	7	1.6258009979231123
152	0	1.0577078329424092
152	1	1.0577078329424092
152	2	1.0577078329424092
152	3	1.0577078329424092
152	4	1.0577078329424092
152	5	1.6258009979231123
152	6	0.6256427178025139
152	7	0.4423404961004787
153	0	1.8330456198349074
153	1	1.8330456198349074
153	2	1.6258009979231123
153	3	1.0577078329424092
153	4	1.0577078329424092
153	5	1.0577078329424092
153	6	1.207402902032393
153	7	0.6256427178025139
153	8	0.4423404961004787
153	9	3.0165061216575406
153	10	1.2176782829929762
153	11	1.8330456198349074
153	12	1.8330456198349074
153	13	1.8330456198349074
154	0	1.8330456198349074
154	1	1.9690736696757136
154	2	1.8330456198349074
154	3	1.0577078329424092
154	4	1.0577078329424092
154	5	1.0577078329424092
154	6	0.4423404961004787
154	7	1.8330456198349074
154	8	1.0577078329424092
154	9	1.0577078329424092
154	10	1.0577078329424092
154	11	1.0577078329424092
154	12	0.4320651151398956
154	13	1.6258009979231123
154	14	1.0577078329424092
154	15	0.6256427178025139
154	16	0.4423404961004787
154	17	2.2411683347650433
155	0	1.2263230945671728
155	1	1.0577078329424092
155	2	1.8330456198349074
155	3	1.8330456198349074
155	4	0.7942579794272763
155	5	1.7944162595478754
155	6	0.6109557577252414
155	7	1.2263230945671728
156	0	1.2263230945671728
156	1	1.3623511444079788
156	2	1.2176782829929762
156	3	1.2263230945671728
156	4	1.8330456198349074
156	5	1.2176782829929762
157	0	1.7944162595478754
157	1	1.2263230945671728
157	2	1.8330456198349074
157	3	1.2263230945671728
157	4	1.2263230945671728
157	5	1.2263230945671728
157	6	1.207402902032393
157	7	0.7942579794272763
157	8	0.6109557577252414
157	9	1.2263230945671728
157	10	1.2263230945671728
157	11	3.0165061216575406
157	12	1.4009805046950115
158	0	1.2263230945671728
158	1	1.2176782829929762
158	2	2.4097835963898055
158	3	0.6109557577252414
158	4	1.2263230945671728
158	5	1.8330456198349074
158	6	1.8330456198349074
158	7	1.2176782829929762
158	8	1.8330456198349074
158	9	1.2176782829929762
158	10	1.8330456198349074
158	11	1.2263230945671728
158	12	0.6109557577252414
158	13	1.2263230945671728
158	14	1.2263230945671728
158	15	0.6109557577252414
159	0	1.7944162595478754
159	1	1.2263230945671728
159	2	1.2263230945671728
159	3	0.6006803767646582
159	4	1.0577078329424092
159	5	1.0577078329424092
159	6	1.2263230945671728
160	0	0.7856131678530804
160	1	2.390863403855027
160	2	2.029420119038445
160	3	2.6447874558803766
160	4	3.0062307406969575
160	5	2.029420119038445
160	6	3.0062307406969575
160	7	1.9690736696757136
160	8	1.9587982887151305
160	9	1.8330456198349074
160	10	1.9690736696757136
160	11	1.4009805046950115
160	12	2.029420119038445
160	13	1.9587982887151305
160	14	2.029420119038445
160	15	2.029420119038445
160	16	2.029420119038445
160	17	1.4009805046950115
160	18	1.9587982887151305
160	19	1.9587982887151305
160	20	1.9587982887151305
160	21	3.0062307406969575
160	22	1.9587982887151305
161	0	1.9690736696757136
161	1	2.029420119038445
161	2	2.029420119038445
161	3	1.4009805046950115
161	4	1.9587982887151305
161	5	2.029420119038445
161	6	2.029420119038445
161	7	0.7856131678530804
161	8	1.9587982887151305
161	9	3.0062307406969575
161	10	2.029420119038445
161	11	2.390863403855027
161	12	1.9690736696757136
161	13	2.029420119038445
161	14	3.0062307406969575
161	15	1.9587982887151305
161	16	1.9587982887151305
161	17	1.9587982887151305
161	18	1.8330456198349074
161	19	1.4009805046950115
161	20	1.9587982887151305
161	21	2.6447874558803766
161	22	3.0062307406969575
162	0	1.8330456198349074
162	1	1.8330456198349074
162	2	1.8330456198349074
162	3	1.8330456198349074
162	4	1.8330456198349074
162	5	2.4011387848156103
162	6	1.2176782829929762
162	7	0.6256427178025139
163	0	1.0577078329424092
163	1	1.0577078329424092
163	2	1.0577078329424092
163	3	1.0577078329424092
163	4	1.6258009979231123
163	5	0.4423404961004787
163	6	0.6256427178025139
163	7	1.0577078329424092
164	0	1.0577078329424092
164	1	0.4423404961004787
164	2	1.6258009979231123
164	3	0.6256427178025139
164	4	0.17889064258534565
164	5	2.3995082154292224
164	6	1.3520757634473957
164	7	1.3520757634473957
164	8	1.3520757634473957
164	9	1.3623511444079788
164	10	1.9690736696757136
164	11	1.42269759377071
164	12	1.2263230945671728
164	13	0.7942579794272763
164	14	1.3623511444079788
164	15	1.42269759377071
164	16	1.42269759377071
164	17	1.42269759377071
164	18	2.3995082154292224
164	19	2.038064930612641
165	0	1.6258009979231123
165	1	1.0577078329424092
165	2	0.6256427178025139
165	3	0.4423404961004787
165	4	1.1834605018226332
165	5	1.1834605018226332
165	6	0.010275380960583122
165	7	1.1834605018226332
165	8	1.8694496689878781
165	9	2.23089295380446
165	10	2.23089295380446
165	11	0.6256427178025139
165	12	1.1937358827832163
165	13	1.2540823321459478
165	14	1.2540823321459478
165	15	1.0577078329424092
165	16	1.2540823321459478
165	17	1.2540823321459478
165	18	1.1937358827832163
165	19	1.1937358827832163
166	0	0.4423404961004787
166	1	0.6256427178025139
166	2	1.6258009979231123
166	3	1.0577078329424092
166	4	2.23089295380446
166	5	0.010275380960583122
166	6	1.2540823321459478
166	7	1.2540823321459478
166	8	1.1937358827832163
166	9	1.2540823321459478
166	10	1.2540823321459478
166	11	1.1937358827832163
166	12	1.0577078329424092
166	13	0.6256427178025139
166	14	1.1937358827832163
166	15	1.1834605018226332
166	16	1.8694496689878781
166	17	2.23089295380446
166	18	1.1834605018226332
166	19	1.1834605018226332
166	20	1.8330456198349074
166	21	1.8330456198349074
166	22	1.207402902032393
166	23	1.2263230945671728
166	24	1.2263230945671728
167	0	1.2263230945671728
167	1	1.0577078329424092
167	2	1.0577078329424092
167	3	1.2263230945671728
167	4	1.0577078329424092
167	5	0.4423404961004787
167	6	1.6258009979231123
167	7	0.6256427178025139
168	0	1.0577078329424092
168	1	1.0577078329424092
168	2	1.0577078329424092
168	3	1.0577078329424092
168	4	1.0577078329424092
168	5	0.4423404961004787
168	6	1.6258009979231123
168	7	0.6256427178025139
169	0	1.0577078329424092
169	1	1.0577078329424092
169	2	1.0577078329424092
169	3	1.0577078329424092
169	4	1.0577078329424092
169	5	0.4423404961004787
169	6	1.6258009979231123
169	7	0.6256427178025139
170	0	1.6258009979231123
170	1	1.8330456198349074
170	2	1.8330456198349074
170	3	1.0577078329424092
170	4	1.0577078329424092
170	5	1.0577078329424092
170	6	1.207402902032393
171	0	1.0577078329424092
171	1	1.0577078329424092
171	2	1.0577078329424092
171	3	1.0577078329424092
171	4	1.0577078329424092
171	5	0.4423404961004787
171	6	0.6256427178025139
171	7	1.6258009979231123
172	0	1.2263230945671728
172	1	1.0577078329424092
172	2	1.2263230945671728
172	3	1.2263230945671728
172	4	1.2263230945671728
172	5	0.6109557577252414
172	6	0.7942579794272763
172	7	1.7944162595478754
173	0	1.0577078329424092
173	1	1.0577078329424092
173	2	1.0577078329424092
173	3	1.0577078329424092
173	4	0.4423404961004787
173	5	1.6258009979231123
173	6	0.6256427178025139
173	7	1.0577078329424092
174	0	1.0577078329424092
174	1	1.0577078329424092
174	2	1.0577078329424092
174	3	1.0577078329424092
174	4	1.0577078329424092
174	5	0.4423404961004787
174	6	0.6256427178025139
174	7	1.6258009979231123
175	0	1.8330456198349074
175	1	1.0577078329424092
175	2	1.207402902032393
175	3	1.0577078329424092
175	4	1.0577078329424092
175	5	1.8330456198349074
175	6	1.6258009979231123
175	7	0.6256427178025139
175	8	0.4423404961004787
175	9	3.0165061216575406
175	10	1.2263230945671728
175	11	1.8330456198349074
175	12	1.2176782829929762
175	13	1.8330456198349074
176	0	1.0577078329424092
176	1	1.2263230945671728
176	2	1.2263230945671728
176	3	1.0577078329424092
176	4	1.0577078329424092
176	5	0.4423404961004787
176	6	1.6258009979231123
176	7	0.6256427178025139
177	0	1.4009805046950115
177	1	1.0577078329424092
177	2	2.4011387848156103
177	3	1.2176782829929762
177	4	0.7856131678530804
177	5	1.9587982887151305
177	6	3.0062307406969575
177	7	1.4009805046950115
177	8	1.9690736696757136
177	9	2.029420119038445
177	10	2.029420119038445
177	11	2.029420119038445
177	12	1.9690736696757136
177	13	1.2263230945671728
177	14	2.029420119038445
177	15	1.9587982887151305
177	16	1.9690736696757136
177	17	3.0062307406969575
177	18	2.6447874558803766
177	19	1.9587982887151305
178	0	1.0577078329424092
178	1	1.6258009979231123
178	2	0.4423404961004787
178	3	0.6256427178025139
178	4	1.1834605018226332
178	5	1.1937358827832163
178	6	0.010275380960583122
178	7	2.23089295380446
178	8	1.1937358827832163
178	9	1.1937358827832163
178	10	1.0577078329424092
178	11	1.2540823321459478
178	12	1.2540823321459478
178	13	1.2540823321459478
178	14	0.6256427178025139
178	15	1.2540823321459478
178	16	1.8694496689878781
178	17	2.23089295380446
178	18	1.1834605018226332
178	19	1.1834605018226332
179	0	2.4011387848156103
179	1	1.8330456198349074
179	2	1.8330456198349074
179	3	1.0577078329424092
179	4	1.8330456198349074
179	5	1.8330456198349074
179	6	1.207402902032393
179	7	3.0165061216575406
179	8	1.2176782829929762
179	9	1.4009805046950115
179	10	1.8330456198349074
179	11	1.8330456198349074
179	12	1.8330456198349074
179	13	1.2176782829929762
179	14	1.8330456198349074
179	15	1.8330456198349074
180	0	1.0577078329424092
180	1	1.0577078329424092
180	2	1.6258009979231123
180	3	1.0577078329424092
180	4	1.0577078329424092
180	5	1.0577078329424092
180	6	0.4320651151398956
180	7	0.4423404961004787
180	8	0.6256427178025139
180	9	2.2411683347650433
180	10	1.0577078329424092
180	11	1.0577078329424092
180	12	0.4423404961004787
180	13	1.0577078329424092
180	14	1.0577078329424092
180	15	1.0577078329424092
181	0	1.0577078329424092
181	1	1.0577078329424092
181	2	1.0577078329424092
181	3	1.0577078329424092
181	4	1.0577078329424092
181	5	0.6256427178025139
181	6	0.4423404961004787
181	7	1.6258009979231123
182	0	1.0577078329424092
182	1	1.0577078329424092
182	2	1.0577078329424092
182	3	1.0577078329424092
182	4	0.4423404961004787
182	5	1.6258009979231123
182	6	0.6256427178025139
182	7	1.0577078329424092
183	0	1.0577078329424092
183	1	1.0577078329424092
183	2	1.0577078329424092
183	3	1.0577078329424092
183	4	1.0577078329424092
183	5	0.4423404961004787
183	6	0.6256427178025139
183	7	1.6258009979231123
184	0	1.2263230945671728
184	1	1.2263230945671728
184	2	1.6258009979231123
184	3	1.0577078329424092
184	4	1.0577078329424092
184	5	1.0577078329424092
184	6	0.6006803767646582
184	7	2.4097835963898055
184	8	0.6109557577252414
184	9	1.2263230945671728
184	10	1.2263230945671728
184	11	1.2263230945671728
184	12	0.6256427178025139
184	13	0.4423404961004787
185	0	1.0577078329424092
185	1	0.4320651151398956
185	2	1.0577078329424092
185	3	1.0577078329424092
185	4	1.6258009979231123
185	5	1.0577078329424092
185	6	1.0577078329424092
185	7	0.4423404961004787
185	8	0.6256427178025139
185	9	2.2411683347650433
185	10	0.4423404961004787
185	11	1.0577078329424092
185	12	1.0577078329424092
185	13	1.0577078329424092
186	0	0.4423404961004787
186	1	1.0577078329424092
186	2	1.6258009979231123
186	3	0.6256427178025139
186	4	2.6447874558803766
186	5	0.7856131678530804
186	6	3.0062307406969575
186	7	1.9587982887151305
186	8	1.9587982887151305
186	9	1.9690736696757136
186	10	1.9587982887151305
186	11	1.4009805046950115
186	12	2.029420119038445
186	13	1.8330456198349074
186	14	2.029420119038445
186	15	2.029420119038445
186	16	2.029420119038445
186	17	1.9690736696757136
186	18	1.9690736696757136
186	19	3.0062307406969575
187	0	3.0062307406969575
187	1	0.7856131678530804
187	2	2.390863403855027
187	3	1.9587982887151305
187	4	2.029420119038445
187	5	1.9587982887151305
187	6	3.0062307406969575
187	7	1.4009805046950115
187	8	1.9587982887151305
187	9	1.9587982887151305
187	10	3.0062307406969575
187	11	2.6447874558803766
187	12	1.9587982887151305
187	13	1.9690736696757136
187	14	2.029420119038445
187	15	1.4009805046950115
187	16	2.029420119038445
187	17	2.029420119038445
187	18	1.9587982887151305
187	19	2.029420119038445
187	20	1.9690736696757136
187	21	2.029420119038445
187	22	1.8330456198349074
187	23	1.9690736696757136
187	24	1.8330456198349074
187	25	1.2176782829929762
187	26	1.8330456198349074
187	27	1.8330456198349074
187	28	2.4011387848156103
187	29	1.8330456198349074
187	30	1.8330456198349074
187	31	1.207402902032393
187	32	1.8330456198349074
187	33	1.8330456198349074
187	34	3.0165061216575406
188	0	1.0577078329424092
188	1	1.0577078329424092
188	2	1.6258009979231123
188	3	1.0577078329424092
188	4	1.0577078329424092
188	5	1.0577078329424092
188	6	0.4423404961004787
189	0	1.1834605018226332
189	1	0.7856131678530804
189	2	3.0062307406969575
189	3	1.9587982887151305
189	4	2.029420119038445
189	5	1.8330456198349074
189	6	2.029420119038445
189	7	2.029420119038445
189	8	1.9587982887151305
189	9	1.9587982887151305
189	10	2.029420119038445
189	11	2.390863403855027
189	12	1.8227702388743243
189	13	2.390863403855027
189	14	3.0062307406969575
189	15	3.0062307406969575
189	16	3.0062307406969575
189	17	2.390863403855027
189	18	2.390863403855027
189	19	1.8330456198349074
189	20	1.9587982887151305
189	21	3.0062307406969575
189	22	1.9587982887151305
189	23	2.029420119038445
189	24	1.8330456198349074
189	25	1.9690736696757136
189	26	1.2176782829929762
189	27	1.8330456198349074
189	28	1.8330456198349074
189	29	2.4011387848156103
189	30	1.8330456198349074
189	31	1.8330456198349074
189	32	1.2176782829929762
190	0	0.010275380960583122
190	1	1.6155256169625292
190	2	1.6155256169625292
190	3	1.047432451981826
190	4	1.1937358827832163
190	5	1.2540823321459478
190	6	1.0577078329424092
190	7	0.4423404961004787
190	8	1.1834605018226332
190	9	1.2540823321459478
190	10	1.0577078329424092
190	11	1.0577078329424092
190	12	1.2540823321459478
190	13	1.2540823321459478
190	14	1.047432451981826
190	15	2.23089295380446
190	16	1.1834605018226332
190	17	1.2540823321459478
190	18	2.23089295380446
191	0	1.047432451981826
191	1	0.010275380960583122
191	2	1.0577078329424092
191	3	1.1834605018226332
191	4	1.2540823321459478
191	5	1.0577078329424092
191	6	1.1937358827832163
191	7	1.2540823321459478
191	8	1.0577078329424092
191	9	1.047432451981826
191	10	1.2540823321459478
191	11	1.2540823321459478
191	12	0.4423404961004787
192	0	1.9587982887151305
192	1	1.8227702388743243
192	2	3.0062307406969575
192	3	0.7856131678530804
192	4	2.390863403855027
192	5	2.390863403855027
192	6	2.390863403855027
192	7	1.8330456198349074
192	8	1.9587982887151305
192	9	1.9587982887151305
192	10	2.390863403855027
192	11	3.0062307406969575
192	12	1.9587982887151305
192	13	2.029420119038445
192	14	1.8227702388743243
192	15	2.029420119038445
192	16	1.9587982887151305
192	17	2.029420119038445
192	18	2.029420119038445
192	19	1.9587982887151305
192	20	1.8330456198349074
192	21	2.029420119038445
192	22	3.0062307406969575
192	23	3.0062307406969575
192	24	1.9690736696757136
192	25	1.8330456198349074
192	26	1.2176782829929762
193	0	0.010275380960583122
193	1	2.23089295380446
193	2	1.047432451981826
193	3	1.2540823321459478
193	4	1.2540823321459478
193	5	1.1834605018226332
193	6	1.2540823321459478
193	7	1.2540823321459478
193	8	0.4423404961004787
193	9	1.1937358827832163
193	10	1.0577078329424092
193	11	1.0577078329424092
193	12	1.0577078329424092
193	13	1.7988278386645637
194	0	1.8330456198349074
194	1	1.8330456198349074
194	2	1.0577078329424092
194	3	1.8330456198349074
194	4	1.8330456198349074
194	5	1.2176782829929762
194	6	0.4423404961004787
194	7	2.4011387848156103
194	8	1.8227702388743243
195	0	1.2263230945671728
195	1	1.2263230945671728
195	2	1.2263230945671728
195	3	1.2263230945671728
195	4	0.4423404961004787
195	5	0.6109557577252414
195	6	1.7944162595478754
195	7	1.2160477136065897
195	8	1.2263230945671728
196	0	0.6109557577252414
196	1	1.7944162595478754
196	2	1.2160477136065897
196	3	1.2263230945671728
196	4	0.6109557577252414
196	5	2.390863403855027
196	6	0.7856131678530804
196	7	1.9587982887151305
196	8	1.9587982887151305
196	9	2.390863403855027
196	10	3.0062307406969575
196	11	3.0062307406969575
196	12	3.0062307406969575
196	13	2.029420119038445
196	14	2.029420119038445
196	15	1.9587982887151305
196	16	1.8330456198349074
196	17	1.9690736696757136
196	18	1.8330456198349074
196	19	2.029420119038445
196	20	2.029420119038445
197	0	1.0577078329424092
197	1	1.2263230945671728
197	2	1.2263230945671728
197	3	1.2263230945671728
197	4	1.6258009979231123
197	5	0.4423404961004787
197	6	1.047432451981826
197	7	0.4423404961004787
197	8	1.2263230945671728
197	9	0.010275380960583122
197	10	1.6155256169625292
197	11	2.390863403855027
197	12	1.8330456198349074
197	13	1.8330456198349074
197	14	1.2176782829929762
197	15	1.8330456198349074
198	0	2.3995082154292224
198	1	2.3995082154292224
198	2	0.010275380960583122
198	3	1.42269759377071
198	4	1.42269759377071
198	5	1.2263230945671728
198	6	1.42269759377071
198	7	0.4423404961004787
198	8	1.2263230945671728
198	9	1.0577078329424092
198	10	1.047432451981826
198	11	1.3520757634473957
198	12	1.3623511444079788
198	13	1.42269759377071
199	0	1.9690736696757136
199	1	3.0165061216575406
199	2	1.2176782829929762
199	3	1.2176782829929762
199	4	1.2176782829929762
199	5	1.8227702388743243
199	6	1.8330456198349074
199	7	2.4011387848156103
199	8	0.7856131678530804
199	9	1.9587982887151305
199	10	3.0062307406969575
199	11	2.390863403855027
199	12	2.390863403855027
199	13	1.8330456198349074
199	14	2.029420119038445
199	15	1.9690736696757136
199	16	1.8330456198349074
199	17	2.029420119038445
199	18	1.9587982887151305
199	19	2.029420119038445
199	20	2.029420119038445
199	21	3.0062307406969575
199	22	3.0062307406969575
199	23	1.9587982887151305
199	24	2.390863403855027
199	25	3.0062307406969575
199	26	2.5741656255570615
199	27	3.0062307406969575
199	28	1.8227702388743243
199	29	1.2176782829929762
199	30	1.8330456198349074
199	31	1.8330456198349074
199	32	1.207402902032393
199	33	3.0062307406969575
199	34	1.207402902032393
200	0	1.6258009979231123
200	1	1.0577078329424092
200	2	0.4423404961004787
200	3	0.4423404961004787
200	4	1.047432451981826
200	5	1.6155256169625292
200	6	0.010275380960583122
200	7	1.6155256169625292
200	8	1.1834605018226332
200	9	2.23089295380446
200	10	2.23089295380446
200	11	1.1834605018226332
200	12	2.23089295380446
200	13	1.2540823321459478
200	14	1.2540823321459478
200	15	1.0577078329424092
200	16	1.2540823321459478
200	17	1.1834605018226332
200	18	1.0577078329424092
200	19	1.1937358827832163
200	20	1.2540823321459478
200	21	1.8330456198349074
200	22	1.0577078329424092
200	23	1.8330456198349074
200	24	1.8330456198349074
201	0	1.0577078329424092
201	1	1.0577078329424092
201	2	1.0577078329424092
201	3	1.0577078329424092
201	4	0.4423404961004787
201	5	1.047432451981826
201	6	1.6258009979231123
201	7	0.4423404961004787
201	8	1.0577078329424092
202	0	1.0577078329424092
202	1	1.0577078329424092
202	2	1.0577078329424092
202	3	1.0577078329424092
202	4	1.6258009979231123
202	5	0.4423404961004787
202	6	1.047432451981826
202	7	0.4423404961004787
202	8	1.0577078329424092
203	0	1.8330456198349074
203	1	3.0165061216575406
203	2	1.2176782829929762
203	3	1.8330456198349074
203	4	1.2176782829929762
203	5	1.8330456198349074
203	6	1.8330456198349074
203	7	1.8330456198349074
203	8	1.8330456198349074
203	9	1.0577078329424092
203	10	1.0577078329424092
203	11	1.0577078329424092
203	12	1.0577078329424092
203	13	1.0577078329424092
203	14	0.4423404961004787
203	15	0.4423404961004787
203	16	1.6258009979231123
203	17	1.047432451981826
203	18	1.2176782829929762
204	0	1.0577078329424092
204	1	1.0577078329424092
204	2	1.0577078329424092
204	3	1.0577078329424092
204	4	1.047432451981826
204	5	0.4423404961004787
204	6	0.4423404961004787
204	7	1.6258009979231123
204	8	1.0577078329424092
205	0	1.0577078329424092
205	1	1.0577078329424092
205	2	1.0577078329424092
205	3	1.0577078329424092
205	4	1.047432451981826
205	5	0.4423404961004787
205	6	0.4423404961004787
205	7	1.6258009979231123
205	8	1.0577078329424092
206	0	1.0577078329424092
206	1	1.0577078329424092
206	2	1.0577078329424092
206	3	1.0577078329424092
206	4	0.4423404961004787
206	5	1.0577078329424092
206	6	0.4423404961004787
206	7	1.6258009979231123
206	8	1.047432451981826
207	0	2.029420119038445
207	1	2.029420119038445
207	2	1.9587982887151305
207	3	1.9587982887151305
207	4	2.029420119038445
207	5	1.8330456198349074
207	6	2.029420119038445
207	7	1.9587982887151305
207	8	0.7856131678530804
207	9	1.2176782829929762
207	10	1.9690736696757136
207	11	1.8227702388743243
207	12	1.0577078329424092
207	13	1.8330456198349074
208	0	1.3623511444079788
208	1	1.2176782829929762
208	2	1.2176782829929762
208	3	1.8330456198349074
208	4	1.8330456198349074
208	5	1.8330456198349074
208	6	1.2176782829929762
208	7	1.8330456198349074
208	8	1.8330456198349074
208	9	1.2176782829929762
208	10	2.4011387848156103
208	11	1.8227702388743243
208	12	1.2176782829929762
208	13	1.8330456198349074
208	14	1.9587982887151305
208	15	1.8330456198349074
208	16	2.029420119038445
208	17	2.029420119038445
208	18	1.8330456198349074
208	19	0.7856131678530804
208	20	2.029420119038445
208	21	1.9690736696757136
208	22	2.029420119038445
208	23	2.390863403855027
208	24	2.390863403855027
208	25	3.0062307406969575
208	26	3.0062307406969575
208	27	3.0062307406969575
208	28	1.9587982887151305
208	29	1.9587982887151305
208	30	1.8330456198349074
208	31	1.8330456198349074
208	32	1.8330456198349074
208	33	1.8330456198349074
208	34	0.6109557577252414
208	35	1.8330456198349074
208	36	1.8330456198349074
208	37	1.2176782829929762
208	38	2.6447874558803766
209	0	0.010275380960583122
209	1	2.390863403855027
209	2	1.1937358827832163
209	3	1.1834605018226332
209	4	1.2540823321459478
209	5	1.2540823321459478
209	6	0.4423404961004787
209	7	1.2540823321459478
209	8	1.0577078329424092
209	9	1.2540823321459478
209	10	1.047432451981826
209	11	1.0577078329424092
209	12	1.0577078329424092
209	13	1.0577078329424092
210	0	1.8330456198349074
210	1	1.8330456198349074
210	2	1.9587982887151305
210	3	2.038064930612641
210	4	1.2176782829929762
210	5	3.0062307406969575
210	6	3.0062307406969575
210	7	1.9690736696757136
210	8	1.2263230945671728
211	0	1.0577078329424092
211	1	1.9690736696757136
211	2	1.1937358827832163
211	3	2.499793470277656
211	4	1.9690736696757136
211	5	1.9690736696757136
211	6	1.9587982887151305
211	7	1.9690736696757136
211	8	2.390863403855027
211	9	1.9587982887151305
211	10	1.9690736696757136
212	0	1.0577078329424092
212	1	1.1937358827832163
212	2	1.1937358827832163
212	3	1.1937358827832163
212	4	1.1937358827832163
212	5	1.1834605018226332
212	6	1.1937358827832163
212	7	1.7244556833851579
212	8	1.1937358827832163
212	9	1.9587982887151305
212	10	1.2176782829929762
212	11	1.1834605018226332
212	12	1.6155256169625292
213	0	2.038064930612641
213	1	1.2263230945671728
213	2	1.8330456198349074
213	3	1.8330456198349074
213	4	1.8330456198349074
213	5	1.207402902032393
214	0	0.4423404961004787
214	1	1.0577078329424092
214	2	1.0577078329424092
214	3	1.0577078329424092
214	4	1.8330456198349074
214	5	1.0577078329424092
214	6	1.8330456198349074
214	7	1.8330456198349074
214	8	1.0577078329424092
214	9	0.4320651151398956
215	0	1.8330456198349074
215	1	1.0577078329424092
215	2	0.4423404961004787
215	3	1.0577078329424092
215	4	1.0577078329424092
215	5	1.2176782829929762
215	6	1.8227702388743243
215	7	1.0577078329424092
215	8	1.2176782829929762
215	9	2.4011387848156103
215	10	3.0062307406969575
215	11	0.7856131678530804
215	12	1.9587982887151305
215	13	1.9587982887151305
215	14	3.0062307406969575
215	15	3.0062307406969575
215	16	2.390863403855027
215	17	1.8330456198349074
215	18	2.029420119038445
215	19	1.9587982887151305
215	20	1.9690736696757136
215	21	2.029420119038445
215	22	2.029420119038445
215	23	1.8330456198349074
215	24	2.029420119038445
215	25	2.390863403855027
216	0	1.0577078329424092
216	1	0.4423404961004787
216	2	1.0577078329424092
216	3	1.0577078329424092
216	4	1.2263230945671728
216	5	1.2263230945671728
216	6	1.2263230945671728
216	7	1.0577078329424092
216	8	1.2263230945671728
217	0	1.0577078329424092
217	1	0.4423404961004787
217	2	1.0577078329424092
217	3	1.0577078329424092
217	4	1.2263230945671728
217	5	1.2263230945671728
217	6	1.2263230945671728
217	7	1.2263230945671728
217	8	0.6109557577252414
217	9	1.2263230945671728
217	10	1.2160477136065897
217	11	1.7944162595478754
217	12	0.6109557577252414
218	0	1.9587982887151305
218	1	0.7856131678530804
218	2	1.8330456198349074
218	3	2.029420119038445
218	4	2.029420119038445
218	5	1.0577078329424092
218	6	2.029420119038445
218	7	1.8330456198349074
218	8	1.9587982887151305
218	9	2.029420119038445
218	10	0.4423404961004787
218	11	1.9690736696757136
218	12	1.047432451981826
219	0	1.8330456198349074
219	1	1.2263230945671728
219	2	0.6109557577252414
219	3	1.2263230945671728
219	4	1.2263230945671728
219	5	1.2263230945671728
219	6	1.2263230945671728
219	7	1.2263230945671728
219	8	1.2263230945671728
219	9	0.6109557577252414
219	10	0.6109557577252414
219	11	1.2160477136065897
219	12	1.7944162595478754
219	13	1.2263230945671728
219	14	0.17889064258534565
219	15	1.8227702388743243
219	16	1.3520757634473957
219	17	1.3623511444079788
219	18	1.2263230945671728
219	19	1.42269759377071
219	20	1.2263230945671728
219	21	1.42269759377071
219	22	1.42269759377071
219	23	1.42269759377071
219	24	3.0062307406969575
219	25	3.0062307406969575
219	26	1.8227702388743243
219	27	1.9690736696757136
219	28	1.9690736696757136
219	29	1.9690736696757136
219	30	2.499793470277656
220	0	1.0577078329424092
220	1	1.0577078329424092
220	2	1.0577078329424092
220	3	1.0577078329424092
220	4	1.0577078329424092
220	5	0.4423404961004787
220	6	0.4423404961004787
220	7	1.6258009979231123
220	8	1.047432451981826
221	0	3.0165061216575406
221	1	1.8330456198349074
221	2	1.8330456198349074
221	3	1.2176782829929762
221	4	1.8330456198349074
221	5	1.2263230945671728
221	6	1.2263230945671728
221	7	1.2263230945671728
221	8	1.2263230945671728
221	9	0.6109557577252414
221	10	1.2160477136065897
221	11	1.7944162595478754
221	12	0.6109557577252414
221	13	1.2263230945671728
221	14	3.0062307406969575
221	15	2.23089295380446
221	16	1.8330456198349074
222	0	1.8330456198349074
222	1	3.0165061216575406
222	2	1.2176782829929762
222	3	1.8330456198349074
222	4	1.8330456198349074
222	5	1.8330456198349074
222	6	1.2176782829929762
222	7	2.390863403855027
222	8	1.9587982887151305
222	9	1.8227702388743243
222	10	3.0062307406969575
222	11	3.0062307406969575
222	12	2.5741656255570615
222	13	2.390863403855027
222	14	3.0062307406969575
222	15	2.5741656255570615
222	16	1.2176782829929762
222	17	1.2176782829929762
222	18	3.0062307406969575
222	19	3.0062307406969575
222	20	3.0062307406969575
222	21	3.0062307406969575
223	0	2.2411683347650433
223	1	1.0577078329424092
223	2	1.8330456198349074
223	3	1.8330456198349074
223	4	1.0577078329424092
223	5	2.029420119038445
223	6	0.4423404961004787
224	0	1.0577078329424092
224	1	1.0577078329424092
224	2	1.2176782829929762
224	3	1.8330456198349074
224	4	1.0577078329424092
224	5	1.0577078329424092
224	6	1.8330456198349074
224	7	1.8330456198349074
224	8	1.8330456198349074
