13	0	0.43757963809924283
13	1	0.437575230688513
13	2	0.43754079685887876
13	3	0.43813863632368855
13	4	0.4375747798953416
13	5	0.4372207803837474
14	0	0.4375695435178343
14	1	0.4375222837573907
14	2	0.43756252352765285
14	3	0.4381528273865838
14	4	0.4382029964363136
14	5	0.43758077546427715
14	6	0.43828592447463244
15	0	0.4375168318518571
15	1	0.43815423775897067
15	2	0.4375510666747055
15	3	0.4375947140475217
15	4	0.4376040486787034
15	5	0.4382838881421628
15	6	0.4382309216405213
16	0	0.43756054846746584
16	1	0.4376123965237523
16	2	0.4377103551935604
16	3	0.43755361935527964
16	4	0.4375839131267938
16	5	0.43758935747003413
16	6	0.43773576837967565
16	7	0.43760755349814034
16	8	0.4375683144631525
16	9	0.4375788044758965
16	10	0.43760521358993937
16	11	0.4372200537446206
16	12	0.4375727621653083
16	13	0.4375211318987067
16	14	0.43814091468332905
16	15	0.4382204187485994
16	16	0.4375937445097063
16	17	0.4382845998688527
17	0	0.43768638524476755
17	1	0.4372200667969784
17	2	0.43771279221594983
17	3	0.43758316003405656
17	4	0.4375673165601519
17	5	0.4375721944256985
17	6	0.43754080156169495
17	7	0.43755693480491886
17	8	0.43755981769342883
17	9	0.43755362872720044
17	10	0.4375781935974607
17	11	0.4375480872395994
17	12	0.4375712917751527
17	13	0.43757548011858904
18	0	0.43758289388346133
18	1	0.4382856767289799
18	2	0.43756156177057526
18	3	0.4375824594077812
18	4	0.4376044289329305
18	5	0.4375535574898686
18	6	0.43754007244863047
18	7	0.4375562696322085
18	8	0.43768604273350586
18	9	0.4375715160597917
18	10	0.43757150944214873
18	11	0.4377123844942298
18	12	0.43757872097697276
18	13	0.43754713362441877
18	14	0.43757478364312846
18	15	0.43722046814238935
18	16	0.43752709318580035
18	17	0.4381239662158538
18	18	0.4382062053998781
19	0	0.43758344057981813
19	1	0.43755124232487363
19	2	0.4381524929669818
19	3	0.4375166904737004
19	4	0.43760084375720837
19	5	0.4382841008338581
19	6	0.43822792275313416
20	0	0.4375850544867607
20	1	0.43755118785622343
20	2	0.4375170954710608
20	3	0.43815332868975726
20	4	0.4382839500677153
20	5	0.4376032898381059
20	6	0.4382302234659271
21	0	0.43758553097301905
21	1	0.43815407992252264
21	2	0.437516857860128
21	3	0.43755102302312276
21	4	0.43823087003058225
21	5	0.4376039763380521
21	6	0.43828387621287945
22	0	0.438151496843863
22	1	0.4375513915704803
22	2	0.4375170830704021
22	3	0.4382294119012253
22	4	0.43828408883803793
22	5	0.4376011528071708
22	6	0.43758368156316657
22	7	0.43763407790120445
22	8	0.43752446794155453
23	0	0.43757548727862594
23	1	0.4375510275069215
23	2	0.4381542342152705
23	3	0.43751683587005663
23	4	0.4382309169247755
23	5	0.4375855453163787
23	6	0.4382838968201817
23	7	0.4376040361493424
24	0	0.4375510862087787
24	1	0.43815396754950153
24	2	0.43823072730458995
24	3	0.43751688951007983
24	4	0.43757010919480827
24	5	0.437605523353467
24	6	0.4375853682266638
24	7	0.43760379031375035
24	8	0.43828389809196544
25	0	0.4375778458458707
25	1	0.43758230814697896
25	2	0.43758470734169785
25	3	0.4375725454052945
25	4	0.4376366895221008
25	5	0.43757579147838116
25	6	0.43755987530883766
25	7	0.4376948723935118
25	8	0.43752994235915366
25	9	0.43759515252587744
25	10	0.4372171831421506
25	11	0.4376050976077096
25	12	0.43755426349902876
25	13	0.43755274885700374
25	14	0.4375691824103731
25	15	0.43754049952398516
25	16	0.437487833675365
25	17	0.4377208739036066
25	18	0.4381387269300116
25	19	0.4375219538182404
25	20	0.43821862562878244
25	21	0.43828474147125024
25	22	0.43759223051125473
25	23	0.43791153395826937
25	24	0.4379137472218195
26	0	0.43823081932389957
26	1	0.4375510977844767
26	2	0.43751673476104225
26	3	0.4381540252433908
26	4	0.43757007164427775
26	5	0.43760181933025116
27	0	0.4375680591614677
27	1	0.4375168362170569
27	2	0.4375512396452913
27	3	0.4381524669304743
27	4	0.4375394054016063
27	5	0.4374864999758169
27	6	0.4376342489080024
27	7	0.4375254858917649
28	0	0.437551202102928
28	1	0.4381528861388839
28	2	0.4375169592289868
28	3	0.4382230912189474
28	4	0.4375795237932283
28	5	0.43759489862554946
28	6	0.4382845676774213
29	0	0.4375170152106399
29	1	0.4381536257443617
29	2	0.4375511412284965
29	3	0.4375852227455476
29	4	0.4382839354449876
29	5	0.4376034952458036
29	6	0.438230430195587
30	0	0.4375510891833274
30	1	0.4375168061142738
30	2	0.438153773882071
30	3	0.4382306296463706
30	4	0.4375852065055098
30	5	0.43828391509272335
30	6	0.43760368749301015
31	0	0.4381542051818616
31	1	0.43755107543624955
31	2	0.4375168509105485
31	3	0.43823088576713826
31	4	0.43758561340642227
31	5	0.437604000213098
31	6	0.4382839089284349
32	0	0.4382805481503913
32	1	0.4375852165425664
32	2	0.4375510754194813
32	3	0.4381536357022435
32	4	0.4375169247308044
32	5	0.4382839212540281
32	6	0.4376035916868792
32	7	0.4382305210366861
33	0	0.43758530135293205
33	1	0.43833046194752506
33	2	0.4381537395677259
33	3	0.4375511235676876
33	4	0.43751696445961236
33	5	0.4382305260480453
33	6	0.4382839293430362
33	7	0.43760358525165727
34	0	0.43767419794059165
34	1	0.43816354608826324
34	2	0.4375166575346386
34	3	0.4375511111416443
34	4	0.43815363489383413
34	5	0.4376096723042385
34	6	0.43770052212487554
34	7	0.4374867921621396
35	0	0.4375892216507997
35	1	0.43814600459536784
35	2	0.4375211926073606
35	3	0.43753403087278714
35	4	0.43813900558634544
35	5	0.43758943295889396
35	6	0.4376745045676055
35	7	0.437712726246299
35	8	0.4375737841808809
35	9	0.43759172339507846
35	10	0.43767988986518414
35	11	0.4376595980478492
35	12	0.4375198507165906
35	13	0.43758557428336714
35	14	0.4375554845555838
35	15	0.43765476684057836
35	16	0.43780002904937293
35	17	0.43759536695495654
35	18	0.43767444561664637
35	19	0.4375884924298298
35	20	0.437579520687378
36	0	0.43816347794476235
36	1	0.43752247898406793
36	2	0.4381529383946854
36	3	0.4375315994902939
36	4	0.43751665536220147
36	5	0.4375808788270061
36	6	0.4382859132078303
36	7	0.438203155635535
37	0	0.4383435123319385
37	1	0.43828406623840616
37	2	0.43834351105202507
37	3	0.438294630951345
37	4	0.4383435123013204
37	5	0.4383435110515688
37	6	0.43815331756002845
37	7	0.4383435123319385
37	8	0.4375165238529197
37	9	0.4382283694754508
37	10	0.4375316335499494
37	11	0.43829460968544715
38	0	0.43816058225254
38	1	0.4375217113570353
38	2	0.43765633335354476
38	3	0.43815361562576594
38	4	0.43759947975020774
38	5	0.43751699729398313
38	6	0.43828397971057226
38	7	0.43753167381615116
38	8	0.4382303573861815
38	9	0.43758791043978645
39	0	0.43816359837153934
39	1	0.43751679671606664
39	2	0.43753159079959386
39	3	0.43815422561134343
39	4	0.4382309185137441
39	5	0.43828389408185736
39	6	0.43760400255714
39	7	0.43752250060687387
40	0	0.4381627740108244
40	1	0.43751677831307745
40	2	0.43815260132020334
40	3	0.43753162712007815
40	4	0.43828118268947375
40	5	0.4382279070348252
40	6	0.43752245048386207
40	7	0.4382841072591367
40	8	0.4376008572614022
41	0	0.4375223345413777
41	1	0.4381620808224541
41	2	0.4375172015373452
41	3	0.4375317359035486
41	4	0.43815302159459435
41	5	0.4382813987461283
41	6	0.43765710510875633
41	7	0.43760299094615296
41	8	0.437588246264345
41	9	0.438283968990055
41	10	0.4382299301912208
42	0	0.4383435005899292
42	1	0.4383435123319385
42	2	0.43756040210730773
42	3	0.43828324831428417
42	4	0.43829446214584794
42	5	0.4382798666560798
42	6	0.438296062975151
42	7	0.4383435005869549
42	8	0.4383435123319385
42	9	0.43777713981039235
42	10	0.43755624528161624
43	0	0.4377799373390089
43	1	0.43751677400305283
43	2	0.4382764449322718
43	3	0.43753168189436675
43	4	0.4383435123319385
43	5	0.43834350200061445
43	6	0.438343512308614
43	7	0.4382941890927267
44	0	0.43834351211295663
44	1	0.4382875778893998
44	2	0.4375333980371024
44	3	0.4381032545398239
44	4	0.4375426413226455
44	5	0.4382753405338332
44	6	0.4377210423859827
44	7	0.43754325068266975
44	8	0.43828562303420704
44	9	0.4375190533901106
44	10	0.4378695838990126
44	11	0.43762616928216586
44	12	0.4383869205851997
44	13	0.43818994813677187
44	14	0.4376032013524873
44	15	0.4375336970173987
44	16	0.43764323268291166
45	0	0.43815617720464917
45	1	0.43761247350227617
45	2	0.43828179595392697
45	3	0.4375324276935183
45	4	0.43749787015251196
45	5	0.43827633451734027
46	0	0.4374914529680472
46	1	0.43834351208750966
46	2	0.4374893529854336
46	3	0.43814973106241695
46	4	0.43759776788181565
46	5	0.4374984310719708
46	6	0.43828229890272663
46	7	0.4375334393438416
46	8	0.43827613291746614
46	9	0.4374423178724311
46	10	0.43827982565697876
47	0	0.4381635784185782
47	1	0.43776519612388615
47	2	0.43748420518282294
47	3	0.4382812915194958
47	4	0.4375228771700311
47	5	0.43827644724239584
48	0	0.43816361603833276
48	1	0.43768660228273387
48	2	0.4374843167258298
48	3	0.4382764359925652
48	4	0.43752287427274594
48	5	0.4382812887125779
49	0	0.4376703462954091
49	1	0.4381600645175187
49	2	0.4382763934208266
49	3	0.4375229845524428
49	4	0.43749516942729755
49	5	0.43828151994133174
49	6	0.4378551845241858
49	7	0.4382852340146412
49	8	0.4375448832571477
49	9	0.4377788634805288
49	10	0.4375193860480934
50	0	0.437492618224715
50	1	0.4375232246031683
50	2	0.4377743529154605
50	3	0.4382763884659607
50	4	0.4378161951637366
50	5	0.43815870770056936
50	6	0.4375851025080755
51	0	0.43829635306140763
51	1	0.4375229844461774
51	2	0.43827640751931735
51	3	0.4374617153309713
51	4	0.438199434739413
51	5	0.43768835430055064
51	6	0.43777897084975487
51	7	0.4375215764948703
51	8	0.4382834157089568
51	9	0.43755797265130403
52	0	0.4374930442812205
52	1	0.4382763732601895
52	2	0.43834350510936837
52	3	0.43834351232337615
52	4	0.4383435123319385
52	5	0.43834350279487966
52	6	0.4383435123319385
52	7	0.4382833192133264
52	8	0.43748001915481055
52	9	0.4375805992386878
52	10	0.43833183251297136
52	11	0.43831012209503667
52	12	0.43755917419462953
52	13	0.43832221766149476
52	14	0.4382798164736111
52	15	0.43777337660081544
52	16	0.43752332274640143
52	17	0.43749276182038266
52	18	0.4381579913185098
52	19	0.43768562443416553
52	20	0.4377659825357932
52	21	0.4375855137173434
52	22	0.4377412682738376
52	23	0.4376596606457915
52	24	0.4378154825502898
52	25	0.43828166532242746
52	26	0.4375697536319428
52	27	0.43748218788195314
52	28	0.43831143188052657
52	29	0.43834351215967926
52	30	0.4377986912990387
52	31	0.43844526784023036
52	32	0.4375219200404968
52	33	0.4377908125608567
52	34	0.43766885292255175
52	35	0.4383350432166764
52	36	0.43745924057245084
52	37	0.43756913407309567
52	38	0.43758541387938554
52	39	0.4382579309707915
52	40	0.43817576274826264
52	41	0.437757210236099
52	42	0.43775638604117056
52	43	0.43817882356429216
52	44	0.4381959688099247
52	45	0.4377723907732126
52	46	0.43791668311131654
52	47	0.4376253946499902
52	48	0.43777162491253174
52	49	0.4377902243322745
52	50	0.43762522327549624
52	51	0.4382935047612584
52	52	0.4381868494415893
52	53	0.4379136676061035
52	54	0.4375527733236739
52	55	0.43757758535097263
52	56	0.4375409295539864
52	57	0.43768401177392463
52	58	0.4374446334449022
52	59	0.4375836862115158
53	0	0.43829554326327536
53	1	0.43746193059613414
53	2	0.4382764646863031
53	3	0.4381992830485511
53	4	0.43752300783371073
53	5	0.4376875557763816
53	6	0.43777870204895164
53	7	0.4375609236776366
53	8	0.43828324719714207
53	9	0.43752242499000443
54	0	0.4381997637732048
54	1	0.4375853225511414
54	2	0.43829546837926103
54	3	0.43827642998687766
54	4	0.4375229551028074
54	5	0.4374617552004172
54	6	0.43758530749348484
54	7	0.43748632807742144
54	8	0.4375672795085024
54	9	0.4375654146573124
54	10	0.4376579316596923
54	11	0.4376565972129826
54	12	0.43766498057480674
54	13	0.43752207775719465
54	14	0.4375600846155443
54	15	0.4382832517399564
54	16	0.43777626463533637
55	0	0.4375230987938095
55	1	0.4374619943935532
55	2	0.43819830943945237
55	3	0.43827643595889515
55	4	0.438295684076874
55	5	0.4375221800048114
55	6	0.43756040856050715
55	7	0.4382832337677553
55	8	0.4377772016209686
55	9	0.4376333700049017
56	0	0.4382000810193257
56	1	0.4376231583825928
56	2	0.4382954322731763
56	3	0.4374617466282407
56	4	0.438276477312002
56	5	0.4375228675365975
56	6	0.43778002543589944
56	7	0.4375613445996158
56	8	0.43828314632473275
56	9	0.4375223713800223
57	0	0.43752569211933034
57	1	0.4375574728911291
57	2	0.4382760001392774
57	3	0.4377522905465444
57	4	0.4376627994772769
57	5	0.43818150799393746
57	6	0.4376367830115934
57	7	0.4375899035584692
57	8	0.4375682720350012
57	9	0.43748324600620225
57	10	0.4382982741489903
57	11	0.4375722904641144
57	12	0.4376740600984718
57	13	0.4375898866031902
57	14	0.43781436220132497
57	15	0.4376617426493459
57	16	0.4375205133789107
57	17	0.4382839795313528
57	18	0.43755263561932584
57	19	0.4376166857364679
57	20	0.437489896901839
58	0	0.4382764681938694
58	1	0.4375229449082008
58	2	0.43777944703340943
58	3	0.43755015904284755
58	4	0.43822225154587313
58	5	0.4375640116627829
58	6	0.4376577491049851
58	7	0.4376631172634695
58	8	0.4376556636529379
58	9	0.4382954696220039
58	10	0.437584944945623
58	11	0.43781759901844103
58	12	0.4375849291199469
58	13	0.43748730660896945
58	14	0.4375675478074426
58	15	0.4376339844831927
58	16	0.4375225100581181
58	17	0.43756116071910783
58	18	0.43828315761366377
59	0	0.43752312804287047
59	1	0.437776232745161
59	2	0.4382764186152918
59	3	0.43755015019771054
59	4	0.43766363653296253
59	5	0.43822052998979616
59	6	0.43765597596976175
59	7	0.43758503911178265
59	8	0.4375645368378445
59	9	0.43756741907207297
59	10	0.4374869042248581
59	11	0.4376341954888415
59	12	0.4382957684435333
59	13	0.4376577547170987
59	14	0.43781665943152787
59	15	0.4375850406934345
60	0	0.4382839201620153
60	1	0.4377610562639492
60	2	0.43752457520416893
60	3	0.4382760960542168
60	4	0.43753618536794175
60	5	0.4376584175276049
60	6	0.4382119727008973
60	7	0.4375863992221005
60	8	0.43756755616689713
60	9	0.43829726175103545
60	10	0.43765870431710846
60	11	0.43758638894388013
60	12	0.43756723349754906
60	13	0.43748509394472185
60	14	0.43781451101843283
60	15	0.4376678084469475
60	16	0.43763619665631254
61	0	0.4382864905952409
61	1	0.43756815648467656
61	2	0.4374416441921615
61	3	0.4383435123319385
61	4	0.43828396306059925
61	5	0.43834350684035234
61	6	0.4383045941646005
61	7	0.43830813887729864
61	8	0.43827982360315887
61	9	0.43775273258963676
61	10	0.4375256478280875
61	11	0.4382760101121183
61	12	0.4375381923899122
61	13	0.4382069297313196
61	14	0.4375695817406659
61	15	0.43829820441002676
61	16	0.43763783816877483
61	17	0.43766027911786226
61	18	0.437587765622857
61	19	0.437659813913368
61	20	0.43767038524177543
61	21	0.4374841918630547
61	22	0.4375675610681358
61	23	0.43781346753752487
61	24	0.43758776646251035
61	25	0.4383067095941327
61	26	0.4383435123319385
61	27	0.438343508228322
61	28	0.4383435123204428
61	29	0.43834351222981843
61	30	0.4384689737692126
61	31	0.4377673424564573
61	32	0.4375718734800244
61	33	0.4378108325321785
61	34	0.437726128901647
61	35	0.4378079609071133
61	36	0.43788170190699394
61	37	0.43790211175158267
61	38	0.43758265421890125
61	39	0.43782339780115326
61	40	0.4375195316515135
61	41	0.43833448929113467
61	42	0.43761668456918035
61	43	0.43772374610446735
61	44	0.4377240945393514
61	45	0.4381269616258546
61	46	0.4381824894746848
61	47	0.4377127152003426
61	48	0.43790950961139147
61	49	0.4376095996735048
61	50	0.43773886965590053
61	51	0.4375870012407045
61	52	0.43774325962868843
61	53	0.4374826658998434
61	54	0.4383084748175727
61	55	0.43768280749316374
61	56	0.4381545284553551
61	57	0.4379094821414629
61	58	0.43762097689850976
61	59	0.4376276004199059
61	60	0.43862759235265475
61	61	0.4375800098046383
61	62	0.4375442649538792
61	63	0.4377379810501565
61	64	0.43756657918716835
61	65	0.4377062715692334
61	66	0.437612860700476
61	67	0.4376469023401191
61	68	0.43790551553510765
62	0	0.43752295465745006
62	1	0.4382764769550232
62	2	0.43777955188849765
62	3	0.4375503976515955
62	4	0.4382223051426671
62	5	0.43763399712197515
62	6	0.43765774948217706
62	7	0.43829547091017296
62	8	0.43758494196100767
62	9	0.43781758976320273
62	10	0.43756400657580546
62	11	0.4376556661059546
62	12	0.4375849416942921
62	13	0.4376632442897388
62	14	0.4375675636516274
62	15	0.4374873212070686
63	0	0.4377802678206306
63	1	0.43752288509938353
63	2	0.4382764420709959
63	3	0.4375444069031788
63	4	0.4376557087791647
63	5	0.437567547828236
63	6	0.43748742194281187
63	7	0.4382226639564178
63	8	0.4382954092416327
63	9	0.4376577115610295
63	10	0.4375638596181455
63	11	0.43781742477851765
63	12	0.437584925686545
63	13	0.437633939949997
63	14	0.43758492617936795
63	15	0.4376630679795233
64	0	0.438276435117737
64	1	0.4383435123319385
64	2	0.43833519105178137
64	3	0.4377795618933515
64	4	0.4382945850468259
64	5	0.43834350234428954
64	6	0.43834351230397417
64	7	0.4375549973832914
64	8	0.43752291148891764
64	9	0.43744107742319144
65	0	0.4383351098137962
65	1	0.4377787859904488
65	2	0.43827645740870386
65	3	0.4383435123319385
65	4	0.43829400469578966
65	5	0.4383435018067012
65	6	0.4383435123024452
65	7	0.43752300388293336
65	8	0.43754379211636496
65	9	0.4374410536001482
66	0	0.4382939272328732
66	1	0.4383435123319385
66	2	0.4377796396251106
66	3	0.4383350984850504
66	4	0.43827647448761625
66	5	0.4383435017304712
66	6	0.43834351230222124
66	7	0.43744104466410916
66	8	0.43752294488823706
66	9	0.43754071315001053
67	0	0.43829471238727874
67	1	0.437771028226295
67	2	0.43827633245367953
67	3	0.4383435123319385
67	4	0.4383364825534196
67	5	0.437441077951997
67	6	0.43828404576537816
67	7	0.4383435123319385
67	8	0.4383195566964199
67	9	0.4382949791828119
67	10	0.437546335812843
67	11	0.43752357284626
68	0	0.4375230916935427
68	1	0.43778006143656395
68	2	0.43827647836053196
68	3	0.4375429652218795
68	4	0.43766028005404756
68	5	0.4375877121608908
68	6	0.4382070045339375
68	7	0.4375675048277405
68	8	0.4374842051535982
68	9	0.4376377857684026
68	10	0.4382981890760283
68	11	0.4375695299767795
68	12	0.4376598348195025
68	13	0.4375877358070282
68	14	0.43781364036289855
68	15	0.43767041021303377
69	0	0.43752328023871845
69	1	0.43777686604687244
69	2	0.43754816190875534
69	3	0.4382778933058298
69	4	0.43765634609181325
69	5	0.4382959665268822
69	6	0.438219352174558
69	7	0.43765780057217774
69	8	0.43763444604409846
69	9	0.43758514796924985
69	10	0.4375649169045913
69	11	0.4375672978165075
69	12	0.43748663008881855
69	13	0.4378163044639383
69	14	0.4375851505936388
69	15	0.4376642608342797
70	0	0.43827791855230314
70	1	0.43778005194225655
70	2	0.4375228810547238
70	3	0.43754254054075536
70	4	0.4382225628922712
70	5	0.43748738930982894
70	6	0.4375675709495777
70	7	0.43758491360975155
70	8	0.43766293348744956
70	9	0.437584914159117
70	10	0.4378175764201864
70	11	0.4375639115083123
70	12	0.4376557328638018
70	13	0.43829541985519327
70	14	0.4376577516850795
70	15	0.43763395471402455
71	0	0.43753883612230376
71	1	0.43827981642812813
71	2	0.4382454308955303
71	3	0.4383435030218608
71	4	0.4383204082249767
71	5	0.4382948107184912
71	6	0.4383435041385922
71	7	0.4383368965706123
72	0	0.43795019270553337
72	1	0.4382188912391155
72	2	0.4375233638448671
72	3	0.4375410785019396
72	4	0.43827785871303926
72	5	0.4382960458105767
73	0	0.43821055228027855
73	1	0.43756129420318624
73	2	0.43753940401817126
73	3	0.4382777255056846
73	4	0.43829752622677154
73	5	0.43752487052416933
74	0	0.43827981938941285
74	1	0.4383435122138421
74	2	0.4375988663455002
74	3	0.4375707718071869
74	4	0.43761650872028224
74	5	0.43755794987918395
75	0	0.4382143689032885
75	1	0.43751918709775484
75	2	0.43827561609240245
75	3	0.43829682934026115
75	4	0.43752411946412656
75	5	0.4375354114176251
75	6	0.4377216893660951
75	7	0.4376015571749271
76	0	0.43752257816936146
76	1	0.4382225225434217
76	2	0.4375521155427159
76	3	0.4382954339656145
76	4	0.4375229013429445
76	5	0.43827571480350025
77	0	0.4382429710297711
77	1	0.437450787558706
77	2	0.4383435123319385
77	3	0.4383435033814115
77	4	0.43828600556160147
77	5	0.4383002330676403
77	6	0.4383435123319385
77	7	0.4382756675469998
77	8	0.4383435056281205
77	9	0.43834351231794105
77	10	0.4377241262575468
77	11	0.4375230815600049
77	12	0.43754999507111736
77	13	0.4382995661943613
77	14	0.43753807372011644
77	15	0.43827983117093344
78	0	0.4383123648290441
78	1	0.43829501117296393
78	2	0.4383435123319385
78	3	0.4382840582964691
78	4	0.4383435011477518
78	5	0.4382750958070656
78	6	0.4377518772144372
78	7	0.4375257986720423
78	8	0.4375384376103586
78	9	0.438202839692808
78	10	0.4376819344256619
78	11	0.43757867194875694
78	12	0.4374803814415114
78	13	0.43794110261990415
78	14	0.43766166372660614
78	15	0.4377020190250302
78	16	0.4376109436267347
78	17	0.4376868648371741
78	18	0.4376109430636498
78	19	0.43759209356188056
78	20	0.4382989998945034
78	21	0.4377711695095343
78	22	0.4375744805534025
78	23	0.43773122976861045
78	24	0.43761686150459655
78	25	0.4376619416083253
78	26	0.4375779172065056
78	27	0.43752034485131763
78	28	0.43759472966070834
78	29	0.43759745374814546
78	30	0.437631560557363
78	31	0.4383385595058662
78	32	0.4382966682342287
78	33	0.4383435123319385
78	34	0.4374416142531809
78	35	0.4383435123085139
78	36	0.43834350396783817
78	37	0.4374554638629064
78	38	0.43827982492894474
78	39	0.4375391784590565
78	40	0.43773000972167003
79	0	0.4375489288111798
79	1	0.4382756790607196
79	2	0.437775962043495
79	3	0.43752318265780266
79	4	0.43765607090358594
79	5	0.43756460756597226
79	6	0.4382203885280792
79	7	0.4376639889908268
79	8	0.4376342687830917
79	9	0.4375674075380527
79	10	0.4374868656359889
79	11	0.43765778719563136
79	12	0.4379509353456944
79	13	0.4375850693865875
79	14	0.43758505276033544
79	15	0.4382957937183753
80	0	0.43777144870513013
80	1	0.43834211718569777
80	2	0.4383435123319385
80	3	0.43827398628445813
80	4	0.4378519043740981
80	5	0.438295385851788
80	6	0.43834351230584107
80	7	0.43834350302597974
80	8	0.4375422136712878
80	9	0.43752350448275246
80	10	0.4374410969304938
81	0	0.438343512302403
81	1	0.43834350179723436
81	2	0.4383435123319385
81	3	0.43827412958221257
81	4	0.4382939917944017
81	5	0.4375497742612459
81	6	0.4375229917254324
81	7	0.43777892372521404
82	0	0.4382741326270212
82	1	0.4383435123319385
82	2	0.43834350177533027
82	3	0.43834351230239127
82	4	0.4377792149621272
82	5	0.43752297168459703
82	6	0.4375468686982841
82	7	0.43829396841580937
83	0	0.43777849809031133
83	1	0.4383420779809481
83	2	0.4378543892769554
83	3	0.4382940282904075
83	4	0.4383435123319385
83	5	0.43827411235996766
83	6	0.4383435018360269
83	7	0.4383435123025546
83	8	0.4375492681100141
83	9	0.43752300518266074
83	10	0.4374410746880463
84	0	0.4382939869019603
84	1	0.43827412743704264
84	2	0.43834200815140295
84	3	0.43777901646412
84	4	0.4383435123319385
84	5	0.4378525929024633
84	6	0.4374410516420632
84	7	0.43754302739941175
84	8	0.4375229821063874
84	9	0.43834350179334913
84	10	0.4383435123023923
85	0	0.43834210356258924
85	1	0.4377660524784796
85	2	0.4383435123319385
85	3	0.43827023385608566
85	4	0.43785522970151297
85	5	0.43829518989841215
85	6	0.43744108843921176
85	7	0.43754473927742255
85	8	0.4375240281948744
85	9	0.43834350286893287
85	10	0.4383435123054082
86	0	0.43834200238959525
86	1	0.43777974391024366
86	2	0.4383435123319385
86	3	0.4382939198274832
86	4	0.4382703802860573
86	5	0.4378524487873131
87	0	0.4377757477127739
87	1	0.43834203297044366
87	2	0.43785310489314283
87	3	0.4382701809633369
87	4	0.4382942644388769
87	5	0.4383435123319385
87	6	0.4375234810201993
87	7	0.43754147086778705
87	8	0.4374410720128049
87	9	0.4383435023746153
87	10	0.43834351230405966
88	0	0.4383435123031184
88	1	0.438343502057105
88	2	0.4382707053270466
88	3	0.4383435123319385
88	4	0.4377758473736031
88	5	0.4375231946422182
88	6	0.4375504113439443
88	7	0.43829426478859357
89	0	0.4382708221612675
89	1	0.4383435017997157
89	2	0.4383435123024298
89	3	0.4383435123319385
89	4	0.4375497741903484
89	5	0.43752298299099984
89	6	0.4377789893123312
89	7	0.43829398654082247
90	0	0.43834278334415383
90	1	0.43777879007818965
90	2	0.4382940062826927
90	3	0.43785502830818435
90	4	0.4383435123319385
90	5	0.4382708043829723
90	6	0.43744108480089144
90	7	0.4383435018151699
90	8	0.4383435123025019
90	9	0.43754939499905676
90	10	0.4375230061143512
91	0	0.4377798589586083
91	1	0.43834273540470137
91	2	0.4383435123319385
91	3	0.4382939083232023
91	4	0.43827086213138516
91	5	0.43785236675162326
92	0	0.4383427210739815
92	1	0.4383427210739815
92	2	0.43777852361558733
92	3	0.4383028707323541
92	4	0.4383435123319385
92	5	0.4382708032843801
92	6	0.4378525166403063
92	7	0.4375483056289396
92	8	0.43752326509117784
92	9	0.438343512303369
92	10	0.43834350214844237
92	11	0.4374410606666078
93	0	0.43834273926222284
93	1	0.4383435123319385
93	2	0.43834273939093304
93	3	0.4382707989439554
93	4	0.43830284693416044
93	5	0.4377787381769021
93	6	0.4375229910149051
93	7	0.4375506916729104
93	8	0.43834351230244895
93	9	0.4383435017872412
93	10	0.43744105092669017
93	11	0.437852567992249
94	0	0.43834351131329075
94	1	0.4383435123319385
94	2	0.4382706616822276
94	3	0.43830321579381293
94	4	0.4383435113278529
94	5	0.43777571578479363
94	6	0.43785315177829903
94	7	0.43834351230317153
94	8	0.43834350207315953
94	9	0.43744105834493957
94	10	0.4375451025158233
94	11	0.43752319506925064
95	0	0.4383435123319385
95	1	0.4383435018120266
95	2	0.4383435123024086
95	3	0.4382708141167029
95	4	0.4383028355253412
95	5	0.4377788447792133
95	6	0.4375229976165936
95	7	0.4375473477188138
96	0	0.4382848153811343
96	1	0.43834350347385204
96	2	0.4383435123319385
96	3	0.43829788220589483
96	4	0.43834350259384974
96	5	0.43827069786162837
96	6	0.4383435123319385
96	7	0.4383435123030223
96	8	0.4383019439245955
96	9	0.43777656688734484
96	10	0.4375432587503232
96	11	0.4375231417235808
96	12	0.4374730404157624
96	13	0.4382130786391027
96	14	0.43831198996930987
96	15	0.43754036488214415
96	16	0.43827978700263526
96	17	0.43834351226390117
96	18	0.43859091676777084
96	19	0.4376079880088332
96	20	0.4376592729004476
96	21	0.4374920436485669
96	22	0.43763228341537486
96	23	0.43806947585853023
96	24	0.4375647117324412
96	25	0.43778104268524093
96	26	0.43833252971330716
96	27	0.43764836941116686
96	28	0.43764882372496006
96	29	0.4379278446046061
96	30	0.43767328766763786
96	31	0.43760717692230655
96	32	0.43754382366328987
96	33	0.4388034129026695
96	34	0.4377037998024424
96	35	0.43766023262759485
96	36	0.43761843432338193
97	0	0.43834351129560756
97	1	0.43777960611849803
97	2	0.4383435112954461
97	3	0.4383435123319385
97	4	0.43827085460753407
97	5	0.43830160062885715
97	6	0.43785474079264675
98	0	0.43778002848548264
98	1	0.43834351133006627
98	2	0.43834351132975435
98	3	0.4383435123319385
98	4	0.4383015400334324
98	5	0.438270880887859
98	6	0.43785239927508135
99	0	0.43763727430974214
99	1	0.4375194835161512
99	2	0.4375449218828846
99	3	0.4383115292149543
99	4	0.43752350006444524
99	5	0.43827083672414757
99	6	0.43814826054705786
100	0	0.4377150781292859
100	1	0.43821062710344993
100	2	0.43761929796582705
100	3	0.43752485583193296
100	4	0.43772155977032406
100	5	0.43764399726803693
100	6	0.43759824182272095
100	7	0.43748113475132905
100	8	0.43795397468903696
100	9	0.4375210326743447
100	10	0.43763621597666014
100	11	0.4379014674806464
100	12	0.43762153156922895
100	13	0.4376666877504292
100	14	0.4376439893605569
100	15	0.43773575531876613
100	16	0.43773958074909836
100	17	0.4375310802428344
100	18	0.43769403349449365
100	19	0.4375729026490603
100	20	0.4376028191234915
101	0	0.4382694589865023
101	1	0.43753817326161
101	2	0.4375228219778857
101	3	0.438222239146746
101	4	0.43829795913546227
101	5	0.43752221420136356
101	6	0.43828434233387553
101	7	0.43755035701176453
101	8	0.437750889915639
102	0	0.43829553613009664
102	1	0.4382219068611649
102	2	0.437522966193846
102	3	0.43755175457621653
102	4	0.4382708039658965
102	5	0.43756095903092834
102	6	0.4382831934599264
102	7	0.437778824715298
102	8	0.437522444829112
103	0	0.43752212416373387
103	1	0.4375596362123343
103	2	0.4382198131793483
103	3	0.43754389978114955
103	4	0.43829587781420165
103	5	0.4382706121316044
103	6	0.43765631844028285
103	7	0.4375788550682905
103	8	0.4382832758784566
103	9	0.4375948597268204
103	10	0.4375232357368111
103	11	0.43777491085615483
104	0	0.437579526154495
104	1	0.43752245340558393
104	2	0.4382955284287539
104	3	0.43827081083975045
104	4	0.4375503067612691
104	5	0.43822193873184784
104	6	0.43752296542458974
105	0	0.4382955216987552
105	1	0.4375229913709081
105	2	0.43827073731346394
105	3	0.43754717833712475
105	4	0.43752248175321506
105	5	0.43822192497300083
105	6	0.43755943147981
105	7	0.4382833071573826
105	8	0.437774289828996
106	0	0.43758039591611286
106	1	0.4375744087648145
106	2	0.43767022281731716
106	3	0.43822183880735865
106	4	0.4382707949347186
106	5	0.43829554082872363
106	6	0.4375463204616936
106	7	0.4375224293745333
106	8	0.4375229827024061
106	9	0.43777866377192287
106	10	0.43828317996857774
106	11	0.43756090122695473
107	0	0.43757149734185974
107	1	0.43757230525968427
107	2	0.437553161269847
107	3	0.43752245736351714
107	4	0.43829553078579997
107	5	0.43822186878380354
107	6	0.43827079804461905
107	7	0.4375229927025061
107	8	0.4382831947172792
107	9	0.4375609523071836
107	10	0.43777875002760547
107	11	0.43766319771102663
108	0	0.43766317067651817
108	1	0.4382370911684966
108	2	0.4382955368420929
108	3	0.43756853423494124
108	4	0.4376597319917913
108	5	0.437550943603951
108	6	0.4375714855987713
108	7	0.43752297983910393
108	8	0.437522426534175
108	9	0.43827080564455284
108	10	0.4375609189725074
108	11	0.4382831962098096
108	12	0.43777868698246053
109	0	0.4382674910999512
109	1	0.4382955370213999
109	2	0.4375907796156296
109	3	0.4375229713409175
109	4	0.4376577621743014
109	5	0.4375685474732543
109	6	0.43759077543471026
109	7	0.43755416653825485
109	8	0.43752246388441546
109	9	0.4382708101281155
109	10	0.43757149618677327
109	11	0.4377788035481817
109	12	0.43756096219095175
109	13	0.43828317974849057
109	14	0.4376631262329056
110	0	0.43752248300056734
110	1	0.4382676048460556
110	2	0.4375685371848292
110	3	0.4382955057856079
110	4	0.43757148006490487
110	5	0.4375849356329612
110	6	0.43758493621118927
110	7	0.43827082636243225
110	8	0.43752296214401076
110	9	0.43755093810792534
110	10	0.4376577065093837
110	11	0.4376629825582027
110	12	0.4377791988439019
110	13	0.4375610900072139
110	14	0.43828316745460655
111	0	0.4375646576319836
111	1	0.4382676432945352
111	2	0.43765780446435026
111	3	0.4375849325645034
111	4	0.43758493258591413
111	5	0.4382954841890191
111	6	0.43756851831486954
111	7	0.43755114715111054
111	8	0.43827083679481527
111	9	0.4375225056477385
111	10	0.4375229663527047
111	11	0.43757146254049933
112	0	0.43826662085400814
112	1	0.4375573956157125
112	2	0.4375222599506924
112	3	0.4375850510608555
112	4	0.4382706160888303
112	5	0.43829577899143235
112	6	0.4375514235937866
112	7	0.4375231799938637
112	8	0.4375716103027142
112	9	0.43765785686328484
112	10	0.437568648891038
112	11	0.4375850522306511
113	0	0.4382603672617303
113	1	0.43758852813205273
113	2	0.43757634005539175
113	3	0.43748056789267603
113	4	0.43757058204039634
113	5	0.43757860340998106
113	6	0.43757361250356197
113	7	0.43758694266608117
113	8	0.4376591903306748
113	9	0.43758693100867224
113	10	0.43749556497187225
113	11	0.4375925301398951
113	12	0.4375592586534864
113	13	0.4377106540895201
113	14	0.43752095627267756
113	15	0.43762313626675303
113	16	0.43792292461525045
113	17	0.4375250340622336
113	18	0.43769398579235846
113	19	0.4376738044651177
113	20	0.43756495619871466
113	21	0.4376727873301738
113	22	0.43765762799453617
113	23	0.4375421246774954
113	24	0.4382695877358639
113	25	0.4382976741423688
113	26	0.4375509961844893
113	27	0.43774643453821316
113	28	0.4382841853584146
114	0	0.4374936868147898
114	1	0.43757164423150763
114	2	0.4375221928030438
114	3	0.4382958035771399
114	4	0.4375231961644138
114	5	0.4375408658349325
114	6	0.43758506672428465
114	7	0.4375686474837318
114	8	0.43765775031043636
114	9	0.43826650253771704
114	10	0.4375850836982135
114	11	0.4382706516744095
114	12	0.43758671418198986
115	0	0.43749416275476677
115	1	0.43765783752067516
115	2	0.4375461488279661
115	3	0.43827037010319475
115	4	0.437568890942263
115	5	0.43757189074999064
115	6	0.4375852938271014
115	7	0.43752192807475565
115	8	0.4382652614184654
115	9	0.43829617637999724
115	10	0.43752349419965997
115	11	0.4375853107822622
116	0	0.4376585386875852
116	1	0.4382955183361541
116	2	0.43752250405623727
116	3	0.4382707479126002
116	4	0.43755489931331243
116	5	0.4382675385467227
116	6	0.4375433186803526
116	7	0.4375229832027954
116	8	0.43749382347019083
116	9	0.437657692378564
116	10	0.4375685427040981
116	11	0.4375714733738902
116	12	0.4375849409670591
116	13	0.43758494155317235
116	14	0.43828370931299176
116	15	0.4377598333798939
117	0	0.43749381169268875
117	1	0.43756853576344046
117	2	0.43755049047897004
117	3	0.4375224903879886
117	4	0.43826761499290384
117	5	0.438295491681527
117	6	0.43752295848774847
117	7	0.43758491769556773
117	8	0.4375849509064637
117	9	0.4376577624079598
117	10	0.43757147953730685
117	11	0.43827082856612953
118	0	0.437551425428045
118	1	0.4376578043445084
118	2	0.4375685376729421
118	3	0.4375849699467351
118	4	0.4375230046288736
118	5	0.4375715045482523
118	6	0.4382674099681248
118	7	0.4375849702300465
118	8	0.43827071249274613
118	9	0.4382955608722353
118	10	0.4374938513033174
118	11	0.43752246027959013
118	12	0.4377743124943324
118	13	0.4376709331036308
118	14	0.4375594398541503
118	15	0.4382832777253936
118	16	0.4375540506498547
118	17	0.4382797633650603
119	0	0.43749382121666414
119	1	0.4382708052610805
119	2	0.43765769237148644
119	3	0.4375849617424479
119	4	0.43826750165320605
119	5	0.4375685298055912
119	6	0.4375487360505326
119	7	0.4375849618056746
119	8	0.43752296493897674
119	9	0.4375714943929498
119	10	0.43829553463622833
119	11	0.4375224300804638
120	0	0.43755062265751443
120	1	0.43777477965424705
120	2	0.4375229370126894
120	3	0.4382707660629631
120	4	0.4382954757759161
120	5	0.43756853299770154
120	6	0.43826764490804804
120	7	0.4375849313515629
120	8	0.43752253355817466
120	9	0.43765769290586537
120	10	0.43749379965353763
120	11	0.437584931408622
120	12	0.437571459628366
120	13	0.43782095859747705
120	14	0.43757231550570197
120	15	0.4376642230898183
120	16	0.4376402825894829
120	17	0.4375682854010588
120	18	0.43748322587362504
120	19	0.43765744658957934
121	0	0.43752295395594637
121	1	0.43827073368325864
121	2	0.4377790921532764
121	3	0.43754963955674964
121	4	0.43748727122338366
121	5	0.43756748015722835
121	6	0.43826756118256777
121	7	0.43765581039840795
121	8	0.43766310414993254
121	9	0.43756402361656715
121	10	0.43763398128897024
121	11	0.4375849545240581
121	12	0.437571453283034
121	13	0.43756854029420156
121	14	0.4375224829755579
121	15	0.4382955043052415
121	16	0.43765765060546324
121	17	0.4375849390268133
121	18	0.4374938101860854
121	19	0.43784030305772687
122	0	0.4375457567098949
122	1	0.4382707166264319
122	2	0.4377787822882917
122	3	0.4375229985198998
122	4	0.437564114877961
122	5	0.43826747830609275
122	6	0.4375224600201589
122	7	0.4375714959953997
122	8	0.4375685310821894
122	9	0.43829553899077894
122	10	0.43758494728995073
122	11	0.4375849633287167
122	12	0.4374938309924788
122	13	0.4376577063577426
122	14	0.43756748779067045
122	15	0.437487216672454
122	16	0.43784005773889745
122	17	0.4376632606967668
122	18	0.43765586223355113
122	19	0.43763403334963547
123	0	0.438270765970687
123	1	0.4377793897129937
123	2	0.43752295430662547
123	3	0.43754364569197646
123	4	0.4382676657273565
123	5	0.4374938077456357
123	6	0.43756853229328
123	7	0.43829548633345505
123	8	0.4375849467065584
123	9	0.43758493017922645
123	10	0.4375714587145303
123	11	0.43752253310819844
123	12	0.4376577348812673
123	13	0.43748730111984996
123	14	0.4375675276963168
123	15	0.4376557878671432
123	16	0.43766319889872424
123	17	0.4378401574828276
123	18	0.43756403437963926
123	19	0.4376339986564314
124	0	0.4375229825816194
124	1	0.43777901943671954
124	2	0.4382707437168716
124	3	0.43755211080534967
124	4	0.4382675502289737
124	5	0.43784015184858466
124	6	0.43756408688491155
124	7	0.43749382191931396
124	8	0.4375685419766441
124	9	0.43758494055229114
124	10	0.43765770635922824
124	11	0.4382955208133807
124	12	0.43757148766403614
124	13	0.43758494081708466
124	14	0.43752248802514665
124	15	0.437567527703349
124	16	0.43748725159416163
124	17	0.43766319317829866
124	18	0.4376558233526296
124	19	0.43763402500040566
125	0	0.4377789681146087
125	1	0.4375229572093556
125	2	0.4382707300547358
125	3	0.4375441878842532
125	4	0.43784012638258923
125	5	0.43826752137579633
125	6	0.43748724970329195
125	7	0.43756748107579285
125	8	0.4374938125759203
125	9	0.4376576505170849
125	10	0.4375714742627789
125	11	0.43752249901493134
125	12	0.4375849426648281
125	13	0.4382955150506171
125	14	0.43758494255619146
125	15	0.43756852760877146
125	16	0.43766315366893993
125	17	0.4376340181774144
125	18	0.43765584304515337
125	19	0.437564045406571
126	0	0.4375229627841845
126	1	0.4377788555466431
126	2	0.4382707548025879
126	3	0.43755125099305686
126	4	0.4375640915128888
126	5	0.4382675006747899
126	6	0.4374872342496642
126	7	0.4375674939823715
126	8	0.43756854465512224
126	9	0.4375224480740824
126	10	0.43757147729770995
126	11	0.43765773423331983
126	12	0.4375849440305509
126	13	0.43749382822385807
126	14	0.43829552036450287
126	15	0.4375849445783691
126	16	0.4376631521631202
126	17	0.437655834020158
126	18	0.43763399879168663
126	19	0.4378402532961654
126	20	0.4383435123319385
126	21	0.43834351022511625
126	22	0.4383435123255693
126	23	0.4383242396890742
127	0	0.43827082566698977
127	1	0.4383435023949468
127	2	0.4383435123319385
127	3	0.43834351230240803
127	4	0.4383016540137186
127	5	0.43777900217415844
127	6	0.4375229841214463
127	7	0.4375502997014398
128	0	0.43827081622322606
128	1	0.43834350239858
128	2	0.4383435123319385
128	3	0.43834351230242313
128	4	0.437522968638797
128	5	0.4375519395360663
128	6	0.4377790549693369
128	7	0.4383016528776912
129	0	0.4383435123319385
129	1	0.4383435023981956
129	2	0.43834351230243224
129	3	0.43827081703702747
129	4	0.43830165767445334
129	5	0.437779000756187
129	6	0.43752297839220916
129	7	0.43754763895262344
130	0	0.4383435123319385
130	1	0.4383435123023471
130	2	0.43834350239829845
130	3	0.4382708345816605
130	4	0.4375229669932617
130	5	0.4375527557375898
130	6	0.43777926140709866
130	7	0.43830163374928405
131	0	0.4383435123319385
131	1	0.4383435024063887
131	2	0.438270811218758
131	3	0.4383435123024597
131	4	0.43830166730308506
131	5	0.437553997297115
131	6	0.4375229727976931
131	7	0.43777891001257857
132	0	0.4383435123319385
132	1	0.4382707883375359
132	2	0.4383435123025817
132	3	0.4383435024511093
132	4	0.4375500691716541
132	5	0.4375230165238722
132	6	0.43777837404556547
132	7	0.4383017046407228
133	0	0.43746320401494293
133	1	0.438343502345428
133	2	0.4383435123022368
133	3	0.4382708416653676
133	4	0.4383435123319385
133	5	0.43834351015035306
133	6	0.4382853028028471
133	7	0.4383435123319385
134	0	0.4382708258981363
134	1	0.4383435024235248
134	2	0.4383435123024114
134	3	0.4383435123319385
134	4	0.43752512465607135
134	5	0.4377751271990316
134	6	0.4375232244045838
134	7	0.4383020912167466
135	0	0.43834350237001296
135	1	0.43834351230233226
135	2	0.4383435123319385
135	3	0.4382708298934479
135	4	0.43830160797628587
135	5	0.43752296107240496
135	6	0.4377793662822381
135	7	0.4375497888852723
136	0	0.43827084452783666
136	1	0.4383435123319385
136	2	0.4383435123022797
136	3	0.4383435023536781
136	4	0.4375546199222579
136	5	0.4377795656443562
136	6	0.4375229499897564
136	7	0.43830159703170235
137	0	0.43827072746716333
137	1	0.4383435123319385
137	2	0.43834351230287477
137	3	0.4383435025667112
137	4	0.43755208102002324
137	5	0.4377771352519898
137	6	0.43752310331486255
137	7	0.4383018774304289
138	0	0.4377800248108236
138	1	0.4383435095296179
138	2	0.4383435095302811
138	3	0.4382708699777684
138	4	0.43830153735687627
138	5	0.4383435123319385
138	6	0.43799555135393714
139	0	0.43834351230332547
139	1	0.4383435027118289
139	2	0.4383435123319385
139	3	0.4382707980581763
139	4	0.43830168697497013
139	5	0.43755207832288107
139	6	0.43777869495169697
139	7	0.4375232329700992
140	0	0.43834350241335357
140	1	0.4383435123024
140	2	0.4382708198980308
140	3	0.4383435123319385
140	4	0.4375449971391912
140	5	0.4375229904036116
140	6	0.4377789769708297
140	7	0.4383016420989064
141	0	0.4383435026459299
141	1	0.43827067166824757
141	2	0.4383435123031555
141	3	0.4383435123319385
141	4	0.4383020037131902
141	5	0.4377759968060841
141	6	0.43754873301171365
141	7	0.43752318111916344
142	0	0.4375007348532527
142	1	0.43827065688106653
142	2	0.43767329538155
142	3	0.4376021369412878
142	4	0.43830429352853967
142	5	0.4375500273559408
142	6	0.43760213756538446
142	7	0.4375866452710352
142	8	0.43824069942724164
142	9	0.4375887989119787
142	10	0.43751924690040667
142	11	0.4375232070962114
142	12	0.43777560379647573
142	13	0.43769143078002326
142	14	0.4382845528266729
142	15	0.4375374678554632
143	0	0.4374938151977728
143	1	0.43757146780578093
143	2	0.43758495455350094
143	3	0.43764831617435657
143	4	0.4376577203712182
143	5	0.43756852271749086
143	6	0.4375849380585803
143	7	0.43827082347853646
143	8	0.4382675823709213
143	9	0.4382955137426178
143	10	0.43754747109204106
143	11	0.43752245817899155
143	12	0.43752295469004604
143	13	0.4376631100414665
144	0	0.43827074254689646
144	1	0.43834351230526486
144	2	0.4383435123319385
144	3	0.4383435033617188
144	4	0.43830311351600393
144	5	0.4375229880191274
144	6	0.4375504507888859
144	7	0.43777464312132885
145	0	0.43755012096393947
145	1	0.43749402131730936
145	2	0.43752296685684317
145	3	0.43756868908452456
145	4	0.43752216435174623
145	5	0.4382662384139361
145	6	0.43827083474470613
145	7	0.43758510986288596
145	8	0.4382958892111151
145	9	0.43765776885982993
145	10	0.4375851276172964
145	11	0.4375716820704418
145	12	0.43777925169025117
145	13	0.4376642073455002
145	14	0.4375581811363096
145	15	0.4382834003408167
146	0	0.4382708347603125
146	1	0.4383435123319385
146	2	0.43834351230336865
146	3	0.4383435027293196
146	4	0.4375525899960615
146	5	0.43752297048530975
146	6	0.43777934201297025
146	7	0.43830211895539456
147	0	0.438343512302321
147	1	0.43827083276207784
147	2	0.4383435123319385
147	3	0.43834350239079517
147	4	0.4383016269285185
147	5	0.43777926357215946
147	6	0.43752297461329
147	7	0.4375540300235801
148	0	0.4383435123319385
148	1	0.43827082363976094
148	2	0.4383435123023747
148	3	0.4383435023905946
148	4	0.4383016500340786
148	5	0.4375490166619184
148	6	0.43752296563912335
148	7	0.4377790976139335
149	0	0.4383435123319385
149	1	0.43827082879347184
149	2	0.43834351230233004
149	3	0.43834350237167136
149	4	0.43755241712210974
149	5	0.4375229331478812
149	6	0.4377793546407211
149	7	0.43830161525214334
150	0	0.43834350418300444
150	1	0.4383435123319385
150	2	0.43834351230773533
150	3	0.43797526166177103
150	4	0.4375422193717979
150	5	0.43752526761267196
150	6	0.4377555767286858
150	7	0.43830456393688144
151	0	0.4383435123319385
151	1	0.43834350271011385
151	2	0.4376084335740845
151	3	0.43834351230332796
151	4	0.43830209641826534
151	5	0.4375485362604617
151	6	0.43752323834155654
151	7	0.43777526060991334
152	0	0.4376110872702924
152	1	0.4383435023804563
152	2	0.4383435123319385
152	3	0.4383435123023721
152	4	0.43830163793560545
152	5	0.4377792523510955
152	6	0.4375229694413741
152	7	0.4375417393008769
153	0	0.43834351119172243
153	1	0.4383435108968655
153	2	0.43777859023588217
153	3	0.43761055692458817
153	4	0.4383435123319385
153	5	0.43830171345406826
153	6	0.4379104924072565
153	7	0.43752299938271166
153	8	0.43755058540828085
153	9	0.43744702647879224
153	10	0.4382850615632686
153	11	0.43820194664908024
153	12	0.43833163901960465
153	13	0.4383435123319385
154	0	0.43745350677142086
154	1	0.4381504423428627
154	2	0.4374506576780941
154	3	0.4382932135859885
154	4	0.4383435123319385
154	5	0.4383218183840239
154	6	0.43828325075373575
154	7	0.43834350752155915
154	8	0.4383435114177508
154	9	0.4376102261876313
154	10	0.43830175676969796
154	11	0.4383435123319385
154	12	0.43787358795241244
154	13	0.4377779819160438
154	14	0.4383435113242521
154	15	0.4375230461131979
154	16	0.4375474517816928
154	17	0.4374410518214857
155	0	0.4383435123319385
155	1	0.43767931296043927
155	2	0.43834350391717003
155	3	0.43834351230695334
155	4	0.43752369242764266
155	5	0.43776923181030525
155	6	0.43754266610771536
155	7	0.4383028295809354
156	0	0.437511737849351
156	1	0.4382560187357452
156	2	0.43845456799804366
156	3	0.4374526758821108
156	4	0.43827971956468326
156	5	0.4383435123193458
157	0	0.43777136901343205
157	1	0.43834351138738603
157	2	0.4383435112591179
157	3	0.4383435123319385
157	4	0.4383025717831087
157	5	0.43767438770319106
157	6	0.4378781465419259
157	7	0.43752354089655954
157	8	0.43754341861860774
157	9	0.43834350300499014
157	10	0.4383435123042568
157	11	0.43744113046060423
157	12	0.43750328734061716
158	0	0.43751250946954945
158	1	0.4382018760829945
158	2	0.43744108406304505
158	3	0.4383261723208425
158	4	0.4374527462816326
158	5	0.43834350253570314
158	6	0.4383435123319385
158	7	0.4375379314021723
158	8	0.43831863658581427
158	9	0.43828435955526873
158	10	0.43829660770299456
158	11	0.4382798289059696
158	12	0.4375462270759392
158	13	0.4383029010636949
158	14	0.4383435032137925
158	15	0.43834351211425127
159	0	0.43776498999392005
159	1	0.43834351128557825
159	2	0.43834351139876054
159	3	0.4378762434872633
159	4	0.43783237156135946
159	5	0.4383015693541228
159	6	0.4383435123319385
160	0	0.43821237988086603
160	1	0.4374769138718908
160	2	0.4377818080737733
160	3	0.43765315113826087
160	4	0.4374907596291687
160	5	0.43782346189622623
160	6	0.4379166333162914
160	7	0.4376865225265465
160	8	0.4378022513318458
160	9	0.43751971947289425
160	10	0.4377098704468616
160	11	0.4374966225639431
160	12	0.43762496659214917
160	13	0.4376514470712455
160	14	0.43763873173183515
160	15	0.4376252090267889
160	16	0.43763870993659754
160	17	0.43752763559373975
160	18	0.4377337982473811
160	19	0.4377729606811414
160	20	0.43789961065462835
160	21	0.43778128267414107
160	22	0.4378795244986724
161	0	0.43765881184135813
161	1	0.43758669364491587
161	2	0.43757030565140675
161	3	0.4374949944136491
161	4	0.4375900706489234
161	5	0.4375866775496317
161	6	0.43757337401273405
161	7	0.4382609168356801
161	8	0.43767434279445516
161	9	0.4375699408475189
161	10	0.43760204894008287
161	11	0.43759520650532907
161	12	0.43756707370340125
161	13	0.4375582978181252
161	14	0.4378212547943819
161	15	0.43766826582896207
161	16	0.4376365353515015
161	17	0.4376889152725255
161	18	0.43752076069885976
161	19	0.437524694289237
161	20	0.4376580193984823
161	21	0.43756724408546593
161	22	0.4374848576997668
162	0	0.43834350596006794
162	1	0.4383435123151977
162	2	0.4383435123319385
162	3	0.43778235025350837
162	4	0.43830786097226865
162	5	0.4377316028837361
162	6	0.43752922900141117
162	7	0.4375228480655439
163	0	0.4378399630600533
163	1	0.4383435023797645
163	2	0.4383435123319385
163	3	0.43834351230236773
163	4	0.43777925747019114
163	5	0.43755053821639056
163	6	0.4375229680273804
163	7	0.4383016234180247
164	0	0.43783992629925517
164	1	0.43755562397161346
164	2	0.43777932410707443
164	3	0.43752296381796685
164	4	0.43826488022919674
164	5	0.43782286604430504
164	6	0.437665020372429
164	7	0.43763478378012094
164	8	0.43765597998028943
164	9	0.4375648431624509
164	10	0.4383236244359879
164	11	0.43758539993817097
164	12	0.4375215892242872
164	13	0.43749424256360625
164	14	0.43765782412385296
164	15	0.43756898441854164
164	16	0.4375720054117015
164	17	0.4375854025485485
164	18	0.4374862065322354
164	19	0.43756717669606954
165	0	0.4377793512331371
165	1	0.4378385366795132
165	2	0.437522939589286
165	3	0.43755225051697333
165	4	0.43765579162079493
165	5	0.43766308837542733
165	6	0.4382676380120975
165	7	0.43763396598180476
165	8	0.4375675004322881
165	9	0.4374872989570985
165	10	0.4378403673941076
165	11	0.4374937956881078
165	12	0.4376576650442613
165	13	0.43756851671154645
165	14	0.4375714442631138
165	15	0.4375225150380181
165	16	0.43758493146537797
165	17	0.43758493213085164
165	18	0.43829548220454134
165	19	0.43756400143910973
166	0	0.43755324049055816
166	1	0.4375229859750242
166	2	0.43777876875091093
166	3	0.43813046342268
166	4	0.43784026615224303
166	5	0.43826747595609006
166	6	0.4375849464307077
166	7	0.43758494667017717
166	8	0.43765774823492154
166	9	0.4375685481131253
166	10	0.4375714811321004
166	11	0.4382955395592572
166	12	0.43752248746630007
166	13	0.437493835610837
166	14	0.4375641246777822
166	15	0.43765584993315043
166	16	0.4375675144185263
166	17	0.43748721658448114
166	18	0.43766333314907496
166	19	0.43763404731604355
166	20	0.43834351106083086
166	21	0.43834351129457966
166	22	0.43789544916903506
166	23	0.4383026742457705
166	24	0.4383435123319385
167	0	0.43834350365898134
167	1	0.4381290712906687
167	2	0.4383435123319385
167	3	0.438343512306204
167	4	0.4383020700626115
167	5	0.43755133323598305
167	6	0.4377754350775657
167	7	0.437523220500844
168	0	0.4383435123021868
168	1	0.4383435023197015
168	2	0.43813216090961143
168	3	0.4383435123319385
168	4	0.4383015494086136
168	5	0.4375535005646885
168	6	0.4377799798222642
168	7	0.43752292599882336
169	0	0.4383435123040967
169	1	0.4383435123319385
169	2	0.43834350564778163
169	3	0.4382146939902652
169	4	0.43830248225159585
169	5	0.4375486557884697
169	6	0.4377720097323991
169	7	0.4375234837843538
170	0	0.43777651475223067
170	1	0.4383435112462504
170	2	0.43834351139235145
170	3	0.4382145965327536
170	4	0.4383019623349991
170	5	0.4383435123319385
170	6	0.43787916563791424
171	0	0.4383435123319385
171	1	0.43821553434449445
171	2	0.4383435123040378
171	3	0.4383435080480038
171	4	0.43830166003163795
171	5	0.4375406004271924
171	6	0.43752347952785803
171	7	0.43777898254580105
172	0	0.43834350832257013
172	1	0.4383435123319385
172	2	0.43834351230484403
172	3	0.43821197443176824
172	4	0.4383028977415638
172	5	0.4375496743851916
172	6	0.43752376686356975
172	7	0.43776875371104784
173	0	0.43834351230245555
173	1	0.4383435123319385
173	2	0.4382154375311301
173	3	0.43834350717864345
173	4	0.4375437251305174
173	5	0.4377788969336251
173	6	0.4375229910414045
173	7	0.4383016807485102
174	0	0.43821543246933997
174	1	0.4383435123319385
174	2	0.43834351230242774
174	3	0.43834350758676255
174	4	0.4383016618816147
174	5	0.4375514948390308
174	6	0.43752298715925403
174	7	0.4377789354542536
175	0	0.43834351138232003
175	1	0.4383020473958353
175	2	0.4378810809001674
175	3	0.4382143347389887
175	4	0.4383435123319385
175	5	0.43834351122326815
175	6	0.437775673444621
175	7	0.43752319770176185
175	8	0.4375498939541341
175	9	0.43744184112948814
175	10	0.4383435123319385
175	11	0.4383039654948261
175	12	0.43828929385109844
175	13	0.4383083959177351
176	0	0.4383435123319385
176	1	0.4383435123042414
176	2	0.43834350784667697
176	3	0.43821552290137195
176	4	0.43830165393448905
176	5	0.4375453012605972
176	6	0.4377791457756247
176	7	0.43752296376976146
177	0	0.43752711191635696
177	1	0.43825711685590524
177	2	0.437743998575807
177	3	0.4375306769346734
177	4	0.4382257218336282
177	5	0.4376705566189087
177	6	0.43784396984607826
177	7	0.43750615109338864
177	8	0.43769092283927874
177	9	0.43761995839374335
177	10	0.4376063903883893
177	11	0.43761994083153066
177	12	0.43830987434420193
177	13	0.4375134556770218
177	14	0.4376054153578849
177	15	0.4376964062692219
177	16	0.4375996748713525
177	17	0.43748025531416995
177	18	0.4375838054402327
177	19	0.4377128849212724
178	0	0.43825726849215885
178	1	0.43777901181261736
178	2	0.4375486670288985
178	3	0.43752295568319227
178	4	0.4376558335649467
178	5	0.4375640816705916
178	6	0.438267544847228
178	7	0.43784036308752833
178	8	0.43765774820875514
178	9	0.43829550837590986
178	10	0.4375144461294463
178	11	0.4375685417450911
178	12	0.437571488086349
178	13	0.4375849574550781
178	14	0.4374938230242486
178	15	0.4375849578311339
178	16	0.4375675007872697
178	17	0.4374872518779145
178	18	0.4376631933758985
178	19	0.4376340294106075
179	0	0.4377427662047672
179	1	0.43834351196319443
179	2	0.4383435118835439
179	3	0.43827745136790985
179	4	0.4383435123319385
179	5	0.4383121524824127
179	6	0.4379489987491348
179	7	0.43744145634066744
179	8	0.43753077049463585
179	9	0.4375273507560772
179	10	0.4383435123170854
179	11	0.4383435099533207
179	12	0.4383435123319385
179	13	0.43828645488166545
179	14	0.43831240848267794
179	15	0.43830217278712447
180	0	0.4383435120059279
180	1	0.43834351198953736
180	2	0.43777819183454586
180	3	0.4383435123319385
180	4	0.4382774854037753
180	5	0.4383017647240165
180	6	0.4379237986811179
180	7	0.4375523320254841
180	8	0.437523032979553
180	9	0.4374410539710833
180	10	0.4383435075897436
180	11	0.43834351230258634
180	12	0.4382832553915754
180	13	0.43829321743414673
180	14	0.43832183230291927
180	15	0.4383435123319385
181	0	0.43827749321028225
181	1	0.4383435123023802
181	2	0.4383435123319385
181	3	0.43834350757889823
181	4	0.4383016798847154
181	5	0.4375229834443813
181	6	0.4375497006658103
181	7	0.4377788664258752
182	0	0.43834350755363727
182	1	0.4383435123319385
182	2	0.43827749121875126
182	3	0.4383435123025035
182	4	0.43755059208314323
182	5	0.43777873206903817
182	6	0.4375230014621127
182	7	0.4383017042712669
183	0	0.4383435123024732
183	1	0.4383435123319385
183	2	0.43827749246948444
183	3	0.43834350756934154
183	4	0.43830168994635027
183	5	0.43754680889473785
183	6	0.43752300243497166
183	7	0.4377787802304454
184	0	0.4383435119794402
184	1	0.4383435120061739
184	2	0.4377786804359288
184	3	0.4383016966571708
184	4	0.43827748851966436
184	5	0.4383435123319385
184	6	0.4379255819014992
184	7	0.43744110254691454
184	8	0.43828363568051965
184	9	0.43832074870207255
184	10	0.4382944201509417
184	11	0.4383435123319385
184	12	0.43752301404062127
184	13	0.43755271324717965
185	0	0.43830170941421415
185	1	0.437923731330503
185	2	0.43834351198974386
185	3	0.4383435120057898
185	4	0.43777859552521875
185	5	0.43827749170980074
185	6	0.4383435123319385
185	7	0.4375462291046694
185	8	0.43752301194621596
185	9	0.43744105787277326
185	10	0.4382832394629727
185	11	0.4383218611609214
185	12	0.4382931828748306
185	13	0.4383435123319385
186	0	0.43754927862671394
186	1	0.43827726173000586
186	2	0.4377758714341051
186	3	0.4375231882733007
186	4	0.4375741733876314
186	5	0.4382402771949825
186	6	0.43748088515635647
186	7	0.43765340827992394
186	8	0.4376777867434155
186	9	0.4375847840004331
186	10	0.4376919230567454
186	11	0.4375008484490985
186	12	0.4376025635999063
186	13	0.43751350738175965
186	14	0.437589216145704
186	15	0.4376025896116507
186	16	0.4375870963707377
186	17	0.4383044612903213
186	18	0.4376737609116928
186	19	0.43783633220459667
187	0	0.4378358930496129
187	1	0.43826033970990724
187	2	0.4375288279494887
187	3	0.4378201544286627
187	4	0.4377572802243778
187	5	0.4376689631615725
187	6	0.4377169997909325
187	7	0.43752504185194246
187	8	0.43763688970897746
187	9	0.4376592146907015
187	10	0.43748468005677243
187	11	0.4375673512563298
187	12	0.43784020692657283
187	13	0.43756845127206095
187	14	0.43758694027925993
187	15	0.4374951284176409
187	16	0.43758693951203054
187	17	0.4375736426828866
187	18	0.43774200089379234
187	19	0.43757058121410364
187	20	0.4376591430876011
187	21	0.437712568231852
187	22	0.43751362522117604
187	23	0.4382976891980939
187	24	0.43827693689497366
187	25	0.4375424691041121
187	26	0.4383435120032411
187	27	0.4383435119648398
187	28	0.43775722521351584
187	29	0.4383435123319385
187	30	0.43830527854807644
187	31	0.4379286378112065
187	32	0.4383435123106645
187	33	0.4383435088694914
187	34	0.43744116052266674
188	0	0.43834351204049266
188	1	0.4383435120350724
188	2	0.437776031148999
188	3	0.43827725093622705
188	4	0.43830200552782766
188	5	0.4383435123319385
188	6	0.4381881302735911
189	0	0.4377145920270761
189	1	0.4382486305630864
189	2	0.4376537176111325
189	3	0.4376989398437752
189	4	0.43762894695752247
189	5	0.4374933198659935
189	6	0.4376142262298774
189	7	0.4376289492730232
189	8	0.43768385418824846
189	9	0.43760315822560003
189	10	0.43760568938217265
189	11	0.4377079267301285
189	12	0.43751840507400735
189	13	0.43774052345985964
189	14	0.4375780404838767
189	15	0.4375790426807889
189	16	0.43748165655204774
189	17	0.43756734873121145
189	18	0.43764312022576196
189	19	0.4375098373726998
189	20	0.4375695432428672
189	21	0.43783173261169117
189	22	0.4376830062722202
189	23	0.43762898272972656
189	24	0.43827653591219096
189	25	0.4383015270900754
189	26	0.43752789071858494
189	27	0.4383435120593671
189	28	0.43834351203014205
189	29	0.43773483254927675
189	30	0.43830741100785703
189	31	0.4383435123319385
189	32	0.4381659602264518
190	0	0.4382672318168834
190	1	0.4376319466116711
190	2	0.43772713555883497
190	3	0.4375344275875332
190	4	0.4382956023096634
190	5	0.4376058060815078
190	6	0.4382772802527353
190	7	0.4375505118343325
190	8	0.437675235217673
190	9	0.437621072779341
190	10	0.43749668279670817
190	11	0.4375147402434465
190	12	0.43762107275911616
190	13	0.4376007183086516
190	14	0.437573435490126
190	15	0.43783770449086507
190	16	0.4376887706522362
190	17	0.43762108830180346
190	18	0.43757926169906897
191	0	0.43757328502139925
191	1	0.43826751337716247
191	2	0.4375148841664644
191	3	0.4376752938714684
191	4	0.43762106960855357
191	5	0.4374821463904654
191	6	0.4382955324281416
191	7	0.4376007840455715
191	8	0.43827727061834887
191	9	0.4375343084528685
191	10	0.4376057891242499
191	11	0.4376210696266868
191	12	0.43756214494223883
192	0	0.43774127346430564
192	1	0.43760309460826136
192	2	0.4376536809999592
192	3	0.43825254293616117
192	4	0.43764122994175964
192	5	0.43759673882870215
192	6	0.4377383317021582
192	7	0.4375104507479762
192	8	0.4376970950894291
192	9	0.43768284634405
192	10	0.4377078303629343
192	11	0.4378310998684512
192	12	0.4375695053735497
192	13	0.4376273839308873
192	14	0.4375416129256045
192	15	0.4376035341572829
192	16	0.43768110162186874
192	17	0.43762625485008455
192	18	0.43762624850493637
192	19	0.43760312772787946
192	20	0.43748445173948775
192	21	0.4376114752742477
192	22	0.43748166583301884
192	23	0.4375784804968272
192	24	0.43830021514618916
192	25	0.4382765613285397
192	26	0.4375439729226738
193	0	0.43826747178571734
193	1	0.43760240633995884
193	2	0.4375342622098178
193	3	0.43760577528016886
193	4	0.4376210856083345
193	5	0.4376750979029815
193	6	0.43762106974365195
193	7	0.4376007614561031
193	8	0.43755866952526346
193	9	0.4382955280053499
193	10	0.43748213650722767
193	11	0.4382772515058651
193	12	0.43751474054448125
193	13	0.43760229773661796
194	0	0.43834351232294033
194	1	0.4383435108629945
194	2	0.4383435123319385
194	3	0.4382768957892048
194	4	0.43831260584007153
194	5	0.4375522367929987
194	6	0.4374414771661315
194	7	0.43770167290370116
194	8	0.43753756151053547
195	0	0.4383435077330064
195	1	0.43827717789358767
195	2	0.4383435123043269
195	3	0.4383435123319385
195	4	0.4374448264637044
195	5	0.4375628832136253
195	6	0.4377709881167765
195	7	0.43753519343618175
195	8	0.4383026174767045
196	0	0.4374445372871014
196	1	0.4377703284145759
196	2	0.4375353454579209
196	3	0.4382729303471031
196	4	0.4375551795313944
196	5	0.43770804931174523
196	6	0.4382503119418226
196	7	0.43768293576732215
196	8	0.4375695467634957
196	9	0.43764302904612407
196	10	0.4378308527083053
196	11	0.4374816515811017
196	12	0.43757906107801675
196	13	0.4376046579213938
196	14	0.4376276709516752
196	15	0.4376823594974248
196	16	0.43748492573827863
196	17	0.4383008924636046
196	18	0.4375101081246006
196	19	0.43761291317233514
196	20	0.4376276792962591
197	0	0.43827312196275964
197	1	0.4383435123319385
197	2	0.43834351100494223
197	3	0.43834351230627167
197	4	0.4377752614344865
197	5	0.4375592104527028
197	6	0.4375347483460272
197	7	0.43744680658279406
197	8	0.4383036872111676
197	9	0.43826638433870946
197	10	0.43763218649006985
197	11	0.4377440175029
197	12	0.4383435120404593
197	13	0.43834351195359506
197	14	0.4381226907413411
197	15	0.438279488918889
198	0	0.4375785589034474
198	1	0.43748565621682495
198	2	0.4382675191867257
198	3	0.43762125473431357
198	4	0.43760048392781475
198	5	0.4374823685385232
198	6	0.4376212562467712
198	7	0.43755549654251236
198	8	0.4375137892580799
198	9	0.43827324385580063
198	10	0.4375342759503949
198	11	0.43767550798051247
198	12	0.438296273782093
198	13	0.4376060863418689
199	0	0.4381976590252213
199	1	0.43744319105688406
199	2	0.4383010814416289
199	3	0.4375355199712312
199	4	0.4374434118999
199	5	0.437542156790887
199	6	0.43827125324827026
199	7	0.4377312029974137
199	8	0.438251664600849
199	9	0.43757127418969916
199	10	0.437831634997817
199	11	0.4376420113331664
199	12	0.43770958966663404
199	13	0.43748464414428145
199	14	0.43760397843722515
199	15	0.4383005033262947
199	16	0.4375103015067817
199	17	0.43762683785277967
199	18	0.43768168568295907
199	19	0.43761207085755555
199	20	0.43762682094611316
199	21	0.43757826713968984
199	22	0.4374821622013051
199	23	0.4376853955738327
199	24	0.4375865442353742
199	25	0.4376896125536981
199	26	0.437645701641272
199	27	0.43763519203297285
199	28	0.4376132394742689
199	29	0.4375978249982299
199	30	0.43744731958076133
199	31	0.4383435123319385
199	32	0.43831949359685834
199	33	0.43847430867451775
199	34	0.43826359135198834
200	0	0.4377719840847023
200	1	0.43827298593230957
200	2	0.4375567277971671
200	3	0.4374464302530925
200	4	0.4375350319029367
200	5	0.43769930570158494
200	6	0.4382653281150361
200	7	0.4376324134493415
200	8	0.43755709114991853
200	9	0.4375785888540167
200	10	0.4374858023184821
200	11	0.43766596937618935
200	12	0.4378344134770764
200	13	0.4376212206573138
200	14	0.43760047242054984
200	15	0.43751389710949606
200	16	0.4376211565188136
200	17	0.4376753572156611
200	18	0.4374823215237885
200	19	0.43829616839197466
200	20	0.43760603193943787
200	21	0.43834351231428625
200	22	0.4383435123319385
200	23	0.4383435114373517
200	24	0.4383094345276045
201	0	0.43834351088310974
201	1	0.4383435123032292
201	2	0.4382731291011595
201	3	0.4383435123319385
201	4	0.43755500943464304
201	5	0.4375346781223962
201	6	0.4377755620108026
201	7	0.4374444693389417
201	8	0.4383019723020265
202	0	0.4383435108969886
202	1	0.4383435123319385
202	2	0.43834351230331287
202	3	0.43827310698095984
202	4	0.4377752414474087
202	5	0.4375633335829406
202	6	0.4375347460270782
202	7	0.4374439366787248
202	8	0.43830209829180994
203	0	0.4375064397036204
203	1	0.4374411760668031
203	2	0.4383826679050069
203	3	0.43751101502646683
203	4	0.4382842113542116
203	5	0.4383435122068831
203	6	0.4383435123319385
203	7	0.4383284602484398
203	8	0.43827979885632573
203	9	0.43830225289520697
203	10	0.4383435123319385
203	11	0.43827306092241247
203	12	0.4383435109085997
203	13	0.43834351230363744
203	14	0.437555602343664
203	15	0.4374438876352274
203	16	0.4377738605435791
203	17	0.43753486204508457
203	18	0.43834351232744223
204	0	0.4383435123319385
204	1	0.4383435108606548
204	2	0.43827315148892815
204	3	0.4383435123030781
204	4	0.4375346237614021
204	5	0.4374440570789703
204	6	0.43756364897676575
204	7	0.4377761751494049
204	8	0.43830200203584274
205	0	0.43834351089651585
205	1	0.43827312243044747
205	2	0.4383435123319385
205	3	0.4383435123032702
205	4	0.4375346601344709
205	5	0.43744438633358135
205	6	0.43756109190789505
205	7	0.43777551642800666
205	8	0.4383020685097457
206	0	0.4383435123319385
206	1	0.43834351090938284
206	2	0.4382731046102319
206	3	0.4383435123034386
206	4	0.437443867468798
206	5	0.43830214922875965
206	6	0.437562049970512
206	7	0.4377747930667484
206	8	0.4375348031360428
207	0	0.4376379760988528
207	1	0.4376380005419373
207	2	0.43772286026665724
207	3	0.43769339901421384
207	4	0.43761352249225166
207	5	0.43748824406912395
207	6	0.4376234147177764
207	7	0.43769662363756384
207	8	0.4382382243490658
207	9	0.4375489745030281
207	10	0.43830518960118026
207	11	0.4375386179429317
207	12	0.4382706877345309
207	13	0.4375090033617079
208	0	0.43825501019340757
208	1	0.43833472171635113
208	2	0.43828702395686825
208	3	0.4383435064348238
208	4	0.4383435123319385
208	5	0.43830351055314143
208	6	0.4375350295331406
208	7	0.4381933393690923
208	8	0.43827982679471694
208	9	0.43744235146758037
208	10	0.4377110312237081
208	11	0.437540909515372
208	12	0.4375382810163192
208	13	0.43826850482675367
208	14	0.43768020428930454
208	15	0.4375106630778945
208	16	0.43762554965615486
208	17	0.437625551445943
208	18	0.43748419800320515
208	19	0.4382536787612953
208	20	0.4376107469399798
208	21	0.43829978760165883
208	22	0.4376029976244926
208	23	0.43774390779290523
208	24	0.43767911319126834
208	25	0.43759699473502034
208	26	0.43748070532498123
208	27	0.43784717906274334
208	28	0.4376027493477865
208	29	0.43767704120163936
208	30	0.43831104410562155
208	31	0.4383435123319385
208	32	0.43834351152440804
208	33	0.4383435123160237
208	34	0.43834351210380795
208	35	0.4383435118165613
208	36	0.43834351196384735
208	37	0.438070713516639
208	38	0.43838805379265966
209	0	0.438266165092376
209	1	0.43784798349925397
209	2	0.4382959229637641
209	3	0.43767530710509234
209	4	0.4376059114821492
209	5	0.43760058741853725
209	6	0.43755182186486014
209	7	0.43762112459262154
209	8	0.43751429938022446
209	9	0.4376211248371011
209	10	0.43753484384019353
209	11	0.43748225393433265
209	12	0.4382706561902303
209	13	0.4383435123319385
210	0	0.43748259587066923
210	1	0.43745065654834936
210	2	0.4386187769258025
210	3	0.43758753716262144
210	4	0.43750746484794184
210	5	0.4384929350374505
210	6	0.4381360464186872
210	7	0.43753826593085193
210	8	0.438279829334954
211	0	0.43827984690789
211	1	0.43849428424006887
211	2	0.43754212164834777
211	3	0.4386255492142726
211	4	0.43858793287914316
211	5	0.4385128796889784
211	6	0.4384435997232557
211	7	0.4386927387055688
211	8	0.43857367102492856
211	9	0.43869401543048747
211	10	0.4383444441742114
212	0	0.4382798470789341
212	1	0.43751752974186264
212	2	0.4375416268790036
212	3	0.4375339676052832
212	4	0.4375841334605975
212	5	0.43755530360378275
212	6	0.4375433254887107
212	7	0.4386297079583593
212	8	0.4375548157469757
212	9	0.4385289339258877
212	10	0.43822536058722544
212	11	0.43754052139774813
212	12	0.4376445900136048
213	0	0.43758724851011155
213	1	0.4374910021427376
213	2	0.438343502738721
213	3	0.43834351125314636
213	4	0.4383435123319385
213	5	0.4377541187153187
214	0	0.43828324292355
214	1	0.4383435123319385
214	2	0.4382931541611971
214	3	0.43834349906064624
214	4	0.43830756554856176
214	5	0.4383435123319385
214	6	0.4383435123120547
214	7	0.4382686208164082
214	8	0.4383435108817417
214	9	0.4375597835106929
215	0	0.4383161560007189
215	1	0.4383435123319385
215	2	0.4382834183080584
215	3	0.43829373773133434
215	4	0.4383434997857845
215	5	0.4374432039109429
215	6	0.4375430846698664
215	7	0.43827071499416365
215	8	0.4375331416828931
215	9	0.43772384696937333
215	10	0.4378288532289728
215	11	0.4382500519101387
215	12	0.437571344199709
215	13	0.4376855211286639
215	14	0.43748136606379434
215	15	0.43757965730862475
215	16	0.4377095789390444
215	17	0.437510014652144
215	18	0.43761318002194555
215	19	0.43768262728553653
215	20	0.4383010502938239
215	21	0.43762790598187734
215	22	0.437604836570623
215	23	0.43748499505482324
215	24	0.4376279279272859
215	25	0.4376449686192974
216	0	0.4383434994857859
216	1	0.4382831841650427
216	2	0.4383435123319385
216	3	0.4382934721952936
216	4	0.4383435123319385
216	5	0.43830296247755757
216	6	0.43834351097134455
216	7	0.43827068241337724
216	8	0.43834351230497354
217	0	0.43834349969290626
217	1	0.43828340107017594
217	2	0.4383435123319385
217	3	0.438293664302818
217	4	0.438343510954955
217	5	0.4382703377209867
217	6	0.438343512304734
217	7	0.4383435123319385
217	8	0.4374454458637039
217	9	0.4383028503753217
217	10	0.43753672547139727
217	11	0.437760880468462
217	12	0.4375435933184406
218	0	0.43756081733399266
218	1	0.43825958092129014
218	2	0.4375120227932884
218	3	0.437607715894277
218	4	0.43762267989522224
218	5	0.4382708021389165
218	6	0.4376010045333505
218	7	0.4374830832911292
218	8	0.4376770952771136
218	9	0.43762266429622954
218	10	0.4375575630196899
218	11	0.4382979252961207
218	12	0.4375344702848893
219	0	0.4374792946418114
219	1	0.43834350094911395
219	2	0.4382837670944883
219	3	0.4383435123319385
219	4	0.43829482238522366
219	5	0.4382701054648585
219	6	0.4383435123319385
219	7	0.4383435110550496
219	8	0.4383435123066297
219	9	0.4374435511214629
219	10	0.43754742360294796
219	11	0.43753588237672486
219	12	0.4377606005541938
219	13	0.43830391679203257
219	14	0.43826347528485005
219	15	0.4377078502418145
219	16	0.4376758105779578
219	17	0.4382967195150415
219	18	0.437482538512605
219	19	0.43760640491956715
219	20	0.4375132797119612
219	21	0.4376214949066989
219	22	0.4376215287149961
219	23	0.43760049894092495
219	24	0.43761476066639177
219	25	0.4381689568873259
219	26	0.43818411892438774
219	27	0.43776736716635684
219	28	0.4377795530217647
219	29	0.4376278041364059
219	30	0.4381253593974616
220	0	0.4383435123319385
220	1	0.43834351092881685
220	2	0.438270581730925
220	3	0.4383435123038622
220	4	0.43830237784904635
220	5	0.4374429371687762
220	6	0.4375505142097823
220	7	0.4377730013374671
220	8	0.4375350127403021
221	0	0.43744186100656823
221	1	0.4383435123319385
221	2	0.43834350172974357
221	3	0.4382840273958987
221	4	0.4382956256974434
221	5	0.4383435123319385
221	6	0.4383435123062482
221	7	0.4383435110565503
221	8	0.4382700091487476
221	9	0.4374442273591948
221	10	0.4375363805157728
221	11	0.43776248281812136
221	12	0.437546142514816
221	13	0.43830366999194115
221	14	0.4381934628650688
221	15	0.43798073303991264
221	16	0.43827985253511514
222	0	0.4374517434778185
222	1	0.43744115566342223
222	2	0.43834167689338294
222	3	0.4374506635313563
222	4	0.4383435123319385
222	5	0.4383435123319385
222	6	0.43834351227616425
222	7	0.437719151513098
222	8	0.4377185158757435
222	9	0.43759973784439665
222	10	0.43780255286504866
222	11	0.43789466299857654
222	12	0.4378645510514389
222	13	0.4373139904751445
222	14	0.4388009412707223
222	15	0.43870620873747546
222	16	0.4382279431342129
222	17	0.43761392631558105
222	18	0.4378120207487582
222	19	0.4378088945185561
222	20	0.43778411955649377
222	21	0.43804554886540287
223	0	0.4374409780873315
223	1	0.4383435123319385
223	2	0.4383023269665932
223	3	0.438312876784552
223	4	0.4383435123319385
223	5	0.43762010062196544
223	6	0.437457210627834
224	0	0.4382961731191349
224	1	0.4383435123319385
224	2	0.4382856298362047
224	3	0.4383435048353046
224	4	0.4383056210430735
224	5	0.4383435123319385
224	6	0.43834351149764145
224	7	0.4383435123152944
224	8	0.4382667009586957
