13	0	0.8692710995674133
13	1	3.381035566329956
13	2	2.846501588821411
13	3	3.381171941757202
13	4	-3.376962900161743
13	5	-3.7744648456573486
14	0	0.30601826310157776
14	1	1.8025128841400146
14	2	1.8025128841400146
14	3	1.8025128841400146
14	4	0.8692710995674133
14	5	0.8692710995674133
14	6	0.8692710995674133
15	0	1.8025128841400146
15	1	1.8025128841400146
15	2	1.8025128841400146
15	3	1.8025128841400146
15	4	1.8025128841400146
15	5	1.8025128841400146
15	6	1.8025128841400146
16	0	-3.7744648456573486
16	1	0.8692710995674133
16	2	0.8881971836090088
16	3	2.2532379627227783
16	4	2.2532379627227783
16	5	1.062105655670166
16	6	0.8692710995674133
16	7	0.8692710995674133
16	8	0.8692710995674133
16	9	0.8692710995674133
16	10	1.062105655670166
16	11	-3.7744648456573486
16	12	0.8692710995674133
16	13	2.2532379627227783
16	14	2.2539875507354736
16	15	2.2536659240722656
16	16	2.2539875507354736
16	17	2.2539875507354736
17	0	3.452291965484619
17	1	-3.7744648456573486
17	2	3.383046865463257
17	3	3.5007402896881104
17	4	3.3830485343933105
17	5	3.382692575454712
17	6	3.502753734588623
17	7	3.382692575454712
17	8	-3.7744648456573486
17	9	2.2532379627227783
17	10	3.5007402896881104
17	11	3.383046865463257
17	12	2.813242197036743
17	13	3.3830695152282715
18	0	0.8692710995674133
18	1	0.8692710995674133
18	2	3.382647752761841
18	3	3.3830246925354004
18	4	3.379990816116333
18	5	3.3830575942993164
18	6	3.3830246925354004
18	7	3.3796138763427734
18	8	3.447981834411621
18	9	3.3796138763427734
18	10	3.3796138763427734
18	11	3.3830575942993164
18	12	3.3830246925354004
18	13	3.3830246925354004
18	14	3.379990816116333
18	15	-3.7744648456573486
18	16	-2.098766565322876
18	17	0.8692710995674133
18	18	0.8692710995674133
19	0	1.8025128841400146
19	1	1.8025128841400146
19	2	1.8025128841400146
19	3	1.8025128841400146
19	4	1.8025128841400146
19	5	1.8025128841400146
19	6	1.8025128841400146
20	0	1.8025128841400146
20	1	1.8025128841400146
20	2	1.8025128841400146
20	3	1.8025128841400146
20	4	1.8025128841400146
20	5	1.8025128841400146
20	6	1.8025128841400146
21	0	1.8025128841400146
21	1	1.8025128841400146
21	2	1.8025128841400146
21	3	1.8025128841400146
21	4	1.8025128841400146
21	5	1.8025128841400146
21	6	1.8025128841400146
22	0	1.8025128841400146
22	1	1.8025128841400146
22	2	1.8025128841400146
22	3	1.8025128841400146
22	4	1.8025128841400146
22	5	1.8025128841400146
22	6	1.8025128841400146
22	7	1.8025128841400146
22	8	1.8025128841400146
23	0	3.3830695152282715
23	1	1.8025128841400146
23	2	1.8025128841400146
23	3	1.8025128841400146
23	4	1.8025128841400146
23	5	1.8025128841400146
23	6	1.8025128841400146
23	7	1.8025128841400146
24	0	1.8025128841400146
24	1	1.8025128841400146
24	2	1.8025128841400146
24	3	1.8025128841400146
24	4	1.8025128841400146
24	5	0.8692710995674133
24	6	1.8025128841400146
24	7	1.8025128841400146
24	8	1.8025128841400146
25	0	3.5007402896881104
25	1	1.062105655670166
25	2	1.062105655670166
25	3	-3.7744648456573486
25	4	0.8692710995674133
25	5	3.3830695152282715
25	6	0.8692710995674133
25	7	0.8881971836090088
25	8	0.8692710995674133
25	9	0.8692710995674133
25	10	-3.7744648456573486
25	11	3.383046865463257
25	12	3.5007402896881104
25	13	0.8692710995674133
25	14	1.062105655670166
25	15	1.8025128841400146
25	16	1.8025128841400146
25	17	0.8692710995674133
25	18	3.381171941757202
25	19	2.846501588821411
25	20	3.3846285343170166
25	21	3.381171941757202
25	22	3.5014896392822266
25	23	0.8692710995674133
25	24	0.8692710995674133
26	0	1.8025128841400146
26	1	1.8025128841400146
26	2	1.8025128841400146
26	3	1.8025128841400146
26	4	1.8025128841400146
26	5	1.8025128841400146
27	0	2.3625171184539795
27	1	1.8025128841400146
27	2	1.8025128841400146
27	3	1.8025128841400146
27	4	1.8025128841400146
27	5	1.8025128841400146
27	6	1.8025128841400146
27	7	1.8025128841400146
28	0	1.8025128841400146
28	1	1.8025128841400146
28	2	1.8025128841400146
28	3	2.2536659240722656
28	4	2.2532379627227783
28	5	2.2539875507354736
28	6	2.2539875507354736
29	0	1.8025128841400146
29	1	1.8025128841400146
29	2	1.8025128841400146
29	3	1.8025128841400146
29	4	1.8025128841400146
29	5	1.8025128841400146
29	6	1.8025128841400146
30	0	1.8025128841400146
30	1	1.8025128841400146
30	2	1.8025128841400146
30	3	1.8025128841400146
30	4	1.8025128841400146
30	5	1.8025128841400146
30	6	1.8025128841400146
31	0	1.8025128841400146
31	1	1.8025128841400146
31	2	1.8025128841400146
31	3	1.8025128841400146
31	4	1.8025128841400146
31	5	1.8025128841400146
31	6	1.8025128841400146
32	0	1.8025128841400146
32	1	1.8025128841400146
32	2	1.8025128841400146
32	3	1.8025128841400146
32	4	1.8025128841400146
32	5	1.8025128841400146
32	6	1.8025128841400146
32	7	1.8025128841400146
33	0	1.8025128841400146
33	1	1.8025128841400146
33	2	1.8025128841400146
33	3	1.8025128841400146
33	4	1.8025128841400146
33	5	1.8025128841400146
33	6	1.8025128841400146
33	7	1.8025128841400146
34	0	0.8692710995674133
34	1	1.8025128841400146
34	2	1.8025128841400146
34	3	1.8025128841400146
34	4	1.8025128841400146
34	5	0.8692710995674133
34	6	1.8025128841400146
34	7	-3.7744648456573486
35	0	0.8692710995674133
35	1	3.5010197162628174
35	2	2.846501588821411
35	3	3.5027518272399902
35	4	3.381171941757202
35	5	0.8692710995674133
35	6	0.8692710995674133
35	7	0.8692710995674133
35	8	0.8692710995674133
35	9	0.8692710995674133
35	10	0.8692710995674133
35	11	0.8692710995674133
35	12	0.30601826310157776
35	13	1.8025128841400146
35	14	0.8692710995674133
35	15	3.383046865463257
35	16	-3.7744648456573486
35	17	0.8692710995674133
35	18	3.5027518272399902
35	19	3.5027518272399902
35	20	0.8692710995674133
36	0	1.8025128841400146
36	1	1.8025128841400146
36	2	1.8025128841400146
36	3	1.8025128841400146
36	4	1.8025128841400146
36	5	0.8692710995674133
36	6	0.8692710995674133
36	7	0.8692710995674133
37	0	1.8025128841400146
37	1	1.8025128841400146
37	2	1.8025128841400146
37	3	1.8025128841400146
37	4	1.8025128841400146
37	5	1.8025128841400146
37	6	1.8025128841400146
37	7	1.8025128841400146
37	8	1.8025128841400146
37	9	1.8025128841400146
37	10	1.8025128841400146
37	11	1.8025128841400146
38	0	1.8025128841400146
38	1	1.8025128841400146
38	2	1.8025128841400146
38	3	1.8025128841400146
38	4	1.8025128841400146
38	5	1.8025128841400146
38	6	1.8025128841400146
38	7	1.8025128841400146
38	8	1.8025128841400146
38	9	1.8025128841400146
39	0	1.8025128841400146
39	1	1.8025128841400146
39	2	1.8025128841400146
39	3	1.8025128841400146
39	4	1.8025128841400146
39	5	1.8025128841400146
39	6	1.8025128841400146
39	7	1.8025128841400146
40	0	1.8025128841400146
40	1	1.8025128841400146
40	2	1.8025128841400146
40	3	1.8025128841400146
40	4	1.8025128841400146
40	5	1.8025128841400146
40	6	1.8025128841400146
40	7	1.8025128841400146
40	8	1.8025128841400146
41	0	1.8025128841400146
41	1	1.8025128841400146
41	2	1.8025128841400146
41	3	1.8025128841400146
41	4	1.8025128841400146
41	5	1.8025128841400146
41	6	2.2532379627227783
41	7	1.8025128841400146
41	8	2.2532379627227783
41	9	1.8025128841400146
41	10	1.8025128841400146
42	0	2.7287349700927734
42	1	2.7287349700927734
42	2	1.8025128841400146
42	3	1.8025128841400146
42	4	2.7287349700927734
42	5	-2.5116937160491943
42	6	2.7287349700927734
42	7	2.7287349700927734
42	8	2.7287349700927734
42	9	1.8025128841400146
42	10	1.8025128841400146
43	0	1.8025128841400146
43	1	1.8025128841400146
43	2	1.8025128841400146
43	3	1.8025128841400146
43	4	1.8025128841400146
43	5	1.8025128841400146
43	6	-2.098766565322876
43	7	1.8025128841400146
44	0	2.849201202392578
44	1	0.8692710995674133
44	2	-2.098766565322876
44	3	0.8692710995674133
44	4	0.8692710995674133
44	5	0.8692710995674133
44	6	0.8692710995674133
44	7	0.8692710995674133
44	8	0.8692710995674133
44	9	0.30601826310157776
44	10	1.8025128841400146
44	11	0.8692710995674133
44	12	1.8025128841400146
44	13	0.8692710995674133
44	14	1.8025128841400146
44	15	1.8025128841400146
44	16	1.8025128841400146
45	0	1.8025128841400146
45	1	0.8692710995674133
45	2	1.8025128841400146
45	3	1.8025128841400146
45	4	1.8025128841400146
45	5	1.8025128841400146
46	0	1.8025128841400146
46	1	1.8025128841400146
46	2	0.8692710995674133
46	3	2.2535173892974854
46	4	0.8692710995674133
46	5	2.2535593509674072
46	6	2.2535173892974854
46	7	2.2532379627227783
46	8	2.2539875507354736
46	9	1.8025128841400146
46	10	-2.5116937160491943
47	0	1.8025128841400146
47	1	0.8692710995674133
47	2	1.8025128841400146
47	3	1.8025128841400146
47	4	1.8025128841400146
47	5	1.8025128841400146
48	0	1.8025128841400146
48	1	1.8025128841400146
48	2	1.8025128841400146
48	3	1.8025128841400146
48	4	1.8025128841400146
48	5	1.8025128841400146
49	0	0.8692710995674133
49	1	1.8025128841400146
49	2	1.8025128841400146
49	3	1.8025128841400146
49	4	1.8025128841400146
49	5	1.8025128841400146
49	6	-3.7744648456573486
49	7	0.8692710995674133
49	8	0.8692710995674133
49	9	1.8025128841400146
49	10	0.30601826310157776
50	0	-3.7744648456573486
50	1	1.8025128841400146
50	2	1.8025128841400146
50	3	1.8025128841400146
50	4	1.8025128841400146
50	5	1.8025128841400146
50	6	1.8025128841400146
51	0	1.8025128841400146
51	1	1.8025128841400146
51	2	1.8025128841400146
51	3	-3.7744648456573486
51	4	1.8025128841400146
51	5	2.2532379627227783
51	6	1.8025128841400146
51	7	1.8025128841400146
51	8	1.8025128841400146
51	9	1.8025128841400146
52	0	-2.098766565322876
52	1	1.8025128841400146
52	2	-2.098766565322876
52	3	-2.098766565322876
52	4	-2.098766565322876
52	5	-2.098766565322876
52	6	-2.098766565322876
52	7	1.8025128841400146
52	8	-2.098766565322876
52	9	1.8025128841400146
52	10	-2.098766565322876
52	11	-2.098766565322876
52	12	1.8025128841400146
52	13	1.8025128841400146
52	14	-2.5116937160491943
52	15	1.8025128841400146
52	16	1.8025128841400146
52	17	-3.7744648456573486
52	18	1.8025128841400146
52	19	0.8692710995674133
52	20	0.8692710995674133
52	21	1.8025128841400146
52	22	0.8692710995674133
52	23	0.8692710995674133
52	24	1.8025128841400146
52	25	1.8025128841400146
52	26	0.8692710995674133
52	27	0.8692710995674133
52	28	-2.098766565322876
52	29	-2.098766565322876
52	30	1.8025128841400146
52	31	-2.098766565322876
52	32	1.8025128841400146
52	33	0.8692710995674133
52	34	0.8692710995674133
52	35	1.8025128841400146
52	36	-3.7744648456573486
52	37	1.8025128841400146
52	38	0.8692710995674133
52	39	0.8692710995674133
52	40	0.8692710995674133
52	41	1.8025128841400146
52	42	1.8025128841400146
52	43	0.8692710995674133
52	44	0.8692710995674133
52	45	0.8692710995674133
52	46	0.8692710995674133
52	47	0.8692710995674133
52	48	1.8025128841400146
52	49	0.8692710995674133
52	50	1.8025128841400146
52	51	1.8025128841400146
52	52	0.8692710995674133
52	53	0.8692710995674133
52	54	0.8692710995674133
52	55	0.8692710995674133
52	56	1.8025128841400146
52	57	0.8692710995674133
52	58	-2.098766565322876
52	59	1.8025128841400146
53	0	1.8025128841400146
53	1	-3.7744648456573486
53	2	1.8025128841400146
53	3	1.8025128841400146
53	4	1.8025128841400146
53	5	1.8025128841400146
53	6	1.8025128841400146
53	7	1.8025128841400146
53	8	1.8025128841400146
53	9	1.8025128841400146
54	0	1.8025128841400146
54	1	1.8025128841400146
54	2	1.8025128841400146
54	3	1.8025128841400146
54	4	1.8025128841400146
54	5	-3.7744648456573486
54	6	1.8025128841400146
54	7	1.8025128841400146
54	8	1.8025128841400146
54	9	1.8025128841400146
54	10	1.8025128841400146
54	11	1.8025128841400146
54	12	1.8025128841400146
54	13	1.8025128841400146
54	14	1.8025128841400146
54	15	1.8025128841400146
54	16	1.8025128841400146
55	0	1.8025128841400146
55	1	-3.7744648456573486
55	2	1.8025128841400146
55	3	1.8025128841400146
55	4	1.8025128841400146
55	5	1.8025128841400146
55	6	1.8025128841400146
55	7	1.8025128841400146
55	8	1.8025128841400146
55	9	1.8025128841400146
56	0	1.8025128841400146
56	1	1.8025128841400146
56	2	1.8025128841400146
56	3	-3.7744648456573486
56	4	1.8025128841400146
56	5	1.8025128841400146
56	6	1.8025128841400146
56	7	1.8025128841400146
56	8	1.8025128841400146
56	9	1.8025128841400146
57	0	0.8692710995674133
57	1	-3.7744648456573486
57	2	0.8692710995674133
57	3	0.8692710995674133
57	4	0.8692710995674133
57	5	0.8692710995674133
57	6	0.8692710995674133
57	7	0.8692710995674133
57	8	0.8692710995674133
57	9	0.8692710995674133
57	10	0.8692710995674133
57	11	0.8692710995674133
57	12	0.8692710995674133
57	13	0.8692710995674133
57	14	0.8692710995674133
57	15	0.8692710995674133
57	16	0.30601826310157776
57	17	0.8692710995674133
57	18	0.8692710995674133
57	19	0.8692710995674133
57	20	-3.7744648456573486
58	0	1.8025128841400146
58	1	1.8025128841400146
58	2	1.8025128841400146
58	3	-3.7744648456573486
58	4	1.8025128841400146
58	5	1.8025128841400146
58	6	1.8025128841400146
58	7	1.8025128841400146
58	8	1.8025128841400146
58	9	1.8025128841400146
58	10	1.8025128841400146
58	11	1.8025128841400146
58	12	1.8025128841400146
58	13	1.8025128841400146
58	14	1.8025128841400146
58	15	1.8025128841400146
58	16	1.8025128841400146
58	17	1.8025128841400146
58	18	1.8025128841400146
59	0	1.8025128841400146
59	1	1.8025128841400146
59	2	1.8025128841400146
59	3	-3.7744648456573486
59	4	1.8025128841400146
59	5	1.8025128841400146
59	6	1.8025128841400146
59	7	1.8025128841400146
59	8	1.8025128841400146
59	9	1.8025128841400146
59	10	1.8025128841400146
59	11	1.8025128841400146
59	12	1.8025128841400146
59	13	1.8025128841400146
59	14	1.8025128841400146
59	15	1.8025128841400146
60	0	0.8692710995674133
60	1	2.2533864974975586
60	2	2.2532379627227783
60	3	2.2539875507354736
60	4	-3.7744648456573486
60	5	2.2532379627227783
60	6	2.2535173892974854
60	7	2.2532379627227783
60	8	2.2533864974975586
60	9	2.2535173892974854
60	10	2.2532379627227783
60	11	2.2532379627227783
60	12	2.2533864974975586
60	13	2.2537081241607666
60	14	2.2532379627227783
60	15	2.2532379627227783
60	16	2.2532379627227783
61	0	1.8025128841400146
61	1	0.8692710995674133
61	2	-3.7744648456573486
61	3	-2.098766565322876
61	4	0.8692710995674133
61	5	-2.098766565322876
61	6	-2.098766565322876
61	7	0.30601826310157776
61	8	-2.5116937160491943
61	9	0.8692710995674133
61	10	0.8692710995674133
61	11	0.8692710995674133
61	12	-3.7744648456573486
61	13	0.8692710995674133
61	14	0.8692710995674133
61	15	0.8692710995674133
61	16	0.8692710995674133
61	17	0.8692710995674133
61	18	0.8692710995674133
61	19	0.8692710995674133
61	20	0.8692710995674133
61	21	0.8692710995674133
61	22	0.8692710995674133
61	23	0.8692710995674133
61	24	0.8692710995674133
61	25	-2.098766565322876
61	26	-2.5116937160491943
61	27	-2.098766565322876
61	28	-2.098766565322876
61	29	-2.098766565322876
61	30	-2.098766565322876
61	31	0.8692710995674133
61	32	-3.7744648456573486
61	33	0.8692710995674133
61	34	0.8692710995674133
61	35	0.8692710995674133
61	36	0.8692710995674133
61	37	0.8692710995674133
61	38	0.8692710995674133
61	39	0.8692710995674133
61	40	0.30601826310157776
61	41	-2.098766565322876
61	42	0.8692710995674133
61	43	0.8692710995674133
61	44	0.8692710995674133
61	45	0.8692710995674133
61	46	0.8692710995674133
61	47	0.8692710995674133
61	48	0.8692710995674133
61	49	0.8692710995674133
61	50	0.8692710995674133
61	51	0.8692710995674133
61	52	0.8692710995674133
61	53	1.8025128841400146
61	54	-2.098766565322876
61	55	0.8692710995674133
61	56	0.8692710995674133
61	57	0.8692710995674133
61	58	0.8692710995674133
61	59	0.8692710995674133
61	60	1.8025128841400146
61	61	0.8692710995674133
61	62	1.8025128841400146
61	63	0.8692710995674133
61	64	0.8692710995674133
61	65	0.8692710995674133
61	66	0.8692710995674133
61	67	0.8692710995674133
61	68	1.8025128841400146
62	0	1.8025128841400146
62	1	1.8025128841400146
62	2	1.8025128841400146
62	3	-3.7744648456573486
62	4	1.8025128841400146
62	5	1.8025128841400146
62	6	1.8025128841400146
62	7	1.8025128841400146
62	8	1.8025128841400146
62	9	1.8025128841400146
62	10	1.8025128841400146
62	11	1.8025128841400146
62	12	1.8025128841400146
62	13	1.8025128841400146
62	14	1.8025128841400146
62	15	1.8025128841400146
63	0	1.8025128841400146
63	1	1.8025128841400146
63	2	1.8025128841400146
63	3	-3.7744648456573486
63	4	1.8025128841400146
63	5	1.8025128841400146
63	6	1.8025128841400146
63	7	1.8025128841400146
63	8	1.8025128841400146
63	9	1.8025128841400146
63	10	1.8025128841400146
63	11	1.8025128841400146
63	12	1.8025128841400146
63	13	1.8025128841400146
63	14	1.8025128841400146
63	15	1.8025128841400146
64	0	1.8025128841400146
64	1	1.8025128841400146
64	2	1.8025128841400146
64	3	1.8025128841400146
64	4	1.8025128841400146
64	5	1.8025128841400146
64	6	1.8025128841400146
64	7	-3.7744648456573486
64	8	1.8025128841400146
64	9	-3.7744648456573486
65	0	1.8025128841400146
65	1	1.8025128841400146
65	2	1.8025128841400146
65	3	1.8025128841400146
65	4	1.8025128841400146
65	5	1.8025128841400146
65	6	1.8025128841400146
65	7	1.8025128841400146
65	8	-3.7744648456573486
65	9	-3.7744648456573486
66	0	1.8025128841400146
66	1	1.8025128841400146
66	2	1.8025128841400146
66	3	1.8025128841400146
66	4	1.8025128841400146
66	5	1.8025128841400146
66	6	1.8025128841400146
66	7	-3.7744648456573486
66	8	1.8025128841400146
66	9	-3.7744648456573486
67	0	1.8025128841400146
67	1	1.8025128841400146
67	2	1.8025128841400146
67	3	1.8025128841400146
67	4	1.8025128841400146
67	5	-3.7744648456573486
67	6	0.8692710995674133
67	7	-2.098766565322876
67	8	0.30601826310157776
67	9	-2.098766565322876
67	10	-3.7744648456573486
67	11	1.8025128841400146
68	0	1.8025128841400146
68	1	1.8025128841400146
68	2	1.8025128841400146
68	3	-3.7744648456573486
68	4	0.8692710995674133
68	5	0.8692710995674133
68	6	0.8692710995674133
68	7	0.8692710995674133
68	8	0.8692710995674133
68	9	0.8692710995674133
68	10	0.8692710995674133
68	11	0.8692710995674133
68	12	0.8692710995674133
68	13	0.8692710995674133
68	14	0.8692710995674133
68	15	0.8692710995674133
69	0	1.8025128841400146
69	1	1.8025128841400146
69	2	-3.7744648456573486
69	3	1.8025128841400146
69	4	1.8025128841400146
69	5	1.8025128841400146
69	6	1.8025128841400146
69	7	1.8025128841400146
69	8	1.8025128841400146
69	9	1.8025128841400146
69	10	1.8025128841400146
69	11	1.8025128841400146
69	12	1.8025128841400146
69	13	1.8025128841400146
69	14	1.8025128841400146
69	15	1.8025128841400146
70	0	1.8025128841400146
70	1	1.8025128841400146
70	2	1.8025128841400146
70	3	-3.7744648456573486
70	4	1.8025128841400146
70	5	1.8025128841400146
70	6	1.8025128841400146
70	7	1.8025128841400146
70	8	1.8025128841400146
70	9	1.8025128841400146
70	10	1.8025128841400146
70	11	1.8025128841400146
70	12	1.8025128841400146
70	13	1.8025128841400146
70	14	1.8025128841400146
70	15	1.8025128841400146
71	0	0.8692710995674133
71	1	-2.5116937160491943
71	2	0.8692710995674133
71	3	-2.098766565322876
71	4	2.2535593509674072
71	5	1.8025128841400146
71	6	-2.098766565322876
71	7	1.8025128841400146
72	0	1.8025128841400146
72	1	1.8025128841400146
72	2	1.8025128841400146
72	3	-3.7744648456573486
72	4	1.8025128841400146
72	5	1.8025128841400146
73	0	3.381314992904663
73	1	-3.7744648456573486
73	2	-3.7744648456573486
73	3	3.381171941757202
73	4	3.381314992904663
73	5	3.383046865463257
74	0	-2.5116937160491943
74	1	-2.098766565322876
74	2	0.8692710995674133
74	3	0.8692710995674133
74	4	0.8692710995674133
74	5	0.8692710995674133
75	0	2.2535173892974854
75	1	0.30601826310157776
75	2	1.8025128841400146
75	3	2.2535173892974854
75	4	2.2532379627227783
75	5	-3.7744648456573486
75	6	0.8692710995674133
75	7	0.8692710995674133
76	0	1.8025128841400146
76	1	1.8025128841400146
76	2	-3.7744648456573486
76	3	1.8025128841400146
76	4	1.8025128841400146
76	5	1.8025128841400146
77	0	0.8692710995674133
77	1	-2.098766565322876
77	2	-2.098766565322876
77	3	-2.098766565322876
77	4	0.8692710995674133
77	5	-2.098766565322876
77	6	-2.098766565322876
77	7	1.8025128841400146
77	8	-2.098766565322876
77	9	-2.098766565322876
77	10	0.8692710995674133
77	11	1.8025128841400146
77	12	-3.7744648456573486
77	13	-2.098766565322876
77	14	0.8692710995674133
77	15	1.8025128841400146
78	0	0.30601826310157776
78	1	-2.098766565322876
78	2	-2.098766565322876
78	3	0.8692710995674133
78	4	-2.098766565322876
78	5	0.8692710995674133
78	6	0.8692710995674133
78	7	0.8692710995674133
78	8	-3.7744648456573486
78	9	0.8692710995674133
78	10	0.8692710995674133
78	11	0.8692710995674133
78	12	0.8692710995674133
78	13	0.8692710995674133
78	14	0.8692710995674133
78	15	0.8692710995674133
78	16	0.8692710995674133
78	17	0.8692710995674133
78	18	0.8692710995674133
78	19	0.8692710995674133
78	20	0.8692710995674133
78	21	0.8692710995674133
78	22	0.8692710995674133
78	23	0.8692710995674133
78	24	0.8692710995674133
78	25	0.8692710995674133
78	26	-3.7744648456573486
78	27	0.30601826310157776
78	28	0.8692710995674133
78	29	0.8692710995674133
78	30	0.8692710995674133
78	31	-2.098766565322876
78	32	-2.098766565322876
78	33	-2.098766565322876
78	34	-3.7744648456573486
78	35	-2.098766565322876
78	36	-2.098766565322876
78	37	-2.098766565322876
78	38	-2.5116937160491943
78	39	0.8692710995674133
78	40	0.8692710995674133
79	0	-3.7744648456573486
79	1	1.8025128841400146
79	2	1.8025128841400146
79	3	1.8025128841400146
79	4	1.8025128841400146
79	5	1.8025128841400146
79	6	1.8025128841400146
79	7	1.8025128841400146
79	8	1.8025128841400146
79	9	1.8025128841400146
79	10	1.8025128841400146
79	11	1.8025128841400146
79	12	1.8025128841400146
79	13	1.8025128841400146
79	14	1.8025128841400146
79	15	1.8025128841400146
80	0	1.8025128841400146
80	1	2.2538387775421143
80	2	2.2538387775421143
80	3	1.8025128841400146
80	4	1.8025128841400146
80	5	2.2538387775421143
80	6	2.2538387775421143
80	7	2.2538387775421143
80	8	-3.7744648456573486
80	9	1.8025128841400146
80	10	-3.7744648456573486
81	0	1.8025128841400146
81	1	1.8025128841400146
81	2	1.8025128841400146
81	3	1.8025128841400146
81	4	1.8025128841400146
81	5	-3.7744648456573486
81	6	1.8025128841400146
81	7	1.8025128841400146
82	0	1.8025128841400146
82	1	1.8025128841400146
82	2	1.8025128841400146
82	3	1.8025128841400146
82	4	1.8025128841400146
82	5	1.8025128841400146
82	6	-3.7744648456573486
82	7	1.8025128841400146
83	0	1.8025128841400146
83	1	1.8025128841400146
83	2	1.8025128841400146
83	3	1.8025128841400146
83	4	1.8025128841400146
83	5	1.8025128841400146
83	6	1.8025128841400146
83	7	1.8025128841400146
83	8	-3.7744648456573486
83	9	1.8025128841400146
83	10	-3.7744648456573486
84	0	1.8025128841400146
84	1	1.8025128841400146
84	2	1.8025128841400146
84	3	1.8025128841400146
84	4	1.8025128841400146
84	5	1.8025128841400146
84	6	-3.7744648456573486
84	7	-3.7744648456573486
84	8	1.8025128841400146
84	9	1.8025128841400146
84	10	1.8025128841400146
85	0	2.2538387775421143
85	1	2.2533864974975586
85	2	2.2538387775421143
85	3	1.8025128841400146
85	4	2.2535593509674072
85	5	2.2538387775421143
85	6	-3.7744648456573486
85	7	-3.7744648456573486
85	8	2.2532379627227783
85	9	2.2538387775421143
85	10	2.2538387775421143
86	0	1.8025128841400146
86	1	1.8025128841400146
86	2	1.8025128841400146
86	3	1.8025128841400146
86	4	1.8025128841400146
86	5	1.8025128841400146
87	0	1.8025128841400146
87	1	1.8025128841400146
87	2	1.8025128841400146
87	3	1.8025128841400146
87	4	1.8025128841400146
87	5	1.8025128841400146
87	6	1.8025128841400146
87	7	-3.7744648456573486
87	8	-3.7744648456573486
87	9	1.8025128841400146
87	10	1.8025128841400146
88	0	1.8025128841400146
88	1	1.8025128841400146
88	2	1.8025128841400146
88	3	1.8025128841400146
88	4	1.8025128841400146
88	5	1.8025128841400146
88	6	-3.7744648456573486
88	7	1.8025128841400146
89	0	1.8025128841400146
89	1	1.8025128841400146
89	2	1.8025128841400146
89	3	1.8025128841400146
89	4	-3.7744648456573486
89	5	1.8025128841400146
89	6	1.8025128841400146
89	7	1.8025128841400146
90	0	2.2538387775421143
90	1	1.8025128841400146
90	2	1.8025128841400146
90	3	2.2535593509674072
90	4	1.8025128841400146
90	5	1.8025128841400146
90	6	-3.7744648456573486
90	7	1.8025128841400146
90	8	1.8025128841400146
90	9	-3.7744648456573486
90	10	1.8025128841400146
91	0	1.8025128841400146
91	1	1.8025128841400146
91	2	1.8025128841400146
91	3	1.8025128841400146
91	4	1.8025128841400146
91	5	1.8025128841400146
92	0	1.8025128841400146
92	1	1.8025128841400146
92	2	1.8025128841400146
92	3	1.8025128841400146
92	4	1.8025128841400146
92	5	1.8025128841400146
92	6	1.8025128841400146
92	7	-3.7744648456573486
92	8	1.8025128841400146
92	9	1.8025128841400146
92	10	1.8025128841400146
92	11	-3.7744648456573486
93	0	1.8025128841400146
93	1	1.8025128841400146
93	2	1.8025128841400146
93	3	1.8025128841400146
93	4	1.8025128841400146
93	5	1.8025128841400146
93	6	1.8025128841400146
93	7	-3.7744648456573486
93	8	1.8025128841400146
93	9	1.8025128841400146
93	10	-3.7744648456573486
93	11	1.8025128841400146
94	0	1.8025128841400146
94	1	1.8025128841400146
94	2	1.8025128841400146
94	3	1.8025128841400146
94	4	1.8025128841400146
94	5	1.8025128841400146
94	6	1.8025128841400146
94	7	1.8025128841400146
94	8	1.8025128841400146
94	9	-3.7744648456573486
94	10	-3.7744648456573486
94	11	1.8025128841400146
95	0	1.8025128841400146
95	1	1.8025128841400146
95	2	1.8025128841400146
95	3	1.8025128841400146
95	4	1.8025128841400146
95	5	1.8025128841400146
95	6	1.8025128841400146
95	7	-3.7744648456573486
96	0	0.8692710995674133
96	1	-2.098766565322876
96	2	-2.098766565322876
96	3	-2.098766565322876
96	4	1.8025128841400146
96	5	1.8025128841400146
96	6	1.8025128841400146
96	7	1.8025128841400146
96	8	1.8025128841400146
96	9	1.8025128841400146
96	10	-3.7744648456573486
96	11	1.8025128841400146
96	12	-2.098766565322876
96	13	0.8692710995674133
96	14	1.8025128841400146
96	15	0.8692710995674133
96	16	-2.5116937160491943
96	17	-2.098766565322876
96	18	-2.098766565322876
96	19	0.8692710995674133
96	20	0.8692710995674133
96	21	-2.098766565322876
96	22	0.8692710995674133
96	23	0.8692710995674133
96	24	1.8025128841400146
96	25	0.8692710995674133
96	26	-2.098766565322876
96	27	0.8692710995674133
96	28	0.8692710995674133
96	29	0.8692710995674133
96	30	0.8692710995674133
96	31	0.8692710995674133
96	32	0.8692710995674133
96	33	0.8692710995674133
96	34	0.8692710995674133
96	35	0.8692710995674133
96	36	1.8025128841400146
97	0	1.8025128841400146
97	1	1.8025128841400146
97	2	1.8025128841400146
97	3	1.8025128841400146
97	4	1.8025128841400146
97	5	1.8025128841400146
97	6	1.8025128841400146
98	0	1.8025128841400146
98	1	1.8025128841400146
98	2	1.8025128841400146
98	3	1.8025128841400146
98	4	1.8025128841400146
98	5	1.8025128841400146
98	6	1.8025128841400146
99	0	0.8692710995674133
99	1	0.30601826310157776
99	2	-3.7744648456573486
99	3	0.8692710995674133
99	4	1.8025128841400146
99	5	1.8025128841400146
99	6	0.8692710995674133
100	0	0.8692710995674133
100	1	3.381314992904663
100	2	0.8692710995674133
100	3	3.383046865463257
100	4	0.8692710995674133
100	5	0.8692710995674133
100	6	0.8692710995674133
100	7	0.8692710995674133
100	8	0.8692710995674133
100	9	3.5007402896881104
100	10	0.8692710995674133
100	11	0.8692710995674133
100	12	0.8692710995674133
100	13	0.8692710995674133
100	14	0.8692710995674133
100	15	0.8692710995674133
100	16	0.8692710995674133
100	17	-3.7744648456573486
100	18	0.8692710995674133
100	19	0.8692710995674133
100	20	0.8692710995674133
101	0	0.8692710995674133
101	1	-3.7744648456573486
101	2	1.8025128841400146
101	3	1.8025128841400146
101	4	0.8692710995674133
101	5	1.8025128841400146
101	6	0.8692710995674133
101	7	0.8692710995674133
101	8	0.8692710995674133
102	0	1.8025128841400146
102	1	1.8025128841400146
102	2	1.8025128841400146
102	3	-3.7744648456573486
102	4	1.8025128841400146
102	5	1.8025128841400146
102	6	1.8025128841400146
102	7	1.8025128841400146
102	8	1.8025128841400146
103	0	1.8025128841400146
103	1	1.8025128841400146
103	2	1.8025128841400146
103	3	-3.7744648456573486
103	4	1.8025128841400146
103	5	1.8025128841400146
103	6	2.2532379627227783
103	7	1.8025128841400146
103	8	1.8025128841400146
103	9	0.8692710995674133
103	10	1.8025128841400146
103	11	1.8025128841400146
104	0	1.8025128841400146
104	1	1.8025128841400146
104	2	1.8025128841400146
104	3	1.8025128841400146
104	4	-3.7744648456573486
104	5	1.8025128841400146
104	6	1.8025128841400146
105	0	1.8025128841400146
105	1	1.8025128841400146
105	2	1.8025128841400146
105	3	-3.7744648456573486
105	4	1.8025128841400146
105	5	1.8025128841400146
105	6	1.8025128841400146
105	7	1.8025128841400146
105	8	1.8025128841400146
106	0	1.8025128841400146
106	1	0.8692710995674133
106	2	0.8692710995674133
106	3	1.8025128841400146
106	4	1.8025128841400146
106	5	1.8025128841400146
106	6	-3.7744648456573486
106	7	1.8025128841400146
106	8	1.8025128841400146
106	9	1.8025128841400146
106	10	1.8025128841400146
106	11	1.8025128841400146
107	0	1.8025128841400146
107	1	0.8692710995674133
107	2	-3.7744648456573486
107	3	1.8025128841400146
107	4	1.8025128841400146
107	5	1.8025128841400146
107	6	1.8025128841400146
107	7	1.8025128841400146
107	8	1.8025128841400146
107	9	1.8025128841400146
107	10	1.8025128841400146
107	11	1.8025128841400146
108	0	1.8025128841400146
108	1	1.8025128841400146
108	2	1.8025128841400146
108	3	1.8025128841400146
108	4	0.8692710995674133
108	5	-3.7744648456573486
108	6	1.8025128841400146
108	7	1.8025128841400146
108	8	1.8025128841400146
108	9	1.8025128841400146
108	10	1.8025128841400146
108	11	1.8025128841400146
108	12	1.8025128841400146
109	0	1.8025128841400146
109	1	1.8025128841400146
109	2	0.8692710995674133
109	3	1.8025128841400146
109	4	1.8025128841400146
109	5	1.8025128841400146
109	6	0.8692710995674133
109	7	-3.7744648456573486
109	8	1.8025128841400146
109	9	1.8025128841400146
109	10	1.8025128841400146
109	11	1.8025128841400146
109	12	1.8025128841400146
109	13	1.8025128841400146
109	14	1.8025128841400146
110	0	1.8025128841400146
110	1	1.8025128841400146
110	2	1.8025128841400146
110	3	1.8025128841400146
110	4	1.8025128841400146
110	5	1.8025128841400146
110	6	1.8025128841400146
110	7	1.8025128841400146
110	8	1.8025128841400146
110	9	-3.7744648456573486
110	10	1.8025128841400146
110	11	1.8025128841400146
110	12	1.8025128841400146
110	13	1.8025128841400146
110	14	1.8025128841400146
111	0	0.8692710995674133
111	1	1.8025128841400146
111	2	1.8025128841400146
111	3	1.8025128841400146
111	4	1.8025128841400146
111	5	1.8025128841400146
111	6	1.8025128841400146
111	7	-3.7744648456573486
111	8	1.8025128841400146
111	9	1.8025128841400146
111	10	1.8025128841400146
111	11	1.8025128841400146
112	0	1.8025128841400146
112	1	1.8025128841400146
112	2	1.8025128841400146
112	3	1.8025128841400146
112	4	1.8025128841400146
112	5	1.8025128841400146
112	6	-3.7744648456573486
112	7	1.8025128841400146
112	8	1.8025128841400146
112	9	1.8025128841400146
112	10	1.8025128841400146
112	11	1.8025128841400146
113	0	3.381314992904663
113	1	0.8692710995674133
113	2	0.8692710995674133
113	3	0.8692710995674133
113	4	3.3830695152282715
113	5	0.8692710995674133
113	6	3.383046865463257
113	7	3.3830695152282715
113	8	3.3824517726898193
113	9	3.3830695152282715
113	10	1.8025128841400146
113	11	0.8692710995674133
113	12	3.383046865463257
113	13	0.8692710995674133
113	14	3.5007402896881104
113	15	0.8692710995674133
113	16	-3.7744648456573486
113	17	3.383046865463257
113	18	0.8692710995674133
113	19	0.8692710995674133
113	20	-3.7744648456573486
113	21	0.8692710995674133
113	22	0.8692710995674133
113	23	-3.7744648456573486
113	24	3.380892515182495
113	25	3.381314992904663
113	26	0.8692710995674133
113	27	0.8692710995674133
113	28	0.8692710995674133
114	0	1.8025128841400146
114	1	1.8025128841400146
114	2	1.8025128841400146
114	3	1.8025128841400146
114	4	1.8025128841400146
114	5	-3.7744648456573486
114	6	1.8025128841400146
114	7	1.8025128841400146
114	8	1.8025128841400146
114	9	1.8025128841400146
114	10	1.8025128841400146
114	11	1.8025128841400146
114	12	1.8025128841400146
115	0	1.8025128841400146
115	1	1.8025128841400146
115	2	-3.7744648456573486
115	3	1.8025128841400146
115	4	1.8025128841400146
115	5	1.8025128841400146
115	6	1.8025128841400146
115	7	1.8025128841400146
115	8	1.8025128841400146
115	9	1.8025128841400146
115	10	1.8025128841400146
115	11	1.8025128841400146
116	0	2.2532379627227783
116	1	1.8025128841400146
116	2	1.8025128841400146
116	3	1.8025128841400146
116	4	2.2537081241607666
116	5	1.8025128841400146
116	6	-3.7744648456573486
116	7	1.8025128841400146
116	8	1.8025128841400146
116	9	1.8025128841400146
116	10	1.8025128841400146
116	11	1.8025128841400146
116	12	1.8025128841400146
116	13	1.8025128841400146
116	14	2.2539875507354736
116	15	2.2533864974975586
117	0	1.8025128841400146
117	1	1.8025128841400146
117	2	-3.7744648456573486
117	3	1.8025128841400146
117	4	1.8025128841400146
117	5	1.8025128841400146
117	6	1.8025128841400146
117	7	1.8025128841400146
117	8	1.8025128841400146
117	9	1.8025128841400146
117	10	1.8025128841400146
117	11	1.8025128841400146
118	0	-3.7744648456573486
118	1	1.8025128841400146
118	2	1.8025128841400146
118	3	1.8025128841400146
118	4	1.8025128841400146
118	5	1.8025128841400146
118	6	1.8025128841400146
118	7	1.8025128841400146
118	8	1.8025128841400146
118	9	1.8025128841400146
118	10	1.8025128841400146
118	11	1.8025128841400146
118	12	1.8025128841400146
118	13	0.8692710995674133
118	14	1.8025128841400146
118	15	1.8025128841400146
118	16	0.8692710995674133
118	17	-2.5116937160491943
119	0	1.8025128841400146
119	1	1.8025128841400146
119	2	1.8025128841400146
119	3	1.8025128841400146
119	4	1.8025128841400146
119	5	1.8025128841400146
119	6	-3.7744648456573486
119	7	1.8025128841400146
119	8	1.8025128841400146
119	9	1.8025128841400146
119	10	1.8025128841400146
119	11	1.8025128841400146
120	0	-3.7744648456573486
120	1	1.8025128841400146
120	2	1.8025128841400146
120	3	1.8025128841400146
120	4	1.8025128841400146
120	5	1.8025128841400146
120	6	1.8025128841400146
120	7	1.8025128841400146
120	8	1.8025128841400146
120	9	1.8025128841400146
120	10	1.8025128841400146
120	11	1.8025128841400146
120	12	1.8025128841400146
120	13	-3.7744648456573486
120	14	0.8692710995674133
120	15	1.8025128841400146
120	16	0.8692710995674133
120	17	0.8692710995674133
120	18	0.8692710995674133
120	19	2.2532379627227783
121	0	1.8025128841400146
121	1	1.8025128841400146
121	2	1.8025128841400146
121	3	-3.7744648456573486
121	4	1.8025128841400146
121	5	1.8025128841400146
121	6	1.8025128841400146
121	7	1.8025128841400146
121	8	1.8025128841400146
121	9	1.8025128841400146
121	10	1.8025128841400146
121	11	1.8025128841400146
121	12	1.8025128841400146
121	13	1.8025128841400146
121	14	1.8025128841400146
121	15	1.8025128841400146
121	16	1.8025128841400146
121	17	1.8025128841400146
121	18	1.8025128841400146
121	19	1.8025128841400146
122	0	-3.7744648456573486
122	1	1.8025128841400146
122	2	1.8025128841400146
122	3	1.8025128841400146
122	4	1.8025128841400146
122	5	1.8025128841400146
122	6	1.8025128841400146
122	7	1.8025128841400146
122	8	1.8025128841400146
122	9	1.8025128841400146
122	10	1.8025128841400146
122	11	1.8025128841400146
122	12	1.8025128841400146
122	13	1.8025128841400146
122	14	1.8025128841400146
122	15	1.8025128841400146
122	16	1.8025128841400146
122	17	1.8025128841400146
122	18	1.8025128841400146
122	19	1.8025128841400146
123	0	1.8025128841400146
123	1	1.8025128841400146
123	2	1.8025128841400146
123	3	-3.7744648456573486
123	4	1.8025128841400146
123	5	1.8025128841400146
123	6	1.8025128841400146
123	7	1.8025128841400146
123	8	1.8025128841400146
123	9	1.8025128841400146
123	10	1.8025128841400146
123	11	1.8025128841400146
123	12	1.8025128841400146
123	13	1.8025128841400146
123	14	1.8025128841400146
123	15	1.8025128841400146
123	16	1.8025128841400146
123	17	1.8025128841400146
123	18	1.8025128841400146
123	19	1.8025128841400146
124	0	1.8025128841400146
124	1	1.8025128841400146
124	2	1.8025128841400146
124	3	-3.7744648456573486
124	4	1.8025128841400146
124	5	1.8025128841400146
124	6	1.8025128841400146
124	7	1.8025128841400146
124	8	1.8025128841400146
124	9	1.8025128841400146
124	10	1.8025128841400146
124	11	1.8025128841400146
124	12	1.8025128841400146
124	13	1.8025128841400146
124	14	1.8025128841400146
124	15	1.8025128841400146
124	16	1.8025128841400146
124	17	1.8025128841400146
124	18	1.8025128841400146
124	19	1.8025128841400146
125	0	1.8025128841400146
125	1	1.8025128841400146
125	2	1.8025128841400146
125	3	-3.7744648456573486
125	4	1.8025128841400146
125	5	1.8025128841400146
125	6	1.8025128841400146
125	7	1.8025128841400146
125	8	1.8025128841400146
125	9	1.8025128841400146
125	10	1.8025128841400146
125	11	1.8025128841400146
125	12	1.8025128841400146
125	13	1.8025128841400146
125	14	1.8025128841400146
125	15	1.8025128841400146
125	16	1.8025128841400146
125	17	1.8025128841400146
125	18	1.8025128841400146
125	19	1.8025128841400146
126	0	1.8025128841400146
126	1	1.8025128841400146
126	2	1.8025128841400146
126	3	-3.7744648456573486
126	4	1.8025128841400146
126	5	1.8025128841400146
126	6	1.8025128841400146
126	7	1.8025128841400146
126	8	1.8025128841400146
126	9	1.8025128841400146
126	10	1.8025128841400146
126	11	1.8025128841400146
126	12	1.8025128841400146
126	13	1.8025128841400146
126	14	1.8025128841400146
126	15	1.8025128841400146
126	16	1.8025128841400146
126	17	1.8025128841400146
126	18	1.8025128841400146
126	19	1.8025128841400146
126	20	-2.098766565322876
126	21	-2.098766565322876
126	22	-2.098766565322876
126	23	-2.098766565322876
127	0	1.8025128841400146
127	1	1.8025128841400146
127	2	1.8025128841400146
127	3	1.8025128841400146
127	4	1.8025128841400146
127	5	1.8025128841400146
127	6	1.8025128841400146
127	7	-3.7744648456573486
128	0	1.8025128841400146
128	1	1.8025128841400146
128	2	1.8025128841400146
128	3	1.8025128841400146
128	4	1.8025128841400146
128	5	-3.7744648456573486
128	6	1.8025128841400146
128	7	1.8025128841400146
129	0	1.8025128841400146
129	1	1.8025128841400146
129	2	1.8025128841400146
129	3	1.8025128841400146
129	4	1.8025128841400146
129	5	1.8025128841400146
129	6	1.8025128841400146
129	7	-3.7744648456573486
130	0	1.8025128841400146
130	1	1.8025128841400146
130	2	1.8025128841400146
130	3	1.8025128841400146
130	4	1.8025128841400146
130	5	-3.7744648456573486
130	6	1.8025128841400146
130	7	1.8025128841400146
131	0	1.8025128841400146
131	1	1.8025128841400146
131	2	1.8025128841400146
131	3	1.8025128841400146
131	4	1.8025128841400146
131	5	-3.7744648456573486
131	6	1.8025128841400146
131	7	1.8025128841400146
132	0	1.8025128841400146
132	1	1.8025128841400146
132	2	1.8025128841400146
132	3	1.8025128841400146
132	4	-3.7744648456573486
132	5	1.8025128841400146
132	6	1.8025128841400146
132	7	1.8025128841400146
133	0	-2.098766565322876
133	1	1.8025128841400146
133	2	1.8025128841400146
133	3	1.8025128841400146
133	4	1.8025128841400146
133	5	-2.098766565322876
133	6	0.8692710995674133
133	7	-2.098766565322876
134	0	1.8025128841400146
134	1	1.8025128841400146
134	2	1.8025128841400146
134	3	1.8025128841400146
134	4	-3.7744648456573486
134	5	1.8025128841400146
134	6	1.8025128841400146
134	7	1.8025128841400146
135	0	1.8025128841400146
135	1	1.8025128841400146
135	2	1.8025128841400146
135	3	1.8025128841400146
135	4	1.8025128841400146
135	5	1.8025128841400146
135	6	1.8025128841400146
135	7	-3.7744648456573486
136	0	1.8025128841400146
136	1	1.8025128841400146
136	2	1.8025128841400146
136	3	1.8025128841400146
136	4	-3.7744648456573486
136	5	1.8025128841400146
136	6	1.8025128841400146
136	7	1.8025128841400146
137	0	1.8025128841400146
137	1	1.8025128841400146
137	2	1.8025128841400146
137	3	1.8025128841400146
137	4	-3.7744648456573486
137	5	1.8025128841400146
137	6	1.8025128841400146
137	7	1.8025128841400146
138	0	1.8025128841400146
138	1	-2.098766565322876
138	2	-2.098766565322876
138	3	1.8025128841400146
138	4	1.8025128841400146
138	5	1.8025128841400146
138	6	0.8692710995674133
139	0	1.8025128841400146
139	1	1.8025128841400146
139	2	1.8025128841400146
139	3	1.8025128841400146
139	4	1.8025128841400146
139	5	-3.7744648456573486
139	6	1.8025128841400146
139	7	1.8025128841400146
140	0	1.8025128841400146
140	1	1.8025128841400146
140	2	1.8025128841400146
140	3	1.8025128841400146
140	4	-3.7744648456573486
140	5	1.8025128841400146
140	6	1.8025128841400146
140	7	1.8025128841400146
141	0	1.8025128841400146
141	1	1.8025128841400146
141	2	1.8025128841400146
141	3	1.8025128841400146
141	4	1.8025128841400146
141	5	1.8025128841400146
141	6	-3.7744648456573486
141	7	1.8025128841400146
142	0	0.8692710995674133
142	1	1.8025128841400146
142	2	0.8692710995674133
142	3	0.8692710995674133
142	4	0.8692710995674133
142	5	-3.7744648456573486
142	6	0.8692710995674133
142	7	0.8692710995674133
142	8	0.8692710995674133
142	9	0.8692710995674133
142	10	0.30601826310157776
142	11	1.8025128841400146
142	12	1.8025128841400146
142	13	0.8692710995674133
142	14	0.8692710995674133
142	15	0.8692710995674133
143	0	1.8025128841400146
143	1	1.8025128841400146
143	2	1.8025128841400146
143	3	0.8692710995674133
143	4	1.8025128841400146
143	5	1.8025128841400146
143	6	1.8025128841400146
143	7	1.8025128841400146
143	8	1.8025128841400146
143	9	1.8025128841400146
143	10	-3.7744648456573486
143	11	1.8025128841400146
143	12	1.8025128841400146
143	13	1.8025128841400146
144	0	1.8025128841400146
144	1	2.2538387775421143
144	2	1.8025128841400146
144	3	2.2538387775421143
144	4	2.2538387775421143
144	5	1.8025128841400146
144	6	-3.7744648456573486
144	7	1.8025128841400146
145	0	-3.7744648456573486
145	1	1.8025128841400146
145	2	1.8025128841400146
145	3	1.8025128841400146
145	4	1.8025128841400146
145	5	1.8025128841400146
145	6	1.8025128841400146
145	7	1.8025128841400146
145	8	1.8025128841400146
145	9	1.8025128841400146
145	10	1.8025128841400146
145	11	1.8025128841400146
145	12	1.8025128841400146
145	13	1.8025128841400146
145	14	1.8025128841400146
145	15	1.8025128841400146
146	0	1.8025128841400146
146	1	1.8025128841400146
146	2	1.8025128841400146
146	3	1.8025128841400146
146	4	-3.7744648456573486
146	5	1.8025128841400146
146	6	1.8025128841400146
146	7	1.8025128841400146
147	0	1.8025128841400146
147	1	1.8025128841400146
147	2	1.8025128841400146
147	3	1.8025128841400146
147	4	1.8025128841400146
147	5	1.8025128841400146
147	6	1.8025128841400146
147	7	-3.7744648456573486
148	0	1.8025128841400146
148	1	1.8025128841400146
148	2	1.8025128841400146
148	3	1.8025128841400146
148	4	1.8025128841400146
148	5	-3.7744648456573486
148	6	1.8025128841400146
148	7	1.8025128841400146
149	0	1.8025128841400146
149	1	1.8025128841400146
149	2	1.8025128841400146
149	3	1.8025128841400146
149	4	-3.7744648456573486
149	5	1.8025128841400146
149	6	1.8025128841400146
149	7	1.8025128841400146
150	0	-2.098766565322876
150	1	1.8025128841400146
150	2	-2.098766565322876
150	3	1.8025128841400146
150	4	-3.7744648456573486
150	5	0.8692710995674133
150	6	0.8692710995674133
150	7	-2.098766565322876
151	0	1.8025128841400146
151	1	1.8025128841400146
151	2	1.8025128841400146
151	3	1.8025128841400146
151	4	1.8025128841400146
151	5	-3.7744648456573486
151	6	1.8025128841400146
151	7	1.8025128841400146
152	0	1.8025128841400146
152	1	1.8025128841400146
152	2	1.8025128841400146
152	3	1.8025128841400146
152	4	1.8025128841400146
152	5	1.8025128841400146
152	6	1.8025128841400146
152	7	-3.7744648456573486
153	0	-2.098766565322876
153	1	-2.098766565322876
153	2	1.8025128841400146
153	3	1.8025128841400146
153	4	1.8025128841400146
153	5	1.8025128841400146
153	6	0.8692710995674133
153	7	1.8025128841400146
153	8	-3.7744648456573486
153	9	-3.7744648456573486
153	10	0.45634379982948303
153	11	0.30601826310157776
153	12	-2.098766565322876
153	13	-2.098766565322876
154	0	-2.098766565322876
154	1	0.8692710995674133
154	2	-2.098766565322876
154	3	1.8025128841400146
154	4	1.8025128841400146
154	5	1.8025128841400146
154	6	1.8025128841400146
154	7	-2.098766565322876
154	8	1.8025128841400146
154	9	1.8025128841400146
154	10	1.8025128841400146
154	11	1.8025128841400146
154	12	1.8025128841400146
154	13	1.8025128841400146
154	14	1.8025128841400146
154	15	1.8025128841400146
154	16	-3.7744648456573486
154	17	-3.7744648456573486
155	0	1.8025128841400146
155	1	1.8025128841400146
155	2	2.7287349700927734
155	3	2.849052667617798
155	4	1.8025128841400146
155	5	1.8025128841400146
155	6	-3.7744648456573486
155	7	1.8025128841400146
156	0	2.2535593509674072
156	1	2.2535173892974854
156	2	-2.098766565322876
156	3	2.2535593509674072
156	4	-2.5116937160491943
156	5	-2.098766565322876
157	0	1.8025128841400146
157	1	2.2539875507354736
157	2	2.849201202392578
157	3	1.8025128841400146
157	4	1.8025128841400146
157	5	1.8025128841400146
157	6	3.503073215484619
157	7	1.8025128841400146
157	8	-3.7744648456573486
157	9	1.8025128841400146
157	10	1.8025128841400146
157	11	-3.7744648456573486
157	12	0.8692710995674133
158	0	2.2535593509674072
158	1	0.8692710995674133
158	2	-3.7744648456573486
158	3	2.2535593509674072
158	4	2.2535593509674072
158	5	-2.098766565322876
158	6	-2.098766565322876
158	7	0.8692710995674133
158	8	0.30601826310157776
158	9	0.8692710995674133
158	10	-2.098766565322876
158	11	2.2539875507354736
158	12	-3.7744648456573486
158	13	1.8025128841400146
158	14	1.8025128841400146
158	15	2.2539875507354736
159	0	2.2533864974975586
159	1	2.2539875507354736
159	2	1.8025128841400146
159	3	2.2535593509674072
159	4	1.8025128841400146
159	5	1.8025128841400146
159	6	2.2538387775421143
160	0	0.8692710995674133
160	1	-3.7744648456573486
160	2	0.8692710995674133
160	3	0.8692710995674133
160	4	0.8692710995674133
160	5	0.8692710995674133
160	6	0.8692710995674133
160	7	0.8692710995674133
160	8	0.8692710995674133
160	9	0.30601826310157776
160	10	0.8692710995674133
160	11	0.8692710995674133
160	12	0.8692710995674133
160	13	0.8692710995674133
160	14	0.8692710995674133
160	15	0.8692710995674133
160	16	0.8692710995674133
160	17	0.8692710995674133
160	18	0.8692710995674133
160	19	0.8692710995674133
160	20	0.8692710995674133
160	21	0.8692710995674133
160	22	0.8692710995674133
161	0	3.3824384212493896
161	1	3.3830695152282715
161	2	3.3830695152282715
161	3	3.3807244300842285
161	4	3.5027518272399902
161	5	3.3830695152282715
161	6	3.383046865463257
161	7	3.5010197162628174
161	8	3.383046865463257
161	9	3.383046865463257
161	10	3.3830695152282715
161	11	-3.7744648456573486
161	12	3.5008888244628906
161	13	3.5027518272399902
161	14	-3.7744648456573486
161	15	3.5027518272399902
161	16	3.3826425075531006
161	17	3.5027518272399902
161	18	3.5007402896881104
161	19	3.5027518272399902
161	20	3.5027518272399902
161	21	3.5029003620147705
161	22	3.5012102127075195
162	0	-2.098766565322876
162	1	-2.098766565322876
162	2	-2.098766565322876
162	3	0.8692710995674133
162	4	-2.098766565322876
162	5	0.8692710995674133
162	6	-3.7744648456573486
162	7	1.8025128841400146
163	0	1.8025128841400146
163	1	1.8025128841400146
163	2	1.8025128841400146
163	3	1.8025128841400146
163	4	1.8025128841400146
163	5	-3.7744648456573486
163	6	1.8025128841400146
163	7	1.8025128841400146
164	0	1.8025128841400146
164	1	-3.7744648456573486
164	2	1.8025128841400146
164	3	1.8025128841400146
164	4	1.8025128841400146
164	5	-3.7744648456573486
164	6	1.8025128841400146
164	7	1.8025128841400146
164	8	1.8025128841400146
164	9	1.8025128841400146
164	10	0.8692710995674133
164	11	1.8025128841400146
164	12	1.8025128841400146
164	13	1.8025128841400146
164	14	1.8025128841400146
164	15	1.8025128841400146
164	16	1.8025128841400146
164	17	1.8025128841400146
164	18	1.8025128841400146
164	19	1.8025128841400146
165	0	1.8025128841400146
165	1	1.8025128841400146
165	2	1.8025128841400146
165	3	-3.7744648456573486
165	4	1.8025128841400146
165	5	1.8025128841400146
165	6	1.8025128841400146
165	7	1.8025128841400146
165	8	1.8025128841400146
165	9	1.8025128841400146
165	10	1.8025128841400146
165	11	1.8025128841400146
165	12	1.8025128841400146
165	13	1.8025128841400146
165	14	1.8025128841400146
165	15	1.8025128841400146
165	16	1.8025128841400146
165	17	1.8025128841400146
165	18	1.8025128841400146
165	19	1.8025128841400146
166	0	-3.7744648456573486
166	1	1.8025128841400146
166	2	1.8025128841400146
166	3	1.8025128841400146
166	4	1.8025128841400146
166	5	1.8025128841400146
166	6	1.8025128841400146
166	7	1.8025128841400146
166	8	1.8025128841400146
166	9	1.8025128841400146
166	10	1.8025128841400146
166	11	1.8025128841400146
166	12	1.8025128841400146
166	13	1.8025128841400146
166	14	1.8025128841400146
166	15	1.8025128841400146
166	16	1.8025128841400146
166	17	1.8025128841400146
166	18	1.8025128841400146
166	19	1.8025128841400146
166	20	-2.098766565322876
166	21	-2.098766565322876
166	22	0.8692710995674133
166	23	1.8025128841400146
166	24	1.8025128841400146
167	0	2.2538387775421143
167	1	1.8025128841400146
167	2	1.8025128841400146
167	3	2.2538387775421143
167	4	1.8025128841400146
167	5	-3.7744648456573486
167	6	1.8025128841400146
167	7	1.8025128841400146
168	0	1.8025128841400146
168	1	1.8025128841400146
168	2	1.8025128841400146
168	3	1.8025128841400146
168	4	1.8025128841400146
168	5	-3.7744648456573486
168	6	1.8025128841400146
168	7	1.8025128841400146
169	0	1.8025128841400146
169	1	1.8025128841400146
169	2	1.8025128841400146
169	3	1.8025128841400146
169	4	1.8025128841400146
169	5	-3.7744648456573486
169	6	1.8025128841400146
169	7	1.8025128841400146
170	0	1.8025128841400146
170	1	-2.098766565322876
170	2	-2.098766565322876
170	3	1.8025128841400146
170	4	1.8025128841400146
170	5	1.8025128841400146
170	6	0.8692710995674133
171	0	1.8025128841400146
171	1	1.8025128841400146
171	2	1.8025128841400146
171	3	1.8025128841400146
171	4	1.8025128841400146
171	5	-3.7744648456573486
171	6	1.8025128841400146
171	7	1.8025128841400146
172	0	-3.7744648456573486
172	1	1.8025128841400146
172	2	1.8025128841400146
172	3	1.8025128841400146
172	4	1.8025128841400146
172	5	-3.7744648456573486
172	6	1.8025128841400146
172	7	1.8025128841400146
173	0	1.8025128841400146
173	1	1.8025128841400146
173	2	1.8025128841400146
173	3	-3.7744648456573486
173	4	-3.7744648456573486
173	5	1.8025128841400146
173	6	1.8025128841400146
173	7	1.8025128841400146
174	0	1.8025128841400146
174	1	1.8025128841400146
174	2	1.8025128841400146
174	3	-3.7744648456573486
174	4	1.8025128841400146
174	5	-3.7744648456573486
174	6	1.8025128841400146
174	7	1.8025128841400146
175	0	-2.098766565322876
175	1	1.8025128841400146
175	2	0.8692710995674133
175	3	1.8025128841400146
175	4	1.8025128841400146
175	5	-2.098766565322876
175	6	1.8025128841400146
175	7	1.8025128841400146
175	8	-3.7744648456573486
175	9	-3.7744648456573486
175	10	2.2538387775421143
175	11	0.30601826310157776
175	12	0.8692710995674133
175	13	-2.098766565322876
176	0	1.8025128841400146
176	1	1.8025128841400146
176	2	-3.7744648456573486
176	3	1.8025128841400146
176	4	1.8025128841400146
176	5	-3.7744648456573486
176	6	1.8025128841400146
176	7	1.8025128841400146
177	0	0.8692710995674133
177	1	1.8025128841400146
177	2	0.8692710995674133
177	3	-3.7744648456573486
177	4	0.8692710995674133
177	5	0.8692710995674133
177	6	0.8692710995674133
177	7	0.8692710995674133
177	8	0.8692710995674133
177	9	0.8692710995674133
177	10	0.8692710995674133
177	11	0.8692710995674133
177	12	0.8692710995674133
177	13	2.2532379627227783
177	14	0.8692710995674133
177	15	0.8692710995674133
177	16	0.8692710995674133
177	17	0.8692710995674133
177	18	0.8692710995674133
177	19	0.8692710995674133
178	0	1.8025128841400146
178	1	1.8025128841400146
178	2	-3.7744648456573486
178	3	1.8025128841400146
178	4	1.8025128841400146
178	5	1.8025128841400146
178	6	1.8025128841400146
178	7	1.8025128841400146
178	8	1.8025128841400146
178	9	1.8025128841400146
178	10	1.8025128841400146
178	11	1.8025128841400146
178	12	1.8025128841400146
178	13	1.8025128841400146
178	14	1.8025128841400146
178	15	1.8025128841400146
178	16	1.8025128841400146
178	17	1.8025128841400146
178	18	1.8025128841400146
178	19	1.8025128841400146
179	0	0.8692710995674133
179	1	-2.098766565322876
179	2	-2.098766565322876
179	3	1.8025128841400146
179	4	-2.5116937160491943
179	5	-2.098766565322876
179	6	0.8692710995674133
179	7	-3.7744648456573486
179	8	-3.7744648456573486
179	9	0.8692710995674133
179	10	-2.098766565322876
179	11	-3.7744648456573486
179	12	-2.098766565322876
179	13	0.8692710995674133
179	14	0.30601826310157776
179	15	-2.098766565322876
180	0	1.8025128841400146
180	1	1.8025128841400146
180	2	1.8025128841400146
180	3	1.8025128841400146
180	4	1.8025128841400146
180	5	1.8025128841400146
180	6	1.8025128841400146
180	7	-3.7744648456573486
180	8	1.8025128841400146
180	9	-3.7744648456573486
180	10	-3.7744648456573486
180	11	1.8025128841400146
180	12	1.8025128841400146
180	13	1.8025128841400146
180	14	1.8025128841400146
180	15	1.8025128841400146
181	0	1.8025128841400146
181	1	1.8025128841400146
181	2	1.8025128841400146
181	3	-3.7744648456573486
181	4	1.8025128841400146
181	5	1.8025128841400146
181	6	-3.7744648456573486
181	7	1.8025128841400146
182	0	-3.7744648456573486
182	1	1.8025128841400146
182	2	1.8025128841400146
182	3	1.8025128841400146
182	4	-3.7744648456573486
182	5	1.8025128841400146
182	6	1.8025128841400146
182	7	1.8025128841400146
183	0	1.8025128841400146
183	1	1.8025128841400146
183	2	1.8025128841400146
183	3	-3.7744648456573486
183	4	1.8025128841400146
183	5	-3.7744648456573486
183	6	1.8025128841400146
183	7	1.8025128841400146
184	0	2.2539875507354736
184	1	2.2539875507354736
184	2	1.8025128841400146
184	3	1.8025128841400146
184	4	1.8025128841400146
184	5	1.8025128841400146
184	6	2.2535593509674072
184	7	-3.7744648456573486
184	8	2.2539875507354736
184	9	2.2535593509674072
184	10	2.2538387775421143
184	11	2.2538387775421143
184	12	1.8025128841400146
184	13	-3.7744648456573486
185	0	1.8025128841400146
185	1	1.8025128841400146
185	2	1.8025128841400146
185	3	1.8025128841400146
185	4	1.8025128841400146
185	5	1.8025128841400146
185	6	1.8025128841400146
185	7	-3.7744648456573486
185	8	1.8025128841400146
185	9	-3.7744648456573486
185	10	1.8025128841400146
185	11	1.8025128841400146
185	12	1.8025128841400146
185	13	1.8025128841400146
186	0	-3.7744648456573486
186	1	1.8025128841400146
186	2	1.8025128841400146
186	3	1.8025128841400146
186	4	0.8692710995674133
186	5	0.8692710995674133
186	6	0.8692710995674133
186	7	0.8692710995674133
186	8	0.8692710995674133
186	9	0.8692710995674133
186	10	0.8692710995674133
186	11	0.8692710995674133
186	12	0.8692710995674133
186	13	0.8692710995674133
186	14	0.8692710995674133
186	15	0.8692710995674133
186	16	0.8692710995674133
186	17	0.8692710995674133
186	18	0.8692710995674133
186	19	0.8692710995674133
187	0	3.503073215484619
187	1	3.381314992904663
187	2	-3.7744648456573486
187	3	0.8692710995674133
187	4	0.8692710995674133
187	5	3.5027518272399902
187	6	0.8692710995674133
187	7	3.383046865463257
187	8	3.3826425075531006
187	9	3.383046865463257
187	10	3.5012102127075195
187	11	3.383195400238037
187	12	0.8692710995674133
187	13	3.5008888244628906
187	14	3.3830695152282715
187	15	3.3807244300842285
187	16	3.3830695152282715
187	17	3.383046865463257
187	18	0.8692710995674133
187	19	3.3830695152282715
187	20	3.3824384212493896
187	21	0.8692710995674133
187	22	3.381035566329956
187	23	3.381314992904663
187	24	3.380892515182495
187	25	-3.7744648456573486
187	26	-2.098766565322876
187	27	-2.098766565322876
187	28	3.3811841011047363
187	29	-2.098766565322876
187	30	-2.098766565322876
187	31	0.8692710995674133
187	32	-2.098766565322876
187	33	-3.7744648456573486
187	34	-3.7744648456573486
188	0	1.8025128841400146
188	1	1.8025128841400146
188	2	1.8025128841400146
188	3	1.8025128841400146
188	4	1.8025128841400146
188	5	1.8025128841400146
188	6	1.8025128841400146
189	0	1.8025128841400146
189	1	0.8692710995674133
189	2	0.8692710995674133
189	3	0.8692710995674133
189	4	0.8692710995674133
189	5	0.8692710995674133
189	6	0.8692710995674133
189	7	0.8692710995674133
189	8	0.8692710995674133
189	9	0.8692710995674133
189	10	0.8692710995674133
189	11	0.8692710995674133
189	12	0.8692710995674133
189	13	0.8692710995674133
189	14	0.8692710995674133
189	15	0.8692710995674133
189	16	0.8692710995674133
189	17	-3.7744648456573486
189	18	0.8692710995674133
189	19	0.30601826310157776
189	20	0.8692710995674133
189	21	0.8692710995674133
189	22	0.8692710995674133
189	23	0.8692710995674133
189	24	0.8692710995674133
189	25	0.8692710995674133
189	26	-3.7744648456573486
189	27	-2.098766565322876
189	28	-2.098766565322876
189	29	0.8692710995674133
189	30	-2.098766565322876
189	31	-2.5116937160491943
189	32	-2.098766565322876
190	0	1.8025128841400146
190	1	1.8025128841400146
190	2	1.8025128841400146
190	3	1.8025128841400146
190	4	1.8025128841400146
190	5	1.8025128841400146
190	6	1.8025128841400146
190	7	-3.7744648456573486
190	8	1.8025128841400146
190	9	1.8025128841400146
190	10	1.8025128841400146
190	11	1.8025128841400146
190	12	1.8025128841400146
190	13	1.8025128841400146
190	14	1.8025128841400146
190	15	1.8025128841400146
190	16	1.8025128841400146
190	17	1.8025128841400146
190	18	1.8025128841400146
191	0	1.8025128841400146
191	1	1.8025128841400146
191	2	1.8025128841400146
191	3	1.8025128841400146
191	4	1.8025128841400146
191	5	1.8025128841400146
191	6	1.8025128841400146
191	7	1.8025128841400146
191	8	1.8025128841400146
191	9	1.8025128841400146
191	10	1.8025128841400146
191	11	1.8025128841400146
191	12	-3.7744648456573486
192	0	0.8692710995674133
192	1	0.8692710995674133
192	2	0.8692710995674133
192	3	0.8692710995674133
192	4	0.8692710995674133
192	5	-3.7744648456573486
192	6	0.8692710995674133
192	7	0.30601826310157776
192	8	0.8692710995674133
192	9	0.8692710995674133
192	10	0.8692710995674133
192	11	0.8692710995674133
192	12	0.8692710995674133
192	13	0.8692710995674133
192	14	0.8692710995674133
192	15	0.8692710995674133
192	16	0.8692710995674133
192	17	0.8692710995674133
192	18	0.8692710995674133
192	19	0.8692710995674133
192	20	0.8692710995674133
192	21	0.8692710995674133
192	22	0.8692710995674133
192	23	0.8692710995674133
192	24	0.8692710995674133
192	25	0.8692710995674133
192	26	-3.7744648456573486
193	0	1.8025128841400146
193	1	1.8025128841400146
193	2	1.8025128841400146
193	3	1.8025128841400146
193	4	1.8025128841400146
193	5	1.8025128841400146
193	6	1.8025128841400146
193	7	1.8025128841400146
193	8	-3.7744648456573486
193	9	1.8025128841400146
193	10	1.8025128841400146
193	11	1.8025128841400146
193	12	1.8025128841400146
193	13	1.8025128841400146
194	0	-2.098766565322876
194	1	-3.7744648456573486
194	2	1.8025128841400146
194	3	0.8692710995674133
194	4	-2.098766565322876
194	5	-3.7744648456573486
194	6	-3.7744648456573486
194	7	0.8692710995674133
194	8	0.8692710995674133
195	0	-3.7744648456573486
195	1	1.8025128841400146
195	2	1.8025128841400146
195	3	1.8025128841400146
195	4	-3.7744648456573486
195	5	-3.7744648456573486
195	6	1.8025128841400146
195	7	1.8025128841400146
195	8	1.8025128841400146
196	0	-3.7744648456573486
196	1	1.8025128841400146
196	2	1.8025128841400146
196	3	1.8025128841400146
196	4	-3.7744648456573486
196	5	0.8692710995674133
196	6	0.8692710995674133
196	7	0.8692710995674133
196	8	0.8692710995674133
196	9	0.8692710995674133
196	10	0.8692710995674133
196	11	0.8692710995674133
196	12	0.8692710995674133
196	13	0.8692710995674133
196	14	0.8692710995674133
196	15	0.8692710995674133
196	16	0.8692710995674133
196	17	0.8692710995674133
196	18	0.30601826310157776
196	19	0.8692710995674133
196	20	0.8692710995674133
197	0	1.8025128841400146
197	1	1.8025128841400146
197	2	-3.7744648456573486
197	3	2.2538387775421143
197	4	1.8025128841400146
197	5	-3.7744648456573486
197	6	1.8025128841400146
197	7	-3.7744648456573486
197	8	2.2538387775421143
197	9	1.8025128841400146
197	10	1.8025128841400146
197	11	0.8692710995674133
197	12	-2.098766565322876
197	13	-2.098766565322876
197	14	-2.098766565322876
197	15	-2.5116937160491943
198	0	1.8025128841400146
198	1	1.8025128841400146
198	2	1.8025128841400146
198	3	1.8025128841400146
198	4	1.8025128841400146
198	5	1.8025128841400146
198	6	1.8025128841400146
198	7	-3.7744648456573486
198	8	1.8025128841400146
198	9	1.8025128841400146
198	10	1.8025128841400146
198	11	1.8025128841400146
198	12	1.8025128841400146
198	13	1.8025128841400146
199	0	0.8692710995674133
199	1	-3.7744648456573486
199	2	0.8692710995674133
199	3	-3.7744648456573486
199	4	-3.7744648456573486
199	5	0.8692710995674133
199	6	0.8692710995674133
199	7	0.8692710995674133
199	8	0.8692710995674133
199	9	0.8692710995674133
199	10	0.8692710995674133
199	11	0.8692710995674133
199	12	0.8692710995674133
199	13	0.8692710995674133
199	14	0.8692710995674133
199	15	0.8692710995674133
199	16	0.30601826310157776
199	17	0.8692710995674133
199	18	0.8692710995674133
199	19	0.8692710995674133
199	20	0.8692710995674133
199	21	0.8692710995674133
199	22	0.8692710995674133
199	23	0.8692710995674133
199	24	-3.7744648456573486
199	25	0.8692710995674133
199	26	0.8692710995674133
199	27	-3.7744648456573486
199	28	-3.7744648456573486
199	29	0.8692710995674133
199	30	-2.098766565322876
199	31	-2.098766565322876
199	32	0.8692710995674133
199	33	0.8692710995674133
199	34	0.8692710995674133
200	0	1.8025128841400146
200	1	1.8025128841400146
200	2	-3.7744648456573486
200	3	-3.7744648456573486
200	4	1.8025128841400146
200	5	1.8025128841400146
200	6	1.8025128841400146
200	7	1.8025128841400146
200	8	1.8025128841400146
200	9	1.8025128841400146
200	10	1.8025128841400146
200	11	1.8025128841400146
200	12	1.8025128841400146
200	13	1.8025128841400146
200	14	1.8025128841400146
200	15	1.8025128841400146
200	16	1.8025128841400146
200	17	1.8025128841400146
200	18	1.8025128841400146
200	19	1.8025128841400146
200	20	1.8025128841400146
200	21	-2.098766565322876
200	22	1.8025128841400146
200	23	-3.7744648456573486
200	24	-2.098766565322876
201	0	-3.7744648456573486
201	1	1.8025128841400146
201	2	1.8025128841400146
201	3	1.8025128841400146
201	4	-3.7744648456573486
201	5	1.8025128841400146
201	6	1.8025128841400146
201	7	-3.7744648456573486
201	8	1.8025128841400146
202	0	-3.7744648456573486
202	1	1.8025128841400146
202	2	1.8025128841400146
202	3	1.8025128841400146
202	4	1.8025128841400146
202	5	-3.7744648456573486
202	6	1.8025128841400146
202	7	-3.7744648456573486
202	8	1.8025128841400146
203	0	-2.098766565322876
203	1	-3.7744648456573486
203	2	-2.098766565322876
203	3	-2.098766565322876
203	4	0.8692710995674133
203	5	-2.098766565322876
203	6	-2.5116937160491943
203	7	-2.098766565322876
203	8	-2.5116937160491943
203	9	1.8025128841400146
203	10	1.8025128841400146
203	11	1.8025128841400146
203	12	-3.7744648456573486
203	13	1.8025128841400146
203	14	-3.7744648456573486
203	15	-3.7744648456573486
203	16	1.8025128841400146
203	17	1.8025128841400146
203	18	-2.098766565322876
204	0	1.8025128841400146
204	1	-3.7744648456573486
204	2	1.8025128841400146
204	3	1.8025128841400146
204	4	1.8025128841400146
204	5	-3.7744648456573486
204	6	-3.7744648456573486
204	7	1.8025128841400146
204	8	1.8025128841400146
205	0	-3.7744648456573486
205	1	1.8025128841400146
205	2	1.8025128841400146
205	3	1.8025128841400146
205	4	1.8025128841400146
205	5	-3.7744648456573486
205	6	-3.7744648456573486
205	7	1.8025128841400146
205	8	1.8025128841400146
206	0	1.8025128841400146
206	1	-3.7744648456573486
206	2	1.8025128841400146
206	3	1.8025128841400146
206	4	-3.7744648456573486
206	5	1.8025128841400146
206	6	-3.7744648456573486
206	7	1.8025128841400146
206	8	1.8025128841400146
207	0	0.8692710995674133
207	1	0.8692710995674133
207	2	0.8692710995674133
207	3	0.8692710995674133
207	4	0.8692710995674133
207	5	0.8692710995674133
207	6	0.8692710995674133
207	7	0.8692710995674133
207	8	0.8692710995674133
207	9	-3.7744648456573486
207	10	0.8692710995674133
207	11	0.8692710995674133
207	12	1.8025128841400146
207	13	0.30601826310157776
208	0	2.2535173892974854
208	1	-2.098766565322876
208	2	0.8692710995674133
208	3	-2.098766565322876
208	4	-2.5116937160491943
208	5	-2.098766565322876
208	6	0.8692710995674133
208	7	0.30601826310157776
208	8	2.7288835048675537
208	9	-3.7744648456573486
208	10	0.8692710995674133
208	11	0.8692710995674133
208	12	-3.7744648456573486
208	13	0.8692710995674133
208	14	0.8692710995674133
208	15	0.30601826310157776
208	16	0.8692710995674133
208	17	0.8692710995674133
208	18	0.8692710995674133
208	19	0.8692710995674133
208	20	0.8692710995674133
208	21	0.8692710995674133
208	22	0.8692710995674133
208	23	0.8692710995674133
208	24	0.8692710995674133
208	25	0.8692710995674133
208	26	0.8692710995674133
208	27	0.8692710995674133
208	28	0.8692710995674133
208	29	0.8692710995674133
208	30	-2.098766565322876
208	31	-2.5116937160491943
208	32	-3.7744648456573486
208	33	-2.098766565322876
208	34	1.8025128841400146
208	35	-2.098766565322876
208	36	-2.098766565322876
208	37	-2.098766565322876
208	38	0.8692710995674133
209	0	1.8025128841400146
209	1	0.8692710995674133
209	2	1.8025128841400146
209	3	1.8025128841400146
209	4	1.8025128841400146
209	5	1.8025128841400146
209	6	-3.7744648456573486
209	7	1.8025128841400146
209	8	1.8025128841400146
209	9	1.8025128841400146
209	10	1.8025128841400146
209	11	1.8025128841400146
209	12	1.8025128841400146
209	13	1.8025128841400146
210	0	-2.098766565322876
210	1	-2.098766565322876
210	2	0.8692710995674133
210	3	2.2533864974975586
210	4	0.8692710995674133
210	5	0.8692710995674133
210	6	0.8692710995674133
210	7	0.8692710995674133
210	8	2.2539875507354736
211	0	1.8025128841400146
211	1	0.8692710995674133
211	2	1.8025128841400146
211	3	0.8692710995674133
211	4	0.8692710995674133
211	5	0.8692710995674133
211	6	0.8692710995674133
211	7	0.8692710995674133
211	8	0.8692710995674133
211	9	0.8692710995674133
211	10	0.8692710995674133
212	0	1.8025128841400146
212	1	1.8025128841400146
212	2	1.8025128841400146
212	3	1.8025128841400146
212	4	1.8025128841400146
212	5	1.8025128841400146
212	6	1.8025128841400146
212	7	1.8025128841400146
212	8	1.8025128841400146
212	9	0.8692710995674133
212	10	-2.098766565322876
212	11	1.8025128841400146
212	12	1.8025128841400146
213	0	2.2533864974975586
213	1	1.8025128841400146
213	2	-2.098766565322876
213	3	-3.7744648456573486
213	4	-2.098766565322876
213	5	0.8692710995674133
214	0	1.8025128841400146
214	1	1.8025128841400146
214	2	1.8025128841400146
214	3	1.8025128841400146
214	4	-2.098766565322876
214	5	1.8025128841400146
214	6	-2.098766565322876
214	7	0.8692710995674133
214	8	-3.7744648456573486
214	9	1.8025128841400146
215	0	0.30601826310157776
215	1	1.8025128841400146
215	2	1.8025128841400146
215	3	1.8025128841400146
215	4	1.8025128841400146
215	5	-3.7744648456573486
215	6	0.8692710995674133
215	7	1.8025128841400146
215	8	-3.7744648456573486
215	9	0.8692710995674133
215	10	0.8692710995674133
215	11	0.8692710995674133
215	12	0.8692710995674133
215	13	0.8692710995674133
215	14	0.8692710995674133
215	15	0.8692710995674133
215	16	0.8692710995674133
215	17	0.30601826310157776
215	18	0.8692710995674133
215	19	0.8692710995674133
215	20	0.8692710995674133
215	21	0.8692710995674133
215	22	0.8692710995674133
215	23	0.8692710995674133
215	24	0.8692710995674133
215	25	0.8692710995674133
216	0	1.8025128841400146
216	1	1.8025128841400146
216	2	1.8025128841400146
216	3	1.8025128841400146
216	4	1.8025128841400146
216	5	1.8025128841400146
216	6	-3.7744648456573486
216	7	1.8025128841400146
216	8	1.8025128841400146
217	0	1.8025128841400146
217	1	1.8025128841400146
217	2	1.8025128841400146
217	3	1.8025128841400146
217	4	-3.7744648456573486
217	5	1.8025128841400146
217	6	1.8025128841400146
217	7	1.8025128841400146
217	8	-3.7744648456573486
217	9	1.8025128841400146
217	10	2.2535593509674072
217	11	2.2533864974975586
217	12	-3.7744648456573486
218	0	0.8692710995674133
218	1	0.8692710995674133
218	2	0.30601826310157776
218	3	0.8692710995674133
218	4	0.8692710995674133
218	5	1.8025128841400146
218	6	0.8692710995674133
218	7	0.8692710995674133
218	8	0.8692710995674133
218	9	0.8692710995674133
218	10	-3.7744648456573486
218	11	0.8692710995674133
218	12	1.8025128841400146
219	0	-2.098766565322876
219	1	2.2538387775421143
219	2	2.2539875507354736
219	3	2.2538387775421143
219	4	2.2538387775421143
219	5	2.2537081241607666
219	6	2.2538387775421143
219	7	-3.7744648456573486
219	8	2.2538387775421143
219	9	-3.7744648456573486
219	10	-3.7744648456573486
219	11	2.2535593509674072
219	12	2.2533864974975586
219	13	2.2538387775421143
219	14	2.2535173892974854
219	15	-3.7744648456573486
219	16	2.2532379627227783
219	17	2.2535173892974854
219	18	2.2532379627227783
219	19	2.2532379627227783
219	20	2.2532379627227783
219	21	2.2532379627227783
219	22	2.2532379627227783
219	23	2.2532379627227783
219	24	0.8692710995674133
219	25	0.8692710995674133
219	26	0.8692710995674133
219	27	0.8692710995674133
219	28	0.8692710995674133
219	29	0.8692710995674133
219	30	0.8692710995674133
220	0	1.8025128841400146
220	1	-3.7744648456573486
220	2	1.8025128841400146
220	3	1.8025128841400146
220	4	1.8025128841400146
220	5	-3.7744648456573486
220	6	-3.7744648456573486
220	7	1.8025128841400146
220	8	1.8025128841400146
221	0	-3.7744648456573486
221	1	-2.5116937160491943
221	2	-2.098766565322876
221	3	0.8692710995674133
221	4	-2.098766565322876
221	5	2.2538387775421143
221	6	2.2538387775421143
221	7	-3.7744648456573486
221	8	2.2537081241607666
221	9	-3.7744648456573486
221	10	2.2535593509674072
221	11	2.2533864974975586
221	12	-3.7744648456573486
221	13	2.2538387775421143
221	14	0.8692710995674133
221	15	1.8025128841400146
221	16	-2.5116937160491943
222	0	-2.098766565322876
222	1	-3.7744648456573486
222	2	-2.098766565322876
222	3	-2.098766565322876
222	4	-2.098766565322876
222	5	-2.098766565322876
222	6	-2.098766565322876
222	7	0.8692710995674133
222	8	0.8692710995674133
222	9	0.8692710995674133
222	10	0.8692710995674133
222	11	0.8692710995674133
222	12	0.8692710995674133
222	13	-3.7744648456573486
222	14	0.8692710995674133
222	15	0.8692710995674133
222	16	0.30601826310157776
222	17	0.8692710995674133
222	18	0.8692710995674133
222	19	0.8692710995674133
222	20	0.8692710995674133
222	21	0.8692710995674133
223	0	-3.7744648456573486
223	1	1.8025128841400146
223	2	-2.098766565322876
223	3	-2.098766565322876
223	4	1.8025128841400146
223	5	0.8692710995674133
223	6	1.8025128841400146
224	0	1.8025128841400146
224	1	1.8025128841400146
224	2	0.8692710995674133
224	3	-2.098766565322876
224	4	1.8025128841400146
224	5	1.8025128841400146
224	6	-3.7744648456573486
224	7	-2.098766565322876
224	8	0.8692710995674133
