27	0	3.0993690860889758
27	1	12.38625309420295
27	2	5.448103761142965
27	3	13.80152945939545
27	4	10.056690763999859
27	5	13.156059850088834
27	6	7.139255532387111
27	7	17.08119467191669
28	0	5.448103761142965
28	1	17.08119467191669
28	2	10.056690763999859
28	3	13.80152945939545
28	4	12.38625309420295
28	5	3.0993690860889758
28	6	7.139255532387111
28	7	13.156059850088834
29	0	5.448103761142965
29	1	10.056690763999859
29	2	13.80152945939545
29	3	7.139255532387111
29	4	13.156059850088834
29	5	12.38625309420295
29	6	3.0993690860889758
29	7	17.08119467191669
30	0	12.38625309420295
30	1	10.056690763999859
30	2	5.448103761142965
30	3	13.156059850088834
30	4	7.139255532387111
30	5	3.0993690860889758
30	6	17.08119467191669
30	7	13.80152945939545
31	0	10.056690763999859
31	1	5.448103761142965
31	2	12.38625309420295
31	3	3.0993690860889758
31	4	7.139255532387111
31	5	13.80152945939545
31	6	17.08119467191669
31	7	13.156059850088834
32	0	7.139255532387111
32	1	13.156059850088834
32	2	13.80152945939545
32	3	3.0993690860889758
32	4	17.08119467191669
32	5	10.056690763999859
32	6	12.38625309420295
32	7	5.448103761142965
33	0	10.056690763999859
33	1	13.80152945939545
33	2	12.38625309420295
33	3	3.0993690860889758
33	4	7.139255532387111
33	5	13.156059850088834
33	6	5.448103761142965
33	7	17.08119467191669
34	0	5.448103761142965
34	1	3.0993690860889758
34	2	13.80152945939545
34	3	10.056690763999859
34	4	17.08119467191669
34	5	12.38625309420295
34	6	7.139255532387111
34	7	13.156059850088834
35	0	13.80152945939545
35	1	7.139255532387111
35	2	3.0993690860889758
35	3	13.156059850088834
35	4	17.08119467191669
35	5	5.448103761142965
35	6	12.38625309420295
35	7	10.056690763999859
36	0	13.156059850088834
36	1	3.0993690860889758
36	2	10.056690763999859
36	3	13.80152945939545
36	4	5.448103761142965
36	5	17.08119467191669
36	6	12.38625309420295
37	0	10.056690763999859
37	1	13.156059850088834
37	2	12.38625309420295
37	3	17.08119467191669
37	4	5.448103761142965
37	5	7.2418241500433
37	6	13.80152945939545
37	7	3.0993690860889758
38	0	13.904098077051641
38	1	7.139255532387111
38	2	10.056690763999859
38	3	5.550672378799154
38	4	3.2019377037451657
38	5	13.258628467745025
38	6	17.18376328957288
38	7	12.488821711859138
39	0	12.488821711859138
39	1	3.2019377037451657
39	2	13.258628467745025
39	3	13.904098077051641
39	4	7.139255532387111
39	5	10.159259381656048
39	6	5.550672378799154
39	7	17.18376328957288
40	0	17.08119467191669
40	1	13.156059850088834
40	2	10.056690763999859
40	3	3.0993690860889758
40	4	12.38625309420295
40	5	7.139255532387111
40	6	5.448103761142965
40	7	13.80152945939545
41	0	13.156059850088834
41	1	12.38625309420295
41	2	10.056690763999859
41	3	17.08119467191669
41	4	5.448103761142965
41	5	3.0993690860889758
41	6	13.80152945939545
41	7	7.139255532387111
42	0	17.08119467191669
42	1	5.448103761142965
42	2	3.0993690860889758
42	3	10.056690763999859
42	4	12.38625309420295
42	5	13.80152945939545
42	6	7.139255532387111
42	7	13.156059850088834
43	0	13.413300935571163
43	1	18.108242513284907
43	2	14.183107691457048
43	3	4.126416927457193
43	4	6.475151602511183
43	5	8.166303373755328
43	6	11.083738605368072
43	7	14.828577300763662
44	0	11.083738605368072
44	1	8.166303373755328
44	2	18.108242513284907
44	3	14.828577300763662
44	4	14.183107691457048
44	5	4.126416927457193
44	6	13.413300935571163
44	7	5.550672378799154
45	0	5.550672378799154
45	1	7.2418241500433
45	2	3.2019377037451657
45	3	13.904098077051641
45	4	10.378888417415048
45	5	17.18376328957288
45	6	12.488821711859138
45	7	13.258628467745025
46	0	12.488821711859138
46	1	13.258628467745025
46	2	7.2418241500433
46	3	3.2019377037451657
46	4	10.378888417415048
46	5	17.18376328957288
46	6	13.904098077051641
46	7	5.550672378799154
47	0	13.258628467745025
47	1	13.904098077051641
47	2	17.18376328957288
47	3	3.2019377037451657
47	4	12.488821711859138
47	5	5.550672378799154
47	6	10.378888417415048
47	7	7.2418241500433
48	0	13.904098077051641
48	1	3.2019377037451657
48	2	10.378888417415048
48	3	12.488821711859138
48	4	13.258628467745025
48	5	17.18376328957288
48	6	5.550672378799154
48	7	7.2418241500433
49	0	13.904098077051641
49	1	5.550672378799154
49	2	17.18376328957288
49	3	3.2019377037451657
49	4	14.357459896304729
49	5	10.378888417415048
50	0	14.357459896304729
50	1	3.2019377037451657
50	2	10.378888417415048
50	3	17.18376328957288
50	4	13.904098077051641
50	5	5.550672378799154
51	0	17.18376328957288
51	1	3.2019377037451657
51	2	5.550672378799154
51	3	14.357459896304729
51	4	13.904098077051641
51	5	10.378888417415048
52	0	3.2019377037451657
52	1	15.281513665157195
52	2	14.183107691457048
52	3	17.18376328957288
52	4	5.550672378799154
52	5	10.378888417415048
52	6	13.904098077051641
52	7	14.357459896304729
53	0	3.2019377037451657
53	1	13.258628467745025
53	2	5.550672378799154
53	3	10.378888417415048
53	4	14.357459896304729
53	5	17.18376328957288
53	6	13.904098077051641
54	0	13.258628467745025
54	1	3.2019377037451657
54	2	17.18376328957288
54	3	13.904098077051641
54	4	10.378888417415048
54	5	14.357459896304729
54	6	5.550672378799154
55	0	17.18376328957288
55	1	14.357459896304729
55	2	13.904098077051641
55	3	5.550672378799154
55	4	3.2019377037451657
55	5	13.258628467745025
55	6	8.166303373755328
55	7	10.378888417415048
56	0	17.18376328957288
56	1	13.904098077051641
56	2	5.550672378799154
56	3	10.378888417415048
56	4	3.2019377037451657
56	5	14.357459896304729
56	6	7.2418241500433
56	7	13.258628467745025
57	0	3.2019377037451657
57	1	13.904098077051641
57	2	10.378888417415048
57	3	17.18376328957288
57	4	13.258628467745025
57	5	7.2418241500433
57	6	5.550672378799154
57	7	14.357459896304729
58	0	3.2019377037451657
58	1	14.357459896304729
58	2	10.378888417415048
58	3	17.18376328957288
58	4	13.904098077051641
58	5	5.550672378799154
58	6	13.258628467745025
58	7	7.2418241500433
59	0	3.2019377037451657
59	1	15.281513665157195
59	2	13.258628467745025
59	3	10.159259381656048
59	4	5.550672378799154
59	5	17.18376328957288
59	6	13.904098077051641
59	7	14.357459896304729
60	0	3.2019377037451657
60	1	13.258628467745025
60	2	5.550672378799154
60	3	13.904098077051641
60	4	10.159259381656048
60	5	14.357459896304729
60	6	17.18376328957288
61	0	13.258628467745025
61	1	3.2019377037451657
61	2	5.550672378799154
61	3	13.904098077051641
61	4	14.357459896304729
61	5	10.159259381656048
61	6	17.18376328957288
62	0	3.2019377037451657
62	1	13.904098077051641
62	2	10.159259381656048
62	3	17.18376328957288
62	4	14.357459896304729
62	5	5.550672378799154
62	6	8.166303373755328
62	7	13.258628467745025
63	0	10.159259381656048
63	1	17.18376328957288
63	2	14.357459896304729
63	3	5.550672378799154
63	4	3.2019377037451657
63	5	13.904098077051641
63	6	13.258628467745025
63	7	7.2418241500433
64	0	13.258628467745025
64	1	3.2019377037451657
64	2	5.550672378799154
64	3	13.904098077051641
64	4	10.159259381656048
64	5	17.18376328957288
64	6	14.357459896304729
65	0	10.159259381656048
65	1	3.2019377037451657
65	2	14.357459896304729
65	3	13.258628467745025
65	4	17.18376328957288
65	5	5.550672378799154
65	6	13.904098077051641
65	7	8.166303373755328
66	0	13.904098077051641
66	1	10.159259381656048
66	2	3.2019377037451657
66	3	17.18376328957288
66	4	14.357459896304729
66	5	5.550672378799154
66	6	7.2418241500433
66	7	13.258628467745025
66	8	15.281513665157195
67	0	3.2019377037451657
67	1	5.550672378799154
67	2	14.357459896304729
67	3	17.18376328957288
67	4	13.904098077051641
67	5	10.159259381656048
68	0	14.183107691457048
68	1	3.2019377037451657
68	2	17.18376328957288
68	3	14.357459896304729
68	4	13.904098077051641
68	5	5.550672378799154
68	6	10.159259381656048
69	0	10.159259381656048
69	1	17.18376328957288
69	2	5.550672378799154
69	3	3.2019377037451657
69	4	13.904098077051641
69	5	14.357459896304729
69	6	13.258628467745025
69	7	8.166303373755328
69	8	3.0993690860889758
70	0	14.357459896304729
70	1	13.904098077051641
70	2	17.18376328957288
70	3	10.159259381656048
70	4	5.550672378799154
70	5	3.2019377037451657
70	6	13.258628467745025
70	7	7.2418241500433
71	0	14.357459896304729
71	1	10.159259381656048
71	2	17.18376328957288
71	3	5.550672378799154
71	4	3.2019377037451657
71	5	13.904098077051641
71	6	13.258628467745025
71	7	7.2418241500433
72	0	10.159259381656048
72	1	17.18376328957288
72	2	13.904098077051641
72	3	14.357459896304729
72	4	3.2019377037451657
72	5	5.550672378799154
72	6	13.258628467745025
72	7	7.2418241500433
73	0	5.550672378799154
73	1	10.159259381656048
73	2	13.904098077051641
73	3	17.18376328957288
73	4	3.2019377037451657
73	5	14.357459896304729
73	6	7.2418241500433
73	7	13.258628467745025
74	0	5.550672378799154
74	1	10.159259381656048
74	2	13.904098077051641
74	3	14.357459896304729
74	4	17.18376328957288
74	5	3.2019377037451657
74	6	7.2418241500433
74	7	13.258628467745025
75	0	13.904098077051641
75	1	13.258628467745025
75	2	10.159259381656048
75	3	3.2019377037451657
75	4	14.357459896304729
75	5	17.18376328957288
75	6	5.847150151128847
75	7	7.2418241500433
76	0	13.258628467745025
76	1	10.159259381656048
76	2	13.904098077051641
76	3	3.2019377037451657
76	4	14.357459896304729
76	5	17.18376328957288
76	6	7.2418241500433
76	7	5.847150151128847
77	0	13.904098077051641
77	1	5.847150151128847
77	2	10.159259381656048
77	3	17.18376328957288
77	4	14.357459896304729
77	5	13.258628467745025
77	6	7.2418241500433
77	7	3.2019377037451657
78	0	13.904098077051641
78	1	7.2418241500433
78	2	17.18376328957288
78	3	13.258628467745025
78	4	3.2019377037451657
78	5	10.159259381656048
78	6	14.357459896304729
78	7	5.847150151128847
79	0	5.847150151128847
79	1	7.2418241500433
79	2	3.2019377037451657
79	3	13.258628467745025
79	4	10.159259381656048
79	5	13.904098077051641
79	6	17.18376328957288
79	7	14.357459896304729
80	0	5.847150151128847
80	1	7.2418241500433
80	2	13.904098077051641
80	3	10.159259381656048
80	4	3.2019377037451657
80	5	17.18376328957288
80	6	13.258628467745025
80	7	14.357459896304729
81	0	13.904098077051641
81	1	10.159259381656048
81	2	5.847150151128847
81	3	17.18376328957288
81	4	3.2019377037451657
81	5	7.2418241500433
81	6	13.258628467745025
81	7	14.357459896304729
82	0	14.357459896304729
82	1	13.904098077051641
82	2	10.159259381656048
82	3	5.847150151128847
82	4	3.2019377037451657
82	5	17.18376328957288
82	6	7.2418241500433
82	7	13.258628467745025
83	0	14.357459896304729
83	1	3.0993690860889758
83	2	5.847150151128847
83	3	3.2019377037451657
83	4	17.18376328957288
83	5	13.904098077051641
83	6	13.258628467745025
83	7	7.2418241500433
83	8	10.159259381656048
84	0	3.2019377037451657
84	1	5.847150151128847
84	2	10.159259381656048
84	3	3.2019377037451657
84	4	14.357459896304729
84	5	13.904098077051641
84	6	17.18376328957288
84	7	13.258628467745025
84	8	7.2418241500433
85	0	5.847150151128847
85	1	10.159259381656048
85	2	14.357459896304729
85	3	7.2418241500433
85	4	3.2019377037451657
85	5	17.18376328957288
85	6	3.2019377037451657
85	7	13.904098077051641
85	8	13.258628467745025
86	0	7.2418241500433
86	1	14.828577300763662
86	2	6.771629374840876
86	3	11.083738605368072
86	4	4.126416927457193
86	5	4.126416927457193
86	6	18.108242513284907
86	7	14.183107691457048
86	8	15.281939120016752
87	0	13.258628467745025
87	1	5.847150151128847
87	2	3.2019377037451657
87	3	14.357459896304729
87	4	13.904098077051641
87	5	7.2418241500433
87	6	10.159259381656048
87	7	17.18376328957288
87	8	3.2019377037451657
88	0	3.0993690860889758
88	1	3.2019377037451657
88	2	17.18376328957288
88	3	10.159259381656048
88	4	13.904098077051641
88	5	14.357459896304729
88	6	5.847150151128847
88	7	7.2418241500433
89	0	3.2019377037451657
89	1	14.183107691457048
89	2	10.159259381656048
89	3	14.357459896304729
89	4	17.18376328957288
89	5	5.847150151128847
89	6	13.904098077051641
90	0	10.159259381656048
90	1	3.2019377037451657
90	2	13.904098077051641
90	3	5.847150151128847
90	4	8.947308514218431
90	5	14.357459896304729
90	6	17.18376328957288
91	0	3.2019377037451657
91	1	9.049877131874622
91	2	5.847150151128847
91	3	14.357459896304729
91	4	8.166303373755328
91	5	13.904098077051641
91	6	10.159259381656048
91	7	4.126416927457193
91	8	14.183107691457048
91	9	17.18376328957288
92	0	5.847150151128847
92	1	13.904098077051641
92	2	3.2019377037451657
92	3	14.357459896304729
92	4	17.18376328957288
92	5	10.159259381656048
92	6	9.049877131874622
92	7	13.258628467745025
92	8	3.2019377037451657
92	9	7.2418241500433
93	0	10.159259381656048
93	1	13.258628467745025
93	2	15.281513665157195
93	3	5.847150151128847
93	4	7.2418241500433
93	5	17.18376328957288
93	6	13.904098077051641
93	7	3.2019377037451657
93	8	9.049877131874622
93	9	14.357459896304729
93	10	3.2019377037451657
94	0	8.42954860506545
94	1	13.258628467745025
94	2	7.2418241500433
94	3	13.904098077051641
94	4	10.159259381656048
94	5	9.049877131874622
94	6	14.357459896304729
94	7	17.18376328957288
94	8	3.2019377037451657
94	9	3.2019377037451657
95	0	8.42954860506545
95	1	15.281939120016752
95	2	9.049877131874622
95	3	4.126416927457193
95	4	11.083738605368072
95	5	14.828577300763662
95	6	18.108242513284907
96	0	8.42954860506545
96	1	3.2019377037451657
96	2	10.159259381656048
96	3	9.049877131874622
96	4	13.904098077051641
96	5	14.357459896304729
96	6	17.18376328957288
97	0	3.2019377037451657
97	1	14.357459896304729
97	2	8.42954860506545
97	3	13.904098077051641
97	4	10.159259381656048
97	5	14.183107691457048
97	6	9.049877131874622
97	7	17.18376328957288
97	8	8.166303373755328
97	9	4.126416927457193
98	0	13.904098077051641
98	1	17.18376328957288
98	2	14.357459896304729
98	3	8.42954860506545
98	4	9.049877131874622
98	5	3.2019377037451657
98	6	7.2418241500433
98	7	13.258628467745025
98	8	3.2019377037451657
98	9	10.159259381656048
99	0	15.281513665157195
99	1	13.258628467745025
99	2	10.159259381656048
99	3	8.42954860506545
99	4	7.2418241500433
99	5	13.904098077051641
99	6	14.357459896304729
99	7	17.18376328957288
99	8	3.2019377037451657
99	9	9.049877131874622
99	10	3.2019377037451657
100	0	8.42954860506545
100	1	7.2418241500433
100	2	14.357034441445172
100	3	10.159259381656048
100	4	13.258628467745025
100	5	3.2019377037451657
100	6	13.904098077051641
100	7	3.2019377037451657
100	8	9.049877131874622
100	9	14.357459896304729
100	10	17.18376328957288
101	0	8.42954860506545
101	1	10.159259381656048
101	2	13.258628467745025
101	3	7.2418241500433
101	4	14.357034441445172
101	5	3.2019377037451657
101	6	14.357459896304729
101	7	3.2019377037451657
101	8	17.18376328957288
101	9	9.049877131874622
101	10	13.904098077051641
102	0	14.357459896304729
102	1	13.258628467745025
102	2	3.2019377037451657
102	3	7.2418241500433
102	4	13.904098077051641
102	5	17.18376328957288
102	6	8.42954860506545
102	7	9.049877131874622
102	8	3.2019377037451657
102	9	10.159259381656048
103	0	14.357459896304729
103	1	13.904098077051641
103	2	3.2019377037451657
103	3	13.258628467745025
103	4	17.18376328957288
103	5	3.2019377037451657
103	6	8.42954860506545
103	7	10.159259381656048
103	8	7.2418241500433
103	9	9.049877131874622
104	0	3.2019377037451657
104	1	14.357459896304729
104	2	13.258628467745025
104	3	8.42954860506545
104	4	7.2418241500433
104	5	9.049877131874622
104	6	10.159259381656048
104	7	13.904098077051641
104	8	3.2019377037451657
104	9	17.18376328957288
105	0	3.2019377037451657
105	1	3.2019377037451657
105	2	7.2418241500433
105	3	17.18376328957288
105	4	10.159259381656048
105	5	13.904098077051641
105	6	14.357459896304729
105	7	13.258628467745025
105	8	8.42954860506545
105	9	9.049877131874622
106	0	3.2019377037451657
106	1	13.904098077051641
106	2	14.357459896304729
106	3	13.258628467745025
106	4	8.42954860506545
106	5	17.18376328957288
106	6	9.049877131874622
106	7	3.2019377037451657
106	8	10.159259381656048
106	9	9.789636707225913
107	0	9.789636707225913
107	1	3.2019377037451657
107	2	3.2019377037451657
107	3	10.159259381656048
107	4	13.904098077051641
107	5	17.18376328957288
107	6	8.42954860506545
107	7	9.049877131874622
107	8	14.357459896304729
107	9	13.258628467745025
108	0	9.789636707225913
108	1	13.258628467745025
108	2	3.2019377037451657
108	3	8.42954860506545
108	4	3.2019377037451657
108	5	14.357459896304729
108	6	10.159259381656048
108	7	8.947308514218431
108	8	17.18376328957288
108	9	2.8788762262662964
108	10	13.904098077051641
109	0	2.9814448439224863
109	1	17.18376328957288
109	2	3.2019377037451657
109	3	14.357459896304729
109	4	9.789636707225913
109	5	13.258628467745025
109	6	10.159259381656048
109	7	13.904098077051641
109	8	8.42954860506545
109	9	3.2019377037451657
109	10	9.049877131874622
110	0	4.126416927457193
110	1	9.354027828777479
110	2	6.08081393001146
110	3	11.083738605368072
110	4	14.828577300763662
110	5	18.108242513284907
110	6	15.281939120016752
110	7	9.049877131874622
110	8	4.126416927457193
110	9	14.183107691457048
110	10	4.126416927457193
110	11	10.714115930937941
110	12	15.281513665157195
111	0	13.904098077051641
111	1	8.42954860506545
111	2	3.2019377037451657
111	3	17.18376328957288
111	4	9.049877131874622
111	5	6.08081393001146
111	6	13.258628467745025
111	7	3.2019377037451657
111	8	14.357459896304729
111	9	10.159259381656048
111	10	9.789636707225913
112	0	9.789636707225913
112	1	10.159259381656048
112	2	9.049877131874622
112	3	13.904098077051641
112	4	6.08081393001146
112	5	13.258628467745025
112	6	14.357459896304729
112	7	8.42954860506545
112	8	3.2019377037451657
112	9	17.18376328957288
112	10	3.2019377037451657
113	0	14.357459896304729
113	1	9.049877131874622
113	2	17.18376328957288
113	3	3.2019377037451657
113	4	8.42954860506545
113	5	10.159259381656048
113	6	13.904098077051641
113	7	3.2019377037451657
113	8	13.258628467745025
113	9	9.789636707225913
113	10	6.08081393001146
114	0	9.049877131874622
114	1	14.357459896304729
114	2	17.18376328957288
114	3	3.2019377037451657
114	4	8.42954860506545
114	5	10.159259381656048
114	6	13.904098077051641
114	7	13.258628467745025
114	8	3.2019377037451657
114	9	6.08081393001146
114	10	9.789636707225913
115	0	8.42954860506545
115	1	6.08081393001146
115	2	10.159259381656048
115	3	13.904098077051641
115	4	17.18376328957288
115	5	9.049877131874622
115	6	3.2019377037451657
115	7	9.789636707225913
115	8	3.2019377037451657
115	9	13.258628467745025
115	10	14.357459896304729
116	0	3.2019377037451657
116	1	15.281513665157195
116	2	13.258628467745025
116	3	14.357459896304729
116	4	9.049877131874622
116	5	8.42954860506545
116	6	10.159259381656048
116	7	17.18376328957288
116	8	13.904098077051641
117	0	10.714115930937941
117	1	10.159259381656048
117	2	13.904098077051641
117	3	7.005293153723489
117	4	8.42954860506545
117	5	3.2019377037451657
117	6	9.049877131874622
117	7	4.126416927457193
117	8	17.18376328957288
117	9	13.258628467745025
117	10	14.357459896304729
118	0	17.18376328957288
118	1	14.357459896304729
118	2	3.2019377037451657
118	3	6.08081393001146
118	4	13.258628467745025
118	5	9.789636707225913
118	6	10.159259381656048
118	7	13.904098077051641
118	8	9.049877131874622
118	9	8.42954860506545
118	10	3.2019377037451657
119	0	13.904098077051641
119	1	6.08081393001146
119	2	10.159259381656048
119	3	8.42954860506545
119	4	9.789636707225913
119	5	3.2019377037451657
119	6	17.18376328957288
119	7	13.258628467745025
119	8	3.2019377037451657
119	9	14.357459896304729
119	10	9.049877131874622
120	0	13.258628467745025
120	1	10.159259381656048
120	2	3.2019377037451657
120	3	9.789636707225913
120	4	8.42954860506545
120	5	17.18376328957288
120	6	6.08081393001146
120	7	14.357459896304729
120	8	13.904098077051641
120	9	3.2019377037451657
120	10	9.049877131874622
121	0	9.049877131874622
121	1	3.2019377037451657
121	2	13.258628467745025
121	3	6.08081393001146
121	4	14.357459896304729
121	5	17.18376328957288
121	6	3.2019377037451657
121	7	8.42954860506545
121	8	9.789636707225913
121	9	10.159259381656048
121	10	13.904098077051641
122	0	6.08081393001146
122	1	3.2019377037451657
122	2	10.159259381656048
122	3	9.789636707225913
122	4	9.049877131874622
122	5	17.18376328957288
122	6	3.2019377037451657
122	7	13.904098077051641
122	8	13.258628467745025
122	9	8.42954860506545
122	10	14.357459896304729
123	0	10.159259381656048
123	1	14.357459896304729
123	2	3.2019377037451657
123	3	9.789636707225913
123	4	6.08081393001146
123	5	3.2019377037451657
123	6	13.258628467745025
123	7	17.18376328957288
123	8	8.42954860506545
123	9	9.049877131874622
123	10	13.904098077051641
124	0	9.049877131874622
124	1	6.08081393001146
124	2	13.904098077051641
124	3	14.357459896304729
124	4	10.159259381656048
124	5	8.42954860506545
124	6	17.18376328957288
124	7	3.2019377037451657
124	8	13.258628467745025
124	9	9.789636707225913
124	10	3.2019377037451657
125	0	10.159259381656048
125	1	9.049877131874622
125	2	14.357459896304729
125	3	8.42954860506545
125	4	3.2019377037451657
125	5	13.258628467745025
125	6	3.2019377037451657
125	7	9.789636707225913
125	8	6.08081393001146
125	9	17.18376328957288
125	10	13.904098077051641
126	0	9.789636707225913
126	1	13.258628467745025
126	2	9.049877131874622
126	3	3.2019377037451657
126	4	10.159259381656048
126	5	13.904098077051641
126	6	6.08081393001146
126	7	8.42954860506545
126	8	3.2019377037451657
126	9	14.357459896304729
126	10	17.18376328957288
127	0	14.357459896304729
127	1	8.42954860506545
127	2	17.18376328957288
127	3	3.2019377037451657
127	4	13.904098077051641
127	5	9.049877131874622
127	6	10.159259381656048
127	7	13.258628467745025
127	8	6.08081393001146
127	9	9.789636707225913
127	10	3.2019377037451657
128	0	17.18376328957288
128	1	13.258628467745025
128	2	3.2019377037451657
128	3	9.049877131874622
128	4	13.904098077051641
128	5	10.159259381656048
128	6	14.357459896304729
128	7	8.42954860506545
128	8	9.789636707225913
128	9	3.2019377037451657
128	10	6.08081393001146
129	0	13.258628467745025
129	1	10.159259381656048
129	2	17.18376328957288
129	3	3.2019377037451657
129	4	3.2019377037451657
129	5	9.789636707225913
129	6	6.08081393001146
129	7	8.42954860506545
129	8	13.904098077051641
129	9	14.357459896304729
129	10	9.049877131874622
130	0	13.258628467745025
130	1	3.2019377037451657
130	2	9.789636707225913
130	3	3.2019377037451657
130	4	6.08081393001146
130	5	14.357459896304729
130	6	8.42954860506545
130	7	9.049877131874622
130	8	13.904098077051641
130	9	10.159259381656048
130	10	17.18376328957288
131	0	15.281939120016752
131	1	14.828577300763662
131	2	7.005293153723489
131	3	11.083738605368072
131	4	9.354027828777479
131	5	4.126416927457193
131	6	9.97435635558665
131	7	9.789636707225913
131	8	4.126416927457193
131	9	14.183107691457048
132	0	10.159259381656048
132	1	3.2019377037451657
132	2	6.08081393001146
132	3	14.07094101968502
132	4	13.904098077051641
132	5	8.42954860506545
132	6	9.789636707225913
132	7	9.049877131874622
132	8	3.2019377037451657
132	9	13.258628467745025
132	10	15.052513219407999
133	0	14.183107691457048
133	1	7.005293153723489
133	2	10.714115930937941
133	3	4.126416927457193
133	4	14.828577300763662
133	5	14.995420243397042
133	6	8.42954860506545
133	7	9.97435635558665
133	8	4.126416927457193
133	9	10.159259381656048
134	0	9.789636707225913
134	1	3.2019377037451657
134	2	9.049877131874622
134	3	13.258628467745025
134	4	3.2019377037451657
134	5	14.07094101968502
134	6	8.42954860506545
134	7	10.159259381656048
134	8	6.08081393001146
134	9	13.904098077051641
135	0	3.2019377037451657
135	1	9.049877131874622
135	2	6.08081393001146
135	3	10.159259381656048
135	4	3.2019377037451657
135	5	13.258628467745025
135	6	14.07094101968502
135	7	13.904098077051641
135	8	8.42954860506545
135	9	9.789636707225913
136	0	14.828577300763662
136	1	8.42954860506545
136	2	9.354027828777479
136	3	14.995420243397042
136	4	4.126416927457193
136	5	9.97435635558665
136	6	4.126416927457193
136	7	7.005293153723489
136	8	14.183107691457048
136	9	10.714115930937941
137	0	9.049877131874622
137	1	8.42954860506545
137	2	8.42954860506545
137	3	14.07094101968502
137	4	3.2019377037451657
137	5	13.904098077051641
137	6	6.08081393001146
137	7	9.789636707225913
137	8	13.258628467745025
137	9	3.2019377037451657
138	0	13.904098077051641
138	1	9.049877131874622
138	2	8.42954860506545
138	3	8.42954860506545
138	4	14.07094101968502
138	5	3.2019377037451657
138	6	3.2019377037451657
138	7	13.258628467745025
138	8	6.08081393001146
138	9	9.789636707225913
139	0	8.42954860506545
139	1	3.2019377037451657
139	2	14.07094101968502
139	3	13.904098077051641
139	4	8.42954860506545
139	5	9.049877131874622
139	6	9.789636707225913
139	7	6.08081393001146
139	8	3.2019377037451657
139	9	13.258628467745025
140	0	8.42954860506545
140	1	13.904098077051641
140	2	8.42954860506545
140	3	3.2019377037451657
140	4	14.07094101968502
140	5	9.049877131874622
140	6	6.08081393001146
140	7	9.789636707225913
140	8	13.258628467745025
140	9	3.2019377037451657
141	0	3.2019377037451657
141	1	9.789636707225913
141	2	9.049877131874622
141	3	8.42954860506545
141	4	13.904098077051641
141	5	13.258628467745025
141	6	14.07094101968502
141	7	8.42954860506545
141	8	6.08081393001146
141	9	3.2019377037451657
142	0	6.08081393001146
142	1	9.789636707225913
142	2	9.049877131874622
142	3	8.42954860506545
142	4	13.258628467745025
142	5	8.42954860506545
142	6	3.2019377037451657
142	7	14.07094101968502
142	8	3.2019377037451657
142	9	13.904098077051641
143	0	6.08081393001146
143	1	3.2019377037451657
143	2	13.904098077051641
143	3	3.2019377037451657
143	4	8.42954860506545
143	5	9.789636707225913
143	6	13.258628467745025
143	7	9.049877131874622
143	8	8.42954860506545
143	9	14.07094101968502
144	0	8.42954860506545
144	1	3.2019377037451657
144	2	14.07094101968502
144	3	8.42954860506545
144	4	9.049877131874622
144	5	13.904098077051641
144	6	6.08081393001146
144	7	3.2019377037451657
144	8	13.258628467745025
144	9	9.789636707225913
145	0	14.07094101968502
145	1	8.42954860506545
145	2	13.904098077051641
145	3	3.2019377037451657
145	4	9.049877131874622
145	5	8.42954860506545
145	6	6.08081393001146
145	7	9.789636707225913
145	8	3.2019377037451657
145	9	13.258628467745025
146	0	13.904098077051641
146	1	14.07094101968502
146	2	8.42954860506545
146	3	9.049877131874622
146	4	3.2019377037451657
146	5	8.42954860506545
146	6	6.08081393001146
146	7	9.789636707225913
146	8	3.2019377037451657
146	9	13.258628467745025
147	0	14.995420243397042
147	1	14.183107691457048
147	2	5.847150151128847
147	3	9.354027828777479
147	4	4.126416927457193
147	5	7.005293153723489
147	6	10.714115930937941
147	7	9.97435635558665
147	8	4.126416927457193
147	9	14.828577300763662
148	0	5.847150151128847
148	1	9.049877131874622
148	2	14.07094101968502
148	3	3.2019377037451657
148	4	13.904098077051641
148	5	8.42954860506545
148	6	3.2019377037451657
148	7	13.258628467745025
148	8	6.08081393001146
148	9	9.789636707225913
149	0	14.07094101968502
149	1	5.847150151128847
149	2	8.42954860506545
149	3	3.2019377037451657
149	4	9.049877131874622
149	5	13.904098077051641
149	6	9.789636707225913
149	7	3.2019377037451657
149	8	13.258628467745025
149	9	6.08081393001146
150	0	14.07094101968502
150	1	9.049877131874622
150	2	13.904098077051641
150	3	3.2019377037451657
150	4	5.847150151128847
150	5	8.42954860506545
150	6	9.789636707225913
150	7	3.2019377037451657
150	8	13.258628467745025
150	9	6.08081393001146
151	0	9.789636707225913
151	1	9.049877131874622
151	2	8.42954860506545
151	3	3.2019377037451657
151	4	13.258628467745025
151	5	6.08081393001146
151	6	13.904098077051641
151	7	3.2019377037451657
151	8	5.847150151128847
151	9	14.07094101968502
152	0	5.847150151128847
152	1	13.904098077051641
152	2	14.07094101968502
152	3	3.2019377037451657
152	4	9.049877131874622
152	5	8.42954860506545
152	6	13.258628467745025
152	7	6.08081393001146
152	8	9.789636707225913
152	9	3.2019377037451657
153	0	4.126416927457193
153	1	8.42954860506545
153	2	5.847150151128847
153	3	13.904098077051641
153	4	6.08081393001146
153	5	14.07094101968502
153	6	9.049877131874622
153	7	3.2019377037451657
154	0	5.847150151128847
154	1	9.049877131874622
154	2	14.07094101968502
154	3	13.904098077051641
154	4	8.42954860506545
154	5	3.2019377037451657
154	6	14.183107691457048
154	7	4.126416927457193
154	8	10.714115930937941
154	9	6.08081393001146
155	0	14.995420243397042
155	1	9.354027828777479
155	2	4.126416927457193
155	3	5.978245312355271
155	4	6.771629374840876
155	5	10.714115930937941
155	6	8.947308514218431
155	7	14.183107691457048
155	8	5.978245312355271
155	9	14.828577300763662
155	10	4.126416927457193
156	0	13.904098077051641
156	1	3.2019377037451657
156	2	6.08081393001146
156	3	14.07094101968502
156	4	8.42954860506545
156	5	5.847150151128847
156	6	9.049877131874622
156	7	3.2019377037451657
156	8	6.08081393001146
156	9	9.789636707225913
156	10	13.258628467745025
157	0	6.08081393001146
157	1	3.2019377037451657
157	2	14.07094101968502
157	3	6.08081393001146
157	4	5.847150151128847
157	5	4.692969320490732
157	6	3.2019377037451657
157	7	9.049877131874622
157	8	9.789636707225913
157	9	8.42954860506545
157	10	13.258628467745025
157	11	13.904098077051641
158	0	5.847150151128847
158	1	9.049877131874622
158	2	3.2019377037451657
158	3	13.258628467745025
158	4	4.795537938146921
158	5	9.789636707225913
158	6	8.42954860506545
158	7	14.07094101968502
158	8	6.08081393001146
158	9	3.2019377037451657
158	10	6.08081393001146
158	11	13.904098077051641
159	0	3.2019377037451657
159	1	6.08081393001146
159	2	8.42954860506545
159	3	6.08081393001146
159	4	4.795537938146921
159	5	9.789636707225913
159	6	3.2019377037451657
159	7	5.847150151128847
159	8	9.049877131874622
159	9	14.07094101968502
159	10	13.258628467745025
159	11	13.904098077051641
160	0	9.049877131874622
160	1	13.258628467745025
160	2	5.847150151128847
160	3	6.08081393001146
160	4	13.904098077051641
160	5	9.789636707225913
160	6	3.2019377037451657
160	7	3.2019377037451657
160	8	6.08081393001146
160	9	8.42954860506545
160	10	4.795537938146921
160	11	14.07094101968502
161	0	13.258628467745025
161	1	3.2019377037451657
161	2	9.789636707225913
161	3	13.904098077051641
161	4	6.08081393001146
161	5	6.08081393001146
161	6	8.42954860506545
161	7	14.07094101968502
161	8	8.42954860506545
161	9	9.049877131874622
161	10	4.795537938146921
161	11	3.2019377037451657
162	0	9.354027828777479
162	1	14.995420243397042
162	2	9.97435635558665
162	3	7.005293153723489
162	4	14.828577300763662
162	5	4.126416927457193
162	6	8.42954860506545
162	7	4.126416927457193
162	8	5.72001716185895
162	9	14.183107691457048
162	10	7.005293153723489
162	11	12.668512933492206
163	0	12.668512933492206
163	1	3.2019377037451657
163	2	13.904098077051641
163	3	6.08081393001146
163	4	8.42954860506545
163	5	8.42954860506545
163	6	3.2019377037451657
163	7	4.795537938146921
163	8	6.08081393001146
163	9	13.258628467745025
163	10	14.07094101968502
163	11	9.049877131874622
164	0	14.07094101968502
164	1	9.049877131874622
164	2	6.08081393001146
164	3	13.904098077051641
164	4	8.42954860506545
164	5	3.2019377037451657
164	6	8.42954860506545
164	7	3.2019377037451657
164	8	4.795537938146921
164	9	13.258628467745025
164	10	12.668512933492206
164	11	6.08081393001146
165	0	8.42954860506545
165	1	7.810524706602059
165	2	12.668512933492206
165	3	8.42954860506545
165	4	3.2019377037451657
165	5	7.894907024235895
165	6	3.2019377037451657
165	7	14.07094101968502
165	8	9.049877131874622
165	9	6.08081393001146
165	10	13.904098077051641
165	11	13.258628467745025
165	12	6.08081393001146
166	0	9.049877131874622
166	1	13.904098077051641
166	2	3.2019377037451657
166	3	7.810524706602059
166	4	8.42954860506545
166	5	6.08081393001146
166	6	8.42954860506545
166	7	14.07094101968502
166	8	6.08081393001146
166	9	3.2019377037451657
166	10	12.668512933492206
166	11	7.894907024235895
166	12	13.258628467745025
167	0	9.049877131874622
167	1	3.2019377037451657
167	2	12.668512933492206
167	3	3.2019377037451657
167	4	14.07094101968502
167	5	13.258628467745025
167	6	6.08081393001146
167	7	8.42954860506545
167	8	6.08081393001146
167	9	13.904098077051641
167	10	7.894907024235895
167	11	7.810524706602059
167	12	8.42954860506545
168	0	4.126416927457193
168	1	13.904098077051641
168	2	6.08081393001146
168	3	8.42954860506545
168	4	7.894907024235895
168	5	8.42954860506545
168	6	9.609081661529162
168	7	6.08081393001146
168	8	7.810524706602059
168	9	9.049877131874622
168	10	3.2019377037451657
168	11	12.668512933492206
168	12	3.2019377037451657
168	13	13.258628467745025
168	14	12.172773169078024
168	15	4.126416927457193
169	0	9.609081661529162
169	1	8.42954860506545
169	2	13.904098077051641
169	3	9.049877131874622
169	4	3.2019377037451657
169	5	6.08081393001146
169	6	8.42954860506545
169	7	7.810524706602059
169	8	12.668512933492206
169	9	13.258628467745025
169	10	7.894907024235895
169	11	6.08081393001146
169	12	3.2019377037451657
170	0	6.08081393001146
170	1	8.42954860506545
170	2	7.894907024235895
170	3	9.609081661529162
170	4	9.049877131874622
170	5	3.2019377037451657
170	6	6.08081393001146
170	7	13.904098077051641
170	8	3.2019377037451657
170	9	7.810524706602059
170	10	13.258628467745025
170	11	8.42954860506545
170	12	12.668512933492206
171	0	9.049877131874622
171	1	7.810524706602059
171	2	8.42954860506545
171	3	13.904098077051641
171	4	3.2019377037451657
171	5	9.609081661529162
171	6	8.42954860506545
171	7	6.08081393001146
171	8	12.668512933492206
171	9	3.2019377037451657
171	10	6.08081393001146
171	11	13.258628467745025
171	12	7.894907024235895
172	0	13.904098077051641
172	1	3.2019377037451657
172	2	8.42954860506545
172	3	13.258628467745025
172	4	8.42954860506545
172	5	7.894907024235895
172	6	6.08081393001146
172	7	7.810524706602059
172	8	6.08081393001146
172	9	9.049877131874622
172	10	9.609081661529162
172	11	3.2019377037451657
172	12	12.668512933492206
173	0	14.828577300763662
173	1	7.005293153723489
173	2	9.97435635558665
173	3	4.126416927457193
173	4	4.126416927457193
173	5	13.59299215720423
173	6	10.533560885241188
173	7	9.354027828777479
173	8	14.183107691457048
173	9	7.005293153723489
173	10	8.735003930314088
173	11	8.42954860506545
173	12	8.819386247947923
174	0	9.609081661529162
174	1	7.894907024235895
174	2	6.08081393001146
174	3	3.2019377037451657
174	4	12.668512933492206
174	5	3.2019377037451657
174	6	8.42954860506545
174	7	13.258628467745025
174	8	8.42954860506545
174	9	6.08081393001146
174	10	7.810524706602059
174	11	9.049877131874622
174	12	13.904098077051641
175	0	6.08081393001146
175	1	13.904098077051641
175	2	8.42954860506545
175	3	7.894907024235895
175	4	8.42954860506545
175	5	9.609081661529162
175	6	9.049877131874622
175	7	7.810524706602059
175	8	3.2019377037451657
175	9	3.2019377037451657
175	10	13.258628467745025
175	11	6.08081393001146
175	12	12.668512933492206
176	0	6.08081393001146
176	1	7.894907024235895
176	2	12.668512933492206
176	3	6.08081393001146
176	4	7.810524706602059
176	5	13.904098077051641
176	6	9.609081661529162
176	7	3.2019377037451657
176	8	8.42954860506545
176	9	8.42954860506545
176	10	13.258628467745025
176	11	9.049877131874622
176	12	3.2019377037451657
177	0	7.810524706602059
177	1	8.42954860506545
177	2	6.08081393001146
177	3	3.2019377037451657
177	4	7.894907024235895
177	5	9.609081661529162
177	6	8.42954860506545
177	7	9.049877131874622
177	8	13.904098077051641
177	9	6.08081393001146
177	10	12.668512933492206
177	11	3.2019377037451657
177	12	13.258628467745025
178	0	7.810524706602059
178	1	12.668512933492206
178	2	3.2019377037451657
178	3	7.894907024235895
178	4	6.08081393001146
178	5	3.2019377037451657
178	6	8.42954860506545
178	7	6.08081393001146
178	8	8.42954860506545
178	9	13.904098077051641
178	10	9.609081661529162
178	11	9.049877131874622
178	12	13.258628467745025
179	0	9.049877131874622
179	1	8.42954860506545
179	2	12.668512933492206
179	3	7.894907024235895
179	4	7.810524706602059
179	5	3.2019377037451657
179	6	6.08081393001146
179	7	3.2019377037451657
179	8	8.42954860506545
179	9	13.258628467745025
179	10	9.609081661529162
179	11	13.904098077051641
179	12	6.08081393001146
180	0	6.08081393001146
180	1	8.42954860506545
180	2	9.049877131874622
180	3	12.668512933492206
180	4	3.2019377037451657
180	5	13.258628467745025
180	6	6.08081393001146
180	7	3.2019377037451657
180	8	8.42954860506545
180	9	9.609081661529162
180	10	13.904098077051641
180	11	7.894907024235895
180	12	7.810524706602059
181	0	3.2019377037451657
181	1	8.42954860506545
181	2	12.668512933492206
181	3	13.258628467745025
181	4	6.08081393001146
181	5	7.810524706602059
181	6	3.2019377037451657
181	7	8.42954860506545
181	8	6.08081393001146
181	9	7.894907024235895
181	10	9.609081661529162
181	11	9.049877131874622
181	12	13.904098077051641
182	0	9.049877131874622
182	1	13.904098077051641
182	2	3.2019377037451657
182	3	8.42954860506545
182	4	9.609081661529162
182	5	7.810524706602059
182	6	8.42954860506545
182	7	6.08081393001146
182	8	7.894907024235895
182	9	12.668512933492206
182	10	3.2019377037451657
182	11	6.08081393001146
182	12	13.258628467745025
183	0	8.42954860506545
183	1	9.97435635558665
183	2	14.828577300763662
183	3	8.735003930314088
183	4	10.533560885241188
183	5	9.354027828777479
183	6	4.126416927457193
183	7	7.005293153723489
183	8	13.59299215720423
183	9	14.183107691457048
183	10	7.005293153723489
183	11	8.819386247947923
183	12	4.126416927457193
184	0	13.904098077051641
184	1	9.049877131874622
184	2	3.2019377037451657
184	3	7.810524706602059
184	4	8.42954860506545
184	5	8.42954860506545
184	6	9.609081661529162
184	7	6.08081393001146
184	8	3.2019377037451657
184	9	12.668512933492206
184	10	13.258628467745025
184	11	7.894907024235895
184	12	6.08081393001146
185	0	13.904098077051641
185	1	9.049877131874622
185	2	3.2019377037451657
185	3	7.810524706602059
185	4	9.609081661529162
185	5	8.42954860506545
185	6	6.08081393001146
185	7	8.42954860506545
185	8	6.08081393001146
185	9	7.894907024235895
185	10	3.2019377037451657
185	11	12.668512933492206
185	12	13.258628467745025
186	0	3.2019377037451657
186	1	12.668512933492206
186	2	6.08081393001146
186	3	13.258628467745025
186	4	8.42954860506545
186	5	7.810524706602059
186	6	3.2019377037451657
186	7	9.049877131874622
186	8	7.894907024235895
186	9	8.42954860506545
186	10	6.08081393001146
186	11	13.904098077051641
186	12	9.609081661529162
187	0	8.42954860506545
187	1	7.810524706602059
187	2	6.08081393001146
187	3	13.904098077051641
187	4	8.42954860506545
187	5	12.668512933492206
187	6	3.2019377037451657
187	7	6.08081393001146
187	8	3.2019377037451657
187	9	9.049877131874622
187	10	7.894907024235895
187	11	9.609081661529162
187	12	13.258628467745025
188	0	3.2019377037451657
188	1	12.668512933492206
188	2	7.810524706602059
188	3	8.42954860506545
188	4	8.42954860506545
188	5	3.2019377037451657
188	6	9.049877131874622
188	7	6.08081393001146
188	8	9.609081661529162
188	9	13.904098077051641
188	10	13.258628467745025
188	11	7.894907024235895
188	12	6.08081393001146
189	0	4.126416927457193
189	1	13.904098077051641
189	2	8.42954860506545
189	3	6.08081393001146
189	4	7.894907024235895
189	5	8.42954860506545
189	6	9.609081661529162
189	7	6.08081393001146
189	8	9.049877131874622
189	9	3.2019377037451657
189	10	7.810524706602059
190	0	13.904098077051641
190	1	8.42954860506545
190	2	7.894907024235895
190	3	8.42954860506545
190	4	6.08081393001146
190	5	13.59299215720423
190	6	3.2019377037451657
190	7	7.810524706602059
190	8	9.609081661529162
190	9	4.126416927457193
190	10	6.08081393001146
190	11	14.183107691457048
190	12	9.049877131874622
191	0	13.904098077051641
191	1	8.42954860506545
191	2	6.08081393001146
191	3	7.894907024235895
191	4	8.42954860506545
191	5	12.668512933492206
191	6	6.08081393001146
191	7	3.2019377037451657
191	8	7.810524706602059
191	9	9.609081661529162
191	10	13.258628467745025
191	11	3.2019377037451657
191	12	9.049877131874622
192	0	3.2019377037451657
192	1	13.258628467745025
192	2	9.049877131874622
192	3	8.42954860506545
192	4	7.810524706602059
192	5	8.42954860506545
192	6	13.904098077051641
192	7	6.08081393001146
192	8	9.609081661529162
193	0	13.904098077051641
193	1	7.005293153723489
193	2	8.42954860506545
193	3	8.42954860506545
193	4	8.819386247947923
193	5	4.126416927457193
193	6	6.08081393001146
193	7	3.2019377037451657
193	8	13.59299215720423
193	9	13.258628467745025
193	10	9.609081661529162
193	11	7.810524706602059
193	12	9.049877131874622
194	0	7.894907024235895
194	1	6.08081393001146
194	2	13.904098077051641
194	3	8.42954860506545
194	4	8.42954860506545
194	5	9.049877131874622
194	6	7.810524706602059
194	7	6.08081393001146
194	8	9.609081661529162
194	9	3.2019377037451657
194	10	3.2019377037451657
194	11	12.668512933492206
194	12	13.258628467745025
195	0	13.59299215720423
195	1	4.126416927457193
195	2	14.183107691457048
195	3	9.354027828777479
195	4	9.354027828777479
195	5	8.819386247947923
195	6	8.735003930314088
195	7	9.97435635558665
195	8	10.533560885241188
195	9	14.828577300763662
195	10	7.005293153723489
195	11	4.126416927457193
195	12	7.005293153723489
196	0	13.258628467745025
196	1	7.810524706602059
196	2	7.894907024235895
196	3	6.08081393001146
196	4	6.08081393001146
196	5	3.2019377037451657
196	6	13.904098077051641
196	7	3.2019377037451657
196	8	9.049877131874622
196	9	8.42954860506545
196	10	12.668512933492206
196	11	8.42954860506545
196	12	9.609081661529162
197	0	8.42954860506545
197	1	9.609081661529162
197	2	3.2019377037451657
197	3	7.810524706602059
197	4	8.42954860506545
197	5	13.258628467745025
197	6	13.904098077051641
197	7	7.894907024235895
197	8	6.08081393001146
197	9	9.049877131874622
197	10	3.2019377037451657
197	11	12.668512933492206
197	12	6.08081393001146
198	0	8.735003930314088
198	1	8.819386247947923
198	2	4.126416927457193
198	3	9.354027828777479
198	4	14.183107691457048
198	5	10.533560885241188
198	6	9.354027828777479
198	7	4.126416927457193
198	8	9.97435635558665
198	9	14.828577300763662
198	10	7.005293153723489
198	11	12.668512933492206
198	12	7.005293153723489
199	0	13.904098077051641
199	1	12.668512933492206
199	2	6.08081393001146
199	3	8.42954860506545
199	4	9.049877131874622
199	5	8.42954860506545
199	6	7.810524706602059
199	7	7.894907024235895
199	8	13.258628467745025
199	9	3.2019377037451657
199	10	9.609081661529162
199	11	6.08081393001146
199	12	3.2019377037451657
200	0	8.42954860506545
200	1	9.609081661529162
200	2	6.08081393001146
200	3	3.2019377037451657
200	4	3.2019377037451657
200	5	6.08081393001146
200	6	13.258628467745025
200	7	12.668512933492206
200	8	13.904098077051641
200	9	7.894907024235895
200	10	8.42954860506545
200	11	7.810524706602059
200	12	9.049877131874622
201	0	3.2019377037451657
201	1	9.049877131874622
201	2	8.42954860506545
201	3	8.42954860506545
201	4	9.609081661529162
201	5	13.904098077051641
201	6	6.08081393001146
201	7	7.810524706602059
201	8	7.894907024235895
201	9	6.08081393001146
201	10	12.668512933492206
201	11	13.258628467745025
201	12	3.2019377037451657
202	0	8.819386247947923
202	1	8.42954860506545
202	2	14.183107691457048
202	3	4.126416927457193
202	4	9.97435635558665
202	5	7.005293153723489
202	6	7.005293153723489
202	7	13.59299215720423
202	8	14.828577300763662
202	9	4.126416927457193
202	10	10.533560885241188
202	11	8.735003930314088
202	12	9.354027828777479
203	0	6.08081393001146
203	1	9.049877131874622
203	2	8.42954860506545
203	3	13.904098077051641
203	4	7.810524706602059
203	5	9.609081661529162
203	6	3.2019377037451657
203	7	8.42954860506545
203	8	6.08081393001146
203	9	7.894907024235895
203	10	12.668512933492206
203	11	3.2019377037451657
203	12	13.258628467745025
204	0	4.126416927457193
204	1	8.735003930314088
204	2	14.183107691457048
204	3	12.668512933492206
204	4	7.005293153723489
204	5	9.354027828777479
204	6	7.005293153723489
204	7	9.354027828777479
204	8	14.828577300763662
204	9	9.97435635558665
204	10	10.533560885241188
204	11	4.126416927457193
204	12	7.005293153723489
205	0	10.533560885241188
205	1	9.97435635558665
205	2	4.126416927457193
205	3	8.735003930314088
205	4	7.005293153723489
205	5	9.354027828777479
205	6	14.828577300763662
205	7	9.354027828777479
205	8	7.005293153723489
205	9	13.59299215720423
205	10	7.005293153723489
205	11	4.126416927457193
205	12	14.183107691457048
206	0	6.08081393001146
206	1	8.42954860506545
206	2	13.904098077051641
206	3	8.42954860506545
206	4	9.609081661529162
206	5	7.810524706602059
206	6	3.2019377037451657
206	7	9.049877131874622
206	8	13.258628467745025
206	9	3.2019377037451657
206	10	12.668512933492206
206	11	6.08081393001146
206	12	6.08081393001146
207	0	9.609081661529162
207	1	13.904098077051641
207	2	8.42954860506545
207	3	6.08081393001146
207	4	3.2019377037451657
207	5	8.42954860506545
207	6	9.049877131874622
207	7	7.810524706602059
207	8	12.668512933492206
207	9	13.258628467745025
207	10	6.08081393001146
207	11	3.2019377037451657
207	12	6.08081393001146
208	0	10.533560885241188
208	1	9.354027828777479
208	2	7.005293153723489
208	3	8.42954860506545
208	4	14.828577300763662
208	5	9.97435635558665
208	6	8.735003930314088
208	7	4.126416927457193
208	8	4.126416927457193
208	9	7.005293153723489
208	10	13.59299215720423
208	11	14.183107691457048
208	12	7.005293153723489
209	0	7.810524706602059
209	1	3.2019377037451657
209	2	8.42954860506545
209	3	9.049877131874622
209	4	8.42954860506545
209	5	13.904098077051641
209	6	9.609081661529162
209	7	6.08081393001146
209	8	3.2019377037451657
209	9	6.08081393001146
209	10	12.668512933492206
209	11	13.258628467745025
209	12	6.08081393001146
210	0	13.904098077051641
210	1	9.049877131874622
210	2	3.2019377037451657
210	3	9.609081661529162
210	4	7.810524706602059
210	5	6.08081393001146
210	6	8.42954860506545
210	7	8.42954860506545
210	8	12.668512933492206
210	9	3.2019377037451657
210	10	13.258628467745025
210	11	6.08081393001146
210	12	6.08081393001146
211	0	4.126416927457193
211	1	9.97435635558665
211	2	9.354027828777479
211	3	8.42954860506545
211	4	8.735003930314088
211	5	10.533560885241188
211	6	14.828577300763662
211	7	7.005293153723489
212	0	7.810524706602059
212	1	9.049877131874622
212	2	13.904098077051641
212	3	6.08081393001146
212	4	8.42954860506545
212	5	3.2019377037451657
212	6	9.609081661529162
212	7	8.42954860506545
212	8	7.005293153723489
212	9	7.005293153723489
212	10	4.126416927457193
212	11	14.183107691457048
212	12	13.59299215720423
213	0	6.08081393001146
213	1	3.2019377037451657
213	2	9.049877131874622
213	3	13.904098077051641
213	4	8.42954860506545
213	5	8.42954860506545
213	6	7.810524706602059
213	7	9.609081661529162
213	8	13.258628467745025
213	9	6.08081393001146
213	10	12.668512933492206
213	11	6.08081393001146
213	12	3.2019377037451657
214	0	6.08081393001146
214	1	3.2019377037451657
214	2	9.049877131874622
214	3	6.08081393001146
214	4	13.904098077051641
214	5	9.609081661529162
214	6	3.2019377037451657
214	7	13.258628467745025
214	8	12.668512933492206
214	9	8.42954860506545
214	10	8.42954860506545
214	11	6.08081393001146
214	12	7.810524706602059
215	0	3.2019377037451657
215	1	7.810524706602059
215	2	13.258628467745025
215	3	9.049877131874622
215	4	6.08081393001146
215	5	6.08081393001146
215	6	13.904098077051641
215	7	3.2019377037451657
215	8	8.42954860506545
215	9	12.668512933492206
215	10	6.08081393001146
215	11	9.609081661529162
215	12	8.42954860506545
216	0	7.005293153723489
216	1	4.126416927457193
216	2	8.735003930314088
216	3	9.97435635558665
216	4	13.59299215720423
216	5	9.354027828777479
216	6	10.533560885241188
216	7	14.828577300763662
216	8	4.126416927457193
216	9	14.183107691457048
216	10	7.005293153723489
216	11	7.005293153723489
216	12	8.42954860506545
217	0	3.2019377037451657
217	1	3.2019377037451657
217	2	12.668512933492206
217	3	9.609081661529162
217	4	6.08081393001146
217	5	6.08081393001146
217	6	6.08081393001146
217	7	13.904098077051641
217	8	13.258628467745025
217	9	8.42954860506545
217	10	9.049877131874622
217	11	8.42954860506545
217	12	7.810524706602059
218	0	3.2019377037451657
218	1	8.42954860506545
218	2	6.08081393001146
218	3	6.08081393001146
218	4	6.08081393001146
218	5	3.2019377037451657
218	6	7.810524706602059
218	7	8.42954860506545
218	8	13.904098077051641
218	9	9.049877131874622
218	10	13.258628467745025
218	11	12.668512933492206
218	12	9.609081661529162
219	0	3.2019377037451657
219	1	8.42954860506545
219	2	6.08081393001146
219	3	7.810524706602059
219	4	9.049877131874622
219	5	12.668512933492206
219	6	13.258628467745025
219	7	13.904098077051641
219	8	9.609081661529162
219	9	3.2019377037451657
219	10	8.42954860506545
219	11	6.08081393001146
219	12	6.08081393001146
220	0	9.049877131874622
220	1	13.904098077051641
220	2	3.2019377037451657
220	3	9.609081661529162
220	4	6.08081393001146
220	5	3.2019377037451657
220	6	7.810524706602059
220	7	6.08081393001146
220	8	12.668512933492206
220	9	8.42954860506545
220	10	13.258628467745025
220	11	6.08081393001146
220	12	8.42954860506545
221	0	9.609081661529162
221	1	9.354027828777479
221	2	7.005293153723489
221	3	9.97435635558665
221	4	14.183107691457048
221	5	13.59299215720423
221	6	9.354027828777479
221	7	4.126416927457193
221	8	7.005293153723489
221	9	8.735003930314088
221	10	7.005293153723489
221	11	14.828577300763662
221	12	4.126416927457193
222	0	6.08081393001146
222	1	6.08081393001146
222	2	3.2019377037451657
222	3	9.609081661529162
222	4	3.2019377037451657
222	5	7.810524706602059
222	6	6.08081393001146
222	7	12.668512933492206
222	8	13.258628467745025
222	9	9.049877131874622
222	10	8.42954860506545
222	11	8.42954860506545
222	12	13.904098077051641
223	0	9.609081661529162
223	1	3.2019377037451657
223	2	13.258628467745025
223	3	6.08081393001146
223	4	13.904098077051641
223	5	6.08081393001146
223	6	8.42954860506545
223	7	12.668512933492206
223	8	3.2019377037451657
223	9	7.810524706602059
223	10	6.08081393001146
223	11	8.42954860506545
223	12	9.049877131874622
224	0	13.904098077051641
224	1	3.2019377037451657
224	2	6.08081393001146
224	3	9.609081661529162
224	4	7.810524706602059
224	5	8.42954860506545
224	6	13.258628467745025
224	7	3.2019377037451657
224	8	9.049877131874622
224	9	6.08081393001146
224	10	12.668512933492206
224	11	8.42954860506545
224	12	6.08081393001146
225	0	3.2019377037451657
225	1	13.258628467745025
225	2	9.049877131874622
225	3	12.668512933492206
225	4	6.08081393001146
225	5	6.08081393001146
225	6	8.42954860506545
225	7	13.904098077051641
225	8	8.42954860506545
225	9	6.08081393001146
225	10	3.2019377037451657
225	11	9.609081661529162
225	12	7.810524706602059
226	0	9.049877131874622
226	1	3.2019377037451657
226	2	12.668512933492206
226	3	13.258628467745025
226	4	8.42954860506545
226	5	8.42954860506545
226	6	6.08081393001146
226	7	13.904098077051641
226	8	6.08081393001146
226	9	6.08081393001146
226	10	3.2019377037451657
226	11	9.609081661529162
226	12	7.810524706602059
227	0	7.005293153723489
227	1	14.183107691457048
227	2	12.668512933492206
227	3	10.533560885241188
227	4	4.126416927457193
227	5	4.126416927457193
227	6	9.354027828777479
227	7	14.828577300763662
227	8	8.735003930314088
227	9	9.354027828777479
227	10	7.005293153723489
227	11	7.005293153723489
227	12	9.97435635558665
228	0	13.904098077051641
228	1	3.2019377037451657
228	2	13.258628467745025
228	3	6.08081393001146
228	4	9.609081661529162
228	5	8.42954860506545
228	6	6.08081393001146
228	7	9.049877131874622
228	8	6.08081393001146
228	9	7.810524706602059
228	10	3.2019377037451657
228	11	8.42954860506545
228	12	12.668512933492206
229	0	8.42954860506545
229	1	8.735003930314088
229	2	7.005293153723489
229	3	7.005293153723489
229	4	10.533560885241188
229	5	4.126416927457193
229	6	9.354027828777479
229	7	4.126416927457193
229	8	14.183107691457048
229	9	7.005293153723489
229	10	13.59299215720423
229	11	9.97435635558665
229	12	14.828577300763662
230	0	12.668512933492206
230	1	8.42954860506545
230	2	6.08081393001146
230	3	9.609081661529162
230	4	7.810524706602059
230	5	9.049877131874622
230	6	3.2019377037451657
230	7	6.08081393001146
230	8	13.904098077051641
230	9	3.2019377037451657
230	10	13.258628467745025
230	11	8.42954860506545
230	12	6.08081393001146
231	0	4.126416927457193
231	1	9.049877131874622
231	2	4.126416927457193
231	3	13.59299215720423
231	4	9.354027828777479
231	5	9.354027828777479
231	6	14.828577300763662
231	7	12.172773169078024
231	8	11.600709237520443
231	9	4.126416927457193
231	10	7.005293153723489
231	11	9.97435635558665
231	12	7.005293153723489
231	13	7.005293153723489
231	14	8.735003930314088
231	15	5.978245312355271
231	16	4.126416927457193
232	0	9.97435635558665
232	1	4.126416927457193
232	2	8.735003930314088
232	3	9.97435635558665
232	4	9.354027828777479
232	5	9.354027828777479
232	6	7.005293153723489
232	7	14.828577300763662
232	8	5.978245312355271
232	9	5.978245312355271
232	10	13.59299215720423
232	11	7.005293153723489
232	12	7.005293153723489
232	13	4.126416927457193
232	14	11.600709237520443
233	0	6.08081393001146
233	1	8.42954860506545
233	2	8.42954860506545
233	3	7.810524706602059
233	4	6.08081393001146
233	5	3.2019377037451657
233	6	9.049877131874622
233	7	10.676230013808418
233	8	6.08081393001146
233	9	12.668512933492206
233	10	6.08081393001146
233	11	9.049877131874622
233	12	6.08081393001146
233	13	13.904098077051641
233	14	3.2019377037451657
234	0	9.97435635558665
234	1	9.354027828777479
234	2	14.828577300763662
234	3	7.005293153723489
234	4	7.005293153723489
234	5	11.600709237520443
234	6	7.005293153723489
234	7	9.354027828777479
234	8	4.126416927457193
234	9	9.97435635558665
234	10	7.005293153723489
234	11	8.735003930314088
234	12	7.005293153723489
234	13	13.59299215720423
234	14	4.126416927457193
235	0	7.005293153723489
235	1	9.354027828777479
235	2	4.126416927457193
235	3	7.005293153723489
235	4	9.354027828777479
235	5	9.97435635558665
235	6	15.115096177383373
235	7	7.005293153723489
235	8	9.97435635558665
235	9	8.735003930314088
236	0	7.810524706602059
236	1	8.42954860506545
236	2	9.049877131874622
236	3	14.19061695367135
236	4	6.08081393001146
236	5	6.08081393001146
236	6	3.2019377037451657
236	7	9.049877131874622
236	8	6.08081393001146
236	9	8.42954860506545
237	0	15.115096177383373
237	1	7.005293153723489
237	2	8.735003930314088
237	3	4.126416927457193
237	4	7.005293153723489
237	5	7.005293153723489
237	6	4.126416927457193
237	7	13.59299215720423
237	8	9.97435635558665
237	9	7.005293153723489
237	10	11.600709237520443
237	11	9.354027828777479
237	12	8.42954860506545
237	13	9.97435635558665
237	14	7.005293153723489
238	0	4.126416927457193
238	1	7.005293153723489
238	2	8.735003930314088
238	3	9.354027828777479
238	4	7.005293153723489
238	5	7.005293153723489
238	6	9.97435635558665
238	7	9.97435635558665
238	8	14.19061695367135
238	9	9.354027828777479
239	0	6.08081393001146
239	1	6.08081393001146
239	2	3.2019377037451657
239	3	6.08081393001146
239	4	9.049877131874622
239	5	8.42954860506545
239	6	14.19061695367135
239	7	9.049877131874622
239	8	8.42954860506545
239	9	7.810524706602059
240	0	8.904819764492641
240	1	4.126416927457193
240	2	7.005293153723489
240	3	7.005293153723489
240	4	9.97435635558665
240	5	9.97435635558665
240	6	8.735003930314088
240	7	14.923910961769973
240	8	9.354027828777479
240	9	7.005293153723489
240	10	9.354027828777479
241	0	6.08081393001146
241	1	8.42954860506545
241	2	9.049877131874622
241	3	14.923910961769973
241	4	6.08081393001146
241	5	3.2019377037451657
241	6	7.810524706602059
241	7	9.049877131874622
241	8	6.08081393001146
241	9	8.42954860506545
241	10	9.007388382148832
241	11	7.005293153723489
241	12	13.59299215720423
241	13	11.600709237520443
241	14	4.126416927457193
241	15	7.005293153723489
242	0	3.2019377037451657
242	1	9.049877131874622
242	2	7.810524706602059
242	3	6.08081393001146
242	4	8.42954860506545
242	5	8.42954860506545
242	6	14.923910961769973
242	7	6.08081393001146
242	8	9.007388382148832
242	9	6.08081393001146
242	10	9.049877131874622
243	0	9.049877131874622
243	1	6.08081393001146
243	2	6.08081393001146
243	3	3.2019377037451657
243	4	8.42954860506545
243	5	8.42954860506545
243	6	14.923910961769973
243	7	7.810524706602059
243	8	9.007388382148832
243	9	9.049877131874622
243	10	6.08081393001146
244	0	8.947308514218431
244	1	13.59299215720423
244	2	8.32697998740926
244	3	14.821342344113784
244	4	7.707956088945869
244	5	8.904819764492641
245	0	7.005293153723489
245	1	4.126416927457193
245	2	9.97435635558665
245	3	9.97435635558665
245	4	7.005293153723489
245	5	4.126416927457193
245	6	9.354027828777479
245	7	14.923910961769973
245	8	11.600709237520443
245	9	13.59299215720423
245	10	7.005293153723489
245	11	7.005293153723489
245	12	7.005293153723489
245	13	8.735003930314088
245	14	9.354027828777479
246	0	6.08081393001146
246	1	12.668512933492206
246	2	14.923910961769973
246	3	3.2019377037451657
246	4	6.08081393001146
246	5	8.42954860506545
246	6	6.08081393001146
246	7	9.049877131874622
246	8	7.810524706602059
246	9	10.676230013808418
246	10	3.2019377037451657
246	11	9.049877131874622
246	12	6.08081393001146
246	13	6.08081393001146
246	14	8.42954860506545
247	0	6.08081393001146
247	1	6.08081393001146
247	2	9.049877131874622
247	3	3.2019377037451657
247	4	9.049877131874622
247	5	8.42954860506545
247	6	6.08081393001146
247	7	9.93186760586086
247	8	8.42954860506545
247	9	14.923910961769973
247	10	7.810524706602059
248	0	9.354027828777479
248	1	11.600709237520443
248	2	4.126416927457193
248	3	3.0993690860889758
248	4	4.126416927457193
248	5	8.735003930314088
248	6	7.005293153723489
248	7	15.848390185481996
248	8	12.668512933492206
248	9	9.97435635558665
248	10	7.005293153723489
248	11	7.005293153723489
248	12	9.354027828777479
248	13	7.005293153723489
248	14	9.97435635558665
248	15	7.005293153723489
249	0	7.005293153723489
249	1	8.735003930314088
249	2	4.126416927457193
249	3	9.354027828777479
249	4	9.354027828777479
249	5	9.97435635558665
249	6	9.97435635558665
249	7	4.126416927457193
249	8	7.005293153723489
249	9	7.005293153723489
249	10	4.126416927457193
249	11	5.978245312355271
249	12	13.59299215720423
249	13	15.848390185481996
249	14	7.005293153723489
249	15	10.379752241478727
249	16	7.005293153723489
250	0	6.08081393001146
250	1	7.005293153723489
250	2	15.848390185481996
250	3	9.97435635558665
250	4	9.354027828777479
250	5	6.771629374840876
250	6	8.735003930314088
250	7	7.005293153723489
250	8	7.005293153723489
250	9	9.97435635558665
250	10	4.126416927457193
250	11	4.126416927457193
250	12	9.93186760586086
250	13	13.59299215720423
250	14	4.126416927457193
250	15	11.304231465190753
250	16	7.005293153723489
250	17	7.005293153723489
251	0	5.847150151128847
251	1	6.08081393001146
251	2	14.923910961769973
251	3	6.08081393001146
251	4	7.810524706602059
251	5	10.379752241478727
251	6	3.2019377037451657
251	7	9.049877131874622
251	8	12.668512933492206
251	9	9.049877131874622
251	10	6.08081393001146
251	11	8.42954860506545
251	12	6.08081393001146
251	13	3.2019377037451657
251	14	6.08081393001146
251	15	3.2019377037451657
251	16	6.08081393001146
252	0	6.08081393001146
252	1	14.923910961769973
252	2	6.08081393001146
252	3	6.08081393001146
252	4	8.42954860506545
252	5	5.847150151128847
252	6	6.08081393001146
252	7	3.2019377037451657
252	8	3.2019377037451657
252	9	9.049877131874622
252	10	3.2019377037451657
252	11	7.810524706602059
252	12	12.668512933492206
252	13	6.08081393001146
252	14	9.049877131874622
252	15	6.08081393001146
252	16	10.379752241478727
253	0	6.08081393001146
253	1	8.42954860506545
253	2	6.08081393001146
253	3	6.08081393001146
253	4	6.08081393001146
253	5	9.049877131874622
253	6	9.049877131874622
253	7	7.810524706602059
253	8	3.2019377037451657
253	9	5.847150151128847
253	10	3.2019377037451657
253	11	14.923910961769973
253	12	10.379752241478727
253	13	6.08081393001146
253	14	12.668512933492206
253	15	3.2019377037451657
253	16	6.08081393001146
253	17	9.93186760586086
254	0	9.049877131874622
254	1	8.42954860506545
254	2	9.049877131874622
254	3	3.2019377037451657
254	4	7.810524706602059
254	5	3.2019377037451657
254	6	5.847150151128847
254	7	14.923910961769973
254	8	6.08081393001146
254	9	6.08081393001146
254	10	6.08081393001146
254	11	6.08081393001146
254	12	6.08081393001146
254	13	3.2019377037451657
254	14	12.668512933492206
254	15	6.08081393001146
254	16	10.379752241478727
254	17	9.007388382148832
255	0	6.08081393001146
255	1	3.2019377037451657
255	2	6.08081393001146
255	3	14.923910961769973
255	4	6.08081393001146
255	5	8.42954860506545
255	6	7.810524706602059
255	7	3.2019377037451657
255	8	9.049877131874622
255	9	6.08081393001146
255	10	5.847150151128847
255	11	9.049877131874622
255	12	9.007388382148832
255	13	6.08081393001146
255	14	12.668512933492206
255	15	6.08081393001146
255	16	3.2019377037451657
255	17	10.379752241478727
255	18	12.172773169078024
255	19	4.126416927457193
256	0	8.947308514218431
256	1	8.32697998740926
256	2	8.32697998740926
256	3	8.947308514218431
256	4	5.978245312355271
256	5	8.904819764492641
257	0	12.172773169078024
257	1	11.304231465190753
257	2	4.126416927457193
257	3	15.848390185481996
257	4	7.005293153723489
257	5	9.354027828777479
257	6	7.005293153723489
257	7	7.005293153723489
257	8	9.97435635558665
257	9	9.97435635558665
257	10	9.354027828777479
257	11	7.005293153723489
257	12	3.2019377037451657
257	13	8.735003930314088
258	0	11.304231465190753
258	1	12.172773169078024
258	2	4.126416927457193
258	3	9.354027828777479
258	4	7.005293153723489
258	5	8.735003930314088
258	6	7.005293153723489
258	7	15.848390185481996
258	8	7.005293153723489
258	9	9.97435635558665
258	10	7.005293153723489
258	11	9.97435635558665
258	12	4.126416927457193
258	13	9.354027828777479
259	0	6.08081393001146
259	1	6.08081393001146
259	2	6.08081393001146
259	3	8.42954860506545
259	4	9.049877131874622
259	5	14.923910961769973
259	6	3.2019377037451657
259	7	9.049877131874622
259	8	6.08081393001146
259	9	3.2019377037451657
259	10	8.42954860506545
259	11	9.93186760586086
259	12	7.810524706602059
260	0	9.97435635558665
260	1	4.126416927457193
260	2	7.005293153723489
260	3	8.735003930314088
260	4	11.304231465190753
260	5	7.005293153723489
260	6	5.978245312355271
260	7	8.42954860506545
260	8	13.59299215720423
260	9	15.848390185481996
260	10	9.354027828777479
260	11	4.126416927457193
260	12	7.005293153723489
260	13	7.005293153723489
260	14	4.126416927457193
260	15	7.005293153723489
260	16	9.97435635558665
261	0	12.668512933492206
261	1	14.923910961769973
261	2	10.379752241478727
261	3	6.08081393001146
261	4	6.08081393001146
261	5	9.049877131874622
261	6	3.2019377037451657
261	7	6.08081393001146
261	8	3.2019377037451657
261	9	3.2019377037451657
261	10	6.08081393001146
261	11	6.08081393001146
261	12	8.42954860506545
261	13	9.049877131874622
261	14	7.810524706602059
261	15	8.42954860506545
261	16	6.08081393001146
262	0	9.97435635558665
262	1	8.42954860506545
262	2	7.005293153723489
262	3	11.304231465190753
262	4	8.735003930314088
262	5	4.126416927457193
262	6	4.126416927457193
262	7	4.126416927457193
262	8	7.005293153723489
262	9	9.97435635558665
262	10	13.59299215720423
262	11	7.005293153723489
262	12	7.005293153723489
262	13	15.848390185481996
262	14	7.005293153723489
262	15	7.005293153723489
262	16	9.354027828777479
263	0	3.2019377037451657
263	1	7.005293153723489
263	2	4.126416927457193
263	3	13.59299215720423
263	4	7.005293153723489
263	5	7.005293153723489
263	6	7.005293153723489
263	7	9.97435635558665
263	8	7.005293153723489
263	9	15.848390185481996
263	10	4.126416927457193
263	11	9.354027828777479
263	12	9.97435635558665
263	13	8.735003930314088
263	14	11.304231465190753
263	15	7.005293153723489
263	16	9.354027828777479
263	17	9.93186760586086
264	0	3.2019377037451657
264	1	9.049877131874622
264	2	6.08081393001146
264	3	3.2019377037451657
264	4	3.2019377037451657
264	5	9.049877131874622
264	6	10.379752241478727
264	7	12.668512933492206
264	8	6.08081393001146
264	9	6.08081393001146
264	10	7.810524706602059
264	11	6.08081393001146
264	12	8.42954860506545
264	13	6.08081393001146
264	14	6.08081393001146
264	15	14.923910961769973
264	16	8.42954860506545
265	0	10.379752241478727
265	1	6.08081393001146
265	2	8.42954860506545
265	3	3.2019377037451657
265	4	8.42954860506545
265	5	9.049877131874622
265	6	6.08081393001146
265	7	9.049877131874622
265	8	6.08081393001146
265	9	12.668512933492206
265	10	6.08081393001146
265	11	3.2019377037451657
265	12	14.923910961769973
265	13	3.2019377037451657
265	14	6.08081393001146
265	15	6.08081393001146
265	16	7.810524706602059
266	0	8.735003930314088
266	1	7.005293153723489
266	2	9.354027828777479
266	3	15.848390185481996
266	4	9.97435635558665
266	5	4.126416927457193
266	6	9.354027828777479
266	7	7.005293153723489
266	8	9.97435635558665
266	9	7.005293153723489
266	10	7.005293153723489
266	11	4.126416927457193
266	12	9.93186760586086
266	13	7.005293153723489
266	14	13.59299215720423
266	15	11.304231465190753
266	16	4.126416927457193
266	17	7.005293153723489
266	18	12.172773169078024
267	0	8.42954860506545
267	1	6.08081393001146
267	2	8.42954860506545
267	3	6.08081393001146
267	4	14.923910961769973
267	5	6.08081393001146
267	6	9.049877131874622
267	7	7.810524706602059
267	8	3.2019377037451657
267	9	10.379752241478727
267	10	12.668512933492206
267	11	6.08081393001146
267	12	6.08081393001146
267	13	3.2019377037451657
267	14	6.08081393001146
267	15	3.2019377037451657
267	16	9.049877131874622
268	0	3.2019377037451657
268	1	8.42954860506545
268	2	6.08081393001146
268	3	9.049877131874622
268	4	9.049877131874622
268	5	3.2019377037451657
268	6	9.93186760586086
268	7	6.08081393001146
268	8	6.08081393001146
268	9	6.08081393001146
268	10	14.923910961769973
268	11	8.42954860506545
268	12	7.810524706602059
269	0	7.005293153723489
269	1	6.08081393001146
269	2	14.923910961769973
269	3	7.005293153723489
269	4	8.42954860506545
269	5	8.42954860506545
269	6	9.049877131874622
269	7	7.810524706602059
269	8	3.2019377037451657
269	9	13.59299215720423
269	10	9.049877131874622
269	11	4.126416927457193
269	12	11.304231465190753
269	13	3.2019377037451657
269	14	6.08081393001146
269	15	6.08081393001146
269	16	6.08081393001146
270	0	11.304231465190753
270	1	4.126416927457193
270	2	9.354027828777479
270	3	7.005293153723489
270	4	7.005293153723489
270	5	15.848390185481996
270	6	7.005293153723489
270	7	9.97435635558665
270	8	7.005293153723489
270	9	8.735003930314088
270	10	8.42954860506545
270	11	4.126416927457193
270	12	9.97435635558665
