130	0	-2.0517520904541016
130	1	-2.9334888458251953
130	2	3.388911485671997
130	3	3.2205982208251953
130	4	-2.487377166748047
130	5	-3.5822770595550537
130	6	-2.7214090824127197
130	7	3.2205982208251953
130	8	3.388911485671997
130	9	0.05348954722285271
130	10	1.687248945236206
130	11	-2.82879376411438
130	12	-2.2651302814483643
130	13	-2.4895355701446533
130	14	3.133701801300049
130	15	3.2205982208251953
130	16	3.133701801300049
131	0	0.7800350785255432
131	1	-2.962188243865967
131	2	3.388911485671997
131	3	-2.178370475769043
131	4	0.05348954722285271
131	5	-2.9916539192199707
132	0	-2.883310317993164
132	1	1.6286132335662842
132	2	1.1748040914535522
132	3	3.2205982208251953
132	4	0.05348954722285271
132	5	3.133701801300049
132	6	-2.0517520904541016
132	7	-2.6979000568389893
132	8	-2.818840742111206
132	9	0.8767944574356079
132	10	3.133701801300049
132	11	3.388911485671997
132	12	-2.474311113357544
132	13	-2.8790175914764404
132	14	3.133701801300049
132	15	-2.8990237712860107
132	16	1.7208365201950073
132	17	3.2205982208251953
132	18	3.388911485671997
132	19	-2.1337828636169434
132	20	3.133701801300049
132	21	3.2205982208251953
132	22	-2.9383747577667236
132	23	3.2205982208251953
132	24	3.3895630836486816
133	0	3.388911485671997
133	1	3.388911485671997
133	2	1.1748040914535522
133	3	-2.896350145339966
133	4	-2.073186159133911
133	5	-2.2600929737091064
133	6	-2.4895355701446533
133	7	-2.487377166748047
133	8	0.05348954722285271
133	9	3.133701801300049
133	10	-3.143904209136963
133	11	-2.8790175914764404
133	12	3.2205982208251953
133	13	3.133701801300049
133	14	3.2205982208251953
133	15	1.687248945236206
133	16	-2.8187499046325684
133	17	3.2205982208251953
134	0	3.388911485671997
134	1	3.2205982208251953
134	2	1.1748040914535522
134	3	-2.2600929737091064
134	4	-2.9334888458251953
134	5	-2.0601460933685303
134	6	3.388911485671997
134	7	-2.487377166748047
134	8	-2.4895355701446533
134	9	3.133701801300049
134	10	-3.143904209136963
134	11	0.05348954722285271
134	12	-2.8790175914764404
134	13	-2.82879376411438
134	14	3.133701801300049
134	15	3.2205982208251953
134	16	1.7208365201950073
134	17	3.2205982208251953
135	0	3.133701801300049
135	1	3.133701801300049
135	2	3.133701801300049
135	3	0.8767944574356079
135	4	-3.577239751815796
135	5	-2.896350145339966
135	6	-1.5791112184524536
135	7	-2.4895355701446533
135	8	3.388911485671997
135	9	-2.487377166748047
135	10	-2.8790175914764404
135	11	0.05348954722285271
136	0	3.388911485671997
136	1	-2.8790175914764404
136	2	3.133701801300049
136	3	-1.6015677452087402
136	4	-2.487377166748047
136	5	-2.896350145339966
136	6	-2.4895355701446533
136	7	-3.577239751815796
136	8	3.388911485671997
136	9	3.133701801300049
136	10	0.8767944574356079
136	11	3.3895630836486816
136	12	-2.073186159133911
136	13	0.05348954722285271
136	14	1.6286132335662842
136	15	1.1748040914535522
136	16	-2.2651302814483643
136	17	-2.82879376411438
136	18	3.2205982208251953
136	19	3.2205982208251953
136	20	1.3859305381774902
136	21	3.133701801300049
136	22	3.2205982208251953
136	23	-2.9383747577667236
136	24	-2.94551420211792
137	0	-2.896350145339966
137	1	-2.487377166748047
137	2	-2.073186159133911
137	3	3.2205982208251953
137	4	0.05348954722285271
137	5	3.133701801300049
137	6	3.2205982208251953
137	7	3.2205982208251953
137	8	3.388911485671997
137	9	-2.82879376411438
137	10	-2.8790175914764404
137	11	-2.2600929737091064
137	12	1.7208365201950073
137	13	-2.4895355701446533
137	14	-2.230025053024292
137	15	3.133701801300049
137	16	3.388911485671997
137	17	1.1748040914535522
137	18	1.6286132335662842
138	0	-2.487377166748047
138	1	3.133701801300049
138	2	-2.896350145339966
138	3	-2.8790175914764404
138	4	0.05348954722285271
138	5	-1.343774437904358
138	6	3.133701801300049
138	7	0.8767944574356079
138	8	3.388911485671997
138	9	3.133701801300049
138	10	-3.143904209136963
138	11	-2.4895355701446533
139	0	0.05348954722285271
139	1	3.388911485671997
139	2	-3.577239751815796
139	3	3.133701801300049
139	4	-2.4895355701446533
139	5	-2.883310317993164
139	6	-2.2651302814483643
139	7	3.388911485671997
139	8	1.1748040914535522
139	9	-2.487377166748047
139	10	-2.8790175914764404
139	11	3.2205982208251953
140	0	3.388911485671997
140	1	1.1748040914535522
140	2	-2.883310317993164
140	3	-2.073186159133911
140	4	3.388911485671997
140	5	3.2205982208251953
140	6	-2.2600929737091064
140	7	0.05348954722285271
140	8	3.133701801300049
140	9	1.3859305381774902
140	10	-3.577239751815796
140	11	-2.8790175914764404
140	12	-2.82879376411438
140	13	3.133701801300049
140	14	-2.4895355701446533
140	15	-2.487377166748047
140	16	3.2205982208251953
140	17	3.2205982208251953
140	18	-2.9383747577667236
140	19	1.6286132335662842
141	0	3.388911485671997
141	1	1.1748040914535522
141	2	3.388911485671997
141	3	-2.487377166748047
141	4	-2.8840548992156982
141	5	-2.896350145339966
141	6	-2.073186159133911
141	7	3.133701801300049
141	8	3.2205982208251953
141	9	0.05348954722285271
141	10	-3.143904209136963
141	11	-2.570648193359375
141	12	-2.6634905338287354
141	13	-2.2651302814483643
141	14	3.133701801300049
141	15	3.2205982208251953
141	16	1.7208365201950073
141	17	-2.82879376411438
141	18	3.2205982208251953
141	19	1.6286132335662842
141	20	3.133701801300049
141	21	0.8767944574356079
141	22	-1.4860384464263916
141	23	3.3895630836486816
141	24	-2.94551420211792
141	25	3.133701801300049
142	0	3.388911485671997
142	1	1.1748040914535522
142	2	-2.8790175914764404
142	3	-2.487377166748047
142	4	-2.896350145339966
142	5	3.388911485671997
142	6	0.05348954722285271
142	7	-3.143904209136963
142	8	3.133701801300049
142	9	-2.4895355701446533
142	10	3.2205982208251953
142	11	-2.2600929737091064
142	12	0.8767944574356079
142	13	3.133701801300049
142	14	-1.343774437904358
142	15	1.6286132335662842
142	16	-2.073186159133911
142	17	-0.1586831659078598
142	18	0.7800350785255432
143	0	1.1748040914535522
143	1	-2.9028398990631104
143	2	1.6286132335662842
143	3	3.133701801300049
143	4	-1.3417900800704956
143	5	-2.043600559234619
143	6	0.031779177486896515
143	7	3.388911485671997
143	8	-2.474311113357544
143	9	1.7208365201950073
143	10	-2.8474056720733643
143	11	-2.9383747577667236
143	12	0.8767944574356079
143	13	-2.818840742111206
143	14	3.2205982208251953
143	15	3.2205982208251953
143	16	-2.6979000568389893
143	17	3.388911485671997
143	18	3.133701801300049
143	19	3.2205982208251953
143	20	3.2205982208251953
143	21	3.133701801300049
143	22	-2.8990237712860107
143	23	-2.1337828636169434
143	24	3.133701801300049
143	25	3.3895630836486816
143	26	-2.94551420211792
143	27	0.7800350785255432
144	0	3.2205982208251953
144	1	-2.2600929737091064
144	2	1.1748040914535522
144	3	3.388911485671997
144	4	-2.896350145339966
144	5	-3.577239751815796
144	6	3.133701801300049
144	7	-2.487377166748047
144	8	0.8767944574356079
144	9	-2.4895355701446533
144	10	1.6286132335662842
144	11	0.05348954722285271
144	12	-2.073186159133911
144	13	3.388911485671997
145	0	-2.487377166748047
145	1	3.133701801300049
145	2	-3.577239751815796
145	3	-2.8840548992156982
145	4	-1.343774437904358
145	5	-2.4895355701446533
145	6	3.388911485671997
145	7	3.133701801300049
145	8	0.8767944574356079
145	9	-2.896350145339966
145	10	0.05348954722285271
145	11	1.1748040914535522
145	12	-2.073186159133911
145	13	1.6286132335662842
145	14	3.388911485671997
145	15	3.2205982208251953
145	16	-2.2600929737091064
145	17	1.687248945236206
145	18	3.2205982208251953
145	19	-2.82879376411438
145	20	3.133701801300049
145	21	3.2205982208251953
146	0	3.388911485671997
146	1	3.3895630836486816
146	2	3.388911485671997
146	3	-2.073186159133911
146	4	1.6286132335662842
146	5	-2.883310317993164
146	6	1.1748040914535522
146	7	0.05348954722285271
146	8	3.133701801300049
146	9	-3.577239751815796
146	10	-2.8790175914764404
146	11	3.133701801300049
146	12	-1.343774437904358
146	13	-2.487377166748047
146	14	0.8767944574356079
146	15	-2.4895355701446533
147	0	3.3895630836486816
147	1	-2.367112874984741
147	2	-2.896350145339966
147	3	1.6286132335662842
147	4	3.388911485671997
147	5	1.1748040914535522
147	6	3.133701801300049
147	7	0.05348954722285271
147	8	-2.073186159133911
147	9	3.388911485671997
147	10	0.8767944574356079
147	11	-1.343774437904358
147	12	-2.8790175914764404
147	13	3.133701801300049
147	14	-2.4895355701446533
147	15	-2.487377166748047
148	0	-2.073186159133911
148	1	3.388911485671997
148	2	3.388911485671997
148	3	3.3895630836486816
148	4	-2.8790175914764404
148	5	3.133701801300049
148	6	-1.343774437904358
148	7	-2.4895355701446533
148	8	-2.896350145339966
148	9	-3.280991792678833
148	10	3.133701801300049
148	11	-2.487377166748047
148	12	0.8767944574356079
148	13	1.1748040914535522
148	14	1.6286132335662842
148	15	0.05348954722285271
149	0	-3.280991792678833
149	1	-2.487377166748047
149	2	3.133701801300049
149	3	-2.896350145339966
149	4	3.388911485671997
149	5	0.05348954722285271
149	6	-2.4895355701446533
149	7	-2.94551420211792
150	0	-2.073186159133911
150	1	-2.883310317993164
150	2	3.2205982208251953
150	3	3.388911485671997
150	4	0.05348954722285271
150	5	1.1748040914535522
150	6	-2.4895355701446533
150	7	1.6286132335662842
150	8	3.133701801300049
150	9	-2.487377166748047
150	10	1.3859305381774902
150	11	-2.8990237712860107
150	12	3.388911485671997
150	13	3.2205982208251953
150	14	3.133701801300049
150	15	-2.40791654586792
150	16	3.2205982208251953
150	17	-3.143904209136963
150	18	-2.8790175914764404
151	0	3.388911485671997
151	1	-2.2600929737091064
151	2	-2.073186159133911
151	3	3.2205982208251953
151	4	-2.896350145339966
151	5	3.2205982208251953
151	6	-2.8187499046325684
151	7	3.388911485671997
151	8	1.687248945236206
151	9	-2.4895355701446533
151	10	-3.280991792678833
151	11	0.05348954722285271
151	12	3.2205982208251953
151	13	3.133701801300049
151	14	3.133701801300049
151	15	-2.487377166748047
151	16	-2.8790175914764404
151	17	-2.9383747577667236
151	18	1.1748040914535522
151	19	1.6286132335662842
151	20	-2.6647613048553467
152	0	-2.8790175914764404
152	1	1.7208365201950073
152	2	-2.4895355701446533
152	3	-2.6634905338287354
152	4	-2.073186159133911
152	5	3.388911485671997
152	6	-2.896350145339966
152	7	-2.82879376411438
153	0	3.388911485671997
153	1	1.1748040914535522
153	2	-2.896350145339966
153	3	-2.0601460933685303
153	4	3.388911485671997
153	5	0.05348954722285271
153	6	1.6286132335662842
153	7	-2.8790175914764404
153	8	-2.487377166748047
153	9	-2.4895355701446533
153	10	-3.143904209136963
153	11	3.2205982208251953
153	12	3.133701801300049
153	13	-2.2600929737091064
154	0	0.05348954722285271
154	1	1.6286132335662842
154	2	1.1748040914535522
154	3	-2.9250495433807373
154	4	-2.82879376411438
154	5	-2.6647613048553467
155	0	1.6286132335662842
155	1	3.133701801300049
155	2	3.388911485671997
155	3	1.1748040914535522
155	4	-2.9190478324890137
155	5	-3.143904209136963
155	6	0.05348954722285271
155	7	3.388911485671997
155	8	-2.073186159133911
155	9	-2.487377166748047
155	10	3.2205982208251953
155	11	-2.2600929737091064
155	12	-2.4895355701446533
155	13	-2.8790175914764404
156	0	3.388911485671997
156	1	1.1748040914535522
156	2	3.388911485671997
156	3	-3.577239751815796
156	4	-2.487377166748047
156	5	3.133701801300049
156	6	3.3895630836486816
156	7	-2.896350145339966
156	8	-2.073186159133911
156	9	3.2205982208251953
156	10	-2.8790175914764404
156	11	-2.4895355701446533
156	12	0.05348954722285271
156	13	1.6286132335662842
156	14	-2.2600929737091064
156	15	-2.8681447505950928
156	16	3.2205982208251953
156	17	3.133701801300049
156	18	1.7208365201950073
156	19	-2.82879376411438
156	20	3.2205982208251953
157	0	3.388911485671997
157	1	3.2205982208251953
157	2	-2.896350145339966
157	3	1.1748040914535522
157	4	3.388911485671997
157	5	3.133701801300049
157	6	-3.143904209136963
157	7	0.05348954722285271
157	8	-2.4895355701446533
157	9	-2.487377166748047
157	10	-2.8790175914764404
157	11	1.6286132335662842
157	12	-2.073186159133911
157	13	-2.2600929737091064
158	0	-2.191410541534424
158	1	-2.9250495433807373
158	2	1.6286132335662842
158	3	0.05348954722285271
158	4	3.2205982208251953
158	5	3.133701801300049
158	6	-2.487377166748047
158	7	3.388911485671997
158	8	1.1748040914535522
158	9	-3.1841046810150146
158	10	-2.3783175945281982
158	11	3.388911485671997
158	12	-2.518234968185425
158	13	-2.907716989517212
159	0	3.388911485671997
159	1	-2.896350145339966
159	2	-2.073186159133911
159	3	1.6286132335662842
159	4	1.1748040914535522
159	5	-2.487377166748047
159	6	3.2205982208251953
159	7	0.05348954722285271
159	8	3.133701801300049
159	9	3.388911485671997
159	10	-3.577239751815796
159	11	-2.570648193359375
159	12	-2.8790175914764404
159	13	-2.2600929737091064
160	0	0.05348954722285271
160	1	-2.073186159133911
160	2	1.1748040914535522
160	3	-2.896350145339966
160	4	3.388911485671997
160	5	3.388911485671997
160	6	3.133701801300049
160	7	-3.280991792678833
160	8	-2.4895355701446533
160	9	-2.487377166748047
160	10	3.2205982208251953
160	11	-2.8790175914764404
160	12	1.6286132335662842
160	13	-2.2600929737091064
161	0	0.05348954722285271
161	1	3.388911485671997
161	2	-2.073186159133911
161	3	-2.883310317993164
161	4	-2.487377166748047
161	5	3.133701801300049
161	6	3.2205982208251953
161	7	-2.8790175914764404
161	8	1.7208365201950073
161	9	3.2205982208251953
161	10	-3.577239751815796
161	11	-2.8990237712860107
161	12	-2.570648193359375
161	13	3.2205982208251953
161	14	3.388911485671997
161	15	-2.2600929737091064
161	16	3.133701801300049
162	0	3.388911485671997
162	1	0.05348954722285271
162	2	-2.073186159133911
162	3	1.1748040914535522
162	4	-2.889061689376831
162	5	3.2205982208251953
162	6	3.388911485671997
162	7	1.6286132335662842
162	8	3.133701801300049
162	9	-3.1489415168762207
162	10	-2.2651302814483643
162	11	-2.487377166748047
162	12	-2.8790175914764404
162	13	-2.4895355701446533
162	14	3.133701801300049
162	15	3.133701801300049
162	16	-1.3417900800704956
162	17	0.8767944574356079
163	0	1.6286132335662842
163	1	1.1748040914535522
163	2	-2.883310317993164
163	3	-2.487377166748047
163	4	3.388911485671997
163	5	3.133701801300049
163	6	3.133701801300049
163	7	-2.8790175914764404
163	8	-3.577239751815796
163	9	-2.4895355701446533
163	10	-1.343774437904358
163	11	0.8767944574356079
163	12	-2.073186159133911
163	13	3.133701801300049
163	14	-2.888979911804199
163	15	3.2205982208251953
163	16	0.05348954722285271
163	17	-2.9383747577667236
163	18	3.388911485671997
163	19	3.2205982208251953
163	20	0.5566399097442627
163	21	3.133701801300049
163	22	3.2205982208251953
163	23	-2.2600929737091064
163	24	1.3859305381774902
163	25	3.3895630836486816
163	26	3.2205982208251953
164	0	3.388911485671997
164	1	1.1748040914535522
164	2	-2.043600559234619
164	3	-2.9028398990631104
164	4	1.6286132335662842
164	5	-2.1337828636169434
164	6	3.388911485671997
164	7	0.031779177486896515
164	8	3.2205982208251953
164	9	-2.6979000568389893
164	10	0.3050749599933624
164	11	-3.132030725479126
164	12	-2.8474056720733643
164	13	-2.474311113357544
164	14	0.7785576581954956
164	15	0.3176841735839844
165	0	-2.889061689376831
165	1	1.6286132335662842
165	2	1.1748040914535522
165	3	3.2205982208251953
165	4	3.2205982208251953
165	5	-3.5822770595550537
165	6	3.388911485671997
165	7	3.2205982208251953
165	8	-2.4895355701446533
165	9	0.3050749599933624
165	10	-2.8840548992156982
165	11	3.2205982208251953
165	12	0.05348954722285271
165	13	-2.487377166748047
165	14	3.133701801300049
165	15	-2.073186159133911
165	16	3.388911485671997
165	17	0.8767944574356079
165	18	-1.3417900800704956
165	19	3.133701801300049
165	20	0.38791415095329285
165	21	-2.2651302814483643
165	22	1.3859305381774902
165	23	3.133701801300049
165	24	0.7785576581954956
165	25	-2.82879376411438
165	26	-2.9383747577667236
165	27	3.3895630836486816
165	28	-2.94551420211792
165	29	3.133701801300049
166	0	-2.82879376411438
166	1	-2.2600929737091064
166	2	3.388911485671997
166	3	1.1748040914535522
166	4	0.38791415095329285
166	5	-2.073186159133911
166	6	-2.883310317993164
166	7	-2.487377166748047
166	8	3.2205982208251953
166	9	-3.577239751815796
166	10	1.687248945236206
166	11	3.388911485671997
166	12	3.2205982208251953
166	13	-2.8790175914764404
166	14	0.7785576581954956
166	15	0.3050749599933624
166	16	0.05348954722285271
166	17	3.2205982208251953
166	18	-2.4895355701446533
166	19	3.133701801300049
167	0	3.388911485671997
167	1	-2.896350145339966
167	2	-3.577239751815796
167	3	0.05348954722285271
167	4	-2.4895355701446533
167	5	0.3050749599933624
167	6	-2.2600929737091064
167	7	2.95237135887146
167	8	-2.487377166748047
167	9	-2.8790175914764404
167	10	-2.6634905338287354
167	11	0.38791415095329285
167	12	-2.073186159133911
167	13	3.2205982208251953
167	14	-2.82879376411438
167	15	3.2205982208251953
167	16	3.133701801300049
167	17	1.687248945236206
167	18	3.2205982208251953
167	19	3.388911485671997
167	20	0.7785576581954956
167	21	3.2205982208251953
167	22	-1.343774437904358
167	23	3.133701801300049
167	24	0.8767944574356079
167	25	1.1748040914535522
167	26	1.6286132335662842
168	0	-2.2651302814483643
168	1	1.1748040914535522
168	2	3.388911485671997
168	3	2.95237135887146
168	4	-2.8187499046325684
168	5	-2.6634905338287354
168	6	3.388911485671997
168	7	-2.487377166748047
168	8	0.3050749599933624
168	9	0.05348954722285271
168	10	-2.889061689376831
168	11	3.2205982208251953
168	12	-2.8840548992156982
168	13	-2.4895355701446533
168	14	-3.1489415168762207
168	15	-2.073186159133911
168	16	3.2205982208251953
168	17	1.687248945236206
168	18	3.2205982208251953
168	19	0.38791415095329285
168	20	0.7785576581954956
168	21	3.133701801300049
168	22	-1.343774437904358
168	23	3.133701801300049
168	24	0.8767944574356079
168	25	3.2205982208251953
168	26	0.7800350785255432
169	0	1.6286132335662842
169	1	1.1748040914535522
169	2	-2.896350145339966
169	3	3.388911485671997
169	4	3.2205982208251953
169	5	-3.143904209136963
169	6	0.05348954722285271
169	7	2.95237135887146
169	8	-1.343774437904358
169	9	0.8767944574356079
169	10	3.133701801300049
169	11	-2.073186159133911
169	12	-2.8790175914764404
169	13	-2.4895355701446533
169	14	1.687248945236206
169	15	-2.6634905338287354
169	16	0.3050749599933624
169	17	3.388911485671997
169	18	-2.82879376411438
169	19	3.2205982208251953
169	20	3.2205982208251953
169	21	0.7785576581954956
169	22	-2.487377166748047
169	23	3.133701801300049
169	24	-2.2600929737091064
169	25	0.38791415095329285
169	26	3.2205982208251953
169	27	3.133701801300049
170	0	-2.487377166748047
170	1	-2.8790175914764404
170	2	-2.896350145339966
170	3	-2.073186159133911
170	4	3.388911485671997
170	5	3.388911485671997
170	6	3.2205982208251953
170	7	1.1748040914535522
170	8	-2.2600929737091064
170	9	-3.280991792678833
170	10	0.3050749599933624
170	11	-2.4895355701446533
170	12	0.05348954722285271
170	13	3.133701801300049
170	14	-2.82879376411438
170	15	0.7785576581954956
170	16	3.2205982208251953
170	17	0.38791415095329285
170	18	1.7208365201950073
170	19	3.2205982208251953
171	0	-2.9028398990631104
171	1	1.6286132335662842
171	2	1.1748040914535522
171	3	3.2205982208251953
171	4	3.388911485671997
171	5	3.133701801300049
171	6	3.388911485671997
171	7	-2.2361369132995605
171	8	3.2205982208251953
171	9	3.2205982208251953
171	10	-2.8474056720733643
171	11	-2.6979000568389893
171	12	-2.3177342414855957
171	13	-2.474311113357544
171	14	-2.9383747577667236
171	15	1.7208365201950073
171	16	-1.3417900800704956
171	17	0.7785576581954956
171	18	-2.40791654586792
171	19	-2.888979911804199
171	20	3.133701801300049
171	21	0.3176841735839844
171	22	0.031779177486896515
171	23	0.3050749599933624
171	24	3.2205982208251953
171	25	0.8767944574356079
171	26	2.95237135887146
171	27	3.133701801300049
171	28	-2.6647613048553467
171	29	3.133701801300049
172	0	-2.8790175914764404
172	1	-2.896350145339966
172	2	1.687248945236206
172	3	3.2205982208251953
172	4	3.388911485671997
172	5	3.2205982208251953
172	6	0.05348954722285271
172	7	0.3050749599933624
172	8	3.388911485671997
172	9	-2.8187499046325684
172	10	-3.280991792678833
172	11	-2.4895355701446533
172	12	3.133701801300049
172	13	0.7785576581954956
172	14	3.2205982208251953
172	15	0.38791415095329285
172	16	-2.487377166748047
172	17	-2.073186159133911
172	18	-2.2600929737091064
172	19	1.1748040914535522
173	0	3.388911485671997
173	1	-2.2600929737091064
173	2	-2.896350145339966
173	3	0.05348954722285271
173	4	-3.143904209136963
173	5	2.95237135887146
173	6	0.3050749599933624
173	7	-2.570648193359375
173	8	-1.343774437904358
173	9	3.133701801300049
173	10	-2.487377166748047
173	11	-2.8790175914764404
173	12	0.8767944574356079
174	0	0.3050749599933624
174	1	-2.487377166748047
174	2	-3.577239751815796
174	3	-2.896350145339966
174	4	3.388911485671997
174	5	-2.6533865928649902
174	6	0.05348954722285271
174	7	-2.8187499046325684
174	8	1.1748040914535522
174	9	-2.073186159133911
174	10	1.6286132335662842
174	11	0.38791415095329285
174	12	0.7800350785255432
174	13	0.7785576581954956
174	14	3.388911485671997
174	15	1.361593246459961
174	16	-2.8790175914764404
175	0	3.388911485671997
175	1	0.3050749599933624
175	2	-2.889061689376831
175	3	-3.5509984493255615
175	4	-2.6525399684906006
175	5	0.031779177486896515
175	6	-2.2651302814483643
175	7	-2.6920313835144043
175	8	-2.833627462387085
175	9	2.95237135887146
175	10	-2.0948965549468994
175	11	1.1748040914535522
175	12	1.6286132335662842
175	13	-2.8187499046325684
175	14	-2.9383747577667236
175	15	-2.94551420211792
175	16	3.133701801300049
176	0	-2.8790175914764404
176	1	-2.487377166748047
176	2	3.388911485671997
176	3	-3.5509984493255615
176	4	0.05348954722285271
176	5	0.3050749599933624
176	6	-2.6533865928649902
176	7	-2.896350145339966
176	8	-2.2600929737091064
176	9	2.95237135887146
176	10	-2.073186159133911
176	11	1.1748040914535522
176	12	1.6286132335662842
176	13	-2.82879376411438
176	14	-2.6634905338287354
176	15	3.133701801300049
176	16	-2.6647613048553467
177	0	0.05348954722285271
177	1	3.388911485671997
177	2	-2.896350145339966
177	3	-3.0724666118621826
177	4	0.3050749599933624
177	5	-2.6533865928649902
177	6	-2.82879376411438
177	7	1.1748040914535522
177	8	1.6286132335662842
177	9	-2.073186159133911
