130	0	0.4076708837197014
130	1	0.702177282540531
130	2	0.1583277422155915
130	3	0.15850360485918136
130	4	0.4707328142471428
130	5	0.572390054153551
130	6	3.8645437247698133
130	7	0.16372955281626142
130	8	0.2271141024668406
130	9	0.21704196016772107
130	10	6.035998581308001
130	11	1.9264914186140267
130	12	0.3685639683140607
130	13	7.787303480706319
130	14	0.21150638075493683
130	15	0.16296242980077388
130	16	0.11527343863649453
131	0	0.09776415264457665
131	1	0.7036668949802194
131	2	0.1581474334884385
131	3	0.37245129081003336
131	4	0.21515954688109099
131	5	3.5325867237320634
132	0	0.6952228129399557
132	1	0.37549008196578243
132	2	0.3547727700851877
132	3	0.21025328696006138
132	4	0.22760401006725164
132	5	0.26311541156154
132	6	0.43002073218058645
132	7	0.5192276980916953
132	8	0.5957706555192112
132	9	0.212940876684373
132	10	0.20982337475930232
132	11	0.27970564060070824
132	12	6.256522391494003
132	13	3.715381467024518
132	14	0.26929928892492905
132	15	2.0527191015746507
132	16	5.7853896645816745
132	17	0.21476013429975027
132	18	0.1682205463537231
132	19	0.4204381331158263
132	20	0.1662754081977426
132	21	0.2148525655463703
132	22	0.4661370894721004
132	23	0.2711386460386508
132	24	0.20333268759699397
133	0	0.1597230290640326
133	1	0.21073193042018298
133	2	0.25467250353464577
133	3	0.662803560575412
133	4	0.2546507064441567
133	5	0.3472225928912308
133	6	6.7774917628331615
133	7	0.45033140853301934
133	8	0.21857180662208386
133	9	0.19434443826928732
133	10	0.5034957752929526
133	11	3.5473415337159016
133	12	0.14145257277987208
133	13	0.09731305319930202
133	14	0.14668066265664534
133	15	6.0013733976858665
133	16	1.6930572215698612
133	17	0.14583623073427746
134	0	0.1580275502712123
134	1	0.14705809477703516
134	2	0.25960159788419296
134	3	0.3580921681026418
134	4	0.7152888938693058
134	5	0.3899139965207373
134	6	0.21661676669428884
134	7	0.4560987700721766
134	8	6.84347769176821
134	9	0.20007957003990162
134	10	0.5176013652943715
134	11	0.21594851249857838
134	12	3.985933216476365
134	13	1.9486190910921657
134	14	0.10397897578583218
134	15	0.1516224903642884
134	16	5.9428230348772795
134	17	0.152495171135248
135	0	0.15382293771801378
135	1	0.20108675352941718
135	2	0.20990071492322265
135	3	0.1544418487552947
135	4	0.537006030024294
135	5	0.6662788701814198
135	6	0.27774670833591203
135	7	6.965678747425933
135	8	0.21682985015167947
135	9	0.457187060777517
135	10	3.6444184437869356
135	11	0.2270529651880995
136	0	0.18286483219100771
136	1	3.5593720132309077
136	2	0.17293356780759905
136	3	4.1598539897194025
136	4	0.45987189015922314
136	5	0.6731932267002011
136	6	6.208929763774807
136	7	0.5590440446236317
136	8	0.21370897106706105
136	9	0.1972779734550349
136	10	0.1166490335353577
136	11	0.16002911264660957
136	12	0.2860731067016559
136	13	0.2214527895825805
136	14	0.3324700954640856
136	15	0.27861283447357305
136	16	0.37879167373151523
136	17	2.068576359827406
136	18	0.16618805215294064
136	19	0.170557339695282
136	20	6.033605584479717
136	21	0.12209296720127168
136	22	0.17059430016308716
136	23	0.4071024375311884
136	24	0.9564459839294471
137	0	0.6642687648017451
137	1	0.4501745360104141
137	2	0.25444971402809163
137	3	0.141126965538487
137	4	0.21833383010620094
137	5	0.19414452218398087
137	6	0.146444940849607
137	7	0.14563900762423218
137	8	0.15896034134764894
137	9	1.8499294378578166
137	10	4.046937225244889
137	11	0.35885344266303004
137	12	5.6770021185494
137	13	7.193548343304505
137	14	0.47833286904294514
137	15	0.09802372685581402
137	16	0.21073714342734
137	17	0.2537178540535816
137	18	0.27446795750011144
138	0	0.46553311986916723
138	1	0.19779517509072192
138	2	0.667143118929723
138	3	3.5717081155082906
138	4	0.222058331978332
138	5	4.677447441714482
138	6	0.18671099041559738
138	7	0.13114633876552995
138	8	0.21342813794051466
138	9	0.1576801617195268
138	10	0.5052942010978688
138	11	6.56046118395014
139	0	0.2153227572570243
139	1	0.20757051070644328
139	2	0.5303114562575024
139	3	0.1928198586727703
139	4	7.517916314643625
139	5	0.6704807814499276
139	6	0.37426004006699026
139	7	0.1751300013576482
139	8	0.26987114459808204
139	9	0.453911435688358
139	10	3.7890417561904477
139	11	0.15755014548360716
140	0	0.1595709837312347
140	1	0.2527082331999133
140	2	0.6892528902452599
140	3	0.2821331613458518
140	4	0.2097678967931244
140	5	0.17331703461763323
140	6	0.3521102752584617
140	7	0.21920294557719322
140	8	0.1256104118235424
140	9	6.1090327027343685
140	10	0.5183527208504941
140	11	3.597262968490138
140	12	1.988743703525181
140	13	0.19249107511834795
140	14	6.413933351876599
140	15	0.45682921199914583
140	16	0.14035012430628055
140	17	0.175925217987234
140	18	0.3998769144092031
140	19	0.30203808287205736
141	0	0.17450623204916882
141	1	0.2668058448733026
141	2	0.21568713058014505
141	3	0.4740621129842638
141	4	3.357232268825092
141	5	0.6659948478689786
141	6	0.26765501738121983
141	7	0.2072310531898287
141	8	0.15511953067862128
141	9	0.2306863744750446
141	10	0.505894710414035
141	11	5.905659265856603
141	12	0.3789320774910933
141	13	0.3611892692587605
141	14	0.110381940759332
141	15	0.1604915481059724
141	16	5.743693129785418
141	17	1.868981690766302
141	18	0.15893675511416902
141	19	0.2875362317019946
141	20	0.20621634665368804
141	21	0.1507091250911217
141	22	4.602646003558783
141	23	0.17091062326290135
141	24	0.4890967024043481
141	25	0.15932596103565305
142	0	0.1599454460479416
142	1	0.2539174693678178
142	2	3.447160327948711
142	3	0.4504142172537559
142	4	0.656164516194808
142	5	0.2100832370877921
142	6	0.21860042821196612
142	7	0.5093884089457181
142	8	0.19440396623500344
142	9	6.7149411426275805
142	10	0.14231570514353334
142	11	0.3565897384562192
142	12	0.11370765359558839
142	13	0.16922955815729535
142	14	4.361762076301171
142	15	0.27462602129099145
142	16	0.2590046197029698
142	17	0.10985674296015009
142	18	0.23501624619297512
143	0	0.37044154211181546
143	1	0.7751870284683815
143	2	0.3935888174181583
143	3	0.2857342279447141
143	4	4.770707485626903
143	5	0.3703554562792408
143	6	0.33682729264961725
143	7	0.3266064547826042
143	8	6.554088063788067
143	9	5.984238465278859
143	10	3.7743304193603553
143	11	0.48009109019772106
143	12	0.22947409050300016
143	13	0.641869217119424
143	14	0.27666199150108073
143	15	0.27581226171114664
143	16	0.5754107877618294
143	17	0.277460259629984
143	18	0.2622367180726749
143	19	0.4554609716234266
143	20	0.25724300907032577
143	21	0.31019822661477886
143	22	2.073713731715917
143	23	0.4715654256091244
143	24	0.22741218977522792
143	25	0.2331546462272169
143	26	0.5514335004509172
143	27	0.21867140954807934
144	0	0.1383383267715353
144	1	0.3342482481253412
144	2	0.25098129272326275
144	3	0.15520220789895103
144	4	0.6423776727034848
144	5	0.5239335939087885
144	6	0.19048134108798115
144	7	0.4473822879906193
144	8	0.10994646409798017
144	9	7.055406350540256
144	10	0.2709248753666484
144	11	0.21486980242600814
144	12	0.2510097512560668
144	13	0.2063116484304297
145	0	0.4608159550932529
145	1	0.19645864620509085
145	2	0.5424043151645049
145	3	3.9784705137234626
145	4	5.093698520622543
145	5	7.587645825260743
145	6	0.2154500873958588
145	7	0.1818102373386289
145	8	0.1376111158824087
145	9	0.6708638470348012
145	10	0.2207337222205423
145	11	0.2569514276728939
145	12	0.2585397717989623
145	13	0.27680206238792815
145	14	0.16216603885966027
145	15	0.15929932814997014
145	16	0.3530090525310339
145	17	6.037439774997815
145	18	0.15933395334525127
145	19	1.783329374480101
145	20	0.10993472640332938
145	21	0.14376940588897916
146	0	0.1576861300351095
146	1	0.12676546932998456
146	2	0.20872983490081837
146	3	0.2583769696653053
146	4	0.27243387068069524
146	5	0.6732207701287602
146	6	0.25173938517596817
146	7	0.21729597973922415
146	8	0.19149226707325784
146	9	0.5265601562302062
146	10	4.015771805410284
146	11	0.16718220948204554
146	12	4.190147449240503
146	13	0.44922998590361385
146	14	0.11168781795399049
146	15	7.16827150403811
147	0	0.10087212114678097
147	1	0.4819090015089632
147	2	0.6587934528341245
147	3	0.27228277940773327
147	4	0.2085479113706077
147	5	0.2523837098085635
147	6	0.19118191537022922
147	7	0.21626166352092524
147	8	0.2524306560945469
147	9	0.15683109378415014
147	10	0.11138625091457817
147	11	4.457213165402764
147	12	3.4749174551237125
147	13	0.1669436185338334
147	14	6.70089854586123
147	15	0.4480769961628149
148	0	0.25154445561967803
148	1	0.20690880468423295
148	2	0.1567685849179901
148	3	0.09933509186492237
148	4	3.5651389079634654
148	5	0.19127233033219493
148	6	5.362961252524188
148	7	7.300824436064176
148	8	0.6556256495333209
148	9	0.4980279743237499
148	10	0.16699110916734364
148	11	0.4589818705056015
148	12	0.11069851423041938
148	13	0.25090060340869036
148	14	0.2716645928110246
148	15	0.21560798701210845
149	0	0.49551956723384794
149	1	0.44987097940800375
149	2	0.19059125143051275
149	3	0.6540190099125304
149	4	0.2063144681592134
149	5	0.21472734865367457
149	6	6.568292121310564
149	7	0.4624949161920733
150	0	0.2656365405803501
150	1	0.6850360332266587
150	2	0.1870944516413516
150	3	0.22054577160834576
150	4	0.2274403457671052
150	5	0.26469565223128705
150	6	7.144885834274172
150	7	0.2854346411125885
150	8	0.14313701671835127
150	9	0.4634804586368038
150	10	6.222651902136751
150	11	1.8424556536325905
150	12	0.17090161985987784
150	13	0.19169239824149223
150	14	0.19495905535790148
150	15	0.4015420490995919
150	16	0.19257739988450848
150	17	0.5150265312922256
150	18	3.7739850312937038
151	0	0.20847321272694422
151	1	0.35911819500023906
151	2	0.25237170926150576
151	3	0.14429578761216907
151	4	0.6579811485357042
151	5	0.13992902332427073
151	6	1.6773343298215524
151	7	0.15751603754978394
151	8	6.121876940191842
151	9	7.821323381598494
151	10	0.5086321050469581
151	11	0.21627844762082807
151	12	0.1452170622462585
151	13	0.19198750270887327
151	14	0.09509423815944501
151	15	0.4497276588590807
151	16	3.844975939993413
151	17	0.4328466408599276
151	18	0.25245313099412636
151	19	0.2723439379823232
151	20	0.4447408495205824
152	0	3.611578647211217
152	1	5.322888102286895
152	2	6.584484394525212
152	3	0.34836979949608887
152	4	0.25802480863514593
152	5	0.15734964884535213
152	6	0.6586182053474912
152	7	1.884403404189598
153	0	0.15543178963512538
153	1	0.2617517973309813
153	2	0.6641979609261712
153	3	0.3806086795961613
153	4	0.21804855085205319
153	5	0.22570467741367395
153	6	0.28168464674388827
153	7	3.4979091835403797
153	8	0.4574950911723927
153	9	6.890179503948723
153	10	0.518211054573275
153	11	0.14946871255827726
153	12	0.20151928381209683
153	13	0.35880791941066364
154	0	0.21108965844297048
154	1	0.26712133139434463
154	2	0.2472745025075316
154	3	0.6495275667605077
154	4	1.9392982158591556
154	5	0.4352351971055455
155	0	0.27118707787375707
155	1	0.19670391319688035
155	2	0.21243596185322258
155	3	0.2504699604201754
155	4	0.9017093573762146
155	5	0.5100970455608547
155	6	0.2143822815240437
155	7	0.16240680180467265
155	8	0.25885499277078194
155	9	0.4536538331490333
155	10	0.14468870295328162
155	11	0.34561975859075517
155	12	6.566146633991343
155	13	3.4437722119698244
156	0	0.16133895171610355
156	1	0.25618981302042054
156	2	0.21317831847513796
156	3	0.5442632033665246
156	4	0.45766955946941434
156	5	0.1950403688610471
156	6	0.17944203759377908
156	7	0.6651639776139311
156	8	0.2687263750849694
156	9	0.1437374338799095
156	10	3.6566446912735517
156	11	6.48161213611523
156	12	0.22095212601472697
156	13	0.27871340869739786
156	14	0.3555684131965894
156	15	0.3855652858495587
156	16	0.1853801544605427
156	17	0.13764591658547254
156	18	5.732719103712964
156	19	2.0020297220440257
156	20	0.18534602983425708
157	0	0.21767395771526565
157	1	0.14987532067143017
157	2	0.6796502424450234
157	3	0.2624139598807089
157	4	0.16762476201670692
157	5	0.20204176398006685
157	6	0.5053902636281747
157	7	0.22624142487219817
157	8	6.477781920366662
157	9	0.46563177681210804
157	10	3.7848684362474274
157	11	0.28146329217066784
157	12	0.26243935699369064
157	13	0.36258869791027165
158	0	0.24998209385012568
158	1	0.6582053831951237
158	2	0.26992408755910535
158	3	0.21393875698456372
158	4	0.1376903681356006
158	5	0.19059361136493075
158	6	0.4482484225525021
158	7	0.20632667190108794
158	8	0.2501653308867584
158	9	0.5031270466005391
158	10	0.3485962690410668
158	11	0.15538212051541936
158	12	6.265019514648859
158	13	4.148586786477902
159	0	0.15474980846453365
159	1	0.6552665134077417
159	2	0.25052141504966546
159	3	0.27041103162512437
159	4	0.25046207914395224
159	5	0.4511620797628813
159	6	0.13722504955383438
159	7	0.21440202607062378
159	8	0.19016286964023793
159	9	0.20664843356950335
159	10	0.5227002747151289
159	11	5.98126277369483
159	12	3.510571859335323
159	13	0.35152854866649613
160	0	0.2177037271351897
160	1	0.25053552336122537
160	2	0.250535272858082
160	3	0.6645228989519251
160	4	0.15745711523706765
160	5	0.20749656497603547
160	6	0.19017906616237135
160	7	0.4943249308622704
160	8	7.302283555513328
160	9	0.45543483414784686
160	10	0.13812897506808186
160	11	3.783860775697468
160	12	0.2738667521838577
160	13	0.3507317351523766
161	0	0.21669692867197946
161	1	0.15883014390782604
161	2	0.2528284451702469
161	3	0.6809827895429842
161	4	0.4559684094398288
161	5	0.14753830286665295
161	6	0.1968607708830801
161	7	3.7927978596308707
161	8	5.830156645262644
161	9	0.13953117950956984
161	10	0.5192071067262946
161	11	1.9713537358392448
161	12	6.042136993996918
161	13	0.1952760124992198
161	14	0.20903879661182947
161	15	0.35386021086354935
161	16	0.19255037213484943
162	0	0.23019987610804551
162	1	0.2388926101190111
162	2	0.2791842445793328
162	3	0.28644137263793523
162	4	0.6822897866992519
162	5	0.16252689906899925
162	6	0.17941627913807856
162	7	0.3087989222746644
162	8	0.21375555326342444
162	9	0.5213078651623972
162	10	0.37348325549295164
162	11	0.4724022655032939
162	12	3.777220538247777
162	13	6.802067705937848
162	14	0.34387808062638636
162	15	0.3425926699939605
162	16	4.688093768782422
162	17	0.287079286921183
163	0	0.27922328622141923
163	1	0.25602812493814386
163	2	0.675827586833457
163	3	0.46166475908819815
163	4	0.21305469082343778
163	5	0.19566084449613574
163	6	0.17049726095440973
163	7	4.246914761610319
163	8	0.5725234339772355
163	9	7.869238981238649
163	10	4.662181926096692
163	11	0.11501819800911388
163	12	0.2561236146006845
163	13	0.13703047928973872
163	14	1.7748455787823973
163	15	0.14367341583178736
163	16	0.22254748980136102
163	17	0.4611922081784499
163	18	0.1630101548308354
163	19	0.18179144423723784
163	20	0.25799458081021603
163	21	0.13247800364964804
163	22	0.18092202683239053
163	23	0.3613444222747835
163	24	6.226992162425975
163	25	0.2018288923999154
163	26	0.4223977749939093
164	0	0.2230931561909166
164	1	0.31889015408082716
164	2	0.31879447794784105
164	3	0.7286723273173654
164	4	0.33882859783564084
164	5	0.4239370808469432
164	6	0.42691616509206576
164	7	0.2826879845284367
164	8	0.2072160662301518
164	9	0.5154400192119553
164	10	0.3517169330252102
164	11	0.5802600118578682
164	12	3.855323567143877
164	13	7.562853157360418
164	14	0.1338311765799995
164	15	0.2875401685888541
165	0	0.6776181695640988
165	1	0.29275719197255123
165	2	0.2703904451861665
165	3	0.24056987555609646
165	4	0.2397650122163858
165	5	0.5433581898919675
165	6	0.2273450064772405
165	7	0.2657480206301567
165	8	7.444899979495774
165	9	0.22163819463460255
165	10	3.9370789630721186
165	11	0.15793922938518795
165	12	0.23427910205189983
165	13	0.4794294223043175
165	14	0.26328097152402485
165	15	0.27047491803407653
165	16	0.1765396895392713
165	17	0.20775444905220702
165	18	5.4467494820282605
165	19	0.21134417552698925
165	20	0.13633404664205936
165	21	0.3773645052771269
165	22	6.231572429506335
165	23	0.1930714808706751
165	24	0.17790623086241092
165	25	2.138914034308056
165	26	0.45174280580520515
165	27	0.19719949283416932
165	28	0.5745058681383026
165	29	0.1497279868373649
166	0	1.7768569573963091
166	1	0.35514750664159284
166	2	0.16021026105523428
166	3	0.25597080978815895
166	4	0.11926011527538295
166	5	0.2550407034450734
166	6	0.6808284529531438
166	7	0.4549209009714494
166	8	0.1472039280962464
166	9	0.5198463854374584
166	10	6.8506401687401715
166	11	0.21214540513904534
166	12	0.14722819924743388
166	13	3.8074153450342383
166	14	0.1574992162940379
166	15	0.20729428802117417
166	16	0.2223745228039497
166	17	0.14355944400562487
166	18	7.121479730436783
166	19	0.09863201383188279
167	0	0.21407571627158078
167	1	0.6669302052374518
167	2	0.523497190874058
167	3	0.22347102128399424
167	4	6.835936398387145
167	5	0.2100722353621582
167	6	0.3574303440263015
167	7	0.27857848340275465
167	8	0.46039646176031385
167	9	3.8729400856585574
167	10	0.38381731717296413
167	11	0.12153311314936464
167	12	0.26227916912817645
167	13	0.14928829846769784
167	14	1.8761859813677084
167	15	0.1501084463486896
167	16	0.10072230617087115
167	17	6.470205586356629
167	18	0.14560215006456875
167	19	0.1633843582695854
167	20	0.16305150739454402
167	21	0.18993606644930852
167	22	5.343067958055017
167	23	0.18804370917627772
167	24	0.13335617681882095
167	25	0.2573966730968699
167	26	0.2935423141654337
168	0	0.37127008087891095
168	1	0.2734462942985466
168	2	0.17786141305757125
168	3	0.27891498392779507
168	4	1.693557005965639
168	5	0.3857742047580375
168	6	0.22901387996483286
168	7	0.4784856518334028
168	8	0.22578506927639647
168	9	0.23840348546273277
168	10	0.68183346327655
168	11	0.1602932120625027
168	12	3.7674414872641124
168	13	7.464174921520832
168	14	0.5292448955339406
168	15	0.27365771402175365
168	16	0.1656830093568357
168	17	6.51164115870426
168	18	0.16487946940983417
168	19	0.13712957766233755
168	20	0.17692353846664
168	21	0.11721434872670941
168	22	5.507828706164065
168	23	0.18900231809364537
168	24	0.13266022053528614
168	25	0.19005084713481354
168	26	0.5264769394224924
169	0	0.3101671944571176
169	1	0.2565807456342022
169	2	0.6696331383813166
169	3	0.16262071018984053
169	4	0.14407049706559102
169	5	0.5145078456796238
169	6	0.221265135289299
169	7	0.26358868591019824
169	8	5.005217097627555
169	9	0.1154798290113246
169	10	0.17753455200933418
169	11	0.2657309592092298
169	12	4.026078666994986
169	13	7.336743155358162
169	14	6.332465633709982
169	15	0.3746873129342199
169	16	0.20876086172412583
169	17	0.21364454697799407
169	18	1.791159278864841
169	19	0.1486209669522913
169	20	0.14864434223536235
169	21	0.16237578329209487
169	22	0.4565392115309817
169	23	0.10096183268764711
169	24	0.36280309536622896
169	25	0.1233923433516353
169	26	0.17379964267245404
169	27	0.17280561120085194
170	0	0.4475546953833046
170	1	3.6613690673798587
170	2	0.6560002770882463
170	3	0.2520094283590146
170	4	0.20812219140430466
170	5	0.15730090996759913
170	6	0.13881867003104567
170	7	0.25214810830995327
170	8	0.3546602244199867
170	9	0.49592944140058987
170	10	0.20417138195437867
170	11	6.517615937464416
170	12	0.2160289773533317
170	13	0.09473827344942926
170	14	1.9185701783785247
170	15	0.1478422529194556
170	16	0.14329411364845238
170	17	0.11548915071799133
170	18	5.627898624918779
170	19	0.1441647663630525
171	0	0.7109759498760185
171	1	0.3368101746995896
171	2	0.30450368513841
171	3	0.1912300323737585
171	4	0.2606890932092721
171	5	0.23041667055084114
171	6	0.2097478406377348
171	7	0.5341086425018621
171	8	0.19564443557663866
171	9	0.1956240991555596
171	10	4.10087056417617
171	11	0.5003148350816364
171	12	0.30462028463335317
171	13	6.900015692188293
171	14	0.4106830097043768
171	15	5.539854295196315
171	16	4.583612944329436
171	17	0.20279774620981045
171	18	0.39811288186602783
171	19	1.773848463249012
171	20	0.1472703287775425
171	21	0.16796499300725565
171	22	0.2676365408710861
171	23	0.2559118981011937
171	24	0.23326077486410815
171	25	0.1743697712044815
171	26	0.3223451426798275
171	27	0.18966404593364997
171	28	0.5648081562326198
171	29	0.12330224915360866
172	0	3.846745575792152
172	1	0.653387349740123
172	2	6.382911508150229
172	3	0.14311476063671003
172	4	0.2072669499845081
172	5	0.13869022574549178
172	6	0.2157090955041054
172	7	0.2031204739148254
172	8	0.15718127827440379
172	9	1.710324936598964
172	10	0.5033131691137686
172	11	6.948527253770967
172	12	0.09544387481667782
172	13	0.15104825751472806
172	14	0.1440576531914743
172	15	0.1153527306281636
172	16	0.4493474401847958
172	17	0.2520085443069045
172	18	0.3571695404311354
172	19	0.2521123487780643
173	0	0.21173061605278137
173	1	0.36234328799385374
173	2	0.6595692061984685
173	3	0.22114450442060724
173	4	0.5085605962931875
173	5	0.2729981831638963
173	6	0.20689812740598312
173	7	6.162589678132062
173	8	4.086606585345842
173	9	0.18158479653128137
173	10	0.45207178913547974
173	11	3.5815705763011634
173	12	0.12511224811465665
174	0	0.20604359060553573
174	1	0.4612612790471426
174	2	0.5412056946463875
174	3	0.662095033038055
174	4	0.2135029502703072
174	5	6.442450886306924
174	6	0.2187115373420492
174	7	1.7115742133004765
174	8	0.2689423571323305
174	9	0.26979462543390664
174	10	0.301240283311467
174	11	0.1332594832569183
174	12	0.22330306900771169
174	13	0.16980797654223712
174	14	0.1751131624744433
174	15	5.800582430050172
174	16	3.477641746810097
175	0	0.24025102010193233
175	1	0.2362712463979404
175	2	0.6922435925813439
175	3	0.5726703605915408
175	4	7.29979692304405
175	5	0.24801045937782204
175	6	0.3736134775449638
175	7	0.479861315231474
175	8	3.65225484305713
175	9	0.30456432612073725
175	10	0.28498537336081226
175	11	0.3670621880089441
175	12	0.3040645795186791
175	13	1.7610145439900173
175	14	0.4353479627419284
175	15	0.4915226187885103
175	16	0.18537327293934217
176	0	3.430883630063545
176	1	0.4564120785389925
176	2	0.21111110503348235
176	3	0.546163436588857
176	4	0.21881180586771543
176	5	0.20793549752482754
176	6	6.307262028274571
176	7	0.6589193891740258
176	8	0.3568198347170946
176	9	0.26192435952528115
176	10	0.25494281750025777
176	11	0.2557861610572153
176	12	0.2756836269020711
176	13	1.9222618113435885
176	14	0.35793152585963856
176	15	0.11556514436472387
176	16	0.4208934699022606
177	0	0.22008608695780932
177	1	0.21238019674843187
177	2	0.660135785797466
177	3	0.5015107017493543
177	4	0.20919370025285133
177	5	7.62449180540668
177	6	2.010404398326421
177	7	0.2570555417272287
177	8	0.2777899932620988
177	9	0.25707103273017495
