130	0	0.1357893947453404
130	1	0.4186439934550023
130	2	0.4186439934550023
130	3	1.1912965629233643
130	4	0.5698883673479378
130	5	0.0
130	6	0.0
130	7	1.525518682224485
130	8	1.1912965629233643
130	9	0.4852155994529738
130	10	3.5200295120727185
130	11	0.02924617753869689
130	12	0.0
130	13	0.0954305226378964
130	14	0.8018987470070589
130	15	1.525518682224485
130	16	0.02924617753869689
131	0	0.8018987470070589
131	1	0.4186439934550023
131	2	0.4186439934550023
131	3	0.1357893947453404
131	4	0.4852155994529738
131	5	0.0
132	0	0.4186439934550023
132	1	0.1160129560644113
132	2	0.8867307758723636
132	3	1.2434178557080784
132	4	0.4852155994529738
132	5	0.8540200397917725
132	6	0.1357893947453404
132	7	0.6220096601326515
132	8	0.05212129278471382
132	9	0.8540200397917725
132	10	0.8540200397917725
132	11	1.2434178557080784
132	12	0.14755181542261023
132	13	0.0
132	14	0.949450562429669
132	15	0.08136747032341071
132	16	3.5721508048574324
132	17	1.5776399750091992
132	18	0.4186439934550023
132	19	0.05212129278471382
132	20	0.08136747032341071
132	21	1.5776399750091992
132	22	0.8886655255327731
132	23	1.482209452371303
132	24	0.9840960481706695
133	0	0.4186439934550023
133	1	1.1912965629233643
133	2	0.8346094830876499
133	3	0.4186439934550023
133	4	0.1357893947453404
133	5	0.0
133	6	0.0954305226378964
133	7	0.5698883673479378
133	8	0.4852155994529738
133	9	0.8018987470070589
133	10	0.0
133	11	0.0
133	12	1.1912965629233643
133	13	0.02924617753869689
133	14	1.525518682224485
133	15	3.5200295120727185
133	16	0.02924617753869689
133	17	1.525518682224485
134	0	0.4186439934550023
134	1	1.1912965629233643
134	2	0.8346094830876499
134	3	0.0
134	4	0.4186439934550023
134	5	0.1357893947453404
134	6	1.1912965629233643
134	7	0.5698883673479378
134	8	0.0954305226378964
134	9	0.8018987470070589
134	10	0.0
134	11	0.4852155994529738
134	12	0.0
134	13	0.02924617753869689
134	14	0.02924617753869689
134	15	1.525518682224485
134	16	3.5200295120727185
134	17	1.525518682224485
135	0	0.8018987470070589
135	1	0.8018987470070589
135	2	0.8973292696449553
135	3	0.8018987470070589
135	4	0.0
135	5	0.4186439934550023
135	6	0.3893978159163054
135	7	0.0954305226378964
135	8	1.1912965629233643
135	9	0.5698883673479378
135	10	0.0
135	11	0.4852155994529738
136	0	0.4186439934550023
136	1	0.0
136	2	0.8973292696449553
136	3	0.3893978159163054
136	4	0.5698883673479378
136	5	0.4186439934550023
136	6	0.0954305226378964
136	7	0.0
136	8	1.1912965629233643
136	9	0.8018987470070589
136	10	0.8018987470070589
136	11	0.9319747553859559
136	12	0.1357893947453404
136	13	0.4852155994529738
136	14	0.06389166327969747
136	15	0.8346094830876499
136	16	0.0
136	17	0.02924617753869689
136	18	1.1912965629233643
136	19	1.525518682224485
136	20	3.5200295120727185
136	21	0.02924617753869689
136	22	1.525518682224485
136	23	0.8365442327480594
136	24	0.8540200397917725
137	0	0.4186439934550023
137	1	0.5698883673479378
137	2	0.1357893947453404
137	3	1.1912965629233643
137	4	0.4852155994529738
137	5	0.8018987470070589
137	6	1.525518682224485
137	7	1.525518682224485
137	8	0.4186439934550023
137	9	0.02924617753869689
137	10	0.0
137	11	0.0
137	12	3.5200295120727185
137	13	0.0954305226378964
137	14	0.0
137	15	0.02924617753869689
137	16	1.1912965629233643
137	17	0.8346094830876499
137	18	0.06389166327969747
138	0	0.5698883673479378
138	1	0.8018987470070589
138	2	0.4186439934550023
138	3	0.0
138	4	0.4852155994529738
138	5	0.4186439934550023
138	6	0.8973292696449553
138	7	0.8018987470070589
138	8	1.1912965629233643
138	9	0.8018987470070589
138	10	0.0
138	11	0.0954305226378964
139	0	0.4852155994529738
139	1	1.1912965629233643
139	2	0.0
139	3	0.8018987470070589
139	4	0.0954305226378964
139	5	0.4186439934550023
139	6	0.0
139	7	0.4186439934550023
139	8	0.8346094830876499
139	9	0.5698883673479378
139	10	0.0
139	11	1.1912965629233643
140	0	0.4186439934550023
140	1	0.8346094830876499
140	2	0.4186439934550023
140	3	0.1357893947453404
140	4	1.1912965629233643
140	5	1.525518682224485
140	6	0.0
140	7	0.4852155994529738
140	8	0.02924617753869689
140	9	3.5200295120727185
140	10	0.0
140	11	0.0
140	12	0.02924617753869689
140	13	0.8018987470070589
140	14	0.0954305226378964
140	15	0.5698883673479378
140	16	1.1912965629233643
140	17	1.525518682224485
140	18	0.8365442327480594
140	19	0.06389166327969747
141	0	0.4186439934550023
141	1	0.8346094830876499
141	2	1.1912965629233643
141	3	0.5698883673479378
141	4	0.0
141	5	0.4186439934550023
141	6	0.1357893947453404
141	7	0.8018987470070589
141	8	1.1912965629233643
141	9	0.4852155994529738
141	10	0.0
141	11	0.0954305226378964
141	12	0.8365442327480594
141	13	0.0
141	14	0.02924617753869689
141	15	1.525518682224485
141	16	3.5200295120727185
141	17	0.02924617753869689
141	18	1.525518682224485
141	19	0.06389166327969747
141	20	0.8973292696449553
141	21	0.8018987470070589
141	22	0.4186439934550023
141	23	0.9840960481706695
141	24	0.8540200397917725
141	25	0.8018987470070589
142	0	0.4186439934550023
142	1	0.8346094830876499
142	2	0.0
142	3	0.5698883673479378
142	4	0.4186439934550023
142	5	1.1912965629233643
142	6	0.4852155994529738
142	7	0.0
142	8	0.8018987470070589
142	9	0.0954305226378964
142	10	1.1912965629233643
142	11	0.0
142	12	0.8018987470070589
142	13	0.8973292696449553
142	14	0.4186439934550023
142	15	0.06389166327969747
142	16	0.1357893947453404
142	17	0.02924617753869689
142	18	0.8540200397917725
143	0	0.8867307758723636
143	1	0.4707652862397161
143	2	0.1160129560644113
143	3	0.949450562429669
143	4	0.4707652862397161
143	5	0.18791068753005424
143	6	0.5373368922376877
143	7	1.2434178557080784
143	8	0.14755181542261023
143	9	3.5721508048574324
143	10	0.05212129278471382
143	11	0.8886655255327731
143	12	0.8540200397917725
143	13	0.05212129278471382
143	14	1.5776399750091992
143	15	1.5776399750091992
143	16	0.6220096601326515
143	17	0.4707652862397161
143	18	0.8540200397917725
143	19	1.482209452371303
143	20	1.2434178557080784
143	21	0.8540200397917725
143	22	0.08136747032341071
143	23	0.05212129278471382
143	24	0.08136747032341071
143	25	0.9840960481706695
143	26	0.8540200397917725
143	27	0.8540200397917725
144	0	1.1912965629233643
144	1	0.0
144	2	0.8346094830876499
144	3	0.4186439934550023
144	4	0.4186439934550023
144	5	0.0
144	6	0.8018987470070589
144	7	0.5698883673479378
144	8	0.8018987470070589
144	9	0.0954305226378964
144	10	0.06389166327969747
144	11	0.4852155994529738
144	12	0.1357893947453404
144	13	1.1912965629233643
145	0	0.5698883673479378
145	1	0.8018987470070589
145	2	0.0
145	3	0.0
145	4	0.4186439934550023
145	5	0.0954305226378964
145	6	1.1912965629233643
145	7	0.8973292696449553
145	8	0.8018987470070589
145	9	0.4186439934550023
145	10	0.4852155994529738
145	11	0.8346094830876499
145	12	0.1357893947453404
145	13	0.06389166327969747
145	14	0.4186439934550023
145	15	1.525518682224485
145	16	0.0
145	17	3.5200295120727185
145	18	1.525518682224485
145	19	0.02924617753869689
145	20	0.02924617753869689
145	21	1.1912965629233643
146	0	0.4186439934550023
146	1	0.9319747553859559
146	2	1.1912965629233643
146	3	0.1357893947453404
146	4	0.06389166327969747
146	5	0.4186439934550023
146	6	0.8346094830876499
146	7	0.4852155994529738
146	8	0.8018987470070589
146	9	0.0
146	10	0.0
146	11	0.8973292696449553
146	12	0.4186439934550023
146	13	0.5698883673479378
146	14	0.8018987470070589
146	15	0.0954305226378964
147	0	0.9319747553859559
147	1	0.0
147	2	0.4186439934550023
147	3	0.06389166327969747
147	4	1.1912965629233643
147	5	0.8346094830876499
147	6	0.8018987470070589
147	7	0.4852155994529738
147	8	0.1357893947453404
147	9	0.4186439934550023
147	10	0.8018987470070589
147	11	0.4186439934550023
147	12	0.0
147	13	0.8973292696449553
147	14	0.0954305226378964
147	15	0.5698883673479378
148	0	0.1357893947453404
148	1	1.1912965629233643
148	2	0.4186439934550023
148	3	0.9319747553859559
148	4	0.0
148	5	0.8018987470070589
148	6	0.4186439934550023
148	7	0.0954305226378964
148	8	0.4186439934550023
148	9	0.0
148	10	0.8973292696449553
148	11	0.5698883673479378
148	12	0.8018987470070589
148	13	0.8346094830876499
148	14	0.06389166327969747
148	15	0.4852155994529738
149	0	0.0
149	1	0.5698883673479378
149	2	0.8018987470070589
149	3	0.4186439934550023
149	4	1.1912965629233643
149	5	0.4852155994529738
149	6	0.0954305226378964
149	7	0.8018987470070589
150	0	0.1357893947453404
150	1	0.4186439934550023
150	2	1.1912965629233643
150	3	1.1912965629233643
150	4	0.4852155994529738
150	5	0.8346094830876499
150	6	0.0954305226378964
150	7	0.06389166327969747
150	8	0.02924617753869689
150	9	0.5698883673479378
150	10	3.5200295120727185
150	11	0.02924617753869689
150	12	0.4186439934550023
150	13	1.525518682224485
150	14	0.8018987470070589
150	15	0.0
150	16	1.525518682224485
150	17	0.0
150	18	0.0
151	0	1.1912965629233643
151	1	0.0
151	2	0.1357893947453404
151	3	1.525518682224485
151	4	0.4186439934550023
151	5	1.1912965629233643
151	6	0.02924617753869689
151	7	0.4186439934550023
151	8	3.5200295120727185
151	9	0.0954305226378964
151	10	0.0
151	11	0.4852155994529738
151	12	1.525518682224485
151	13	0.8018987470070589
151	14	0.02924617753869689
151	15	0.5698883673479378
151	16	0.0
151	17	0.8886655255327731
151	18	0.8346094830876499
151	19	0.06389166327969747
151	20	0.8018987470070589
152	0	0.0
152	1	3.5200295120727185
152	2	0.0954305226378964
152	3	0.8365442327480594
152	4	0.1357893947453404
152	5	0.4186439934550023
152	6	0.4186439934550023
152	7	0.02924617753869689
153	0	0.4186439934550023
153	1	0.8346094830876499
153	2	0.4186439934550023
153	3	0.1357893947453404
153	4	1.1912965629233643
153	5	0.4852155994529738
153	6	0.06389166327969747
153	7	0.0
153	8	0.5698883673479378
153	9	0.0954305226378964
153	10	0.0
153	11	1.1912965629233643
153	12	0.8018987470070589
153	13	0.0
154	0	0.4852155994529738
154	1	0.06389166327969747
154	2	0.8346094830876499
154	3	0.4186439934550023
154	4	0.02924617753869689
154	5	0.8018987470070589
155	0	0.06389166327969747
155	1	0.8018987470070589
155	2	1.1912965629233643
155	3	0.8346094830876499
155	4	0.4186439934550023
155	5	0.0
155	6	0.4852155994529738
155	7	0.4186439934550023
155	8	0.1357893947453404
155	9	0.5698883673479378
155	10	1.1912965629233643
155	11	0.0
155	12	0.0954305226378964
155	13	0.0
156	0	0.4186439934550023
156	1	0.8346094830876499
156	2	1.1912965629233643
156	3	0.0
156	4	0.5698883673479378
156	5	0.8018987470070589
156	6	0.9840960481706695
156	7	0.4186439934550023
156	8	0.1357893947453404
156	9	1.1912965629233643
156	10	0.0
156	11	0.0954305226378964
156	12	0.4852155994529738
156	13	0.06389166327969747
156	14	0.0
156	15	0.8365442327480594
156	16	1.525518682224485
156	17	0.02924617753869689
156	18	3.5200295120727185
156	19	0.02924617753869689
156	20	1.525518682224485
157	0	1.1912965629233643
157	1	1.1912965629233643
157	2	0.4186439934550023
157	3	0.8346094830876499
157	4	0.4186439934550023
157	5	0.8018987470070589
157	6	0.0
157	7	0.4852155994529738
157	8	0.0954305226378964
157	9	0.5698883673479378
157	10	0.0
157	11	0.06389166327969747
157	12	0.1357893947453404
157	13	0.0
158	0	0.1357893947453404
158	1	0.4186439934550023
158	2	0.06389166327969747
158	3	0.4852155994529738
158	4	1.1912965629233643
158	5	0.8018987470070589
158	6	0.5698883673479378
158	7	1.1912965629233643
158	8	0.8346094830876499
158	9	0.0
158	10	0.0
158	11	0.4186439934550023
158	12	0.0954305226378964
158	13	0.0
159	0	0.4186439934550023
159	1	0.4186439934550023
159	2	0.1357893947453404
159	3	0.06389166327969747
159	4	0.8346094830876499
159	5	0.5698883673479378
159	6	1.1912965629233643
159	7	0.4852155994529738
159	8	0.8018987470070589
159	9	1.1912965629233643
159	10	0.0
159	11	0.0954305226378964
159	12	0.0
159	13	0.0
160	0	0.4852155994529738
160	1	0.1357893947453404
160	2	0.8346094830876499
160	3	0.4186439934550023
160	4	0.4186439934550023
160	5	1.1912965629233643
160	6	0.8018987470070589
160	7	0.0
160	8	0.0954305226378964
160	9	0.5698883673479378
160	10	1.1912965629233643
160	11	0.0
160	12	0.06389166327969747
160	13	0.0
161	0	0.4852155994529738
161	1	0.4186439934550023
161	2	0.1357893947453404
161	3	0.4186439934550023
161	4	0.5698883673479378
161	5	0.02924617753869689
161	6	1.525518682224485
161	7	0.0
161	8	3.5200295120727185
161	9	1.1912965629233643
161	10	0.0
161	11	0.02924617753869689
161	12	0.0954305226378964
161	13	1.525518682224485
161	14	1.1912965629233643
161	15	0.0
161	16	0.8018987470070589
162	0	1.1912965629233643
162	1	0.4852155994529738
162	2	0.1357893947453404
162	3	0.8346094830876499
162	4	0.4186439934550023
162	5	1.1912965629233643
162	6	0.4186439934550023
162	7	0.06389166327969747
162	8	0.8018987470070589
162	9	0.0
162	10	0.0
162	11	0.5698883673479378
162	12	0.0
162	13	0.0954305226378964
162	14	0.8540200397917725
162	15	0.949450562429669
162	16	0.4707652862397161
162	17	0.8540200397917725
163	0	0.06389166327969747
163	1	0.8346094830876499
163	2	0.4186439934550023
163	3	0.5698883673479378
163	4	1.1912965629233643
163	5	0.8018987470070589
163	6	0.8973292696449553
163	7	0.0
163	8	0.0
163	9	0.0954305226378964
163	10	0.4186439934550023
163	11	0.8018987470070589
163	12	0.1357893947453404
163	13	0.8018987470070589
163	14	0.02924617753869689
163	15	1.1912965629233643
163	16	0.4852155994529738
163	17	0.8886655255327731
163	18	0.4186439934550023
163	19	1.525518682224485
163	20	0.8018987470070589
163	21	0.02924617753869689
163	22	1.525518682224485
163	23	0.0
163	24	3.5200295120727185
163	25	0.9840960481706695
163	26	1.482209452371303
164	0	0.4186439934550023
164	1	0.8346094830876499
164	2	0.1357893947453404
164	3	0.4186439934550023
164	4	0.06389166327969747
164	5	0.0
164	6	1.1912965629233643
164	7	0.4852155994529738
164	8	1.1912965629233643
164	9	0.5698883673479378
164	10	0.8018987470070589
164	11	0.0
164	12	0.0
164	13	0.0954305226378964
164	14	0.02924617753869689
164	15	0.1246767001765933
165	0	0.4186439934550023
165	1	0.06389166327969747
165	2	0.8346094830876499
165	3	1.5776399750091992
165	4	1.5776399750091992
165	5	0.0
165	6	1.1912965629233643
165	7	1.482209452371303
165	8	0.0954305226378964
165	9	0.8018987470070589
165	10	0.0
165	11	1.1912965629233643
165	12	0.4852155994529738
165	13	0.5698883673479378
165	14	0.949450562429669
165	15	0.1357893947453404
165	16	0.4186439934550023
165	17	0.8540200397917725
165	18	0.4707652862397161
165	19	0.8540200397917725
165	20	0.1246767001765933
165	21	0.0
165	22	3.5721508048574324
165	23	0.08136747032341071
165	24	0.02924617753869689
165	25	0.02924617753869689
165	26	0.8886655255327731
165	27	0.9840960481706695
165	28	0.8018987470070589
165	29	1.1361208663081799
166	0	0.02924617753869689
166	1	0.0
166	2	0.4186439934550023
166	3	0.8346094830876499
166	4	0.1246767001765933
166	5	0.1357893947453404
166	6	0.4186439934550023
166	7	0.5698883673479378
166	8	1.525518682224485
166	9	0.0
166	10	3.5200295120727185
166	11	1.1912965629233643
166	12	1.525518682224485
166	13	0.0
166	14	0.02924617753869689
166	15	0.8018987470070589
166	16	0.4852155994529738
166	17	1.1912965629233643
166	18	0.0954305226378964
166	19	0.02924617753869689
167	0	1.1912965629233643
167	1	0.4186439934550023
167	2	0.0
167	3	0.4852155994529738
167	4	0.0954305226378964
167	5	0.8018987470070589
167	6	0.0
167	7	0.6045338530889384
167	8	0.5698883673479378
167	9	0.0
167	10	0.8365442327480594
167	11	0.1246767001765933
167	12	0.1357893947453404
167	13	1.525518682224485
167	14	0.02924617753869689
167	15	1.525518682224485
167	16	0.02924617753869689
167	17	3.5200295120727185
167	18	1.1912965629233643
167	19	0.4186439934550023
167	20	0.02924617753869689
167	21	1.4300881595865889
167	22	0.4186439934550023
167	23	0.8973292696449553
167	24	0.8018987470070589
167	25	0.8346094830876499
167	26	0.06389166327969747
168	0	0.0
168	1	0.8346094830876499
168	2	0.4186439934550023
168	3	0.6045338530889384
168	4	0.02924617753869689
168	5	0.8365442327480594
168	6	1.1912965629233643
168	7	0.5698883673479378
168	8	0.8018987470070589
168	9	0.4852155994529738
168	10	0.4186439934550023
168	11	1.1912965629233643
168	12	0.0
168	13	0.0954305226378964
168	14	0.0
168	15	0.1357893947453404
168	16	1.525518682224485
168	17	3.5200295120727185
168	18	1.525518682224485
168	19	0.1246767001765933
168	20	0.02924617753869689
168	21	0.02924617753869689
168	22	0.4186439934550023
168	23	0.8973292696449553
168	24	0.8018987470070589
168	25	1.4300881595865889
168	26	0.8540200397917725
169	0	0.06389166327969747
169	1	0.8346094830876499
169	2	0.4186439934550023
169	3	0.4186439934550023
169	4	1.1912965629233643
169	5	0.0
169	6	0.4852155994529738
169	7	0.6045338530889384
169	8	0.4186439934550023
169	9	0.8018987470070589
169	10	0.8540200397917725
169	11	0.1357893947453404
169	12	0.0
169	13	0.0954305226378964
169	14	3.5200295120727185
169	15	0.8365442327480594
169	16	0.8018987470070589
169	17	1.1912965629233643
169	18	0.02924617753869689
169	19	1.525518682224485
169	20	1.525518682224485
169	21	0.02924617753869689
169	22	0.5698883673479378
169	23	0.02924617753869689
169	24	0.0
169	25	0.1246767001765933
169	26	1.4300881595865889
169	27	0.8973292696449553
170	0	0.5698883673479378
170	1	0.0
170	2	0.4186439934550023
170	3	0.1357893947453404
170	4	1.1912965629233643
170	5	0.4186439934550023
170	6	1.1912965629233643
170	7	0.8346094830876499
170	8	0.0
170	9	0.0
170	10	0.8018987470070589
170	11	0.0954305226378964
170	12	0.4852155994529738
170	13	0.02924617753869689
170	14	0.02924617753869689
170	15	0.02924617753869689
170	16	1.525518682224485
170	17	0.1246767001765933
170	18	3.5200295120727185
170	19	1.525518682224485
171	0	0.4186439934550023
171	1	0.06389166327969747
171	2	0.8346094830876499
171	3	1.1912965629233643
171	4	1.1912965629233643
171	5	0.8973292696449553
171	6	0.4186439934550023
171	7	0.0
171	8	1.525518682224485
171	9	1.525518682224485
171	10	0.0
171	11	0.5698883673479378
171	12	0.1357893947453404
171	13	0.0954305226378964
171	14	0.8365442327480594
171	15	3.5200295120727185
171	16	0.4186439934550023
171	17	0.02924617753869689
171	18	0.0
171	19	0.02924617753869689
171	20	0.02924617753869689
171	21	0.1246767001765933
171	22	0.4852155994529738
171	23	0.8018987470070589
171	24	1.4300881595865889
171	25	0.8018987470070589
171	26	0.6045338530889384
171	27	0.8018987470070589
171	28	0.8018987470070589
171	29	1.1361208663081799
172	0	0.0
172	1	0.4186439934550023
172	2	3.5200295120727185
172	3	1.525518682224485
172	4	1.1912965629233643
172	5	1.1912965629233643
172	6	0.4852155994529738
172	7	0.8018987470070589
172	8	0.4186439934550023
172	9	0.02924617753869689
172	10	0.0
172	11	0.0954305226378964
172	12	0.02924617753869689
172	13	0.02924617753869689
172	14	1.525518682224485
172	15	0.1246767001765933
172	16	0.5698883673479378
172	17	0.1357893947453404
172	18	0.0
172	19	0.8346094830876499
173	0	1.1912965629233643
173	1	0.0
173	2	0.4186439934550023
173	3	0.4852155994529738
173	4	0.0
173	5	0.6045338530889384
173	6	0.8018987470070589
173	7	0.0954305226378964
173	8	0.4186439934550023
173	9	0.8973292696449553
173	10	0.5698883673479378
173	11	0.0
173	12	0.8018987470070589
174	0	0.8018987470070589
174	1	0.5698883673479378
174	2	0.0
174	3	0.4186439934550023
174	4	1.1912965629233643
174	5	0.0954305226378964
174	6	0.4852155994529738
174	7	0.02924617753869689
174	8	0.8346094830876499
174	9	0.1357893947453404
174	10	0.06389166327969747
174	11	0.1246767001765933
174	12	0.8540200397917725
174	13	0.02924617753869689
174	14	0.4186439934550023
174	15	3.5200295120727185
174	16	0.0
175	0	1.1912965629233643
175	1	0.8018987470070589
175	2	0.4186439934550023
175	3	0.0
175	4	0.0954305226378964
175	5	0.4852155994529738
175	6	0.0
175	7	0.5698883673479378
175	8	0.0
175	9	0.6045338530889384
175	10	0.1357893947453404
175	11	0.8346094830876499
175	12	0.06389166327969747
175	13	0.02924617753869689
175	14	0.8886655255327731
175	15	0.8540200397917725
175	16	1.188242159092894
176	0	0.0
176	1	0.5698883673479378
176	2	1.1912965629233643
176	3	0.0
176	4	0.4852155994529738
176	5	0.8018987470070589
176	6	0.0954305226378964
176	7	0.4186439934550023
176	8	0.0
176	9	0.6045338530889384
176	10	0.1357893947453404
176	11	0.8346094830876499
176	12	0.06389166327969747
176	13	0.02924617753869689
176	14	0.8365442327480594
176	15	1.1361208663081799
176	16	0.8018987470070589
177	0	0.4852155994529738
177	1	1.1912965629233643
177	2	0.4186439934550023
177	3	0.0
177	4	0.8018987470070589
177	5	0.0954305226378964
177	6	0.02924617753869689
177	7	0.8346094830876499
177	8	0.06389166327969747
177	9	0.1357893947453404
