## RankNet
## Epochs = 50
## No. of features = 48
## No. of hidden layers = 2
## Layer 1: 10 neurons
## Layer 2: 10 neurons
1 2 3 4 5 6 7 8 9 10 11 12 13 14 15 16 17 18 19 20 21 22 23 24 25 26 27 28 29 30 31 32 33 34 35 36 37 38 39 40 41 42 43 44 45 46 47 48
2
10
10
0 0 -0.10234914962685805 -0.3664892197417391 0.09076142013085117 0.292785789398719 0.0695100206447225 -0.12852526575266948 0.08460563306737663 0.08803408698315551 0.07854803032982256 -0.26971984372840857
0 1 -0.06694277887477448 -0.08755779105556899 0.06641736815767013 0.001586461714468155 0.07170596025775985 -0.06848758671020688 0.06790835401711269 0.007045127708682539 0.008224743407906533 -0.09709629601976448
0 2 0.02102799707494727 0.032556034356841554 0.04309714701869356 -0.09227465095896206 0.007540006104029024 -0.018478048280781086 0.019963177924003858 0.09717945296089013 0.0687245340841052 -0.09129040156674531
0 3 0.0140915071803831 -0.01353815515604178 -0.029049645536366655 0.04631904297843671 -0.010209941871411277 -0.04871058517752931 0.022003680346063995 -0.04761927312540078 -0.0877898140276463 -0.011273442241305219
0 4 -0.022440638185896655 -0.07797011914871639 -0.023186871198422335 0.06450094918143162 0.09844740826323414 0.08920988788702872 0.053398172374057425 -0.029863190175994824 0.08064999618298643 -0.03928438571032766
0 5 -0.05931853378997259 0.08902198650286429 0.0443519270075119 -0.0719534794411604 -0.001040356484943078 0.021904206014431334 -0.09357076754472651 0.021082950399024886 -0.021909908827718736 -0.07701420745549323
0 6 -0.0495053634050119 0.07440612985587171 0.020428722659923203 -0.025178399157094324 -0.08430616376030806 0.0758108209714817 0.05976004687811243 -0.024470648766045294 0.03883643402695347 0.02579881414504969
0 7 0.08937435661495248 0.11854737417252877 0.010766386753122765 -0.09030458492834825 0.08199118489565083 0.10872980294239888 -0.021338878299808087 -0.05562888334007778 0.03982146766424477 0.09324937162221603
0 8 -0.023075670595039715 0.07943111037355921 -0.021736504559698024 0.08842508679966515 -0.027655807459435685 0.02988259939415136 -0.07130963648775085 -0.06246027008012004 -0.08129133950356578 0.08275426205031323
0 9 -0.049604273061026376 0.017488005882922715 -0.06370586720603882 0.06468942946533746 -0.09857822688825937 -0.06566114651100664 0.009817923278423684 0.00662532325521036 0.04026641030427306 -0.0025599477554913543
0 10 0.06534524016572137 0.005248507563818016 0.011694196561989549 0.09574016368727273 -0.034240965867122386 0.043105908464024074 0.029281605825635583 0.07586326792523268 0.05766249154325812 -0.03196685735352956
0 11 0.05434723458040451 0.09434052944233197 -0.08102684792043903 -0.0030069795766812066 0.05648477053848083 0.03833400328125867 -0.09383011858997183 -0.09277416238684927 -0.06792875353445371 0.08392589431131364
0 12 -0.04650883187594225 -0.007927051147756475 -0.026841325412344182 -0.09044196452774736 0.02849044622827262 -0.031486948125180776 0.03618024429949895 0.05982468879819832 -0.05974815466358966 0.048650580435450404
0 13 -0.04415629589420611 -0.07994561025628914 0.02679023715241867 -0.05919290345319897 -0.09015682983369175 -0.04093220143910888 -0.05225431885486695 -0.029890488171925033 -0.09229858377247493 0.06257851050262456
0 14 -9.361021774482571E-4 -0.02487485513435017 0.08559251544151633 -0.019896930649944373 0.07894558483982009 -0.013930800351061349 0.035349630192508245 -0.09268689422228571 -0.09324024560126051 -0.09131057059707254
0 15 -0.05901908201567426 0.0638251898884701 -0.05879549183866645 0.03734715979680708 0.07680069585127886 0.09034698573702422 -0.030475005652235734 -7.975576592160422E-4 -0.007412727230263725 0.03590932414217996
0 16 0.027087696695415362 0.035224196336564595 -0.019736751031319624 -2.6496010835246877E-4 0.009276210969769837 0.061460496659330836 -0.08512095028900843 0.07812853957238482 0.08584806209396306 -0.07167493806006471
0 17 -0.035964501089378494 -0.054970502845599865 0.09274220662546674 0.09828341935626649 0.09694115927256657 -0.03960431540704469 -0.005527204323030558 0.07057425648187791 -0.028054458862909804 -0.07409722606993531
0 18 -0.0742380983031893 -0.005412463058188663 -0.05910232124437062 -0.017027944432479656 0.007979181459087641 -0.04448839540912765 0.006758734078386105 -0.08869724336466563 -0.08887083012807323 0.09610203598860335
0 19 0.07705863331380614 0.034623036099530366 0.09090193997600426 0.08350639948103 -0.10109900807385107 0.01295659610644566 0.01671902603191337 0.059637204366662484 0.07047705129471622 0.07378688373928934
0 20 0.07568622602914743 -0.044408033390309465 -0.09690617932338849 0.019453791074182984 0.07439907373961857 -0.07045808620801784 -0.06138557275041952 -0.06121448999446595 0.01515039637530047 -0.07141324546667305
0 21 0.101509831685243 0.08424797742192956 -0.01761620277216502 -0.003795941634709884 0.08479089225180507 0.0896102702611422 0.008250048461488062 -0.03126610908784763 -0.04474444924766743 0.10892898582608539
0 22 0.06385697142335209 -0.035211864341250676 0.08650421162352247 0.01180474691337148 -0.012826512231549951 -0.07017064473189763 0.06847027368700209 -0.012404367263587955 -0.02053103890012115 -0.06656829709905808
0 23 0.0927172995993989 -0.022637403358485284 0.010172220185803726 0.04250267996611766 0.011775658597320531 -0.008113009855657449 0.019157068010122087 0.0037162060459257408 -0.08082611650383445 0.0148115577687103
0 24 -0.02032707617647639 -0.020902407785376678 0.02448400892593101 0.08574333777664032 -0.01777430726045206 -0.05195385077902949 0.02796136903979235 0.09368159701115107 -0.04310987318673106 -0.08263368458718627
0 25 0.013610690703067401 0.06583474781771495 0.02021778211418873 0.025623824963000655 -0.05621887520922838 -0.0555801534223229 0.08359720041953382 0.026170440708538734 -0.016580628313583343 0.09543160725862523
0 26 -0.06943590685335704 -0.08601470342410895 0.0614139037700388 -0.005994008212904064 -0.0932048616881431 -0.0022465293761271647 -0.03360021078146743 -0.0231435596353209 0.0734073454760645 0.023624776016437584
0 27 -0.025803275184057273 -0.015223641955361415 0.040510489712247515 0.01848729177113837 -0.0266765010154317 -0.07288945799379389 0.015385532749351252 -0.05822266113992743 0.0844755032972755 0.04407236152453244
0 28 0.0865544055844768 0.35321121857367127 -0.20845637801295236 -0.3061401529148065 -0.1873445765104529 0.2913911824495656 -0.0682732511005305 -0.15722882652397846 -0.09782974710264285 0.18953896606583467
0 29 -0.029866119543980572 0.14310499751879527 -0.016585590012440286 -0.06580912996725707 0.04054384037284486 -0.04604657728000436 -0.04945894741698688 -0.041705112765807635 0.00259272355885836 -0.0286339678159364
0 30 0.12092327719344959 0.23276139150817798 -0.11077444931301329 -0.20197582469765035 -0.06596955871799494 0.2810782000468336 -0.04785297688330712 -0.06252629462814784 -0.09776176344721883 0.06279863079119924
0 31 0.02170650301945408 0.1808878231430523 -0.0020341248976153774 -0.05663539191083545 -0.1471891523308616 0.029568524729671315 -0.011600249644150181 -0.0909931400329437 0.01224467726728459 0.0795048904632928
0 32 0.10205629611557207 0.16398247937146293 -0.13001117521925362 -0.11386305257506521 -0.11153640386974295 0.18274004787369302 -0.04574063017353918 -0.024615311740815608 -0.05248029253164676 0.19031860939834844
0 33 0.026407948124864255 -0.15894045624839687 0.11221078548397018 0.010045695033053102 0.11831102129554641 0.014806033747875102 0.004997286886448726 0.0876457567407906 0.007314856181765003 -0.0950204919119178
0 34 0.046915597916651675 0.0806673021688725 -0.0891827457091274 -0.1383194717859034 -0.044304772104821824 0.14742299611739831 -0.043469758328510175 -0.05818518863641723 0.051838346123474065 0.025230528577099686
0 35 0.10281072194647149 0.27202795280605857 -0.13479187171948326 -0.1300546296101321 -0.15508051397983452 0.2318242288002162 -0.14962359798621583 0.02236167224536104 0.032964786978020084 0.17071907821451224
0 36 0.03653957346339411 0.07711422625503275 0.012370979874851131 -0.010446157832170086 -0.029344309626126986 0.1625476155684558 -0.09851282784325911 -0.06619801364274237 -0.022009284513734 0.04542503158282605
0 37 0.13261496982630647 0.0994601644712223 -0.030059324332680545 -0.13488511626000776 0.0253290022004216 0.051826471841713455 -0.09385215364489016 -0.05731449326142666 0.07270577755872841 -0.004198432561918495
0 38 -0.004939993278289967 7.011612878042203E-5 -0.10285868950438376 0.018728786926123564 -0.017372788160599405 5.040569382276485E-4 0.06492255834596723 -0.07109017830587058 -0.07731408218614291 -0.02472586524164195
0 39 -0.029420814843083294 0.05286509042606424 0.023645999950646347 0.08157857864663366 0.022926031381331508 0.04954292440437957 0.08646796850221723 -0.06624237608409553 0.04523227398523212 0.02449981156313901
0 40 0.019875076233242493 0.09940867742524491 0.03291505120444169 -0.09406467915013071 0.06177815865024115 0.0356997717323268 -0.09254620017749697 -0.02421075824893486 -0.02726033667794398 -0.04806837778961211
0 41 -0.072428826968356 -0.022735850232317906 -0.006627435974093711 -0.03369952712113417 0.08999331960276193 -0.05170804131644863 -0.07499520979186522 0.0784706032538944 -0.07002386615345797 -0.018620100748994842
0 42 -0.05429172678719316 -0.016051607789978824 0.014736457186497685 0.037895718265395166 0.02182179565717325 -7.752855073598825E-4 0.06888560452317136 0.08767793613444366 -0.06832127123670058 0.052036962990837196
0 43 0.03883273443763787 -0.10067985800560994 -0.09013159659481093 0.048673335712774525 -0.006614628970376938 -0.07004161339465383 0.039577619887457616 0.09260312180129568 0.006319007693148267 -0.07325443267912565
0 44 -0.03186701775485728 0.12061187517143132 0.01935470855759667 0.04893003227099006 -0.09641109115399478 -0.006156519435171854 -0.05625868914488159 0.052504857986417276 0.01771291287719614 0.026288300523596615
0 45 -2.6740298563766266E-4 -0.0101521845509919 -0.10812923305703163 0.0010991972862088595 -0.047145266895667726 0.014845538504596151 0.04863410117265381 0.08550896307751128 0.08589270839571285 -0.06891982885630249
0 46 0.08133208549763074 0.0826954650981973 -0.02794131108031972 0.04268039581252603 0.06772854967986622 0.10088509293049529 -0.0694820677120317 -0.04807354482643428 0.05674800283469113 -0.008304072925717294
0 47 -0.07489982857369058 -0.024367049999130495 0.02247428871696938 -0.08558154291717025 -0.023059837157239325 0.01912906257637674 -0.07126517591263719 -0.07430856124385073 -0.07313395492032179 0.04426278735272594
0 48 -0.09462550449333548 -0.0516797853855202 0.08903859979048888 -0.09386936221436692 -0.06326776342715647 0.055727836370289247 -0.09592380281330819 0.07535731578432504 -0.016466518939470667 0.09922636649732672 0.0787323361233085 0.022497586335019498 -0.09225380750126304 -0.014972315944873813 -0.022007673649832867 0.05427900845285314 0.05585746170497899 0.07635633614952136 0.0672025493927699 0.04274167843348766 -0.03214044901724345
1 0 -0.02952800953217142 -0.04212040633313901 0.03381578334185718 -0.09384514060800804 0.0755742190495637 0.06267073370294779 -0.02852689294922643 0.004715615607342731 -0.0067790931969956315 -0.03530635984717397
1 1 0.05919696178365499 -0.08726697184556878 0.016706948363419145 4.1610635329576934E-4 0.10665271884444781 -0.0022753932369459287 -0.044320823693225785 -0.011829277047819234 0.03649976599736856 0.10396520771231149
1 2 -4.688990945246596E-4 -0.04645903250792164 0.023894474362264276 -0.04885966398058855 -0.08396690415904101 -0.041474898409714814 0.07387127037913749 0.0783143088431949 -0.06701946051967701 -0.060273778610575604
1 3 -0.02726338730255632 -0.051461106997763656 -0.019036928326152336 -0.025178013178848553 -0.09222040014340731 -0.08752776723165281 0.07493107655285904 -0.06397129291773396 -0.06445648474073593 -0.03704729361090495
1 4 -0.06122112964981246 -0.0690625912032581 0.05604769393114286 0.053075470173827535 0.06407800896825379 0.00528161335327454 0.040584916611153876 -0.0894989566931194 -0.09668945354875932 -0.013300805169021218
1 5 0.026797096242703638 0.043006713354915405 0.09408932855871574 0.0556762580887245 0.09021222784511242 0.028786243783903955 0.027737267683960325 0.05475532374988869 0.09521110950274668 0.09015148403563847
1 6 -0.029513752139725857 -0.08391720660173607 -0.0680627406474043 0.05194646005001187 -0.06239843382825108 0.06650804688062999 0.0861621990512646 -0.011433516655288117 0.011022799261209144 0.07000387481111219
1 7 -0.0032613027446128573 0.06643201006172633 0.09885023506283064 0.09229833800008617 0.09758363663361917 0.02326849529619442 -0.03305655721843628 -0.02864414156582525 0.03010900619089398 -0.06875989746222956
1 8 -0.04076454265802226 -0.0912428192421657 -0.07675447603312976 0.0037410450575353013 0.06199387955226978 -0.01688580797482722 0.06656100872790789 0.05077586372466566 -0.0014022688593571338 -0.04357520155881034
1 9 0.0863679642685542 0.05355803832626598 0.02276210616601603 -0.016743568956702332 0.04446205152100177 -0.09153859383843922 -0.10240087779840755 0.08894464484231247 0.03572251657224529 0.046924693209914194
2 0 -0.08601704208965129
2 1 0.020944424101433795
2 2 -0.050694437858682266
2 3 0.08658615934017491
2 4 -0.08589787038974511
2 5 0.017685797090732626
2 6 0.042363006267779925
2 7 -0.03995102597119644
2 8 -0.049006836037655196
2 9 -0.11793470694025097
