## RankNet
## Epochs = 50
## No. of features = 48
## No. of hidden layers = 2
## Layer 1: 10 neurons
## Layer 2: 10 neurons
1 2 3 4 5 6 7 8 9 10 11 12 13 14 15 16 17 18 19 20 21 22 23 24 25 26 27 28 29 30 31 32 33 34 35 36 37 38 39 40 41 42 43 44 45 46 47 48
2
10
10
0 0 -0.053104350861295904 -0.049948139035998186 -0.07801529889311269 0.06277795481647651 -0.008413215993339994 0.08188244386608078 -0.032565243631581094 0.07925439960319261 9.580892428989995E-4 0.040350062869409266
0 1 -0.04778899624943733 0.08046858012676239 -0.061730653047561646 -0.055627238005399704 -0.026296114549040794 0.08394750952720642 -0.0445382222533226 -0.05280796438455582 -0.041161101311445236 0.0023231804370880127
0 2 0.065152607858181 -0.051527559757232666 -0.09753934293985367 -0.09812472015619278 -0.008366679772734642 0.07471585273742676 -0.07692079246044159 0.06690149754285812 0.0014888942241668701 -0.022530043497681618
0 3 -0.06211695820093155 -0.021193724125623703 -0.03970353677868843 -0.051211874932050705 -0.03550800681114197 -0.012967860326170921 -0.020209074020385742 0.04556874558329582 0.08479396253824234 0.05417568236589432
0 4 -0.07587254792451859 0.0016221165424212813 -0.004888123366981745 0.056521572172641754 0.09884487837553024 0.05520527437329292 0.05461062863469124 -0.01357346773147583 -0.009914165362715721 0.002155441092327237
0 5 0.012484450421773033 0.09102819178150402 -0.06033130931662461 0.05623424372674977 0.07720638093477898 0.07424514546099793 -0.04942059341887346 -0.08201994194648668 -0.07525716521857707 0.04608195999528599
0 6 0.0035118773893670825 0.021772737242111102 0.07065020072105936 0.03261319963582911 -0.08951618583221836 0.007566690665362908 0.01987294733212774 0.05957202361219127 0.030012651201149862 0.013120750361246457
0 7 -0.07916510654006631 0.00784544050142416 -0.04567006849242103 0.05322945910511226 0.04996565268737354 -0.04342985778767563 0.0756823496178329 -0.08286376498265861 0.044394546907192356 -0.023407004534039964
0 8 0.017072541991979637 0.08326046421562332 0.0623083127635275 0.04805567110800478 0.07983072702265813 -0.04727989678538499 -0.09835006146121844 0.03685526619480511 0.0762737578492714 -0.09282432170466698
0 9 0.03907200729361263 0.05547499164377319 -0.050410887787982354 0.03967820103192064 -0.06778729106806682 -0.01017558259225509 0.005721781976631819 -0.08250878681613566 0.06789464119487534 0.0563068608765198
0 10 0.008392103369147136 -0.08078797653879029 -0.004306957221522462 0.038388196331498356 -0.027024244475592613 0.06498166675412023 0.06684962065529004 0.09064482967184423 -0.01955282885915462 0.027611212340433785
0 11 0.07967054879179612 0.07896686598096984 -0.09353928882901327 0.02762633929872259 0.01624160487629032 -0.05790833627141175 0.04679253475379064 0.08705820212887166 0.010810724344487791 -0.04964277194694745
0 12 -0.0420150725888811 -0.09990451851846179 0.02427946669178353 0.025618757794203077 0.08127397183699507 -0.00556242814818263 -0.003972169060466026 -0.08714626545288227 0.0241080132298559 0.09988365694927598
0 13 -0.07777096070601774 0.09307449421707154 -0.035671081184532216 -0.07183552635943198 0.03210881917638159 -0.08467559317128859 -0.06295606260999034 -0.057008960096417136 -0.05724046202846595 -0.08731276134259817
0 14 0.007272051428530146 0.09166849736108001 0.08630580090456748 0.04997803889942656 0.006793008988377407 -0.03760125080029923 -0.014409209286253633 -9.257804427583911E-4 -0.044874799303147375 0.024853382066214163
0 15 -0.06293991932451619 -0.05312705621396744 0.07352073868613533 0.01991542273041036 0.042707045022092265 -0.09734166546308809 0.07718413103478576 0.09266206694133099 -0.07993259472881678 0.05421460503562341
0 16 0.007985901592379637 -0.09262178775928492 -0.09133695211937722 -0.04142008591266528 -0.08578450790243089 0.09238311393377963 0.03244897885590279 -0.03108215414776083 -0.09853026818085604 0.07677848139372057
0 17 -0.09903431252804089 0.03381055531467136 -0.03129300814449229 -0.0820298880772033 0.030549716345447644 0.04798191450913844 0.021141987455834635 0.09428429334685709 -0.05082154124539507 -0.056217099243985116
0 18 -0.06580978946056652 -0.020070013279069154 -0.08186863702117825 -0.03331518699092045 -0.009075100392621447 -0.03161021284381452 -0.08411783708835656 -0.05488813937380403 -0.08976884781878616 0.07133545476736008
0 19 0.009800639353792709 -0.05543331046151878 -0.06317620983929513 -0.07746770902168507 -0.09708827370094171 -0.01534324451773883 0.033379748190778054 -0.015848739755985556 -0.013888215268285245 0.03769017318832278
0 20 -0.08055082859833926 0.0038405531281050184 0.034334066523005115 0.0336657546590585 0.08977380013776907 -0.023628938342030035 0.040984146024125374 -0.08666363799357173 0.08120188713607122 0.08858222077237907
0 21 0.039155410368510196 -0.02582510488046132 -0.07658276627095165 0.08533802857667812 -0.07934074685359717 -0.01034469321240601 0.05931660862007517 -0.03858394720265501 -0.05877825170657684 -0.08635562100603206
0 22 -0.09464896718842412 -0.08972421678645576 0.002256746755565492 -0.030465451822428352 0.0055777421936358 0.02614494021396154 0.05250193730458787 0.08414903889341993 -0.002393668737997415 0.09948936574513653
0 23 -4.596681090932242E-4 0.10328322287154373 -0.08255286029190896 0.05399496556627934 0.053085509601365814 0.04330509961158512 0.004775116878586451 0.02385616234159726 -0.06835252195063303 -0.07613335986984429
0 24 0.00889760925310257 0.08304425560266107 -0.09755309325330451 -0.005164623342850151 -0.04118790834061411 -0.08399380549896855 0.07769580557643285 0.07960760203035706 0.008260343131726616 0.06427172183661431
0 25 -0.07894582534611969 0.0641895043951462 0.07038822608679896 0.07756178138295454 0.08122461535012224 0.029504174926616816 -0.08297496967010604 0.033140505772503735 0.04538993788489754 -0.04286627633654126
0 26 -0.09861213794734028 0.008375919240645915 0.008668851191105496 0.021883139143367383 0.07044973923983493 0.08909470383332468 -0.07852272740217167 0.04867927543479462 0.06767468425342966 0.08957451866889421
0 27 0.043499850258125784 0.023319719636011097 -0.05033439291277166 0.08199868122945611 -0.07320548818978306 0.03024473615228608 -0.09749354837795295 -0.07891512443762283 -0.07193456692628353 0.009542388051622231
0 28 0.10821613906574606 0.08957709501245709 0.015125139114093264 -0.11093136061067357 -0.007455087789843857 0.12179537066013453 -0.014674211999876709 -0.010952144687591004 0.037893488613242265 -0.020493493051057788
0 29 0.0632707744739941 0.10351577427561948 0.03011604265878384 -0.09600000926517367 -0.07808554369767448 -0.02259803427468132 0.03432835116439464 -0.008855490223920749 0.07229230411866049 -0.030502852564097096
0 30 -0.08000635662385097 -0.046646307837627826 0.11809046303338085 -0.10977647526189321 -0.04373978570039586 0.10706540115944348 -0.09042743503753829 -0.08397670570636062 0.055647269025315055 -0.015085247900727558
0 31 -0.007570294041943046 -0.04601420328641612 0.11721778493095832 0.006464058160423941 0.02991793044477565 0.09420944990753848 -7.596688274491457E-4 0.09375809039675824 0.0817681516034297 -0.08572759686421628
0 32 0.10360248072702342 0.11575207147395636 -0.06288132118723523 -0.0371170433155206 -0.06735985976683927 0.06980375620906643 -0.021529492231204057 0.005506786621900742 0.06843619293956141 0.022965506418530474
0 33 0.033741695326603816 0.08907293199638203 0.007492098966649934 -0.06916567787315861 0.007434969738033469 0.08334113438424814 0.02405443440300549 0.09581432994518589 0.019502817120844926 0.09739001382970455
0 34 -0.08557627802778835 0.02394111811329432 -0.057874019862559606 -0.06764290747866528 -0.05764727351440139 0.04867997620784109 0.021797130920964525 0.002499285538717704 0.011586453316606193 -0.07521758202724053
0 35 -0.02739801607825303 0.037418768623285754 0.06882095779339133 -0.04319466414738061 0.052445432220442484 -0.05063753746462074 0.017477524216158603 -0.04098237564163567 0.03668074877485582 0.01270791482999847
0 36 -0.06077198916967905 0.06442616899453674 0.04783927329997044 -0.10760299747947609 -0.09362444560565164 -0.01012185337864135 0.008545159919593877 0.09219496834733674 0.06911513466422518 -0.07200537137786678
0 37 0.07276271911460504 0.08173800414788919 0.09955539943516178 -0.08376405079587891 0.08074037828338074 0.06200720506618994 0.053652706679353304 0.018926735734386194 -0.0313747270639709 0.002013055095325701
0 38 0.051690073710712436 0.019828877632582297 -0.06584389289367827 -0.09664513909453083 0.02528865932052721 0.016166028166290244 -0.06589770784759577 -0.09242718356782806 0.05108001114645248 0.09207324264693499
0 39 0.08062625120285453 0.04826239611681713 0.03631040299784528 0.05849876633650121 -0.004635907071328188 -0.02512824296009926 0.0012398970809795358 -0.07523645150596511 -0.030944782925460407 -0.0400048424477556
0 40 -0.07204700072404442 0.0347567472952248 -0.004310157294309453 0.059213832084000675 0.09100718720381865 -0.08073136157346188 -0.025860755724549923 0.002859020446145785 -0.015095097629044239 0.004067957868161009
0 41 -0.0457304414559296 -0.024188547661555704 0.009342733209088856 0.014992793974515889 -0.08859658386134074 -0.07139835750020182 0.04535937087248876 -0.0394645810611401 0.07836546364837418 0.016103636008937546
0 42 0.08366675997558955 0.023547831610728716 -0.068994335501638 -0.0559187131530329 -0.05219732976796715 0.05959147474100929 0.04174034618940467 0.058571105729136375 0.03348848957745508 -0.06700328743472946
0 43 0.09897730484192194 -0.01818026157976679 0.03806317132368083 0.06994340064102425 -0.07140564624390904 0.03556250334168155 0.07279597601004363 -0.014861479465860349 -0.0556675919221807 -0.019195770255233204
0 44 -0.008358545194523668 -0.05877299057023468 -0.011971249223256365 -0.03142024900393828 -0.020360786386214594 0.07287395168898 -0.02497751772249662 -0.02930515291589639 -0.07248993229122021 -0.04581972203468776
0 45 0.02392988692675304 0.10264618499500903 0.09929197004387343 -0.05396388794856399 -0.06091305791624658 -0.022883126690412918 -0.1001596277936789 0.0067575817513152465 0.055820297338057843 -0.0390253401479671
0 46 0.020887736637932773 -0.011099402882920965 0.036703550278639696 0.00184499521178854 0.07185451135746253 -0.02078019100370542 -0.0589944659158083 0.020044350675760294 0.05035007733850607 -0.08719006545161727
0 47 0.0424120634571722 0.09909696515155014 0.02801979446201479 0.09449396358239895 0.0955447218449224 -0.045674181873495596 -0.08380272266731957 0.0054080470151329635 -0.0751739904231138 -0.046725426515465976
0 48 -5.31427209466096E-4 0.07720770194564956 -0.0690079392892565 0.06303250784897518 0.017058188509713173 -0.09610376005328333 -0.09692226199794635 0.08693152735756277 0.08649299654775391 0.05076570389910472 0.020027545259583397 -0.06937424722589416 7.931126950749683E-4 0.08214505899414151 0.08376763215434715 -0.039214641564428034 0.003228706734490654 -0.07747396702322991 0.049800875077426476 -0.012798388584414146 -0.023142968825065467
1 0 0.037276201671070944 -0.03342827806932268 0.015347104300300906 0.048511689641556256 0.06150120735782083 0.03822899645386533 0.0749184664863495 0.029556338742332305 -0.08983263811905742 0.011758275883439829
1 1 0.08694682829567117 -0.01445350218657258 -0.0456259141300666 -0.02980269509573239 -0.04404145682783891 -0.0781377687219948 0.028266600612099544 0.07961180585791519 0.06861945303685589 -0.03095288505531085
1 2 0.09344889606287145 -0.028446458940588334 0.007157640248436148 0.03660023666147754 0.001955554666667345 -0.04990517856569608 -0.09029854882111274 -0.0930221784154925 -0.024989369198418203 0.06366763312191961
1 3 0.06514660700576472 0.01929400654208441 0.07010701418476789 0.05584273915547785 -0.014079063596330973 0.04392589836117924 0.03820743678875255 -0.06317676004224018 0.07996230628813386 0.09005267366651139
1 4 -0.029133077314538076 -0.01176689047870828 0.0549774257654161 0.08547781729618573 0.08782640295885917 0.09063599764488957 0.0287431953574766 0.006003254648672928 -0.027533258520457793 -0.022847547002829517
1 5 -0.0573544711238923 0.07323061920678466 -0.06274355773636271 0.08796017253932853 0.08712651327636677 -0.09464273830259884 -0.06959173773111131 -0.08739607412265672 0.059594972688320785 -0.022347435100272452
1 6 -0.017271126014763376 0.03424685835404344 -0.03543449544313754 -0.05538377807217027 0.02156303779523434 0.06807407064546864 -0.09288607584472669 -0.08442391905004178 -0.04233460044989068 0.05229452544751675
1 7 0.09763079670384928 0.004016205885429827 -0.07335990232371428 0.028815358250097744 0.09689598609604705 0.0710946508580795 0.08370775521620477 -0.0319598044612459 0.056577068052061516 0.0020160785876134992
1 8 0.021206173150672095 -0.0641818351228817 -0.04996246023272773 0.030075263005924287 0.03736767830900677 0.05041122707571317 -0.006485289316386694 0.039429403572495685 -0.0681432441887415 0.06308372126158031
1 9 -0.042891010883266766 0.008143930065228807 -0.08755177706089035 -0.0033751855287556124 0.03680397638272503 0.06256274785511917 0.06601632606420803 0.09132041164823317 -0.04830465412782036 -0.04751333793015646
2 0 -0.06244855448975417
2 1 0.08332562379004461
2 2 0.055942663845911095
2 3 -0.06372355691609426
2 4 -0.039772953271836484
2 5 0.08228801658848983
2 6 0.06153852310085833
2 7 -0.006266170883132878
2 8 0.02004193117762058
2 9 0.06428906831343571
