5	0	952.6653442382812
5	1	960.632080078125
5	2	989.7683715820312
5	3	996.4595947265625
5	4	800.1209716796875
5	5	999.5604248046875
6	0	983.5076293945312
6	1	960.4013671875
6	2	993.83740234375
6	3	952.946533203125
6	4	983.5324096679688
6	5	983.5324096679688
6	6	983.5324096679688
6	7	896.0079956054688
7	0	983.5324096679688
7	1	889.9201049804688
7	2	983.3890380859375
7	3	983.5324096679688
7	4	983.5324096679688
7	5	951.6201171875
7	6	989.2830200195312
7	7	952.9278564453125
7	8	989.2830200195312
7	9	985.0786743164062
7	10	983.5076293945312
7	11	988.2860717773438
7	12	960.4013671875
7	13	993.83740234375
8	0	895.3909301757812
8	1	960.632080078125
8	2	989.7811889648438
8	3	800.120849609375
8	4	992.9364624023438
8	5	999.79541015625
9	0	989.2830200195312
9	1	989.1953735351562
9	2	957.7706909179688
9	3	956.0245361328125
9	4	989.1953735351562
9	5	989.1953735351562
9	6	983.5324096679688
9	7	993.9126586914062
9	8	889.9201049804688
9	9	989.383056640625
9	10	989.1953735351562
9	11	985.0786743164062
9	12	984.0274658203125
9	13	989.5438842773438
9	14	965.2589111328125
10	0	989.1953735351562
10	1	989.2830200195312
10	2	955.7619018554688
10	3	889.9201049804688
10	4	973.7702026367188
10	5	989.0562744140625
10	6	889.9201049804688
10	7	993.9126586914062
10	8	989.2830200195312
10	9	957.7706909179688
10	10	989.2830200195312
10	11	985.0946655273438
10	12	989.2830200195312
10	13	988.6193237304688
10	14	958.51171875
11	0	960.4634399414062
11	1	979.9877319335938
11	2	990.7888793945312
11	3	999.489501953125
11	4	992.9364624023438
11	5	787.0692749023438
12	0	956.0245361328125
12	1	992.1898193359375
12	2	967.8584594726562
12	3	982.3344116210938
12	4	825.9907836914062
12	5	996.5250244140625
12	6	998.9998779296875
13	0	989.1953735351562
13	1	993.2186889648438
13	2	989.52490234375
13	3	958.224365234375
13	4	889.9201049804688
13	5	889.9201049804688
14	0	956.0245361328125
14	1	991.0169067382812
14	2	987.6652221679688
14	3	960.632080078125
14	4	999.489501953125
14	5	992.9364624023438
14	6	800.120849609375
15	0	992.4310913085938
15	1	966.1268920898438
15	2	987.9057006835938
15	3	955.5858764648438
15	4	995.23828125
15	5	825.9907836914062
15	6	998.9998779296875
16	0	889.9201049804688
16	1	989.383056640625
16	2	951.9260864257812
16	3	985.6044921875
16	4	892.830810546875
16	5	989.1953735351562
16	6	993.9126586914062
16	7	989.1953735351562
16	8	989.2830200195312
16	9	989.2830200195312
16	10	989.2830200195312
16	11	889.9201049804688
16	12	985.0946655273438
16	13	996.1083984375
16	14	966.3622436523438
16	15	999.79541015625
16	16	996.4141235351562
16	17	800.120849609375
17	0	957.7706909179688
17	1	889.9201049804688
17	2	993.9126586914062
17	3	984.0276489257812
17	4	989.1953735351562
17	5	989.2830200195312
17	6	985.0786743164062
17	7	989.1953735351562
17	8	889.9201049804688
17	9	993.2186889648438
17	10	956.0245361328125
17	11	989.1953735351562
17	12	989.2830200195312
17	13	989.2830200195312
18	0	992.9364624023438
18	1	787.0692749023438
18	2	889.9201049804688
18	3	989.383056640625
18	4	989.1953735351562
18	5	985.6044921875
18	6	985.0786743164062
18	7	989.1953735351562
18	8	957.7706909179688
18	9	989.2830200195312
18	10	989.2830200195312
18	11	991.378662109375
18	12	925.2382202148438
18	13	984.0274658203125
18	14	989.1953735351562
18	15	889.9201049804688
18	16	988.6193237304688
18	17	958.224365234375
18	18	999.489501953125
19	0	925.2382202148438
19	1	988.4874267578125
19	2	960.1760864257812
19	3	988.7835083007812
19	4	995.4666137695312
19	5	787.0692749023438
19	6	999.79541015625
20	0	952.5947875976562
20	1	988.5827026367188
20	2	989.5880126953125
20	3	968.9967041015625
20	4	787.0693969726562
20	5	994.6658935546875
20	6	999.5604248046875
21	0	952.9278564453125
21	1	967.8584594726562
21	2	992.4310913085938
21	3	982.3344116210938
21	4	999.0005493164062
21	5	995.23828125
21	6	825.9907836914062
22	0	960.1760864257812
22	1	987.9214477539062
22	2	988.7835083007812
22	3	999.867431640625
22	4	787.0692749023438
22	5	990.5447387695312
22	6	956.0245361328125
22	7	988.2860717773438
22	8	983.5324096679688
23	0	989.2830200195312
23	1	982.3344116210938
23	2	966.1268920898438
23	3	992.4310913085938
23	4	998.9998779296875
23	5	947.1198120117188
23	6	812.93896484375
23	7	995.23828125
24	0	987.9057006835938
24	1	968.2691040039062
24	2	998.9998779296875
24	3	996.6399536132812
24	4	983.5324096679688
24	5	989.2830200195312
24	6	927.7691040039062
24	7	997.3378295898438
24	8	825.9907836914062
25	0	956.0245361328125
25	1	989.1953735351562
25	2	989.1953735351562
25	3	889.9201049804688
25	4	993.6317138671875
25	5	989.2830200195312
25	6	989.3828735351562
25	7	957.4486083984375
25	8	989.1953735351562
25	9	989.383056640625
25	10	889.9201049804688
25	11	989.2830200195312
25	12	993.8799438476562
25	13	985.0786743164062
25	14	989.1953735351562
25	15	983.4762573242188
25	16	994.9251708984375
25	17	993.9126586914062
25	18	965.2589111328125
25	19	996.1083984375
25	20	999.79541015625
25	21	800.120849609375
25	22	995.4666137695312
25	23	991.2448120117188
25	24	999.421875
26	0	999.0005493164062
26	1	987.958251953125
26	2	992.1898193359375
26	3	967.8584594726562
26	4	983.5076293945312
26	5	983.5076293945312
27	0	989.1953735351562
27	1	990.7888793945312
27	2	987.9214477539062
27	3	960.1760864257812
27	4	989.2852172851562
27	5	987.7095336914062
27	6	993.9126586914062
27	7	989.1953735351562
28	0	987.6652221679688
28	1	960.632080078125
28	2	989.340087890625
28	3	999.489501953125
28	4	949.9515380859375
28	5	995.4666137695312
28	6	787.2816772460938
29	0	988.1756591796875
29	1	966.3941650390625
29	2	987.688232421875
29	3	952.6653442382812
29	4	790.9723510742188
29	5	994.6097412109375
29	6	997.8614501953125
30	0	982.3344116210938
30	1	992.1898193359375
30	2	967.8584594726562
30	3	999.0005493164062
30	4	895.3616943359375
30	5	812.93896484375
30	6	996.5250244140625
31	0	966.1268920898438
31	1	987.9057006835938
31	2	992.4310913085938
31	3	999.0005493164062
31	4	952.946533203125
31	5	995.23828125
31	6	812.93896484375
32	0	954.6759033203125
32	1	927.79833984375
32	2	982.1171264648438
32	3	968.1102294921875
32	4	989.340087890625
32	5	790.9723510742188
32	6	994.6097412109375
32	7	997.8614501953125
33	0	952.6653442382812
33	1	954.4110107421875
33	2	966.3941650390625
33	3	987.688232421875
33	4	993.8811645507812
33	5	997.9277954101562
33	6	790.9723510742188
33	7	994.6097412109375
34	0	993.876708984375
34	1	959.5115966796875
34	2	993.83740234375
34	3	985.0911865234375
34	4	966.468994140625
34	5	989.2830200195312
34	6	989.8499755859375
34	7	894.1063232421875
35	0	984.0274658203125
35	1	964.4124755859375
35	2	988.6193237304688
35	3	994.0516357421875
35	4	958.224365234375
35	5	989.1953735351562
35	6	993.8783569335938
35	7	993.876708984375
35	8	989.3833618164062
35	9	989.0562744140625
35	10	984.44873046875
35	11	993.7516479492188
35	12	986.7791137695312
35	13	988.2860717773438
35	14	989.2830200195312
35	15	994.4329223632812
35	16	984.3125610351562
35	17	989.2830200195312
35	18	991.2540893554688
35	19	993.0916137695312
35	20	896.0079956054688
36	0	959.2041625976562
36	1	991.878173828125
36	2	960.68896484375
36	3	988.2984008789062
36	4	993.83740234375
36	5	990.5447387695312
36	6	787.0692749023438
36	7	999.489501953125
37	0	810.0443115234375
37	1	787.0692749023438
37	2	810.0447998046875
37	3	810.0401611328125
37	4	974.691162109375
37	5	810.0447998046875
37	6	960.4013671875
37	7	810.0443115234375
37	8	992.06396484375
37	9	999.489501953125
37	10	988.073974609375
37	11	810.0401611328125
38	0	965.1986694335938
38	1	986.7791137695312
38	2	994.061767578125
38	3	967.0794677734375
38	4	996.4141235351562
38	5	996.1525268554688
38	6	787.4176025390625
38	7	988.75439453125
38	8	999.5604248046875
38	9	993.6317138671875
39	0	956.6591796875
39	1	998.0565795898438
39	2	987.3624267578125
39	3	966.1268920898438
39	4	999.0005493164062
39	5	825.9907836914062
39	6	996.5250244140625
39	7	993.4551391601562
40	0	960.0480346679688
40	1	990.7888793945312
40	2	960.1760864257812
40	3	982.2286376953125
40	4	951.6387939453125
40	5	999.489501953125
40	6	990.7763671875
40	7	787.0692749023438
40	8	990.5447387695312
41	0	990.7603759765625
41	1	959.9947509765625
41	2	989.5880126953125
41	3	988.75439453125
41	4	967.0794677734375
41	5	952.2533569335938
41	6	985.0094604492188
41	7	992.98193359375
41	8	993.9126586914062
41	9	787.0693969726562
41	10	999.867431640625
42	0	787.3950805664062
42	1	787.0888671875
42	2	995.4813232421875
42	3	787.1317138671875
42	4	787.393310546875
42	5	940.0437622070312
42	6	787.393310546875
42	7	787.3950805664062
42	8	787.4015502929688
42	9	999.5078125
42	10	988.2860717773438
43	0	997.9884643554688
43	1	991.0169067382812
43	2	791.0527954101562
43	3	986.9109497070312
43	4	787.3009643554688
43	5	787.3950805664062
43	6	967.0881958007812
43	7	787.393310546875
44	0	946.9573974609375
44	1	957.5325927734375
44	2	987.5374755859375
44	3	965.2919921875
44	4	994.0516357421875
44	5	787.4378051757812
44	6	999.4803466796875
44	7	994.5352172851562
44	8	787.4378051757812
44	9	986.7791137695312
44	10	972.9525146484375
44	11	984.705810546875
44	12	995.1431274414062
44	13	982.5888061523438
44	14	954.7974243164062
44	15	988.974853515625
44	16	998.702880859375
45	0	965.2919921875
45	1	992.822998046875
45	2	957.6538696289062
45	3	994.0516357421875
45	4	987.548095703125
45	5	787.4827270507812
46	0	970.5458984375
46	1	950.3301391601562
46	2	987.7095336914062
46	3	965.2919921875
46	4	989.3833618164062
46	5	988.638427734375
46	6	957.6538696289062
46	7	991.136474609375
46	8	787.1302490234375
46	9	978.3971557617188
46	10	940.0437622070312
47	0	959.2041625976562
47	1	993.5957641601562
47	2	991.899658203125
47	3	951.8382568359375
47	4	988.073974609375
47	5	812.9212646484375
48	0	959.5115966796875
48	1	988.1622314453125
48	2	991.899658203125
48	3	825.9457397460938
48	4	988.073974609375
48	5	951.8382568359375
49	0	989.1953735351562
49	1	965.2919921875
49	2	800.1559448242188
49	3	985.8392333984375
49	4	988.4207763671875
49	5	957.6538696289062
49	6	984.3125610351562
49	7	787.4512939453125
49	8	996.40380859375
49	9	997.2546997070312
49	10	988.6248168945312
50	0	985.3941040039062
50	1	985.7761840820312
50	2	999.4803466796875
50	3	787.4827270507812
50	4	990.730712890625
50	5	965.1986694335938
50	6	989.0560913085938
51	0	957.6538696289062
51	1	988.1610107421875
51	2	787.1317138671875
51	3	962.8982543945312
51	4	959.1168823242188
51	5	993.5957641601562
51	6	999.5078125
51	7	986.7791137695312
51	8	800.1544799804688
51	9	988.0879516601562
52	0	959.7329711914062
52	1	787.4827270507812
52	2	800.1404418945312
52	3	974.1998291015625
52	4	787.3012084960938
52	5	787.3626098632812
52	6	800.1404418945312
52	7	800.1544799804688
52	8	966.1337890625
52	9	955.1168212890625
52	10	985.5850830078125
52	11	787.393310546875
52	12	992.920166015625
52	13	975.8497314453125
52	14	940.0437622070312
52	15	999.4803466796875
52	16	985.7761840820312
52	17	963.8396606445312
52	18	965.1986694335938
52	19	989.2830200195312
52	20	984.7749633789062
52	21	989.1953735351562
52	22	985.0094604492188
52	23	989.383544921875
52	24	992.310302734375
52	25	957.6538696289062
52	26	989.3833618164062
52	27	991.1604614257812
52	28	787.473388671875
52	29	951.9340209960938
52	30	991.068115234375
52	31	989.5352172851562
52	32	988.6088256835938
52	33	984.8377685546875
52	34	993.6317138671875
52	35	975.8505859375
52	36	953.89013671875
52	37	989.0980834960938
52	38	887.8037109375
52	39	896.5926513671875
52	40	884.9888916015625
52	41	1000.6215209960938
52	42	988.4524536132812
52	43	929.0437622070312
52	44	993.8912963867188
52	45	998.9727783203125
52	46	999.421875
52	47	984.705810546875
52	48	1000.9839477539062
52	49	967.4187622070312
52	50	983.5324096679688
52	51	975.4428100585938
52	52	995.06982421875
52	53	984.5402221679688
52	54	993.6592407226562
52	55	889.6377563476562
52	56	988.9761352539062
52	57	998.3357543945312
52	58	964.1207885742188
52	59	988.16064453125
53	0	952.2533569335938
53	1	962.8982543945312
53	2	787.4393310546875
53	3	959.9948120117188
53	4	988.7515869140625
53	5	993.5957641601562
53	6	1000.07373046875
53	7	992.9476318359375
53	8	787.4393310546875
53	9	989.3027954101562
54	0	959.903076171875
54	1	989.2830200195312
54	2	952.375732421875
54	3	787.1317138671875
54	4	988.1610107421875
54	5	962.8982543945312
54	6	989.1953735351562
54	7	996.2865600585938
54	8	989.2835083007812
54	9	988.5247192382812
54	10	984.7749633789062
54	11	994.050048828125
54	12	993.5963745117188
54	13	986.7791137695312
54	14	996.40380859375
54	15	800.1544799804688
54	16	999.4803466796875
55	0	988.1610107421875
55	1	962.8982543945312
55	2	959.903076171875
55	3	787.5194091796875
55	4	952.2533569335938
55	5	988.78662109375
55	6	995.4813232421875
55	7	800.1559448242188
55	8	1000.07373046875
55	9	990.218505859375
56	0	958.5614013671875
56	1	995.622314453125
56	2	951.1179809570312
56	3	963.5914306640625
56	4	791.3460693359375
56	5	982.2730712890625
56	6	998.7271728515625
56	7	995.5792846679688
56	8	804.0772705078125
56	9	989.6101684570312
57	0	994.0516357421875
57	1	960.9478759765625
57	2	787.4827270507812
57	3	999.4803466796875
57	4	985.0094604492188
57	5	965.2920532226562
57	6	989.1552734375
57	7	989.2830200195312
57	8	989.2835083007812
57	9	987.7095336914062
57	10	957.5325927734375
57	11	988.5247192382812
57	12	984.8377685546875
57	13	989.1953735351562
57	14	991.2284545898438
57	15	984.7749633789062
57	16	988.6088256835938
57	17	800.1544799804688
57	18	995.453857421875
57	19	992.822998046875
57	20	984.8276977539062
58	0	787.4842529296875
58	1	987.7984619140625
58	2	997.2546997070312
58	3	962.8982543945312
58	4	959.9948120117188
58	5	984.08740234375
58	6	979.5222778320312
58	7	981.2902221679688
58	8	981.4619140625
58	9	952.375732421875
58	10	983.9857788085938
58	11	994.4631958007812
58	12	983.8992309570312
58	13	996.3140258789062
58	14	983.8997192382812
58	15	990.5870361328125
58	16	989.3027954101562
58	17	996.4312744140625
58	18	800.1559448242188
59	0	994.0516357421875
59	1	997.2272338867188
59	2	787.4827270507812
59	3	963.5914306640625
59	4	984.8377685546875
59	5	965.2205200195312
59	6	985.0094604492188
59	7	989.1953735351562
59	8	989.383544921875
59	9	989.2835083007812
59	10	996.2865600585938
59	11	996.39697265625
59	12	957.5325927734375
59	13	984.7749633789062
59	14	990.7618408203125
59	15	989.1953735351562
60	0	800.1544799804688
60	1	999.4803466796875
60	2	993.458251953125
60	3	800.1544799804688
60	4	960.9478759765625
60	5	993.7516479492188
60	6	962.9110107421875
60	7	989.2830200195312
60	8	989.383544921875
60	9	957.6538696289062
60	10	984.7749633789062
60	11	989.1953735351562
60	12	989.0565795898438
60	13	996.2865600585938
60	14	992.310302734375
60	15	992.9371337890625
60	16	992.8379516601562
61	0	954.7399291992188
61	1	961.0322875976562
61	2	953.89013671875
61	3	787.4015502929688
61	4	800.1544799804688
61	5	787.3950805664062
61	6	787.393310546875
61	7	975.2650756835938
61	8	940.0437622070312
61	9	1000.0462646484375
61	10	994.0516357421875
61	11	787.4827270507812
61	12	960.9478759765625
61	13	962.9110107421875
61	14	989.383544921875
61	15	957.6538696289062
61	16	994.4457397460938
61	17	993.1088256835938
61	18	989.2830200195312
61	19	984.7749633789062
61	20	984.8377685546875
61	21	996.2865600585938
61	22	989.2835083007812
61	23	990.7618408203125
61	24	989.2830200195312
61	25	787.393310546875
61	26	800.1404418945312
61	27	787.3950805664062
61	28	967.0881958007812
61	29	951.9340209960938
61	30	991.7559814453125
61	31	991.1495971679688
61	32	984.8276977539062
61	33	989.1953735351562
61	34	993.5957641601562
61	35	985.0786743164062
61	36	989.2830200195312
61	37	993.5957641601562
61	38	995.4266357421875
61	39	989.1953735351562
61	40	987.5269775390625
61	41	975.267822265625
61	42	989.1835327148438
61	43	981.440185546875
61	44	997.0927734375
61	45	956.3176879882812
61	46	999.0283813476562
61	47	894.1049194335938
61	48	999.98779296875
61	49	997.2642211914062
61	50	993.78759765625
61	51	960.8919067382812
61	52	975.3317260742188
61	53	995.7046508789062
61	54	968.1992797851562
61	55	989.2830200195312
61	56	994.9793701171875
61	57	999.421875
61	58	887.2733764648438
61	59	993.64990234375
61	60	954.7655029296875
61	61	993.3869018554688
61	62	957.6258544921875
61	63	896.1746215820312
61	64	993.940185546875
61	65	998.3357543945312
61	66	989.1953735351562
61	67	993.6318969726562
61	68	973.59814453125
62	0	988.7515869140625
62	1	787.4393310546875
62	2	997.2546997070312
62	3	962.8982543945312
62	4	959.9243774414062
62	5	994.5166015625
62	6	979.5222778320312
62	7	952.2533569335938
62	8	983.9857788085938
62	9	994.4631958007812
62	10	983.7606201171875
62	11	988.7528076171875
62	12	983.9857788085938
62	13	985.9581909179688
62	14	983.9862670898438
62	15	989.9824829101562
63	0	998.1361083984375
63	1	988.2984008789062
63	2	812.9212646484375
63	3	963.336669921875
63	4	988.2732543945312
63	5	983.66552734375
63	6	991.7080688476562
63	7	956.6644287109375
63	8	951.6387939453125
63	9	976.0324096679688
63	10	983.4630126953125
63	11	993.3798217773438
63	12	983.5324096679688
63	13	995.0782470703125
63	14	983.5324096679688
63	15	988.0289306640625
64	0	787.1317138671875
64	1	787.3012084960938
64	2	975.8157958984375
64	3	1000.07373046875
64	4	787.393310546875
64	5	787.4015502929688
64	6	974.635986328125
64	7	962.8982543945312
64	8	988.75439453125
64	9	953.89013671875
65	0	976.63330078125
65	1	999.5078125
65	2	787.4842529296875
65	3	787.3013916015625
65	4	787.4735717773438
65	5	787.3013916015625
65	6	968.864013671875
65	7	988.7515869140625
65	8	962.8982543945312
65	9	955.4630126953125
66	0	787.3934936523438
66	1	787.3011474609375
66	2	999.5078125
66	3	976.63330078125
66	4	787.4842529296875
66	5	787.3013916015625
66	6	968.864013671875
66	7	955.4630126953125
66	8	988.1610107421875
66	9	962.8982543945312
67	0	787.438232421875
67	1	1000.0462646484375
67	2	787.4827270507812
67	3	787.3009643554688
67	4	964.093017578125
67	5	953.89013671875
67	6	787.4827270507812
67	7	787.3012084960938
67	8	975.2650756835938
67	9	787.473388671875
67	10	960.9478759765625
67	11	994.048828125
68	0	987.7984619140625
68	1	997.9884643554688
68	2	791.3460693359375
68	3	962.8982543945312
68	4	993.7516479492188
68	5	989.1953735351562
68	6	964.434326171875
68	7	989.3833618164062
68	8	987.7095336914062
68	9	990.5161743164062
68	10	957.6538696289062
68	11	989.383544921875
68	12	984.7749633789062
68	13	989.2830200195312
68	14	992.310302734375
68	15	993.8783569335938
69	0	994.0516357421875
69	1	999.4803466796875
69	2	960.9478759765625
69	3	804.0772705078125
69	4	993.7516479492188
69	5	957.5325927734375
69	6	965.2205200195312
69	7	984.7749633789062
69	8	992.8379516601562
69	9	989.1953735351562
69	10	989.383544921875
69	11	989.3833618164062
69	12	996.2865600585938
69	13	992.310302734375
69	14	989.1953735351562
69	15	984.8377685546875
70	0	791.0527954101562
70	1	997.9884643554688
70	2	987.8441772460938
70	3	963.5914306640625
70	4	958.5827026367188
70	5	995.0048217773438
70	6	982.1624755859375
70	7	982.8350219726562
70	8	981.21484375
70	9	982.8350219726562
70	10	994.7366943359375
70	11	983.2802124023438
70	12	987.1248779296875
70	13	951.2567138671875
70	14	978.56201171875
70	15	991.4052124023438
71	0	961.990966796875
71	1	940.0437622070312
71	2	960.6443481445312
71	3	787.4367065429688
71	4	975.2650756835938
71	5	787.438232421875
71	6	787.3012084960938
71	7	968.5552978515625
72	0	993.075439453125
72	1	965.2205200195312
72	2	994.0516357421875
72	3	960.9478759765625
72	4	787.1302490234375
72	5	957.5325927734375
73	0	965.2205200195312
73	1	984.8276977539062
73	2	960.9478759765625
73	3	787.1302490234375
73	4	957.6538696289062
73	5	993.458251953125
74	0	940.0437622070312
74	1	951.9340209960938
74	2	989.1953735351562
74	3	993.9414672851562
74	4	993.9308471679688
74	5	993.6592407226562
75	0	965.2205200195312
75	1	995.7009887695312
75	2	800.1544799804688
75	3	957.6538696289062
75	4	993.458251953125
75	5	960.9478759765625
75	6	993.6317138671875
75	7	990.501220703125
76	0	994.8596801757812
76	1	958.5827026367188
76	2	963.5914306640625
76	3	951.1179809570312
76	4	988.066162109375
76	5	791.0527954101562
77	0	887.7778930664062
77	1	965.6907348632812
77	2	800.1404418945312
77	3	787.3012084960938
77	4	787.4832153320312
77	5	787.438232421875
77	6	800.1404418945312
77	7	787.1317138671875
77	8	787.3009643554688
77	9	967.0881958007812
77	10	1000.0462646484375
77	11	988.1610107421875
77	12	962.8982543945312
77	13	787.438232421875
77	14	889.6556396484375
77	15	940.0437622070312
78	0	976.5911254882812
78	1	787.393310546875
78	2	787.3009643554688
78	3	787.4827270507812
78	4	787.3950805664062
78	5	787.4378051757812
78	6	999.4803466796875
78	7	991.136474609375
78	8	960.9478759765625
78	9	962.9110107421875
78	10	984.7749633789062
78	11	989.0565795898438
78	12	996.2865600585938
78	13	991.27685546875
78	14	996.39697265625
78	15	984.8377685546875
78	16	989.2830200195312
78	17	993.1088256835938
78	18	989.2830200195312
78	19	989.383544921875
78	20	957.6538696289062
78	21	986.5250244140625
78	22	992.822998046875
78	23	993.876708984375
78	24	989.2830200195312
78	25	989.1953735351562
78	26	984.8276977539062
78	27	994.4491577148438
78	28	993.6317138671875
78	29	989.1953735351562
78	30	989.2830200195312
78	31	973.0653076171875
78	32	787.393310546875
78	33	787.3626098632812
78	34	953.89013671875
78	35	967.0881958007812
78	36	787.4367065429688
78	37	964.1207885742188
78	38	940.0437622070312
78	39	889.6556396484375
78	40	998.3357543945312
79	0	960.9478759765625
79	1	787.4378051757812
79	2	999.4803466796875
79	3	993.458251953125
79	4	994.050048828125
79	5	989.0567626953125
79	6	965.2920532226562
79	7	993.5963745117188
79	8	992.8379516601562
79	9	989.2835083007812
79	10	991.1604614257812
79	11	984.7749633789062
79	12	991.27685546875
79	13	989.2830200195312
79	14	989.1953735351562
79	15	957.5325927734375
80	0	1000.0462646484375
80	1	975.7930908203125
80	2	787.3009643554688
80	3	800.1559448242188
80	4	976.5131225585938
80	5	787.393310546875
80	6	967.0881958007812
80	7	787.4367065429688
80	8	960.9478759765625
80	9	994.0516357421875
80	10	953.89013671875
81	0	968.864013671875
81	1	787.4017333984375
81	2	787.0889892578125
81	3	787.4842529296875
81	4	787.3934936523438
81	5	962.8982543945312
81	6	988.7515869140625
81	7	1000.07373046875
82	0	787.4842529296875
82	1	800.1405639648438
82	2	787.36279296875
82	3	974.2259521484375
82	4	1000.07373046875
82	5	988.1610107421875
82	6	962.8982543945312
82	7	787.3934936523438
83	0	997.2546997070312
83	1	975.7930908203125
83	2	973.6612548828125
83	3	787.3934936523438
83	4	800.1405639648438
83	5	787.4842529296875
83	6	787.3013916015625
83	7	974.3716430664062
83	8	962.8982543945312
83	9	987.7984619140625
83	10	953.89013671875
84	0	787.3934936523438
84	1	787.4842529296875
84	2	975.2996826171875
84	3	1000.07373046875
84	4	787.3013916015625
84	5	975.84423828125
84	6	955.4630126953125
84	7	962.8982543945312
84	8	988.1610107421875
84	9	787.36279296875
84	10	968.864013671875
85	0	976.58447265625
85	1	997.2272338867188
85	2	787.3009643554688
85	3	800.1447143554688
85	4	976.4229736328125
85	5	787.438232421875
85	6	953.89013671875
85	7	960.9478759765625
85	8	993.458251953125
85	9	787.4015502929688
85	10	967.0881958007812
86	0	973.100341796875
86	1	1000.07373046875
86	2	787.3011474609375
86	3	787.3934936523438
86	4	787.4496459960938
86	5	973.688720703125
87	0	999.4803466796875
87	1	976.58447265625
87	2	976.4229736328125
87	3	787.4832763671875
87	4	787.438232421875
87	5	800.1404418945312
87	6	993.458251953125
87	7	960.9478759765625
87	8	953.89013671875
87	9	787.3012084960938
87	10	967.0881958007812
88	0	967.0881958007812
88	1	787.3626098632812
88	2	800.1447143554688
88	3	787.3009643554688
88	4	999.4803466796875
88	5	994.048828125
88	6	960.9478759765625
88	7	787.438232421875
89	0	787.4496459960938
89	1	787.4017333984375
89	2	974.2259521484375
89	3	800.1405639648438
89	4	962.8982543945312
89	5	988.1610107421875
89	6	997.2546997070312
89	7	787.3934936523438
90	0	975.7930908203125
90	1	1000.07373046875
90	2	787.3934936523438
90	3	976.4229736328125
90	4	800.1405639648438
90	5	787.4496459960938
90	6	953.89013671875
90	7	787.3013916015625
90	8	974.2259521484375
90	9	962.8982543945312
90	10	988.7515869140625
91	0	998.7271728515625
91	1	975.6102294921875
91	2	791.2042846679688
91	3	787.4763793945312
91	4	789.8076171875
91	5	977.2455444335938
92	0	975.7861938476562
92	1	975.7861938476562
92	2	1000.07373046875
92	3	787.4735717773438
92	4	800.1405639648438
92	5	787.4047241210938
92	6	977.2455444335938
92	7	960.9478759765625
92	8	994.048828125
92	9	967.0881958007812
92	10	787.4015502929688
92	11	953.89013671875
93	0	976.610595703125
93	1	787.36279296875
93	2	976.610595703125
93	3	787.4185180664062
93	4	787.3934936523438
93	5	999.3985595703125
93	6	985.8392333984375
93	7	962.8982543945312
93	8	968.864013671875
93	9	787.3011474609375
93	10	955.4630126953125
93	11	976.450439453125
94	0	964.2647094726562
94	1	787.3009643554688
94	2	787.4481201171875
94	3	787.393310546875
94	4	976.006591796875
94	5	997.2272338867188
94	6	973.6612548828125
94	7	967.0881958007812
94	8	787.4015502929688
94	9	953.89013671875
94	10	960.9478759765625
94	11	991.136474609375
95	0	787.3011474609375
95	1	787.4017333984375
95	2	968.864013671875
95	3	787.4496459960938
95	4	787.4735717773438
95	5	999.5078125
95	6	988.7515869140625
95	7	962.8982543945312
96	0	787.4378051757812
96	1	787.4015502929688
96	2	800.1404418945312
96	3	787.393310546875
96	4	787.3012084960938
96	5	787.4481201171875
96	6	800.1404418945312
96	7	974.1998291015625
96	8	787.393310546875
96	9	1000.0462646484375
96	10	960.9478759765625
96	11	993.458251953125
96	12	959.449951171875
96	13	960.765625
96	14	1000.8499145507812
96	15	990.5284423828125
96	16	940.0437622070312
96	17	952.2294921875
96	18	989.5352172851562
96	19	994.4329223632812
96	20	993.4794921875
96	21	993.4566650390625
96	22	967.4187622070312
96	23	999.5361938476562
96	24	989.0836791992188
96	25	997.0927734375
96	26	975.7587890625
96	27	965.3397216796875
96	28	889.6377563476562
96	29	960.9456176757812
96	30	993.912841796875
96	31	993.9414672851562
96	32	961.990966796875
96	33	960.779052734375
96	34	997.9806518554688
96	35	993.9308471679688
96	36	983.5324096679688
97	0	975.98046875
97	1	1000.07373046875
97	2	976.7718505859375
97	3	787.36279296875
97	4	787.4047241210938
97	5	787.3934936523438
97	6	976.4229736328125
98	0	997.9884643554688
98	1	974.7620849609375
98	2	975.3839721679688
98	3	804.0438842773438
98	4	791.2174072265625
98	5	791.22412109375
98	6	972.427978515625
99	0	993.6317138671875
99	1	994.4491577148438
99	2	960.9478759765625
99	3	957.5325927734375
99	4	994.048828125
99	5	787.4047241210938
99	6	962.9110107421875
100	0	979.4195556640625
100	1	965.2920532226562
100	2	989.383544921875
100	3	993.458251953125
100	4	994.061767578125
100	5	989.2830200195312
100	6	989.3833618164062
100	7	996.2865600585938
100	8	991.2457275390625
100	9	994.4491577148438
100	10	989.1953735351562
100	11	993.876708984375
100	12	988.5240478515625
100	13	989.2830200195312
100	14	988.5240478515625
100	15	993.876708984375
100	16	984.8377685546875
100	17	984.8276977539062
100	18	994.4457397460938
100	19	988.0728149414062
100	20	989.2830200195312
101	0	787.1190185546875
101	1	960.9478759765625
101	2	982.2286376953125
101	3	957.6148681640625
101	4	957.5325927734375
101	5	988.7554931640625
101	6	787.4378051757812
101	7	990.5284423828125
101	8	997.2272338867188
102	0	952.2533569335938
102	1	959.9243774414062
102	2	988.75439453125
102	3	962.8982543945312
102	4	787.4501342773438
102	5	995.4813232421875
102	6	800.1559448242188
102	7	1000.07373046875
102	8	989.3027954101562
103	0	987.5269775390625
103	1	996.40380859375
103	2	962.9110107421875
103	3	962.8982543945312
103	4	957.6538696289062
103	5	787.4486083984375
103	6	900.5435180664062
103	7	988.4524536132812
103	8	800.1544799804688
103	9	993.6317138671875
103	10	994.0516357421875
103	11	999.4803466796875
104	0	987.8115844726562
104	1	989.3027954101562
104	2	952.2533569335938
104	3	787.4501342773438
104	4	962.8982543945312
104	5	957.6148681640625
104	6	988.75439453125
105	0	952.375732421875
105	1	988.1610107421875
105	2	787.1204833984375
105	3	962.8982543945312
105	4	995.7271118164062
105	5	959.9243774414062
105	6	996.40380859375
105	7	800.1544799804688
105	8	999.4803466796875
106	0	993.78759765625
106	1	989.2830200195312
106	2	984.8377685546875
106	3	959.9948120117188
106	4	787.4185180664062
106	5	952.375732421875
106	6	962.8982543945312
106	7	989.3027954101562
106	8	988.75439453125
106	9	999.5078125
106	10	800.1559448242188
106	11	995.4813232421875
107	0	983.9857788085938
107	1	989.1953735351562
107	2	962.8982543945312
107	3	989.3027954101562
107	4	952.375732421875
107	5	959.9243774414062
107	6	787.4185180664062
107	7	985.8392333984375
107	8	800.1559448242188
107	9	992.9476318359375
107	10	999.5078125
107	11	981.2902221679688
108	0	981.2902221679688
108	1	959.9243774414062
108	2	952.375732421875
108	3	983.8992309570312
108	4	884.9913940429688
108	5	962.8982543945312
108	6	983.8992309570312
108	7	988.75439453125
108	8	989.3027954101562
108	9	787.4496459960938
108	10	990.555908203125
108	11	800.1559448242188
108	12	1000.07373046875
109	0	959.9243774414062
109	1	952.2533569335938
109	2	989.1953735351562
109	3	988.75439453125
109	4	979.5222778320312
109	5	983.9857788085938
109	6	989.1953735351562
109	7	962.8982543945312
109	8	995.7271118164062
109	9	787.4496459960938
109	10	983.9857788085938
109	11	999.5078125
109	12	992.9476318359375
109	13	800.1559448242188
109	14	981.2902221679688
110	0	989.3027954101562
110	1	959.9948120117188
110	2	983.9857788085938
110	3	952.2533569335938
110	4	983.9857788085938
110	5	983.8992309570312
110	6	983.8992309570312
110	7	787.4496459960938
110	8	987.7984619140625
110	9	962.8982543945312
110	10	975.9165649414062
110	11	981.2902221679688
110	12	1000.07373046875
110	13	990.555908203125
110	14	800.1559448242188
111	0	985.0786743164062
111	1	959.9948120117188
111	2	979.196044921875
111	3	983.8992309570312
111	4	983.8992309570312
111	5	952.375732421875
111	6	983.8992309570312
111	7	962.8982543945312
111	8	787.4496459960938
111	9	995.7271118164062
111	10	988.1610107421875
111	11	983.8992309570312
112	0	965.2920532226562
112	1	989.1953735351562
112	2	994.4491577148438
112	3	989.1953735351562
112	4	787.1190185546875
112	5	957.6538696289062
112	6	960.9478759765625
112	7	993.458251953125
112	8	989.1953735351562
112	9	984.5940551757812
112	10	989.2830200195312
112	11	989.1953735351562
113	0	965.2920532226562
113	1	989.383544921875
113	2	989.3833618164062
113	3	987.7095336914062
113	4	989.2830200195312
113	5	985.8876342773438
113	6	989.1953735351562
113	7	989.2830200195312
113	8	984.44873046875
113	9	989.1953735351562
113	10	996.923828125
113	11	992.822998046875
113	12	989.1953735351562
113	13	991.2540893554688
113	14	989.51171875
113	15	989.1953735351562
113	16	984.8275756835938
113	17	993.458251953125
113	18	991.2540893554688
113	19	994.050048828125
113	20	984.8276977539062
113	21	984.8377685546875
113	22	995.4415893554688
113	23	960.9478759765625
113	24	787.1190185546875
113	25	957.6538696289062
113	26	992.920166015625
113	27	999.4803466796875
113	28	800.1544799804688
114	0	987.7772216796875
114	1	989.2830200195312
114	2	987.5269775390625
114	3	957.6538696289062
114	4	991.136474609375
114	5	960.9478759765625
114	6	989.1953735351562
114	7	989.1953735351562
114	8	984.7749633789062
114	9	965.2920532226562
114	10	989.2830200195312
114	11	787.4486083984375
114	12	993.6317138671875
115	0	996.3817749023438
115	1	979.4195556640625
115	2	960.9478759765625
115	3	787.1190185546875
115	4	989.2830200195312
115	5	989.1953735351562
115	6	989.1953735351562
115	7	994.4491577148438
115	8	962.9110107421875
115	9	957.6538696289062
115	10	993.095703125
115	11	989.2830200195312
116	0	985.0094604492188
116	1	952.2533569335938
116	2	994.4752807617188
116	3	787.1204833984375
116	4	990.5284423828125
116	5	959.13818359375
116	6	962.8982543945312
116	7	988.1610107421875
116	8	995.5217895507812
116	9	975.9165649414062
116	10	983.9857788085938
116	11	983.8992309570312
116	12	983.8992309570312
116	13	983.8992309570312
116	14	800.1544799804688
116	15	1000.0462646484375
117	0	995.5217895507812
117	1	983.9857788085938
117	2	962.8982543945312
117	3	989.3027954101562
117	4	959.9243774414062
117	5	952.375732421875
117	6	987.7984619140625
117	7	983.2279052734375
117	8	983.9857788085938
117	9	979.5222778320312
117	10	983.9857788085938
117	11	787.4496459960938
118	0	962.8982543945312
118	1	979.196044921875
118	2	983.8992309570312
118	3	983.9857788085938
118	4	985.8392333984375
118	5	983.9857788085938
118	6	959.9243774414062
118	7	983.9857788085938
118	8	787.1204833984375
118	9	952.2533569335938
118	10	994.5235595703125
118	11	994.4752807617188
118	12	999.4803466796875
118	13	984.8377685546875
118	14	995.453857421875
118	15	800.1544799804688
118	16	961.990966796875
118	17	940.0437622070312
119	0	996.45263671875
119	1	787.4185180664062
119	2	975.9165649414062
119	3	983.9857788085938
119	4	959.9243774414062
119	5	983.8992309570312
119	6	962.8982543945312
119	7	983.9857788085938
119	8	988.75439453125
119	9	983.9857788085938
119	10	952.2533569335938
119	11	989.3027954101562
120	0	962.8982543945312
120	1	1000.0462646484375
120	2	988.75439453125
120	3	787.1204833984375
120	4	952.375732421875
120	5	983.9857788085938
120	6	959.13818359375
120	7	983.8992309570312
120	8	994.4752807617188
120	9	975.9165649414062
120	10	996.45263671875
120	11	983.8992309570312
120	12	983.8992309570312
120	13	984.8284301757812
120	14	989.383544921875
120	15	992.9371337890625
120	16	990.5161743164062
120	17	989.1958618164062
120	18	991.1604614257812
120	19	985.0094604492188
121	0	988.75439453125
121	1	800.1447143554688
121	2	999.5078125
121	3	962.8982543945312
121	4	996.3140258789062
121	5	984.0872192382812
121	6	959.13818359375
121	7	988.4544067382812
121	8	981.2902221679688
121	9	980.481689453125
121	10	995.512451171875
121	11	983.9857788085938
121	12	983.2279052734375
121	13	983.9857788085938
121	14	989.3027954101562
121	15	952.375732421875
121	16	975.9165649414062
121	17	983.8992309570312
121	18	996.45263671875
121	19	993.242919921875
122	0	962.8982543945312
122	1	800.1447143554688
122	2	1000.07373046875
122	3	988.1610107421875
122	4	984.08740234375
122	5	959.9243774414062
122	6	989.3027954101562
122	7	983.9857788085938
122	8	983.8992309570312
122	9	952.2533569335938
122	10	983.8992309570312
122	11	983.9857788085938
122	12	995.5217895507812
122	13	975.9165649414062
122	14	983.7604370117188
122	15	996.3140258789062
122	16	993.242919921875
122	17	981.2902221679688
122	18	988.7645263671875
122	19	990.5870361328125
123	0	787.1204833984375
123	1	999.5078125
123	2	985.8392333984375
123	3	962.8982543945312
123	4	959.9243774414062
123	5	990.6250610351562
123	6	983.9857788085938
123	7	952.2533569335938
123	8	983.9857788085938
123	9	983.8992309570312
123	10	983.8992309570312
123	11	994.4752807617188
123	12	979.5222778320312
123	13	996.3140258789062
123	14	983.7604370117188
123	15	988.4544067382812
123	16	988.5811157226562
123	17	993.242919921875
123	18	984.08740234375
123	19	992.9088134765625
124	0	988.1610107421875
124	1	1000.07373046875
124	2	787.1204833984375
124	3	962.8982543945312
124	4	959.9243774414062
124	5	993.242919921875
124	6	983.7606201171875
124	7	995.5217895507812
124	8	983.9857788085938
124	9	983.8992309570312
124	10	975.9165649414062
124	11	952.2533569335938
124	12	983.9857788085938
124	13	983.8992309570312
124	14	995.7271118164062
124	15	983.8997192382812
124	16	996.3140258789062
124	17	981.2902221679688
124	18	988.4544067382812
124	19	992.9088134765625
125	0	999.5078125
125	1	988.75439453125
125	2	787.1204833984375
125	3	962.8982543945312
125	4	993.242919921875
125	5	959.13818359375
125	6	996.3140258789062
125	7	984.0872192382812
125	8	996.45263671875
125	9	975.9165649414062
125	10	983.8992309570312
125	11	994.4752807617188
125	12	983.8992309570312
125	13	952.375732421875
125	14	983.8992309570312
125	15	983.8992309570312
125	16	981.2902221679688
125	17	990.5870361328125
125	18	988.7645263671875
125	19	980.481689453125
126	0	988.75439453125
126	1	999.5078125
126	2	787.1204833984375
126	3	962.8982543945312
126	4	984.08740234375
126	5	957.6148681640625
126	6	996.3140258789062
126	7	983.7604370117188
126	8	983.9857788085938
126	9	989.3027954101562
126	10	983.8992309570312
126	11	979.5222778320312
126	12	983.8992309570312
126	13	995.5217895507812
126	14	952.375732421875
126	15	983.8992309570312
126	16	981.2902221679688
126	17	988.4544067382812
126	18	995.512451171875
126	19	993.242919921875
126	20	800.1404418945312
126	21	787.4367065429688
126	22	975.1369018554688
126	23	787.473388671875
127	0	787.4848022460938
127	1	787.36279296875
127	2	800.1405639648438
127	3	974.2259521484375
127	4	787.3934936523438
127	5	999.5078125
127	6	988.1610107421875
127	7	962.8982543945312
128	0	787.4501342773438
128	1	787.36279296875
128	2	800.1405639648438
128	3	974.662109375
128	4	987.7984619140625
128	5	962.8982543945312
128	6	1000.07373046875
128	7	787.3934936523438
129	0	800.1405639648438
129	1	787.3013916015625
129	2	974.662109375
129	3	787.4496459960938
129	4	787.3934936523438
129	5	999.5078125
129	6	985.8392333984375
129	7	962.8982543945312
130	0	800.1405639648438
130	1	975.1630249023438
130	2	787.395263671875
130	3	787.4496459960938
130	4	988.1610107421875
130	5	962.8982543945312
130	6	999.5078125
130	7	787.3934936523438
131	0	800.1405639648438
131	1	787.3013916015625
131	2	787.4496459960938
131	3	974.2259521484375
131	4	787.3934936523438
131	5	962.8982543945312
131	6	987.7984619140625
131	7	1000.07373046875
132	0	800.1405639648438
132	1	787.4496459960938
132	2	974.2259521484375
132	3	787.3013916015625
132	4	962.8982543945312
132	5	985.8392333984375
132	6	999.5078125
132	7	787.3677978515625
133	0	965.722412109375
133	1	787.3013916015625
133	2	968.864013671875
133	3	787.4185180664062
133	4	800.1405639648438
133	5	787.3950805664062
133	6	787.4515380859375
133	7	787.3009643554688
134	0	787.4047241210938
134	1	787.395263671875
134	2	968.864013671875
134	3	787.4017333984375
134	4	960.9478759765625
134	5	997.2272338867188
134	6	993.095703125
134	7	787.3992919921875
135	0	787.36279296875
135	1	974.3716430664062
135	2	800.1405639648438
135	3	787.4501342773438
135	4	787.4735717773438
135	5	988.1610107421875
135	6	999.5078125
135	7	962.8982543945312
136	0	787.4496459960938
136	1	800.1405639648438
136	2	975.1630249023438
136	3	787.3013916015625
136	4	962.8982543945312
136	5	999.5078125
136	6	988.1610107421875
136	7	787.3934936523438
137	0	787.4496459960938
137	1	800.1405639648438
137	2	975.1630249023438
137	3	787.4368896484375
137	4	962.8982543945312
137	5	1000.07373046875
137	6	988.1610107421875
137	7	787.3934936523438
138	0	998.489501953125
138	1	968.72314453125
138	2	976.7718505859375
138	3	791.3132934570312
138	4	791.2174072265625
138	5	804.0438842773438
138	6	976.4229736328125
139	0	974.1998291015625
139	1	787.4367065429688
139	2	800.1405639648438
139	3	787.4185180664062
139	4	787.4735717773438
139	5	960.9478759765625
139	6	999.5078125
139	7	993.458251953125
140	0	787.4017333984375
140	1	968.864013671875
140	2	787.4496459960938
140	3	800.1405639648438
140	4	962.8982543945312
140	5	988.7515869140625
140	6	999.5078125
140	7	787.3994750976562
141	0	787.4015502929688
141	1	787.4481201171875
141	2	974.1998291015625
141	3	800.1405639648438
141	4	787.473388671875
141	5	999.4803466796875
141	6	960.9478759765625
141	7	993.458251953125
142	0	992.9968872070312
142	1	787.4832763671875
142	2	979.4195556640625
142	3	989.1953735351562
142	4	957.6538696289062
142	5	960.9478759765625
142	6	989.1953735351562
142	7	989.2830200195312
142	8	965.2205200195312
142	9	989.1953735351562
142	10	995.7009887695312
142	11	993.458251953125
142	12	999.4803466796875
142	13	991.2554321289062
142	14	787.4827270507812
142	15	995.453857421875
143	0	995.5217895507812
143	1	983.8992309570312
143	2	983.9857788085938
143	3	991.378662109375
143	4	979.5222778320312
143	5	983.8992309570312
143	6	983.8992309570312
143	7	787.4496459960938
143	8	959.9948120117188
143	9	952.2533569335938
143	10	962.8982543945312
143	11	989.3027954101562
143	12	988.75439453125
143	13	981.2902221679688
144	0	787.1204833984375
144	1	974.1998291015625
144	2	800.1404418945312
144	3	787.4367065429688
144	4	787.393310546875
144	5	988.7515869140625
144	6	962.8982543945312
144	7	1000.0462646484375
145	0	962.8982543945312
145	1	992.9968872070312
145	2	988.1610107421875
145	3	989.1953735351562
145	4	994.4491577148438
145	5	965.2205200195312
145	6	787.4848022460938
145	7	989.1953735351562
145	8	957.6538696289062
145	9	984.7749633789062
145	10	989.2830200195312
145	11	989.1953735351562
145	12	999.5078125
145	13	992.9371337890625
145	14	996.40380859375
145	15	800.1544799804688
146	0	787.4496459960938
146	1	800.1404418945312
146	2	974.1998291015625
146	3	787.3950805664062
146	4	962.8982543945312
146	5	988.7515869140625
146	6	999.5078125
146	7	787.393310546875
147	0	968.864013671875
147	1	787.4496459960938
147	2	800.1405639648438
147	3	787.4017333984375
147	4	787.3934936523438
147	5	1000.07373046875
147	6	988.7515869140625
147	7	962.8982543945312
148	0	800.1405639648438
148	1	787.4496459960938
148	2	968.864013671875
148	3	787.3013916015625
148	4	787.3934936523438
148	5	962.8982543945312
148	6	987.7984619140625
148	7	999.5078125
149	0	800.1405639648438
149	1	787.4185180664062
149	2	975.1630249023438
149	3	787.36279296875
149	4	962.8982543945312
149	5	988.75439453125
149	6	999.5078125
149	7	787.4735717773438
150	0	787.4015502929688
150	1	800.1405639648438
150	2	975.1369018554688
150	3	800.1432495117188
150	4	960.9478759765625
150	5	991.136474609375
150	6	1000.0462646484375
150	7	787.393310546875
151	0	800.1404418945312
151	1	787.4015502929688
151	2	800.1447143554688
151	3	974.1998291015625
151	4	787.393310546875
151	5	960.9478759765625
151	6	994.048828125
151	7	999.4803466796875
152	0	787.4185180664062
152	1	787.36279296875
152	2	800.1405639648438
152	3	972.026611328125
152	4	787.3934936523438
152	5	1000.07373046875
152	6	988.1610107421875
152	7	962.8982543945312
153	0	975.5641479492188
153	1	976.7718505859375
153	2	999.5078125
153	3	787.4501342773438
153	4	800.1405639648438
153	5	787.3934936523438
153	6	973.6612548828125
153	7	987.7984619140625
153	8	962.8982543945312
153	9	953.89013671875
153	10	800.1544799804688
153	11	973.0657348632812
153	12	787.393310546875
153	13	800.1404418945312
154	0	966.4159545898438
154	1	960.6443481445312
154	2	967.521484375
154	3	787.4384155273438
154	4	800.1405639648438
154	5	975.8268432617188
154	6	787.4528198242188
154	7	787.3950805664062
154	8	975.5902709960938
154	9	787.4496459960938
154	10	787.4384155273438
154	11	787.0889892578125
154	12	973.688720703125
154	13	1000.07373046875
154	14	976.7979736328125
154	15	988.1610107421875
154	16	962.8982543945312
154	17	955.4630126953125
155	0	787.3009643554688
155	1	800.1447143554688
155	2	787.3626098632812
155	3	967.0881958007812
155	4	994.0516357421875
155	5	999.4803466796875
155	6	960.9478759765625
155	7	787.393310546875
156	0	967.524658203125
156	1	960.765625
156	2	988.5394897460938
156	3	965.6909790039062
156	4	940.0437622070312
156	5	951.9340209960938
157	0	1000.0462646484375
157	1	961.10205078125
157	2	976.7718505859375
157	3	800.1404418945312
157	4	787.393310546875
157	5	787.4486083984375
157	6	977.2180786132812
157	7	993.458251953125
157	8	960.9478759765625
157	9	787.3012084960938
157	10	972.00048828125
157	11	953.89013671875
157	12	992.9968872070312
158	0	967.524658203125
158	1	999.3461303710938
158	2	953.89013671875
158	3	978.6168823242188
158	4	965.6907348632812
158	5	787.4015502929688
158	6	800.1404418945312
158	7	992.920166015625
158	8	975.2650756835938
158	9	787.4827270507812
158	10	787.393310546875
158	11	940.0437622070312
158	12	960.9478759765625
158	13	787.473388671875
158	14	787.3012084960938
158	15	952.2294921875
159	0	1000.0462646484375
159	1	973.2615966796875
159	2	961.10205078125
159	3	973.6612548828125
159	4	800.1432495117188
159	5	787.3934936523438
159	6	787.3009643554688
160	0	965.2920532226562
160	1	984.8276977539062
160	2	989.1953735351562
160	3	988.5245361328125
160	4	994.7467041015625
160	5	989.2830200195312
160	6	993.0949096679688
160	7	989.383544921875
160	8	993.1088256835938
160	9	994.4491577148438
160	10	983.9166870117188
160	11	996.3817749023438
160	12	989.2830200195312
160	13	993.6317138671875
160	14	989.2830200195312
160	15	989.1953735351562
160	16	989.1953735351562
160	17	993.458251953125
160	18	984.8377685546875
160	19	992.8379516601562
160	20	993.5957641601562
160	21	995.4266357421875
160	22	993.5957641601562
161	0	979.4195556640625
161	1	989.2830200195312
161	2	989.1953735351562
161	3	995.450927734375
161	4	992.935791015625
161	5	989.1953735351562
161	6	989.2830200195312
161	7	962.9110107421875
161	8	993.5957641601562
161	9	994.4329223632812
161	10	989.1953735351562
161	11	984.8276977539062
161	12	889.6380615234375
161	13	985.0786743164062
161	14	984.8284301757812
161	15	984.8377685546875
161	16	995.4415893554688
161	17	992.935791015625
161	18	986.7791137695312
161	19	985.7761840820312
161	20	973.4364013671875
161	21	989.3833618164062
161	22	987.7095336914062
162	0	787.3950805664062
162	1	967.0881958007812
162	2	800.1404418945312
162	3	787.4031982421875
162	4	787.438232421875
162	5	997.2272338867188
162	6	960.9478759765625
162	7	982.2286376953125
163	0	787.4185180664062
163	1	787.3013916015625
163	2	800.1405639648438
163	3	974.3716430664062
163	4	999.5078125
163	5	962.8982543945312
163	6	988.1610107421875
163	7	787.4384155273438
164	0	787.4182739257812
164	1	962.8982543945312
164	2	999.5078125
164	3	988.1610107421875
164	4	965.2205200195312
164	5	984.8284301757812
164	6	984.8377685546875
164	7	995.4415893554688
164	8	973.4364013671875
164	9	896.0086669921875
164	10	957.5325927734375
164	11	989.2830200195312
164	12	986.7791137695312
164	13	990.55419921875
164	14	979.4195556640625
164	15	989.2830200195312
164	16	989.2830200195312
164	17	989.2830200195312
164	18	987.7095336914062
164	19	989.3833618164062
165	0	999.5078125
165	1	787.1204833984375
165	2	988.75439453125
165	3	962.8982543945312
165	4	988.4544067382812
165	5	981.2902221679688
165	6	959.13818359375
165	7	995.512451171875
165	8	984.0872192382812
165	9	996.3140258789062
165	10	993.242919921875
165	11	996.45263671875
165	12	975.9165649414062
165	13	983.8992309570312
165	14	983.2279052734375
165	15	995.7271118164062
165	16	983.8992309570312
165	17	983.8992309570312
165	18	952.375732421875
165	19	980.481689453125
166	0	962.8982543945312
166	1	987.7984619140625
166	2	1000.07373046875
166	3	787.1204833984375
166	4	993.242919921875
166	5	959.9243774414062
166	6	983.8992309570312
166	7	983.8992309570312
166	8	979.5222778320312
166	9	983.9857788085938
166	10	983.8992309570312
166	11	952.2533569335938
166	12	989.537841796875
166	13	990.6250610351562
166	14	984.08740234375
166	15	988.4544067382812
166	16	983.8997192382812
166	17	996.3140258789062
166	18	988.5811157226562
166	19	992.9088134765625
166	20	973.2615966796875
166	21	967.2542724609375
166	22	977.2180786132812
166	23	787.473388671875
166	24	800.1404418945312
167	0	787.3626098632812
167	1	787.4486083984375
167	2	800.1404418945312
167	3	974.1998291015625
167	4	787.393310546875
167	5	960.9478759765625
167	6	999.4803466796875
167	7	993.458251953125
168	0	972.965576171875
168	1	791.2215576171875
168	2	791.3137817382812
168	3	804.0438842773438
168	4	791.2174072265625
168	5	963.5914306640625
168	6	998.7271728515625
168	7	986.9109497070312
169	0	974.1998291015625
169	1	800.1404418945312
169	2	787.3009643554688
169	3	800.1522827148438
169	4	787.438232421875
169	5	960.9478759765625
169	6	1000.0462646484375
169	7	993.458251953125
170	0	999.4803466796875
170	1	968.72314453125
170	2	975.5641479492188
170	3	787.4478759765625
170	4	787.393310546875
170	5	800.1404418945312
170	6	976.4229736328125
171	0	800.1405639648438
171	1	787.5156860351562
171	2	967.0881958007812
171	3	787.4015502929688
171	4	787.3934936523438
171	5	960.9478759765625
171	6	993.458251953125
171	7	999.5078125
172	0	800.1404418945312
172	1	800.119140625
172	2	974.1998291015625
172	3	787.47900390625
172	4	787.393310546875
172	5	960.9478759765625
172	6	993.458251953125
172	7	999.4803466796875
173	0	974.2259521484375
173	1	800.1192626953125
173	2	787.4805297851562
173	3	800.1405639648438
173	4	962.8982543945312
173	5	1000.07373046875
173	6	988.1610107421875
173	7	787.3934936523438
174	0	787.4494018554688
174	1	800.1192626953125
174	2	968.864013671875
174	3	800.1405639648438
174	4	787.3934936523438
174	5	962.8982543945312
174	6	988.1610107421875
174	7	999.5078125
175	0	975.5641479492188
175	1	787.393310546875
175	2	976.4229736328125
175	3	787.4478759765625
175	4	800.1192626953125
175	5	976.7718505859375
175	6	999.4803466796875
175	7	991.136474609375
175	8	960.9478759765625
175	9	953.89013671875
175	10	800.1404418945312
175	11	975.8007202148438
175	12	787.4827270507812
175	13	787.393310546875
176	0	787.2798461914062
176	1	974.1998291015625
176	2	800.1404418945312
176	3	787.4805297851562
176	4	787.3934936523438
176	5	962.8982543945312
176	6	1000.07373046875
176	7	987.7984619140625
177	0	993.458251953125
177	1	800.1522827148438
177	2	999.4803466796875
177	3	960.9478759765625
177	4	965.2920532226562
177	5	990.5161743164062
177	6	991.2651977539062
177	7	995.450927734375
177	8	984.7749633789062
177	9	989.2830200195312
177	10	989.2830200195312
177	11	989.1953735351562
177	12	957.6538696289062
177	13	980.0484008789062
177	14	989.1953735351562
177	15	994.050048828125
177	16	989.383544921875
177	17	996.2865600585938
177	18	988.5245361328125
177	19	992.9371337890625
178	0	787.1280517578125
178	1	1000.07373046875
178	2	962.8982543945312
178	3	988.75439453125
178	4	988.7645263671875
178	5	984.08740234375
178	6	959.9243774414062
178	7	993.242919921875
178	8	979.5222778320312
178	9	952.375732421875
178	10	991.3072509765625
178	11	983.9857788085938
178	12	983.9857788085938
178	13	983.9857788085938
178	14	995.5217895507812
178	15	983.9857788085938
178	16	983.7604370117188
178	17	996.3140258789062
178	18	981.2902221679688
178	19	992.9088134765625
179	0	1000.0462646484375
179	1	975.5641479492188
179	2	968.72314453125
179	3	800.1522827148438
179	4	800.119140625
179	5	787.393310546875
179	6	973.6617431640625
179	7	953.89013671875
179	8	960.9478759765625
179	9	993.458251953125
179	10	972.00048828125
179	11	800.1404418945312
179	12	800.1404418945312
179	13	787.4827270507812
179	14	975.2650756835938
179	15	787.438232421875
180	0	972.19970703125
180	1	976.7979736328125
180	2	999.5078125
180	3	787.2798461914062
180	4	787.4810180664062
180	5	787.3934936523438
180	6	975.8493041992188
180	7	962.8982543945312
180	8	988.1610107421875
180	9	955.4630126953125
180	10	800.1405639648438
180	11	968.864013671875
180	12	787.4842529296875
180	13	787.3934936523438
180	14	975.2911987304688
180	15	800.1405639648438
181	0	787.4494018554688
181	1	968.864013671875
181	2	787.2798461914062
181	3	800.1405639648438
181	4	787.3934936523438
181	5	985.8392333984375
181	6	962.8982543945312
181	7	999.5078125
182	0	800.1405639648438
182	1	800.1192626953125
182	2	787.4494018554688
182	3	972.026611328125
182	4	962.8982543945312
182	5	1000.07373046875
182	6	988.1610107421875
182	7	787.3934936523438
183	0	974.2259521484375
183	1	800.1192626953125
183	2	787.4494018554688
183	3	800.1405639648438
183	4	787.3934936523438
183	5	962.8982543945312
183	6	988.7515869140625
183	7	999.5078125
184	0	975.98046875
184	1	974.454833984375
184	2	1000.07373046875
184	3	787.4735717773438
184	4	787.4491577148438
184	5	800.1192626953125
184	6	975.8218383789062
184	7	953.89013671875
184	8	787.4827270507812
184	9	975.2650756835938
184	10	787.473388671875
184	11	800.1404418945312
184	12	988.7515869140625
184	13	962.8982543945312
185	0	787.3934936523438
185	1	973.689208984375
185	2	976.7979736328125
185	3	974.48095703125
185	4	999.5078125
185	5	787.4805297851562
185	6	787.2798461914062
185	7	962.8982543945312
185	8	988.7515869140625
185	9	955.4630126953125
185	10	787.4530639648438
185	11	975.2911987304688
185	12	787.3934936523438
185	13	800.1405639648438
186	0	960.9478759765625
186	1	800.1522827148438
186	2	1000.0462646484375
186	3	993.458251953125
186	4	988.5245361328125
186	5	965.365478515625
186	6	996.2865600585938
186	7	992.8379516601562
186	8	993.7516479492188
186	9	989.383544921875
186	10	992.9371337890625
186	11	996.3817749023438
186	12	989.1953735351562
186	13	989.5171508789062
186	14	989.1953735351562
186	15	989.2830200195312
186	16	989.2830200195312
186	17	957.5325927734375
186	18	984.7749633789062
186	19	993.0949096679688
187	0	991.2963256835938
187	1	965.2205200195312
187	2	984.8276977539062
187	3	993.5957641601562
187	4	989.2830200195312
187	5	992.9371337890625
187	6	990.501220703125
187	7	993.458251953125
187	8	994.4457397460938
187	9	993.7516479492188
187	10	996.2865600585938
187	11	989.1958618164062
187	12	992.935791015625
187	13	989.0567626953125
187	14	989.1953735351562
187	15	995.450927734375
187	16	989.1953735351562
187	17	989.2830200195312
187	18	991.378662109375
187	19	989.1953735351562
187	20	984.7749633789062
187	21	985.0786743164062
187	22	989.5171508789062
187	23	957.5325927734375
187	24	787.1265869140625
187	25	960.9478759765625
187	26	974.454833984375
187	27	968.72314453125
187	28	999.4803466796875
187	29	787.2796630859375
187	30	787.438232421875
187	31	973.6617431640625
187	32	974.3455200195312
187	33	800.1404418945312
187	34	953.89013671875
188	0	962.7958374023438
188	1	971.9742431640625
188	2	997.2272338867188
188	3	787.4476318359375
188	4	787.393310546875
188	5	787.0675659179688
188	6	970.8621826171875
189	0	988.2860717773438
189	1	965.2920532226562
189	2	999.3955688476562
189	3	993.8674926757812
189	4	993.9126586914062
189	5	991.6666870117188
189	6	993.6317138671875
189	7	993.9126586914062
189	8	989.2423706054688
189	9	993.86767578125
189	10	989.2830200195312
189	11	1000.3035278320312
189	12	990.2390747070312
189	13	999.9659423828125
189	14	994.4329223632812
189	15	995.9599609375
189	16	996.2865600585938
189	17	980.90673828125
189	18	992.8379516601562
189	19	995.7158813476562
189	20	993.8785400390625
189	21	986.9942016601562
189	22	991.4086303710938
189	23	993.9126586914062
189	24	787.4478759765625
189	25	957.6538696289062
189	26	960.9478759765625
189	27	975.4017333984375
189	28	975.5641479492188
189	29	1000.0462646484375
189	30	787.393310546875
189	31	800.119140625
189	32	972.9669189453125
190	0	959.9243774414062
190	1	992.9088134765625
190	2	999.993408203125
190	3	977.8222045898438
190	4	952.2533569335938
190	5	988.6154174804688
190	6	787.4491577148438
190	7	962.8982543945312
190	8	983.9896240234375
190	9	988.3355712890625
190	10	991.737548828125
190	11	989.3115844726562
190	12	988.3355712890625
190	13	983.8992309570312
190	14	992.875
190	15	988.9405517578125
190	16	988.2778930664062
190	17	988.6154174804688
190	18	995.9874267578125
191	0	992.875
191	1	959.9948120117188
191	2	995.7420043945312
191	3	983.0489501953125
191	4	988.3355712890625
191	5	992.8302001953125
191	6	952.2533569335938
191	7	983.9857788085938
191	8	800.1522827148438
191	9	978.6173095703125
191	10	988.6154174804688
191	11	988.3355712890625
191	12	962.8982543945312
192	0	993.9126586914062
192	1	992.3945922851562
192	2	997.0737915039062
192	3	965.2205200195312
192	4	995.4415893554688
192	5	980.90673828125
192	6	999.3955688476562
192	7	989.4576416015625
192	8	993.5751342773438
192	9	993.0958251953125
192	10	1000.3035278320312
192	11	986.9625854492188
192	12	993.882080078125
192	13	993.6317138671875
192	14	977.1944580078125
192	15	989.2830200195312
192	16	989.2764282226562
192	17	993.6317138671875
192	18	993.6317138671875
192	19	993.86767578125
192	20	994.3695068359375
192	21	993.6317138671875
192	22	996.2865600585938
192	23	998.9237060546875
192	24	957.5325927734375
192	25	787.1265869140625
192	26	960.9478759765625
193	0	959.9243774414062
193	1	999.4232177734375
193	2	972.816162109375
193	3	988.3355712890625
193	4	988.6154174804688
193	5	976.69873046875
193	6	988.3355712890625
193	7	983.8992309570312
193	8	962.8982543945312
193	9	952.375732421875
193	10	996.4683227539062
193	11	800.1522827148438
193	12	990.7776489257812
193	13	988.2991333007812
194	0	967.0881958007812
194	1	800.1404418945312
194	2	800.1192626953125
194	3	800.1508178710938
194	4	787.393310546875
194	5	960.9478759765625
194	6	820.629638671875
194	7	1000.0462646484375
194	8	978.5911865234375
195	0	800.1404418945312
195	1	787.4478759765625
195	2	975.1369018554688
195	3	800.119140625
195	4	820.629638671875
195	5	960.9478759765625
195	6	999.4803466796875
195	7	971.0403442382812
195	8	787.393310546875
196	0	820.629638671875
196	1	999.4803466796875
196	2	977.1944580078125
196	3	787.47900390625
196	4	960.9478759765625
196	5	999.395751953125
196	6	956.600830078125
196	7	994.0514526367188
196	8	993.8785400390625
196	9	988.0872192382812
196	10	986.9625854492188
196	11	996.2865600585938
196	12	998.28173828125
196	13	989.2830200195312
196	14	993.6317138671875
196	15	980.2017822265625
196	16	996.3974609375
196	17	957.4369506835938
196	18	991.2269897460938
196	19	992.935791015625
196	20	993.6317138671875
197	0	787.47900390625
197	1	800.119140625
197	2	800.1404418945312
197	3	975.1369018554688
197	4	999.4803466796875
197	5	960.9478759765625
197	6	977.1944580078125
197	7	820.629638671875
197	8	787.393310546875
197	9	965.2205200195312
197	10	992.8379516601562
197	11	999.3477172851562
197	12	975.4017333984375
197	13	967.2542724609375
197	14	973.762451171875
197	15	940.0437622070312
198	0	998.28173828125
198	1	989.9550170898438
198	2	959.9948120117188
198	3	993.6317138671875
198	4	989.1953735351562
198	5	995.4420776367188
198	6	993.6317138671875
198	7	962.8982543945312
198	8	987.5357666015625
198	9	787.4494018554688
198	10	972.816162109375
198	11	989.2423706054688
198	12	957.6538696289062
198	13	993.6317138671875
199	0	960.765625
199	1	953.89013671875
199	2	787.4827270507812
199	3	960.9478759765625
199	4	820.629638671875
199	5	977.8225708007812
199	6	800.1508178710938
199	7	999.4803466796875
199	8	965.2920532226562
199	9	992.9373168945312
199	10	986.9625854492188
199	11	992.8379516601562
199	12	999.347900390625
199	13	992.7593383789062
199	14	989.2830200195312
199	15	957.5325927734375
199	16	989.4576416015625
199	17	993.9126586914062
199	18	988.9976196289062
199	19	993.9126586914062
199	20	993.6317138671875
199	21	990.6139526367188
199	22	996.2865600585938
199	23	993.0958251953125
199	24	980.90673828125
199	25	991.2284545898438
199	26	981.953857421875
199	27	984.8276977539062
199	28	980.9075927734375
199	29	992.920166015625
199	30	966.4159545898438
199	31	800.119140625
199	32	985.7722778320312
199	33	999.3612060546875
199	34	967.9114379882812
200	0	999.4803466796875
200	1	787.4476318359375
200	2	960.9478759765625
200	3	820.629638671875
200	4	971.0403442382812
200	5	991.9937744140625
200	6	962.9110107421875
200	7	988.0872192382812
200	8	993.8785400390625
200	9	990.6139526367188
200	10	996.2865600585938
200	11	985.0108642578125
200	12	980.6245727539062
200	13	993.9126586914062
200	14	989.0560913085938
200	15	987.5357666015625
200	16	992.935791015625
200	17	980.2017822265625
200	18	996.3974609375
200	19	957.5325927734375
200	20	993.9126586914062
200	21	967.0881958007812
200	22	787.0675659179688
200	23	800.1404418945312
200	24	787.393310546875
201	0	800.1404418945312
201	1	972.00048828125
201	2	787.4794921875
201	3	800.119140625
201	4	960.9478759765625
201	5	978.5911865234375
201	6	999.4803466796875
201	7	820.629638671875
201	8	787.3673706054688
202	0	800.1404418945312
202	1	800.119140625
202	2	967.0881958007812
202	3	787.4476318359375
202	4	1000.0462646484375
202	5	960.9478759765625
202	6	975.0343627929688
202	7	820.629638671875
202	8	787.473388671875
203	0	966.4159545898438
203	1	953.89013671875
203	2	985.5850830078125
203	3	965.722412109375
203	4	787.4832153320312
203	5	787.4367065429688
203	6	800.1404418945312
203	7	787.393310546875
203	8	940.0437622070312
203	9	787.473388671875
203	10	800.119140625
203	11	787.4478759765625
203	12	800.1404418945312
203	13	967.0881958007812
203	14	960.9478759765625
203	15	820.629638671875
203	16	999.4803466796875
203	17	978.5911865234375
203	18	951.9340209960938
204	0	787.2796630859375
204	1	800.1404418945312
204	2	787.4794921875
204	3	967.0881958007812
204	4	977.7960815429688
204	5	820.629638671875
204	6	960.9478759765625
204	7	999.4803466796875
204	8	787.393310546875
205	0	800.1404418945312
205	1	787.4478759765625
205	2	800.119140625
205	3	974.1998291015625
205	4	971.0403442382812
205	5	820.629638671875
205	6	960.9478759765625
205	7	1000.0462646484375
205	8	787.393310546875
206	0	800.119140625
206	1	800.1404418945312
206	2	787.47900390625
206	3	974.1998291015625
206	4	820.629638671875
206	5	787.473388671875
206	6	960.9478759765625
206	7	999.4803466796875
206	8	977.1944580078125
207	0	993.6317138671875
207	1	993.9126586914062
207	2	991.2371215820312
207	3	980.2017822265625
207	4	989.2830200195312
207	5	992.7593383789062
207	6	993.9126586914062
207	7	993.0958251953125
207	8	965.2920532226562
207	9	960.9478759765625
207	10	957.6538696289062
207	11	978.5911865234375
207	12	800.1522827148438
207	13	987.5357666015625
208	0	888.0875854492188
208	1	985.5850830078125
208	2	787.4827270507812
208	3	787.4367065429688
208	4	800.1404418945312
208	5	787.3992919921875
208	6	990.5284423828125
208	7	973.0657348632812
208	8	940.0437622070312
208	9	820.629638671875
208	10	1000.0462646484375
208	11	977.1944580078125
208	12	960.9478759765625
208	13	800.1508178710938
208	14	989.2423706054688
208	15	989.4576416015625
208	16	993.6317138671875
208	17	993.6317138671875
208	18	992.7593383789062
208	19	964.434326171875
208	20	993.6317138671875
208	21	957.4369506835938
208	22	989.2830200195312
208	23	1000.3035278320312
208	24	995.4415893554688
208	25	995.9599609375
208	26	996.2865600585938
208	27	986.9625854492188
208	28	993.8785400390625
208	29	993.0958251953125
208	30	787.3992919921875
208	31	800.119140625
208	32	800.1404418945312
208	33	967.0881958007812
208	34	946.9573974609375
208	35	974.454833984375
208	36	974.2924194335938
208	37	970.8360595703125
208	38	887.8037109375
209	0	965.2920532226562
209	1	999.3955688476562
209	2	957.5325927734375
209	3	989.2423706054688
209	4	993.9126586914062
209	5	989.2830200195312
209	6	960.9478759765625
209	7	993.6317138671875
209	8	995.7158813476562
209	9	993.6317138671875
209	10	977.8225708007812
209	11	990.5166625976562
209	12	787.47900390625
209	13	800.1404418945312
210	0	967.9574584960938
210	1	965.722412109375
210	2	991.1549682617188
210	3	960.8919067382812
210	4	975.3317260742188
210	5	999.6552124023438
210	6	982.8748168945312
210	7	889.6556396484375
210	8	940.0437622070312
211	0	941.3587036132812
211	1	993.64990234375
211	2	891.6604614257812
211	3	960.6696166992188
211	4	993.9414672851562
211	5	993.940185546875
211	6	993.9126586914062
211	7	964.9071655273438
211	8	998.3357543945312
211	9	993.6318969726562
211	10	989.3256225585938
212	0	941.3587036132812
212	1	960.04248046875
212	2	988.6442260742188
212	3	985.9635009765625
212	4	988.353759765625
212	5	891.590576171875
212	6	956.7117309570312
212	7	955.48291015625
212	8	983.8992309570312
212	9	896.0079956054688
212	10	964.1207885742188
212	11	986.0827026367188
212	12	998.9493408203125
213	0	960.3727416992188
213	1	966.4159545898438
213	2	787.4015502929688
213	3	800.1404418945312
213	4	787.2796630859375
213	5	985.7722778320312
214	0	787.4393310546875
214	1	800.1405639648438
214	2	787.4735717773438
214	3	787.3011474609375
214	4	787.393310546875
214	5	800.119140625
214	6	967.0881958007812
214	7	800.1508178710938
214	8	800.1404418945312
214	9	987.75
215	0	975.8007202148438
215	1	800.1404418945312
215	2	787.4832153320312
215	3	787.438232421875
215	4	787.4015502929688
215	5	820.629638671875
215	6	971.0403442382812
215	7	787.1265869140625
215	8	960.9478759765625
215	9	997.2272338867188
215	10	980.9075927734375
215	11	965.2205200195312
215	12	993.8785400390625
215	13	993.0958251953125
215	14	989.9550170898438
215	15	998.28173828125
215	16	991.9937744140625
215	17	987.5357666015625
215	18	993.6317138671875
215	19	980.2017822265625
215	20	957.5325927734375
215	21	993.6317138671875
215	22	989.1953735351562
215	23	996.3974609375
215	24	993.9126586914062
215	25	992.8379516601562
216	0	787.4015502929688
216	1	800.1559448242188
216	2	800.1404418945312
216	3	787.3992919921875
216	4	800.119140625
216	5	787.393310546875
216	6	800.1404418945312
216	7	787.4794921875
216	8	972.00048828125
217	0	787.4015502929688
217	1	787.4378051757812
217	2	800.1404418945312
217	3	787.393310546875
217	4	800.1404418945312
217	5	787.4476318359375
217	6	967.0881958007812
217	7	787.2796630859375
217	8	820.629638671875
217	9	787.393310546875
217	10	977.8225708007812
217	11	999.4803466796875
217	12	960.9478759765625
218	0	993.8785400390625
218	1	965.2205200195312
218	2	995.7158813476562
218	3	993.9126586914062
218	4	993.9126586914062
218	5	787.4810180664062
218	6	989.2830200195312
218	7	995.4420776367188
218	8	989.2423706054688
218	9	993.6317138671875
218	10	962.8982543945312
218	11	957.5325927734375
218	12	978.6173095703125
219	0	966.4159545898438
219	1	787.3626098632812
219	2	787.4827270507812
219	3	800.1404418945312
219	4	787.438232421875
219	5	800.1508178710938
219	6	787.2796630859375
219	7	800.1404418945312
219	8	967.0881958007812
219	9	820.629638671875
219	10	960.9478759765625
219	11	977.1944580078125
219	12	1000.0462646484375
219	13	787.393310546875
219	14	965.2205200195312
219	15	980.9075927734375
219	16	989.2423706054688
219	17	957.5325927734375
219	18	992.7593383789062
219	19	993.6317138671875
219	20	991.2269897460938
219	21	991.378662109375
219	22	993.9126586914062
219	23	989.2830200195312
219	24	1000.468505859375
219	25	996.99951171875
219	26	996.2086791992188
219	27	993.891357421875
219	28	972.7396850585938
219	29	884.9888916015625
219	30	896.6361083984375
220	0	787.2796630859375
220	1	800.1404418945312
220	2	787.47900390625
220	3	974.635986328125
220	4	787.393310546875
220	5	820.629638671875
220	6	960.9478759765625
220	7	999.4803466796875
220	8	977.1944580078125
221	0	953.89013671875
221	1	800.1404418945312
221	2	787.3950805664062
221	3	787.4515380859375
221	4	787.438232421875
221	5	800.119140625
221	6	974.1998291015625
221	7	800.1404418945312
221	8	787.4794921875
221	9	820.629638671875
221	10	971.0403442382812
221	11	1000.0462646484375
221	12	960.9478759765625
221	13	787.393310546875
221	14	995.7882080078125
221	15	984.5402221679688
221	16	940.0437622070312
222	0	966.4159545898438
222	1	953.89013671875
222	2	988.4759521484375
222	3	965.6909790039062
222	4	800.1404418945312
222	5	787.2796630859375
222	6	951.9340209960938
222	7	1000.3035278320312
222	8	993.0958251953125
222	9	980.9075927734375
222	10	980.6245727539062
222	11	991.2459106445312
222	12	900.3607177734375
222	13	980.90673828125
222	14	984.5453491210938
222	15	991.5516967773438
222	16	994.0126342773438
222	17	961.252197265625
222	18	999.421875
222	19	984.5402221679688
222	20	997.0927734375
222	21	995.06982421875
223	0	953.89013671875
223	1	800.1404418945312
223	2	787.438232421875
223	3	787.438232421875
223	4	787.2796630859375
223	5	989.2830200195312
223	6	996.0045776367188
224	0	787.3934936523438
224	1	800.1405639648438
224	2	787.4378051757812
224	3	787.4367065429688
224	4	787.4384155273438
224	5	787.2798461914062
224	6	800.1404418945312
224	7	967.0881958007812
224	8	787.47900390625
