## RankNet
## Epochs = 50
## No. of features = 48
## No. of hidden layers = 2
## Layer 1: 10 neurons
## Layer 2: 10 neurons
1 2 3 4 5 6 7 8 9 10 11 12 13 14 15 16 17 18 19 20 21 22 23 24 25 26 27 28 29 30 31 32 33 34 35 36 37 38 39 40 41 42 43 44 45 46 47 48
2
10
10
0 0 0.09426648588807089 -0.08202247928383376 0.03671820389816915 0.08203813441281063 0.04324678799126256 0.020436011713131613 0.07267410869463996 -0.07613454277535768 -0.003739759610136808 -0.03500994536200666
0 1 0.02839806117117405 0.03363673761487007 -0.09610022604465485 -0.06825719773769379 0.03755820542573929 0.022451365366578102 0.05024484544992447 0.0691191777586937 0.05186910182237625 -0.08291560411453247
0 2 0.07336989584315663 0.05701577574404807 0.06753555504436605 -0.039225380288376584 -0.03292049565408973 -0.04162901169910588 -0.06600090845015881 -0.0019071448047111887 0.04955242810195776 -0.08231675658363373
0 3 0.09915061295032501 0.040371645241975784 0.03008975461125374 0.033600978553295135 0.07667212188243866 -0.07624798268079758 -0.017923414707183838 0.028961753472685814 -0.006739145610481501 0.011171912774443626
0 4 -0.0020956634543836117 -8.564650779590011E-4 3.042697790078819E-4 0.05637074634432793 0.005763018038123846 0.02134401723742485 -0.07396899163722992 0.07560545206069946 0.06971506029367447 -0.0747234895825386
0 5 0.07674127072095871 -0.08789528161287308 -0.05728624388575554 0.04128206521272659 0.021945763379335403 0.0019400060409680009 0.0332634337246418 0.07954498380422592 0.027133863419294357 -0.07026758790016174
0 6 -0.011286935778053052 -0.0433469388843794 0.052048257017799415 -0.05787450402843307 0.02176084320468847 0.05959193665234015 -0.07752666431767861 0.017482030042435332 0.02543919037231472 0.02275525541889386
0 7 -0.08669346173531331 0.05154539130164718 -0.08661135722912224 -0.0329600375928249 0.09385393697202553 0.01971403948042954 0.024218598784041718 -0.015915094489328003 0.01623775930325667 0.019745443032131473
0 8 0.07924767754590012 0.01502940955488585 0.09904280269402765 -0.02968186756215326 0.07238285107540728 0.03869211543590335 -0.08521457763604065 0.04964984510167569 -0.0771892683360653 -0.07905787880984103
0 9 0.06793966315304734 -0.022606072361482207 -9.796995494910803E-4 0.09249010438480137 0.07610674811529757 0.045407372156684674 -0.04799837621144187 -0.046504308245339694 0.020732887297503073 0.0034961008980406083
0 10 -0.03782616384709397 -0.09317521878601426 0.07387263292331003 0.07593065256633519 0.06551014496016146 -0.024645078366095738 -0.06062037872365844 -0.06073696236983806 0.019425155803195555 -0.0030532395419197523
0 11 -0.019416975399536667 0.06513993080338054 0.017900587023926932 -0.03404131325869032 0.026388194086379654 0.08967635184718721 0.08622730176129836 -0.07074997621072988 0.0851942316334201 0.011146346821789301
0 12 -0.0719396493511464 0.09351445386003751 0.05560326722847187 0.03514082189742808 0.08829010913375557 0.009329718381369404 -0.031198764154631953 -0.04547811059197405 -0.08297163776458107 0.05502572301476583
0 13 0.07919249055579324 -0.026420540027754052 0.05312637932420267 0.0675636090066202 0.024449060140005113 -0.06894926665805406 0.06501101304234606 0.0064457065704400535 0.0929216130139469 -0.0044093783975418
0 14 0.09293917630334808 -0.07438686874675618 0.030334923979131716 -0.02511777225031414 -0.06034543880187592 -0.08407485154325849 0.07677942677531059 0.06325090057038628 -0.052834489323201464 0.06193548333245679
0 15 -0.008833045141523353 0.09832457736794424 -0.0734062190250482 -0.0633402386951237 -0.05771414383674969 -0.056818477451337064 -0.027482626280900285 -0.09671885434245191 -0.07388331437830133 0.0465431448979662
0 16 0.057872045288386825 -0.019658138722512146 -0.036455258639531064 -0.04302135355813354 -0.09748946709577619 -0.07450314373720328 0.09923523862206061 -0.006793628583981063 0.07192888460753778 0.07712569105842423
0 17 -0.024306452794331832 -0.06485104393235713 0.06320249019718803 0.05872687520582969 0.07874295156149715 -0.03311640338572166 0.04080975458939667 0.08792525350963433 0.060380684387581984 -0.09227192531793928
0 18 0.07727209030254882 0.06757969506285932 0.07454004877192064 -0.054310983867114436 0.09123085408163448 0.009648864748495127 0.005165080600058569 -0.07350904674120366 0.0032744458762372763 -0.03977815842976329
0 19 -0.011158947106026136 0.062185569005466575 0.04722453567901047 -0.0735608973922268 -0.031007610996995928 0.06970052812983982 -0.05216403574307722 -0.03430583685838103 0.09846977176732839 -0.06774807366242806
0 20 0.0012845838493257592 -0.05976535539104832 -0.05499724384626953 -0.0718676858963505 -0.07393278627637478 0.04359159265449039 -0.0933184091802431 0.08419421702421766 0.0018591675640221717 0.026201233093829608
0 21 0.08614831550603938 -0.02281221675588173 0.005149057613812642 0.02637654912777955 -0.029578566660249595 0.026631714966918067 -0.019030633174011952 0.05242928748980401 -0.08030706000725932 -0.09628369208846002
0 22 0.001598941076433266 0.0900336582127651 -0.07868863480171427 -0.03622626211170723 -0.08019478889207424 -0.09714828827683646 0.0252505398349857 -0.0024712535323798152 0.005807529062557692 -0.07390297702236312
0 23 0.02208293086628077 0.06810581923539102 -0.08920268982666835 -0.08235181861313481 -0.0026968330427042013 -0.020951899859009228 0.027186275975473868 0.021638479884173428 0.04298045215794699 -0.002522119609073858
0 24 -0.06884759664535522 -0.049114473164081573 0.09389050304889679 -0.08695542067289352 -0.037003494799137115 -0.03951243311166763 0.07221530377864838 -0.06527017802000046 -0.08974564075469971 -0.05450568348169327
0 25 -0.02945832345120084 -0.07577085701275131 0.00541263682135617 0.07446957080513043 0.045054638837584066 0.07081062100295142 0.07749774630311758 -0.09520784581271101 -2.441438549856021E-4 0.0621537985424255
0 26 0.031047861937319853 -0.06795267724360621 0.053916765134723356 0.022693409811214874 0.01031419364710268 -0.08370236703459936 0.07727502910364624 0.052152416645154416 0.041916977473128295 -0.06286871931238311
0 27 0.0029186536690430954 -0.03288596086672407 0.047929680297763136 -0.014678467958844869 -0.010474156462731341 -0.011589770458928828 0.06840116473182253 0.07093417635829612 0.09946105919990286 -0.045942370060685335
0 28 0.05454895930379826 -0.0910094910819051 0.0025827400763930655 0.03654193252050042 -0.016181208229949947 0.030037487278637757 0.04046619893541128 -0.08313128956039306 0.010955667745784197 -0.09307638803454468
0 29 -0.07452254062998022 0.06396243291187208 -0.08691682677123762 0.0030007999438312117 -0.07201525578089414 -0.029973545926760287 -0.020354154621093426 -0.04584290105441712 -0.08245522389605213 0.04873726643347407
0 30 0.03671664825662397 0.008953942898206209 -0.044949242419565924 -0.05952685221941337 -0.05115700242688509 0.04927262944098833 -0.031421198067364015 -0.0505141362967997 0.05279053493345822 -0.07726433842086239
0 31 -0.0795775762412998 -0.01877563163480366 0.092752767129527 -0.03543825703755121 -0.01158776312677768 0.059593737474497005 0.09640541621486651 -0.06105287780037332 0.006909475069248736 -0.07875267928987206
0 32 -0.09717970928930864 0.06701172592240992 -0.047800343252430745 -0.01534315165948554 -0.04644050483852383 -0.07008973807568779 0.08353156696714711 0.08326158862132146 -0.02510436074548712 -0.04697427091601412
0 33 0.039632788418409545 0.06401031300955291 0.04086258626257804 -0.002630847063992748 0.056470175789470174 0.03709564007209009 0.043140531225885986 -0.03646871591453685 0.02997271837465381 -0.03851796103503106
0 34 0.09607054862999481 -0.06310857230005318 -0.047544355331752004 -0.08027561286277493 0.03238522797499394 -0.09137032389565256 0.0261561477083655 -0.035053064529323795 0.045987572811067245 0.026200912961272284
0 35 0.08471518712062287 0.0667983884863738 0.09427829164993744 0.08555293369252681 0.07251492268935841 -0.025504703264986696 -0.04589704131547605 0.0762160078344244 -0.08425914122156888 -0.0073160096021014235
0 36 0.06891799314538728 -0.0474412065520661 -0.04079895428078989 0.07451396637906989 0.02124102022073032 -0.017911511791009863 -0.0766283864137248 0.08066459084817651 -0.019012926766245514 0.02855228747774679
0 37 0.08459081116416617 0.081662136269357 0.06331835726886614 0.04764809543101845 -0.031998601220303506 0.06908525781403393 0.01707079498075624 -0.02745931003186998 0.07849216338400367 -0.010053638117658093
0 38 -0.09540770389403197 0.04426210676684127 0.00825553085760138 -0.08107874597875432 0.0532127292438818 -0.09528891925902512 0.04524549556359945 0.06977184267107023 0.06765084910350687 0.08969889690741466
0 39 0.042630096894847216 -0.01734381611094727 0.05995209865377203 0.08796090577276393 0.021597455216891808 -0.05469824184866108 -0.04838768678322138 -0.051328694807853424 -0.06712639135164374 -0.034718970604096296
0 40 0.09890685034225523 0.08345140933110065 -0.03959614805226578 0.058384533304073366 -0.023171176415292476 -0.0876941677609282 0.0958586951287124 0.09867508405513313 -0.0763064091214697 0.04337964872312233
0 41 0.008635186979489664 0.01480938598146282 0.02296677880151387 0.03191311863275102 0.03698184122366394 0.03298813626362447 -0.0728899722250412 0.005847692019803648 -0.026575709070687556 0.04047301855624146
0 42 -0.035218720504897126 0.09990786937012865 0.013408483902746245 -0.003937208730039231 -0.005018646623742984 0.029093719269332168 0.06280790088767173 0.07625385145717573 0.0743048237152351 0.004873263277263517
0 43 -6.990831046283874E-4 -1.301671016015919E-4 -0.055231250069119796 -0.027840378003038114 -0.08428026849907132 -0.051891735297457026 0.013635723657768955 0.08278993550481567 -0.015252024177075578 0.09421210825057116
0 44 -0.037495092736135896 0.07031427789655342 -0.020257505186843563 -0.02299977622557598 0.006099014520826376 0.0592548819978733 0.010998598595293762 -0.0980064424390095 -0.08586542202951307 -0.02916676504769197
0 45 0.08686333031808241 -0.05217751767310487 -0.04521623306815586 0.012127077508678849 0.06736950480956086 0.046760735173990244 0.0818537336933935 -0.001457327877369802 -0.016290076885837654 -0.038389801515721106
0 46 0.04310206196258816 0.012729595618810307 0.07846997625832074 -0.07581404391478438 0.059398771067586724 0.04317971263424918 0.06155597282263905 -0.011618243665413041 0.028225967760174667 -0.04413025969099166
0 47 0.07277248593089708 -0.07146170149519346 -0.05197815682968704 0.08507032306771124 0.0745175734257355 0.04448768143346302 -0.0894930501337839 0.035738065985809565 0.027491072515318994 -0.01500914915165138
0 48 -0.02780162783531624 0.08826935674627834 -0.0252257576568592 -0.06836348566202592 -0.07264582286553894 0.056632464380995076 -0.015448854051739907 0.03500816924081591 0.06483434296059143 0.04162922200501389 -0.05938060976613282 -0.028306880488054426 0.0893909581994891 -0.09588319640196315 -0.04819940667558643 -0.0020536568725660993 -0.09734817987153611 -0.00727400862026238 0.0723460150830366 -0.09105217154003614 -0.06542239080354266
1 0 -0.07086780334995392 -0.02162734299155829 -0.07440273682766224 0.05851989684323417 0.01785809079943297 -0.061915479824586506 0.05449750443849741 0.04775643084316276 -0.030135203036539698 0.08855085176847122
1 1 0.05441888210037278 -0.016980417420137714 0.024021650603862885 -0.08757948469256263 -0.0702054660585949 -0.02319054065487059 0.057173098165322254 0.07860276572631054 0.09837984956654414 0.03295374116169834
1 2 0.032668759673186235 0.06625039577519422 -0.08153465760852706 0.03353617478380957 -0.05246781893413675 -0.054980285810685 1.5319200997583807E-4 -0.039909972692698095 -0.0811086651360213 0.019392039715815292
1 3 0.04585153370353028 0.017995860750648646 0.08993321116265246 -0.05961642693421508 0.009349298808434882 0.09888397355364666 0.07358367813933056 -0.05291674005928289 -0.08755344237763808 0.09268677397819057
1 4 -0.06993900546282582 -0.03314742946295451 -0.04699988184353063 -0.04036731020396141 0.06894528230832259 -0.09066829317464163 0.0810333481120868 0.0615433299125509 0.06644404213521998 0.08830440869055513
1 5 0.06332545537736216 -0.06580074102926181 0.0030509306544826303 -0.030094502852974363 -0.03175342886189341 -0.09511598496685608 -0.031836942767380916 0.0051126308554929195 -0.03213279202383984 0.05695994994968526
1 6 0.0730923161846961 0.04991959460309701 0.01471314898853593 0.08878814892310812 0.04872835548617607 0.04015067104198373 -0.003588212696847354 -0.0669388289778087 0.03587781862813484 0.02529312330138518
1 7 0.05254809835134249 -0.03652242265583806 0.04375350438892958 -0.06734128866475081 0.0602787579942908 0.09181520552033613 0.09679425748352878 -0.03010738271863255 0.04233422021944726 -0.0813785768843321
1 8 0.00232900086306043 0.09313640667426133 -0.04770509254603057 0.04678014544349811 -0.0915685935473055 0.031791523260788254 0.06372478685985022 0.029345175055608557 -0.04910505268947252 0.013460305749351942
1 9 -0.07472947967771772 0.09545352323141792 -0.0877560154890891 0.008604603861646128 -0.02688547384826317 0.03767371157027597 -0.08347784007421956 -0.005108511436533814 -0.004758066029241803 0.006321364309436614
2 0 -0.05783088209254161
2 1 -0.04448397488978374
2 2 0.0433018605079623
2 3 -0.014168524424648034
2 4 -0.08459874020334365
2 5 0.06900167735496367
2 6 0.08334204631681105
2 7 -0.034984145346712306
2 8 -8.961297963989556E-4
2 9 0.08145643693243276
