342	0	-2.596729278564453
342	1	-2.2215163707733154
342	2	1.763028621673584
342	3	1.763028621673584
342	4	-1.7499864101409912
342	5	-1.5717490911483765
342	6	-2.729158639907837
342	7	1.063537359237671
342	8	-1.122330665588379
342	9	-2.369717836380005
342	10	0.15819141268730164
342	11	-2.9165515899658203
342	12	-2.4431238174438477
342	13	1.763028621673584
342	14	-2.729158639907837
342	15	-1.971187949180603
342	16	-2.074932336807251
342	17	-1.4995982646942139
342	18	-1.4379770755767822
342	19	-1.5184316635131836
342	20	-1.0262081623077393
342	21	-2.014998197555542
342	22	-1.095051646232605
342	23	-2.824319362640381
342	24	-2.544732093811035
342	25	0.6796100735664368
343	0	-1.6695274114608765
343	1	-0.9401355981826782
343	2	-2.596729278564453
343	3	1.6459299325942993
343	4	-2.824319362640381
343	5	-2.639892816543579
343	6	-0.8201700448989868
343	7	-2.729158639907837
343	8	0.6796100735664368
343	9	-2.824319362640381
343	10	-1.1745824813842773
343	11	-1.7616924047470093
343	12	-2.3814237117767334
343	13	-1.1385416984558105
343	14	0.15819141268730164
343	15	-2.9165515899658203
343	16	-2.4431238174438477
343	17	-0.0724315196275711
344	0	-2.4431238174438477
344	1	-2.596729278564453
344	2	-2.9165515899658203
344	3	-2.057260274887085
344	4	-0.9401355981826782
344	5	-2.729158639907837
344	6	-1.6144579648971558
344	7	-2.369717836380005
344	8	-1.7499864101409912
344	9	-0.9401355981826782
344	10	-0.9401355981826782
344	11	1.063537359237671
344	12	-1.122330665588379
344	13	-1.988860011100769
344	14	-1.6578214168548584
344	15	-1.095051646232605
344	16	-2.824319362640381
344	17	-2.135444164276123
344	18	-2.824319362640381
344	19	-0.9401355981826782
344	20	-1.4232710599899292
344	21	-1.92892587184906
344	22	-1.4044376611709595
344	23	-1.4379770755767822
344	24	0.6796100735664368
344	25	-2.639892816543579
345	0	-1.5184316635131836
345	1	-2.9165515899658203
345	2	0.005373431835323572
345	3	-1.6144579648971558
345	4	-1.0262081623077393
345	5	-0.0724315196275711
345	6	-1.0262081623077393
345	7	-1.122330665588379
345	8	-2.596729278564453
345	9	1.763028621673584
345	10	-2.4431238174438477
345	11	-2.824319362640381
345	12	-1.66556715965271
345	13	-2.369717836380005
345	14	-1.095051646232605
345	15	-2.824319362640381
345	16	-1.6578214168548584
345	17	-2.2215163707733154
345	18	-2.824319362640381
345	19	-2.074932336807251
345	20	1.763028621673584
345	21	1.063537359237671
345	22	-1.4995982646942139
345	23	-2.014998197555542
345	24	-0.8507556319236755
345	25	-2.639892816543579
346	0	-1.1745824813842773
346	1	-2.1271843910217285
346	2	-2.4431238174438477
346	3	1.763028621673584
346	4	-2.058488368988037
346	5	-1.511304259300232
347	0	-1.0262081623077393
347	1	1.763028621673584
347	2	0.005373431835323572
347	3	-1.6144579648971558
347	4	-2.369717836380005
347	5	-2.9165515899658203
347	6	-2.596729278564453
347	7	-1.1745824813842773
347	8	-1.66556715965271
347	9	-1.0262081623077393
347	10	-2.824319362640381
347	11	-0.0724315196275711
347	12	-2.4431238174438477
348	0	1.763028621673584
348	1	-2.824319362640381
348	2	-1.0784599781036377
348	3	0.005373431835323572
348	4	-1.6261639595031738
348	5	-2.3814237117767334
348	6	-1.1745824813842773
348	7	-2.9165515899658203
348	8	-2.4431238174438477
348	9	-2.596729278564453
348	10	-2.10075044631958
348	11	-1.0784599781036377
348	12	-1.7178189754486084
349	0	-2.135444164276123
349	1	-1.7178189754486084
349	2	0.005373431835323572
349	3	-2.729158639907837
349	4	1.763028621673584
349	5	-1.0784599781036377
349	6	-1.5717490911483765
349	7	-2.596729278564453
349	8	-2.10075044631958
349	9	-1.6261639595031738
349	10	-2.824319362640381
349	11	-2.3814237117767334
349	12	-2.9165515899658203
349	13	-2.4431238174438477
349	14	-1.1745824813842773
349	15	-1.0784599781036377
350	0	-1.6695274114608765
350	1	-2.824319362640381
350	2	1.063537359237671
350	3	-2.2215163707733154
350	4	1.763028621673584
350	5	0.005373431835323572
350	6	-1.0784599781036377
350	7	-2.596729278564453
350	8	-2.824319362640381
350	9	-1.1745824813842773
350	10	-2.9165515899658203
350	11	-2.10075044631958
350	12	-1.0784599781036377
350	13	-2.3814237117767334
350	14	-2.4431238174438477
350	15	-1.6261639595031738
351	0	-1.0262081623077393
351	1	-2.824319362640381
351	2	-1.6578214168548584
351	3	-2.2215163707733154
351	4	-1.66556715965271
351	5	-1.0262081623077393
351	6	-1.7499864101409912
351	7	-2.9165515899658203
351	8	-2.596729278564453
351	9	-2.4431238174438477
351	10	-1.122330665588379
351	11	-1.0262081623077393
351	12	-2.824319362640381
351	13	-2.369717836380005
351	14	-1.6144579648971558
351	15	-2.057260274887085
352	0	-1.6695274114608765
352	1	1.763028621673584
352	2	1.763028621673584
352	3	-2.3814237117767334
352	4	1.763028621673584
352	5	-2.4431238174438477
352	6	-1.6261639595031738
352	7	-2.10075044631958
352	8	-1.7616924047470093
352	9	-1.7178189754486084
352	10	-1.1745824813842773
352	11	-2.9165515899658203
352	12	-2.824319362640381
352	13	-2.596729278564453
353	0	-1.6695274114608765
353	1	1.763028621673584
353	2	-2.9165515899658203
353	3	-2.824319362640381
353	4	-2.4431238174438477
353	5	-2.3814237117767334
353	6	-1.0784599781036377
353	7	-2.596729278564453
353	8	-1.7616924047470093
353	9	-1.7178189754486084
353	10	1.763028621673584
353	11	-1.1745824813842773
353	12	-2.10075044631958
353	13	-1.6261639595031738
354	0	-2.596729278564453
354	1	-2.2215163707733154
354	2	-1.6695274114608765
354	3	-1.0784599781036377
354	4	1.763028621673584
354	5	0.005373431835323572
354	6	-2.10075044631958
354	7	-2.544732093811035
354	8	-2.824319362640381
354	9	-1.1046055555343628
354	10	-0.8201700448989868
354	11	0.6796100735664368
354	12	-2.729158639907837
354	13	-2.729158639907837
354	14	-1.0089792013168335
354	15	-2.4431238174438477
354	16	-1.6261639595031738
354	17	-2.3814237117767334
354	18	-2.9165515899658203
354	19	-1.1745824813842773
354	20	-2.824319362640381
354	21	-1.7178189754486084
354	22	1.763028621673584
355	0	-2.2215163707733154
355	1	-1.0262081623077393
355	2	0.005373431835323572
355	3	-2.596729278564453
355	4	-1.6578214168548584
355	5	1.763028621673584
355	6	-1.122330665588379
355	7	-2.057260274887085
355	8	1.763028621673584
355	9	-2.4431238174438477
355	10	-2.824319362640381
355	11	-2.369717836380005
355	12	0.15819141268730164
355	13	-1.66556715965271
355	14	-2.9165515899658203
355	15	-1.095051646232605
355	16	-2.824319362640381
355	17	-2.824319362640381
355	18	-2.824319362640381
355	19	-0.8507556319236755
355	20	-0.9062424302101135
355	21	-2.639892816543579
355	22	-1.1906778812408447
356	0	-1.6695274114608765
356	1	1.763028621673584
356	2	-2.824319362640381
356	3	-2.3814237117767334
356	4	-2.4431238174438477
356	5	0.005373431835323572
356	6	-0.0724315196275711
356	7	-1.0784599781036377
356	8	0.15819141268730164
356	9	-1.1745824813842773
356	10	-2.9165515899658203
356	11	-2.596729278564453
356	12	1.763028621673584
356	13	-1.7178189754486084
357	0	0.005373431835323572
357	1	-2.2215163707733154
357	2	-2.596729278564453
357	3	-1.0784599781036377
357	4	-1.6695274114608765
357	5	1.763028621673584
357	6	-1.7178189754486084
357	7	-2.824319362640381
357	8	-1.0784599781036377
358	0	-2.2215163707733154
358	1	-1.7616924047470093
358	2	-1.6695274114608765
358	3	-2.824319362640381
358	4	-1.0784599781036377
358	5	1.063537359237671
358	6	1.763028621673584
358	7	-1.0784599781036377
358	8	-2.596729278564453
359	0	-1.0784599781036377
359	1	-1.0784599781036377
359	2	-1.6695274114608765
359	3	-2.2215163707733154
359	4	-1.0784599781036377
359	5	-1.7616924047470093
359	6	-2.596729278564453
359	7	-1.7178189754486084
359	8	-2.824319362640381
360	0	-2.8213911056518555
360	1	-1.4232710599899292
360	2	1.350653886795044
360	3	-2.2215163707733154
360	4	0.6511629223823547
360	5	-1.92892587184906
360	6	-1.4044376611709595
360	7	-1.988860011100769
360	8	-2.596729278564453
360	9	-2.2836453914642334
360	10	-1.036258339881897
360	11	-2.3570516109466553
360	12	-2.729158639907837
360	13	-1.0089792013168335
360	14	0.15819141268730164
360	15	0.005373431835323572
361	0	-2.824319362640381
361	1	-2.596729278564453
361	2	-1.1385416984558105
361	3	-2.4431238174438477
361	4	0.005373431835323572
361	5	-1.1745824813842773
361	6	-2.3814237117767334
361	7	-1.5184316635131836
361	8	-1.6261639595031738
361	9	1.763028621673584
361	10	-2.058488368988037
361	11	-2.1271843910217285
361	12	-1.511304259300232
361	13	-1.4902288913726807
361	14	-2.9165515899658203
361	15	-2.2215163707733154
362	0	-2.8213911056518555
362	1	-1.4232710599899292
362	2	-1.4995982646942139
362	3	-2.074932336807251
362	4	-1.0262081623077393
362	5	-2.014998197555542
362	6	-1.3519047498703003
362	7	-2.5015687942504883
362	8	-2.135444164276123
362	9	-2.2836453914642334
362	10	-2.3570516109466553
362	11	-1.0089792013168335
362	12	-1.036258339881897
362	13	-2.729158639907837
362	14	-1.5283856391906738
362	15	0.005373431835323572
362	16	-0.7646834254264832
362	17	-2.544732093811035
362	18	1.6459299325942993
362	19	-2.729158639907837
362	20	0.6241232752799988
362	21	-2.729158639907837
362	22	0.6693152189254761
363	0	1.350653886795044
363	1	-1.5717490911483765
363	2	-2.596729278564453
363	3	-2.3814237117767334
363	4	-2.9165515899658203
363	5	-2.824319362640381
363	6	-1.1745824813842773
363	7	0.15819141268730164
363	8	-1.7616924047470093
363	9	-2.4431238174438477
363	10	-1.1385416984558105
363	11	-2.824319362640381
363	12	-2.639892816543579
363	13	-1.2429296970367432
363	14	-2.824319362640381
363	15	-0.8624616861343384
363	16	-0.9179484248161316
363	17	-1.971187949180603
364	0	-1.6695274114608765
364	1	-2.596729278564453
364	2	-2.10075044631958
364	3	-1.0784599781036377
364	4	-2.9165515899658203
364	5	-1.7616924047470093
364	6	-1.1745824813842773
364	7	-1.1385416984558105
364	8	-2.4431238174438477
364	9	0.15819141268730164
364	10	-2.824319362640381
364	11	-2.3814237117767334
365	0	-1.6695274114608765
365	1	-1.0784599781036377
365	2	-2.596729278564453
365	3	-2.824319362640381
365	4	-2.4431238174438477
365	5	-2.3814237117767334
365	6	-1.1745824813842773
365	7	0.005373431835323572
365	8	-1.6261639595031738
365	9	-2.9165515899658203
365	10	-1.1385416984558105
365	11	-2.10075044631958
365	12	-2.824319362640381
365	13	-0.8507556319236755
365	14	-0.9062424302101135
365	15	-1.1906778812408447
365	16	-2.639892816543579
365	17	-2.824319362640381
366	0	-2.596729278564453
366	1	-1.6695274114608765
366	2	-0.0724315196275711
366	3	-1.1745824813842773
366	4	-2.824319362640381
366	5	0.15819141268730164
366	6	-1.1385416984558105
366	7	-2.3814237117767334
366	8	-2.9165515899658203
366	9	-1.7616924047470093
366	10	-2.4431238174438477
366	11	1.763028621673584
367	0	-2.3814237117767334
367	1	-2.9165515899658203
367	2	-1.6261639595031738
367	3	-2.4431238174438477
367	4	-1.1745824813842773
367	5	-2.824319362640381
367	6	-1.1385416984558105
367	7	-1.7616924047470093
367	8	-1.4044376611709595
367	9	1.763028621673584
367	10	-1.92892587184906
367	11	-1.988860011100769
367	12	-2.596729278564453
367	13	-2.135444164276123
367	14	-1.4232710599899292
367	15	1.063537359237671
368	0	0.15819141268730164
368	1	-1.6578214168548584
368	2	-2.596729278564453
368	3	-2.729158639907837
368	4	-0.8201700448989868
368	5	-2.729158639907837
368	6	1.6459299325942993
368	7	-2.544732093811035
368	8	0.6796100735664368
368	9	0.005373431835323572
368	10	-1.1385416984558105
368	11	-1.1745824813842773
368	12	-2.9165515899658203
368	13	-2.824319362640381
368	14	-2.3814237117767334
368	15	-2.4431238174438477
368	16	0.15819141268730164
368	17	-2.057260274887085
369	0	-1.6695274114608765
369	1	-2.596729278564453
369	2	0.15819141268730164
369	3	-0.9179484248161316
369	4	-0.8624616861343384
369	5	-2.639892816543579
369	6	-1.2429296970367432
369	7	-2.824319362640381
369	8	-2.824319362640381
369	9	-2.10075044631958
369	10	-2.9165515899658203
369	11	-1.1385416984558105
369	12	-2.4431238174438477
369	13	-2.3814237117767334
369	14	-1.1745824813842773
369	15	-2.824319362640381
369	16	-1.6261639595031738
369	17	-1.7616924047470093
370	0	-2.8102164268493652
370	1	-2.8102164268493652
370	2	-2.8503458499908447
370	3	-1.4030719995498657
370	4	-1.628176212310791
370	5	-1.92375648021698
370	6	-2.8131449222564697
370	7	-0.5935336947441101
370	8	-2.905377149581909
370	9	-2.4285457134246826
370	10	-2.476698398590088
371	0	-1.6578214168548584
371	1	0.15819141268730164
371	2	-2.596729278564453
371	3	-2.057260274887085
371	4	-2.476698398590088
371	5	-1.122330665588379
371	6	-1.7499864101409912
371	7	-1.6144579648971558
371	8	-1.628176212310791
371	9	-2.369717836380005
371	10	-2.824319362640381
371	11	-2.9165515899658203
371	12	0.8166470527648926
371	13	-2.8131449222564697
371	14	-0.9062424302101135
371	15	-2.824319362640381
371	16	-0.8507556319236755
371	17	-2.905377149581909
371	18	-2.884382486343384
372	0	-2.596729278564453
372	1	-1.6695274114608765
372	2	-1.92375648021698
372	3	-2.824319362640381
372	4	-2.8131449222564697
372	5	-2.905377149581909
372	6	-0.5935336947441101
372	7	0.6241232752799988
372	8	0.6796100735664368
372	9	-2.10075044631958
372	10	-2.3814237117767334
372	11	-2.9165515899658203
372	12	-1.1745824813842773
372	13	-2.824319362640381
372	14	-1.6261639595031738
372	15	-2.476698398590088
372	16	-1.42263925075531
372	17	0.005373431835323572
372	18	-1.628176212310791
373	0	-1.122330665588379
373	1	-2.8102164268493652
373	2	-2.8503458499908447
373	3	-2.369717836380005
373	4	-2.729158639907837
373	5	-2.8503458499908447
373	6	-2.596729278564453
373	7	-2.8102164268493652
373	8	0.005373431835323572
373	9	-2.9165515899658203
373	10	-1.6144579648971558
373	11	-2.476698398590088
373	12	-0.0724315196275711
373	13	-1.0703119039535522
373	14	-2.824319362640381
373	15	-1.6578214168548584
373	16	-1.379149079322815
373	17	-1.4232710599899292
373	18	-1.616470217704773
373	19	-2.135444164276123
373	20	-2.3424735069274902
373	21	-0.9401355981826782
373	22	-1.9120506048202515
373	23	-2.824319362640381
374	0	-2.8131449222564697
374	1	-2.884382486343384
374	2	-0.9062424302101135
374	3	-2.824319362640381
374	4	-2.905377149581909
374	5	0.6796100735664368
375	0	-2.9165515899658203
375	1	-2.2215163707733154
375	2	-1.0262081623077393
375	3	-1.3519047498703003
375	4	-1.92892587184906
375	5	-1.5184316635131836
375	6	-2.596729278564453
375	7	-2.4285457134246826
375	8	-1.4044376611709595
375	9	-2.824319362640381
375	10	-1.379149079322815
375	11	-2.476698398590088
375	12	-1.616470217704773
375	13	-1.122330665588379
375	14	-2.369717836380005
375	15	-1.6144579648971558
375	16	-1.7499864101409912
375	17	-2.8131449222564697
375	18	-2.884382486343384
375	19	-0.9062424302101135
375	20	-2.824319362640381
375	21	-1.024997591972351
376	0	-2.058488368988037
376	1	-2.2215163707733154
376	2	-1.511304259300232
376	3	-1.0784599781036377
376	4	-2.4402518272399902
376	5	-1.5184316635131836
376	6	-2.596729278564453
376	7	-1.4902288913726807
376	8	-2.9165515899658203
377	0	-2.8503458499908447
377	1	-1.971187949180603
377	2	-2.3906261920928955
377	3	-2.8503458499908447
377	4	-2.729158639907837
377	5	-2.596729278564453
377	6	-1.036258339881897
377	7	-2.8102164268493652
377	8	-2.8102164268493652
377	9	-2.8102164268493652
377	10	-1.5283856391906738
377	11	-2.2836453914642334
377	12	-1.6639139652252197
377	13	-2.9165515899658203
377	14	-1.0262081623077393
377	15	-2.4285457134246826
377	16	-1.5303980112075806
377	17	-2.729158639907837
377	18	-1.2930766344070435
377	19	-2.2215163707733154
377	20	-1.5717490911483765
377	21	-2.729158639907837
377	22	0.15819141268730164
377	23	-1.5184316635131836
377	24	-0.7646834254264832
377	25	-2.8102164268493652
377	26	-2.717984199523926
377	27	-0.8201700448989868
377	28	-2.78922176361084
377	29	2.414088249206543
377	30	2.5408124923706055
377	31	1.763028621673584
377	32	1.763028621673584
377	33	-0.9401355981826782
377	34	-1.0640112161636353
378	0	-1.0262081623077393
378	1	-1.4044376611709595
378	2	0.4313100576400757
378	3	-2.4285457134246826
378	4	-1.92892587184906
378	5	-1.122330665588379
378	6	-2.476698398590088
378	7	0.8166470527648926
378	8	-2.9455065727233887
379	0	2.487938165664673
379	1	1.6459299325942993
379	2	-0.8201700448989868
379	3	-2.78922176361084
379	4	-0.8918126821517944
379	5	-1.379149079322815
379	6	-2.5015687942504883
379	7	-1.5283856391906738
379	8	-1.5303980112075806
379	9	-1.122330665588379
379	10	-1.4232710599899292
379	11	-2.2836453914642334
379	12	-2.476698398590088
379	13	-2.729158639907837
379	14	-1.6639139652252197
379	15	-2.8102164268493652
379	16	-2.729158639907837
379	17	-2.717984199523926
379	18	-1.5319666862487793
379	19	2.5408124923706055
379	20	-1.4995982646942139
379	21	-2.8213911056518555
379	22	1.763028621673584
379	23	-2.135444164276123
379	24	-2.4285457134246826
379	25	-1.3519047498703003
379	26	-2.014998197555542
380	0	-1.1745824813842773
380	1	1.763028621673584
380	2	-1.42263925075531
380	3	-2.476698398590088
380	4	-2.4402518272399902
380	5	-2.729158639907837
381	0	-1.0784599781036377
381	1	-2.476698398590088
381	2	-2.824319362640381
381	3	-2.4402518272399902
381	4	-1.5319666862487793
381	5	-1.1745824813842773
382	0	0.005373431835323572
382	1	-2.824319362640381
382	2	-1.616470217704773
382	3	-2.824319362640381
382	4	-2.4402518272399902
382	5	-1.0784599781036377
382	6	-2.476698398590088
382	7	-1.5436726808547974
382	8	-1.1745824813842773
382	9	0.8166470527648926
382	10	-2.8503458499908447
382	11	-2.014998197555542
382	12	-1.4995982646942139
383	0	-2.8102164268493652
383	1	-2.8503458499908447
383	2	-0.0724315196275711
383	3	-2.476698398590088
383	4	-2.824319362640381
383	5	-1.7499864101409912
383	6	-2.2836453914642334
383	7	-2.8102164268493652
383	8	-2.8503458499908447
383	9	-2.5015687942504883
383	10	-1.122330665588379
383	11	-2.8102164268493652
383	12	-1.5283856391906738
383	13	-1.5319666862487793
383	14	-2.8213911056518555
383	15	-1.5717490911483765
383	16	-2.824319362640381
383	17	-1.616470217704773
383	18	-2.135444164276123
383	19	0.8166470527648926
383	20	-2.4285457134246826
383	21	-1.4232710599899292
383	22	-1.82597815990448
383	23	-2.729158639907837
383	24	-1.0262081623077393
383	25	-1.4995982646942139
383	26	-2.014998197555542
383	27	-1.3519047498703003
383	28	2.5515074729919434
383	29	-1.1762480735778809
383	30	-0.8918126821517944
383	31	-0.8201700448989868
383	32	-2.78922176361084
383	33	-0.5761184692382812
383	34	-2.8102164268493652
383	35	-2.717984199523926
384	0	-2.596729278564453
384	1	-2.905377149581909
384	2	-2.476698398590088
384	3	-2.905377149581909
384	4	-1.7499864101409912
384	5	-2.9165515899658203
384	6	-2.824319362640381
384	7	-2.057260274887085
384	8	-1.6144579648971558
384	9	-1.122330665588379
384	10	-1.5319666862487793
384	11	-2.369717836380005
384	12	-2.9455065727233887
384	13	-2.9455065727233887
384	14	-2.905377149581909
384	15	-1.616470217704773
384	16	-2.824319362640381
384	17	-1.5184316635131836
384	18	-1.379149079322815
384	19	-1.6578214168548584
384	20	-2.4285457134246826
384	21	-1.0262081623077393
384	22	-2.2215163707733154
384	23	-2.824319362640381
384	24	0.15819141268730164
384	25	-1.4379770755767822
384	26	-1.4995982646942139
384	27	-2.014998197555542
384	28	2.812023878097534
384	29	-1.2623203992843628
384	30	-0.9062424302101135
384	31	-2.905377149581909
384	32	-2.8131449222564697
384	33	0.6241232752799988
384	34	-2.884382486343384
384	35	2.5408124923706055
385	0	-2.9165515899658203
385	1	-2.905377149581909
385	2	-2.946335792541504
385	3	-2.596729278564453
385	4	0.15819141268730164
385	5	-1.1745824813842773
385	6	-2.905377149581909
385	7	-2.824319362640381
385	8	-1.5436726808547974
385	9	-2.3814237117767334
385	10	-2.905377149581909
385	11	-2.476698398590088
385	12	-1.7616924047470093
385	13	-2.946335792541504
385	14	-2.10075044631958
385	15	-1.628176212310791
385	16	-1.42263925075531
385	17	-2.824319362640381
385	18	-1.6695274114608765
385	19	-2.2215163707733154
385	20	-2.824319362640381
385	21	-0.9895909428596497
385	22	-0.9179484248161316
386	0	-0.9179484248161316
386	1	-2.824319362640381
386	2	-2.884382486343384
386	3	-2.8131449222564697
386	4	-0.9895909428596497
386	5	-2.905377149581909
386	6	-1.4379770755767822
386	7	-1.024997591972351
386	8	-1.2623203992843628
387	0	0.6241232752799988
387	1	-0.9179484248161316
387	2	-2.905377149581909
387	3	-2.824319362640381
387	4	-2.8131449222564697
387	5	-2.884382486343384
388	0	-2.8131449222564697
388	1	-2.884382486343384
388	2	-2.905377149581909
388	3	-0.9179484248161316
388	4	-2.824319362640381
388	5	-0.9895909428596497
389	0	-2.884382486343384
389	1	-2.905377149581909
389	2	-0.9179484248161316
389	3	-2.8131449222564697
389	4	-2.824319362640381
389	5	-0.9895909428596497
389	6	-1.4379770755767822
390	0	-2.8102164268493652
390	1	-2.8102164268493652
390	2	-1.971187949180603
390	3	-2.3906261920928955
390	4	-1.4458943605422974
390	5	-1.036258339881897
390	6	-2.8503458499908447
390	7	-2.5015687942504883
390	8	-2.2836453914642334
390	9	-2.729158639907837
390	10	-2.8503458499908447
390	11	-2.8213911056518555
390	12	-1.5283856391906738
390	13	-1.6639139652252197
390	14	-2.8102164268493652
390	15	-2.3424735069274902
390	16	-0.9401355981826782
390	17	-1.5717490911483765
390	18	-1.2930766344070435
390	19	-2.729158639907837
390	20	-1.5303980112075806
390	21	0.15819141268730164
390	22	0.471305251121521
390	23	-2.824319362640381
390	24	-2.135444164276123
390	25	-0.9778849482536316
390	26	-2.8131449222564697
390	27	-2.905377149581909
390	28	-0.9062424302101135
390	29	-2.884382486343384
390	30	-1.4379770755767822
390	31	1.763028621673584
391	0	-2.8131449222564697
391	1	-2.905377149581909
391	2	-0.9895909428596497
391	3	-0.9179484248161316
391	4	-2.884382486343384
391	5	-2.824319362640381
391	6	-1.4902288913726807
391	7	1.763028621673584
392	0	-2.905377149581909
392	1	-2.9165515899658203
392	2	-1.5319666862487793
392	3	-2.9455065727233887
392	4	-2.824319362640381
392	5	-2.476698398590088
392	6	-2.369717836380005
392	7	-1.122330665588379
392	8	-2.9455065727233887
392	9	0.15819141268730164
392	10	-2.596729278564453
392	11	-1.7499864101409912
392	12	-2.057260274887085
392	13	-2.905377149581909
392	14	-2.905377149581909
392	15	-1.379149079322815
392	16	-2.824319362640381
392	17	-1.616470217704773
392	18	-2.824319362640381
392	19	-2.2215163707733154
392	20	-1.6578214168548584
392	21	-0.9778849482536316
392	22	-0.9062424302101135
392	23	-2.905377149581909
392	24	-2.884382486343384
392	25	-2.8131449222564697
392	26	-1.4379770755767822
392	27	1.763028621673584
393	0	-0.9895909428596497
393	1	-2.8131449222564697
393	2	-2.884382486343384
393	3	-0.9179484248161316
393	4	-2.824319362640381
393	5	-2.905377149581909
393	6	-1.4902288913726807
393	7	-1.163321852684021
393	8	-1.1745824813842773
393	9	1.763028621673584
393	10	-2.4285457134246826
393	11	-2.476698398590088
393	12	-2.824319362640381
393	13	-1.42263925075531
394	0	-1.6639139652252197
394	1	-1.5303980112075806
394	2	-2.2836453914642334
394	3	-2.729158639907837
394	4	-2.3906261920928955
394	5	-1.036258339881897
394	6	-2.729158639907837
394	7	-1.4458943605422974
394	8	-1.4232710599899292
394	9	-0.9401355981826782
394	10	-1.92892587184906
394	11	-2.8213911056518555
394	12	-2.5015687942504883
394	13	-0.8786358833312988
394	14	-2.46580171585083
394	15	-2.135444164276123
394	16	-1.4044376611709595
394	17	-1.3519047498703003
395	0	-2.9165515899658203
395	1	-2.596729278564453
395	2	-1.4995982646942139
395	3	-1.5184316635131836
395	4	-2.2215163707733154
395	5	-2.5518741607666016
395	6	-1.5319666862487793
395	7	1.763028621673584
395	8	1.063537359237671
395	9	-0.8786358833312988
395	10	-2.014998197555542
395	11	0.15819141268730164
395	12	-2.369717836380005
395	13	-1.616470217704773
395	14	-2.824319362640381
395	15	-1.122330665588379
395	16	-1.7499864101409912
395	17	-2.476698398590088
395	18	-1.2930766344070435
396	0	-2.476698398590088
396	1	-1.1745824813842773
396	2	-1.5436726808547974
396	3	1.763028621673584
396	4	-2.058488368988037
396	5	-1.511304259300232
396	6	-2.563580274581909
397	0	-1.5184316635131836
397	1	-2.563580274581909
397	2	-1.5436726808547974
397	3	-1.0784599781036377
397	4	-1.4379770755767822
397	5	-2.058488368988037
397	6	-2.596729278564453
397	7	-0.8786358833312988
397	8	-2.2215163707733154
397	9	-2.9165515899658203
397	10	-1.511304259300232
398	0	-1.4902288913726807
398	1	-2.2215163707733154
398	2	-2.058488368988037
398	3	-2.596729278564453
398	4	-1.5184316635131836
398	5	1.763028621673584
398	6	-2.563580274581909
398	7	-1.511304259300232
398	8	-0.9221259951591492
398	9	-2.9165515899658203
398	10	-1.5436726808547974
399	0	-2.596729278564453
399	1	-2.9165515899658203
399	2	-1.5184316635131836
399	3	-0.7526293992996216
399	4	2.053180694580078
399	5	2.5408124923706055
399	6	-2.8102164268493652
399	7	-1.971187949180603
399	8	-2.8102164268493652
399	9	-2.8503458499908447
399	10	-2.8102164268493652
399	11	-2.8503458499908447
399	12	1.350653886795044
399	13	-1.5303980112075806
399	14	-1.4379770755767822
399	15	-0.9401355981826782
399	16	-0.9401355981826782
399	17	-1.82597815990448
399	18	-1.6639139652252197
399	19	-2.2215163707733154
399	20	-0.8786358833312988
399	21	-1.5283856391906738
399	22	-1.5717490911483765
399	23	-2.2836453914642334
399	24	-2.729158639907837
399	25	2.5515074729919434
399	26	-2.717984199523926
399	27	0.21174873411655426
399	28	1.350653886795044
399	29	-2.78922176361084
399	30	-0.8201700448989868
399	31	-2.905377149581909
399	32	1.6778416633605957
399	33	-2.729158639907837
399	34	-1.1762480735778809
399	35	-2.5518741607666016
399	36	-1.4995982646942139
399	37	-2.014998197555542
399	38	-1.049001693725586
399	39	-1.036258339881897
399	40	-2.3906261920928955
399	41	-2.729158639907837
399	42	-1.2930766344070435
399	43	-1.5319666862487793
399	44	-1.0262081623077393
400	0	-2.9165515899658203
400	1	-1.7499864101409912
400	2	-2.2215163707733154
400	3	2.5515074729919434
400	4	-2.8131449222564697
400	5	-2.5518741607666016
400	6	-1.4995982646942139
400	7	-1.7920681238174438
400	8	-1.0219718217849731
401	0	-1.3519047498703003
401	1	-1.4995982646942139
401	2	-2.5015687942504883
401	3	-1.92892587184906
401	4	1.763028621673584
401	5	-2.5518741607666016
401	6	-0.7925635576248169
401	7	-1.7803621292114258
401	8	-1.4232710599899292
401	9	-2.2215163707733154
401	10	-2.9165515899658203
401	11	-1.2930766344070435
401	12	-2.3906261920928955
401	13	-1.036258339881897
401	14	-1.5283856391906738
401	15	-2.2836453914642334
401	16	-1.5303980112075806
401	17	-1.7499864101409912
401	18	-2.729158639907837
401	19	-2.729158639907837
402	0	-0.8201700448989868
402	1	-2.8131449222564697
402	2	-2.78922176361084
402	3	-2.8102164268493652
402	4	-2.729158639907837
402	5	-0.8918126821517944
403	0	-2.014998197555542
403	1	-0.7925635576248169
403	2	-2.8213911056518555
403	3	-1.3519047498703003
403	4	-2.5015687942504883
403	5	-2.5518741607666016
403	6	-1.4995982646942139
403	7	-1.7803621292114258
403	8	-2.135444164276123
403	9	-1.4232710599899292
403	10	-1.0219718217849731
404	0	-2.9165515899658203
404	1	-1.4379770755767822
404	2	-1.5184316635131836
404	3	-2.014998197555542
404	4	-2.2215163707733154
404	5	1.763028621673584
404	6	-2.596729278564453
404	7	-0.8786358833312988
404	8	-1.7803621292114258
404	9	-2.5518741607666016
404	10	-1.4995982646942139
404	11	-1.036258339881897
404	12	-2.3906261920928955
405	0	-2.9165515899658203
405	1	-1.4902288913726807
405	2	-1.5184316635131836
405	3	-0.9221259951591492
405	4	1.763028621673584
405	5	-1.7920681238174438
405	6	-2.058488368988037
405	7	-2.2215163707733154
405	8	-2.563580274581909
405	9	-2.596729278564453
405	10	-1.511304259300232
406	0	-1.0262081623077393
406	1	-2.5518741607666016
406	2	-2.2215163707733154
406	3	-2.014998197555542
406	4	-1.5319666862487793
406	5	-1.4995982646942139
406	6	-1.4379770755767822
406	7	-2.9165515899658203
406	8	-0.8786358833312988
406	9	-2.596729278564453
406	10	-1.5184316635131836
407	0	-1.5184316635131836
407	1	-1.0784599781036377
407	2	-2.058488368988037
407	3	-0.9221259951591492
407	4	-2.2215163707733154
407	5	-2.563580274581909
407	6	-2.596729278564453
407	7	-2.9165515899658203
407	8	-1.5436726808547974
407	9	-1.511304259300232
407	10	-1.4902288913726807
408	0	-1.4902288913726807
408	1	-1.5184316635131836
408	2	-1.511304259300232
408	3	-1.0784599781036377
408	4	-2.058488368988037
408	5	-2.9165515899658203
408	6	-1.5436726808547974
408	7	-0.9221259951591492
408	8	-2.596729278564453
408	9	-2.563580274581909
408	10	-2.2215163707733154
409	0	-1.511304259300232
409	1	-1.0784599781036377
409	2	-2.563580274581909
409	3	-2.058488368988037
409	4	-1.4902288913726807
409	5	-0.9221259951591492
409	6	-1.5436726808547974
409	7	-2.596729278564453
409	8	-1.5184316635131836
409	9	-2.2215163707733154
409	10	-2.9165515899658203
410	0	-1.5184316635131836
410	1	-1.5436726808547974
410	2	-1.4902288913726807
410	3	-0.9221259951591492
410	4	-2.2215163707733154
410	5	-1.511304259300232
410	6	-1.0784599781036377
410	7	-2.058488368988037
410	8	-2.596729278564453
410	9	-2.9165515899658203
410	10	-2.563580274581909
411	0	-2.2215163707733154
411	1	-1.5184316635131836
411	2	-2.563580274581909
411	3	-1.5436726808547974
411	4	-1.0784599781036377
411	5	-2.596729278564453
411	6	-1.511304259300232
411	7	-2.9165515899658203
411	8	-1.4902288913726807
411	9	-2.058488368988037
411	10	-0.9221259951591492
411	11	1.350653886795044
411	12	-1.5283856391906738
411	13	-1.2930766344070435
411	14	-2.2836453914642334
411	15	-2.3906261920928955
411	16	-2.729158639907837
411	17	-1.036258339881897
412	0	-1.4995982646942139
412	1	-2.014998197555542
412	2	-1.5184316635131836
412	3	-2.5518741607666016
412	4	-1.0262081623077393
412	5	-2.596729278564453
412	6	-2.2215163707733154
412	7	-1.4379770755767822
412	8	-2.9165515899658203
412	9	-1.5319666862487793
412	10	-0.8786358833312988
412	11	-2.369717836380005
412	12	-1.0262081623077393
412	13	-1.6144579648971558
412	14	-2.476698398590088
412	15	-2.824319362640381
412	16	-1.122330665588379
412	17	-1.379149079322815
412	18	-2.8503458499908447
412	19	-2.729158639907837
412	20	-2.8102164268493652
412	21	-2.8102164268493652
412	22	-1.6639139652252197
412	23	-2.8102164268493652
412	24	-2.8503458499908447
412	25	-0.484806090593338
412	26	-1.5303980112075806
412	27	-1.5717490911483765
412	28	-1.82597815990448
412	29	-2.729158639907837
412	30	-0.8201700448989868
412	31	-2.717984199523926
412	32	-2.8102164268493652
412	33	-2.78922176361084
412	34	0.21174873411655426
412	35	1.350653886795044
413	0	-2.596729278564453
413	1	-2.905377149581909
413	2	-2.824319362640381
413	3	-2.905377149581909
413	4	-2.2215163707733154
413	5	-2.9455065727233887
413	6	-2.9455065727233887
413	7	-1.6578214168548584
413	8	-1.7499864101409912
413	9	-1.122330665588379
413	10	0.15819141268730164
413	11	-2.9165515899658203
413	12	-2.369717836380005
413	13	-2.476698398590088
413	14	-2.824319362640381
413	15	-1.5319666862487793
413	16	-2.057260274887085
413	17	-2.905377149581909
413	18	-2.5518741607666016
413	19	-1.4379770755767822
413	20	-1.5184316635131836
413	21	-1.4995982646942139
413	22	-1.0262081623077393
413	23	-0.8786358833312988
413	24	-2.014998197555542
413	25	-1.379149079322815
413	26	-2.824319362640381
413	27	1.763028621673584
413	28	-1.9120506048202515
413	29	-1.616470217704773
414	0	-2.596729278564453
414	1	-2.905377149581909
414	2	-2.369717836380005
414	3	-1.5319666862487793
414	4	-2.9455065727233887
414	5	-2.057260274887085
414	6	-2.476698398590088
414	7	-2.9165515899658203
414	8	0.005373431835323572
414	9	-1.122330665588379
414	10	-1.6144579648971558
414	11	-2.824319362640381
414	12	-2.9455065727233887
414	13	-2.905377149581909
414	14	-2.905377149581909
414	15	-2.2215163707733154
414	16	-2.824319362640381
414	17	-1.6578214168548584
414	18	-2.014998197555542
414	19	-0.8786358833312988
414	20	-1.4379770755767822
414	21	-2.5518741607666016
414	22	-1.5184316635131836
414	23	-1.0262081623077393
414	24	-1.4995982646942139
414	25	-0.09327251464128494
414	26	-2.824319362640381
414	27	-1.0262081623077393
414	28	-1.9120506048202515
414	29	-1.616470217704773
415	0	-1.4379770755767822
415	1	0.471305251121521
415	2	-1.4995982646942139
415	3	-2.596729278564453
415	4	-2.9165515899658203
415	5	1.763028621673584
415	6	-1.5319666862487793
415	7	-2.5518741607666016
415	8	-0.8786358833312988
415	9	-2.2215163707733154
415	10	-2.014998197555542
415	11	-2.369717836380005
415	12	-1.122330665588379
415	13	1.763028621673584
415	14	-2.476698398590088
415	15	-2.824319362640381
415	16	-1.6144579648971558
415	17	-1.379149079322815
415	18	-2.905377149581909
415	19	-2.824319362640381
415	20	0.005373431835323572
415	21	-2.9455065727233887
415	22	-2.057260274887085
415	23	-2.905377149581909
415	24	-2.905377149581909
415	25	-2.9455065727233887
415	26	-1.616470217704773
415	27	-1.6578214168548584
415	28	0.15819141268730164
415	29	-2.824319362640381
415	30	-2.78922176361084
415	31	-0.8918126821517944
415	32	-2.717984199523926
415	33	-0.8201700448989868
415	34	-2.8102164268493652
415	35	-1.024997591972351
416	0	-2.563580274581909
416	1	-2.9165515899658203
416	2	-1.5436726808547974
416	3	-1.4379770755767822
416	4	-2.058488368988037
416	5	-2.596729278564453
416	6	0.471305251121521
416	7	-0.9221259951591492
416	8	-1.4995982646942139
416	9	-1.0262081623077393
416	10	-2.2215163707733154
416	11	-1.1745824813842773
416	12	-2.476698398590088
416	13	1.763028621673584
416	14	-2.369717836380005
416	15	-1.6261639595031738
416	16	-1.42263925075531
416	17	-2.824319362640381
417	0	-2.058488368988037
417	1	-2.9165515899658203
417	2	-1.5184316635131836
417	3	-1.511304259300232
417	4	-1.5436726808547974
417	5	-2.2215163707733154
417	6	-0.9221259951591492
417	7	-2.596729278564453
417	8	-2.563580274581909
417	9	-1.4902288913726807
417	10	-1.0784599781036377
418	0	-2.058488368988037
418	1	-2.596729278564453
418	2	-1.4902288913726807
418	3	-1.5436726808547974
418	4	-2.2215163707733154
418	5	-0.9221259951591492
418	6	-1.511304259300232
418	7	-1.5184316635131836
418	8	-2.9165515899658203
418	9	-1.0784599781036377
418	10	-2.563580274581909
419	0	-1.5436726808547974
419	1	-2.2215163707733154
419	2	-2.9165515899658203
419	3	-1.0784599781036377
419	4	-1.511304259300232
419	5	-2.563580274581909
419	6	-2.058488368988037
419	7	-0.9221259951591492
419	8	-1.4902288913726807
419	9	-2.596729278564453
419	10	-1.5184316635131836
420	0	-2.058488368988037
420	1	-1.4902288913726807
420	2	-0.9221259951591492
420	3	-1.5436726808547974
420	4	-2.596729278564453
420	5	-1.5184316635131836
420	6	-2.2215163707733154
420	7	-1.0784599781036377
420	8	-2.563580274581909
420	9	-2.9165515899658203
420	10	-1.511304259300232
421	0	-1.5436726808547974
421	1	-1.5184316635131836
421	2	-2.596729278564453
421	3	-2.2215163707733154
421	4	-1.0784599781036377
421	5	-2.9165515899658203
421	6	-2.563580274581909
421	7	-1.511304259300232
421	8	-2.058488368988037
421	9	-1.4902288913726807
421	10	-0.9221259951591492
422	0	-1.7803621292114258
422	1	-2.2215163707733154
422	2	-2.9165515899658203
422	3	-1.4995982646942139
422	4	-0.8786358833312988
422	5	-2.014998197555542
422	6	-1.0219718217849731
422	7	-2.596729278564453
422	8	-2.5518741607666016
422	9	-1.5184316635131836
422	10	-1.4379770755767822
422	11	-0.09327251464128494
422	12	-2.3906261920928955
422	13	-1.5283856391906738
422	14	-1.036258339881897
422	15	-2.729158639907837
422	16	-2.2836453914642334
422	17	1.763028621673584
423	0	-0.8201700448989868
423	1	-2.78922176361084
423	2	-2.717984199523926
423	3	-0.8918126821517944
423	4	-2.729158639907837
423	5	-2.8102164268493652
423	6	-1.4902288913726807
423	7	1.763028621673584
424	0	-2.476698398590088
424	1	-2.8102164268493652
424	2	-2.729158639907837
424	3	-1.6639139652252197
424	4	-1.7803621292114258
424	5	-1.122330665588379
424	6	-2.596729278564453
424	7	-1.971187949180603
424	8	-2.8102164268493652
424	9	-2.8503458499908447
424	10	-1.6144579648971558
424	11	-2.8503458499908447
424	12	-2.8102164268493652
424	13	-2.9165515899658203
424	14	-2.369717836380005
424	15	-1.5717490911483765
424	16	0.15819141268730164
424	17	-2.824319362640381
424	18	-1.5303980112075806
424	19	-1.5184316635131836
424	20	-0.09327251464128494
424	21	-2.2215163707733154
424	22	-2.824319362640381
424	23	1.763028621673584
424	24	-2.5518741607666016
425	0	-1.122330665588379
425	1	-2.824319362640381
425	2	-1.379149079322815
425	3	-2.369717836380005
425	4	-2.476698398590088
425	5	-1.6144579648971558
425	6	1.763028621673584
425	7	-1.7803621292114258
425	8	-2.2215163707733154
425	9	-1.92892587184906
425	10	1.763028621673584
425	11	-0.7925635576248169
425	12	-2.9165515899658203
425	13	-2.596729278564453
425	14	-1.5184316635131836
425	15	-1.4044376611709595
425	16	-2.5518741607666016
425	17	-1.3519047498703003
426	0	-0.8918126821517944
426	1	-2.717984199523926
426	2	-2.824319362640381
426	3	-2.78922176361084
426	4	-0.8201700448989868
426	5	-2.8102164268493652
426	6	-1.024997591972351
426	7	-1.4902288913726807
427	0	-2.014998197555542
427	1	-1.0219718217849731
427	2	-2.2215163707733154
427	3	-2.9165515899658203
427	4	-2.5518741607666016
427	5	-0.8786358833312988
427	6	-1.7803621292114258
427	7	-1.4379770755767822
427	8	-1.5184316635131836
427	9	-2.596729278564453
427	10	-1.4995982646942139
427	11	-1.379149079322815
427	12	-1.6144579648971558
427	13	-2.824319362640381
427	14	-2.369717836380005
427	15	1.763028621673584
427	16	-1.122330665588379
427	17	-2.476698398590088
428	0	-2.8503458499908447
428	1	-1.7920681238174438
428	2	-2.3814237117767334
428	3	-2.476698398590088
428	4	-2.8102164268493652
428	5	-1.6639139652252197
428	6	-1.971187949180603
428	7	-2.8503458499908447
428	8	-1.6261639595031738
428	9	-2.9165515899658203
428	10	-2.8102164268493652
428	11	-2.729158639907837
428	12	-2.596729278564453
428	13	-1.1745824813842773
428	14	-2.8102164268493652
428	15	-1.0742236375808716
428	16	-2.563580274581909
428	17	-2.2215163707733154
428	18	-1.5717490911483765
428	19	-2.824319362640381
428	20	-1.5184316635131836
428	21	-1.5303980112075806
428	22	-1.42263925075531
428	23	-2.824319362640381
428	24	-1.82597815990448
429	0	-1.7803621292114258
429	1	-1.4379770755767822
429	2	-1.0219718217849731
429	3	-2.2215163707733154
429	4	-2.5518741607666016
429	5	-2.9165515899658203
429	6	-0.8786358833312988
429	7	-1.4995982646942139
429	8	-2.014998197555542
429	9	-1.5184316635131836
429	10	-2.596729278564453
429	11	-2.824319362640381
429	12	1.763028621673584
429	13	-1.379149079322815
429	14	-2.476698398590088
429	15	-1.122330665588379
429	16	-2.369717836380005
429	17	-1.6144579648971558
430	0	-2.596729278564453
430	1	-1.7499864101409912
430	2	-2.476698398590088
430	3	-2.057260274887085
430	4	-2.905377149581909
430	5	-2.905377149581909
430	6	-2.3814237117767334
430	7	-1.1745824813842773
430	8	-2.9165515899658203
430	9	-1.7920681238174438
430	10	-2.905377149581909
430	11	-1.6261639595031738
430	12	-2.9455065727233887
430	13	-2.9455065727233887
430	14	-2.824319362640381
430	15	-2.2215163707733154
430	16	-1.6578214168548584
430	17	-2.824319362640381
430	18	0.15819141268730164
431	0	-2.824319362640381
431	1	-2.905377149581909
431	2	-2.946335792541504
431	3	-1.7616924047470093
431	4	-2.946335792541504
431	5	-1.6695274114608765
431	6	-2.2215163707733154
431	7	-2.905377149581909
431	8	-0.8201700448989868
431	9	-0.8918126821517944
431	10	-1.1745824813842773
431	11	-2.3814237117767334
431	12	-2.824319362640381
431	13	-2.905377149581909
431	14	-2.10075044631958
431	15	-2.476698398590088
431	16	-2.596729278564453
431	17	-1.7920681238174438
431	18	0.15819141268730164
431	19	-2.9165515899658203
431	20	-1.379149079322815
431	21	-1.5303980112075806
431	22	-2.824319362640381
432	0	-1.92892587184906
432	1	-0.7925635576248169
432	2	1.763028621673584
432	3	-2.596729278564453
432	4	-2.9165515899658203
432	5	-1.3519047498703003
432	6	-1.4232710599899292
432	7	-1.4044376611709595
432	8	-2.2215163707733154
432	9	-1.7920681238174438
432	10	-2.46580171585083
433	0	-0.9062424302101135
433	1	-2.8102164268493652
433	2	-2.717984199523926
433	3	-0.9778849482536316
433	4	-2.824319362640381
433	5	-2.78922176361084
434	0	-0.9895909428596497
434	1	-2.824319362640381
434	2	-2.884382486343384
434	3	-2.905377149581909
434	4	-0.9179484248161316
434	5	-2.8131449222564697
435	0	-2.8503458499908447
435	1	-1.036258339881897
435	2	-2.2836453914642334
435	3	-1.971187949180603
435	4	-2.8102164268493652
435	5	-2.729158639907837
435	6	-2.8102164268493652
435	7	-1.6639139652252197
435	8	-2.8503458499908447
435	9	-2.3906261920928955
435	10	-2.9165515899658203
435	11	-1.7803621292114258
435	12	-2.8102164268493652
435	13	-2.596729278564453
435	14	0.15819141268730164
435	15	-1.5717490911483765
435	16	-2.2215163707733154
435	17	-2.5518741607666016
435	18	1.763028621673584
435	19	-1.5184316635131836
435	20	-2.729158639907837
435	21	-1.2930766344070435
435	22	-1.5303980112075806
435	23	0.15819141268730164
435	24	-2.824319362640381
436	0	-2.596729278564453
436	1	-2.022238254547119
436	2	-2.9455065727233887
436	3	-1.7499864101409912
436	4	-2.905377149581909
436	5	-1.7803621292114258
436	6	-2.824319362640381
436	7	-2.905377149581909
436	8	-2.905377149581909
436	9	-2.476698398590088
436	10	-1.122330665588379
436	11	-2.369717836380005
436	12	-2.9165515899658203
436	13	-2.9455065727233887
436	14	-1.6144579648971558
436	15	-2.2215163707733154
436	16	-1.6578214168548584
436	17	-2.824319362640381
436	18	-2.5518741607666016
436	19	-1.4044376611709595
436	20	-1.0219718217849731
436	21	-1.92892587184906
436	22	-1.3519047498703003
436	23	-0.7925635576248169
436	24	-1.5184316635131836
436	25	-2.824319362640381
436	26	-1.379149079322815
436	27	-1.616470217704773
436	28	0.15819141268730164
436	29	1.763028621673584
436	30	-2.8102164268493652
436	31	0.6241232752799988
436	32	-2.717984199523926
436	33	-0.8201700448989868
436	34	-2.78922176361084
436	35	-1.024997591972351
437	0	-2.8503458499908447
437	1	-2.022238254547119
437	2	-2.2836453914642334
437	3	-2.8503458499908447
437	4	-2.596729278564453
437	5	-2.729158639907837
437	6	-1.036258339881897
437	7	-1.7499864101409912
437	8	-2.8102164268493652
437	9	-1.5283856391906738
437	10	-1.6942898035049438
437	11	-2.8102164268493652
437	12	-2.8102164268493652
437	13	-2.8213911056518555
437	14	-2.3906261920928955
437	15	-2.729158639907837
437	16	-1.5303980112075806
437	17	1.763028621673584
437	18	-2.46580171585083
437	19	-1.2930766344070435
437	20	0.471305251121521
437	21	-1.6578214168548584
437	22	-2.729158639907837
437	23	-2.135444164276123
437	24	-1.9120506048202515
437	25	-0.8918126821517944
437	26	-2.78922176361084
437	27	-0.8201700448989868
437	28	-2.717984199523926
437	29	-2.8102164268493652
438	0	-0.9401355981826782
438	1	-2.946335792541504
438	2	-2.0339443683624268
438	3	-1.7616924047470093
438	4	-1.6695274114608765
438	5	-2.824319362640381
438	6	-2.905377149581909
438	7	-2.946335792541504
438	8	-2.2215163707733154
438	9	-2.476698398590088
438	10	-1.1745824813842773
438	11	-2.3814237117767334
438	12	-1.7920681238174438
438	13	-2.905377149581909
438	14	-2.596729278564453
438	15	-2.9165515899658203
438	16	-2.905377149581909
438	17	-2.824319362640381
438	18	-1.6261639595031738
439	0	-2.0339443683624268
439	1	-1.0784599781036377
439	2	-2.946335792541504
439	3	-1.7616924047470093
439	4	-2.946335792541504
439	5	-2.905377149581909
439	6	-1.6695274114608765
439	7	-2.2215163707733154
439	8	-2.824319362640381
439	9	-1.7920681238174438
439	10	-1.1745824813842773
439	11	-2.3814237117767334
439	12	-2.824319362640381
439	13	-2.9165515899658203
439	14	-2.596729278564453
439	15	0.15819141268730164
439	16	-2.905377149581909
439	17	-2.905377149581909
439	18	-2.476698398590088
440	0	-1.6261639595031738
440	1	-2.596729278564453
440	2	-2.9165515899658203
440	3	-1.1745824813842773
440	4	-2.905377149581909
440	5	-1.7616924047470093
440	6	-2.946335792541504
440	7	-1.7920681238174438
440	8	-2.3814237117767334
440	9	-2.905377149581909
440	10	-2.824319362640381
440	11	-2.905377149581909
440	12	-2.476698398590088
440	13	-2.946335792541504
440	14	-2.0339443683624268
440	15	-1.2930766344070435
440	16	-1.5303980112075806
440	17	-2.729158639907837
440	18	-1.6695274114608765
440	19	-1.82597815990448
440	20	-2.824319362640381
440	21	-2.2215163707733154
440	22	-2.46580171585083
440	23	-0.9358992576599121
440	24	0.471305251121521
441	0	-2.0339443683624268
441	1	-2.596729278564453
441	2	-2.946335792541504
441	3	-1.7920681238174438
441	4	-2.9165515899658203
441	5	-1.6261639595031738
441	6	-1.1745824813842773
441	7	-2.824319362640381
441	8	-1.7616924047470093
441	9	-2.476698398590088
441	10	-2.3814237117767334
441	11	-2.946335792541504
441	12	-2.905377149581909
441	13	-2.905377149581909
441	14	-2.905377149581909
441	15	-2.2215163707733154
441	16	-1.6695274114608765
441	17	-2.824319362640381
442	0	-2.905377149581909
442	1	-2.905377149581909
442	2	-2.905377149581909
442	3	-2.9455065727233887
442	4	-2.9455065727233887
442	5	-1.7499864101409912
442	6	-2.2215163707733154
442	7	-1.6578214168548584
442	8	-2.824319362640381
442	9	-1.122330665588379
442	10	0.15819141268730164
442	11	-1.379149079322815
442	12	-1.7803621292114258
442	13	-2.9165515899658203
442	14	-2.824319362640381
442	15	-2.369717836380005
442	16	-1.616470217704773
442	17	-2.476698398590088
442	18	-2.824319362640381
442	19	-2.022238254547119
442	20	-2.596729278564453
442	21	-0.8918126821517944
442	22	-0.8201700448989868
442	23	-0.9401355981826782
442	24	-1.1125706434249878
442	25	-2.5518741607666016
442	26	-1.0219718217849731
442	27	-1.4044376611709595
442	28	-1.92892587184906
443	0	-1.511304259300232
443	1	1.763028621673584
443	2	-2.563580274581909
443	3	-1.7920681238174438
443	4	-2.058488368988037
443	5	-1.1745824813842773
443	6	-1.42263925075531
443	7	-2.476698398590088
443	8	-0.9318407773971558
444	0	-1.42263925075531
444	1	-1.1745824813842773
444	2	-0.9318407773971558
444	3	-2.476698398590088
444	4	-1.0742236375808716
444	5	-2.058488368988037
444	6	-1.7920681238174438
444	7	-1.511304259300232
444	8	-2.563580274581909
445	0	-2.8102164268493652
445	1	-2.78922176361084
445	2	-0.8201700448989868
445	3	-2.729158639907837
445	4	-2.717984199523926
445	5	-0.8918126821517944
446	0	-1.6942898035049438
446	1	-1.92892587184906
446	2	-0.9358992576599121
446	3	-0.7925635576248169
446	4	-2.9165515899658203
446	5	-2.46580171585083
446	6	-2.5015687942504883
446	7	-1.4232710599899292
446	8	-1.4044376611709595
446	9	-2.304088592529297
446	10	-1.3519047498703003
446	11	-2.824319362640381
446	12	-2.905377149581909
446	13	-2.8131449222564697
446	14	-0.9778849482536316
446	15	-0.9062424302101135
446	16	-2.884382486343384
446	17	2.3505194187164307
446	18	-0.09327251464128494
446	19	-2.2836453914642334
446	20	-2.3906261920928955
446	21	-1.5303980112075806
446	22	-1.5283856391906738
446	23	-1.6639139652252197
446	24	-2.729158639907837
446	25	-1.036258339881897
446	26	-2.729158639907837
446	27	-1.9361660480499268
446	28	-1.5717490911483765
446	29	-1.82597815990448
447	0	-1.7803621292114258
447	1	-2.014998197555542
447	2	1.763028621673584
447	3	-0.8786358833312988
447	4	-1.4995982646942139
447	5	-2.5518741607666016
447	6	-1.5184316635131836
447	7	-2.596729278564453
447	8	-2.9165515899658203
447	9	-2.399249315261841
447	10	-1.4379770755767822
447	11	-2.8131449222564697
447	12	-2.824319362640381
447	13	-2.905377149581909
447	14	0.6241232752799988
447	15	-0.9062424302101135
447	16	-2.884382486343384
447	17	2.414088249206543
448	0	-2.8102164268493652
448	1	-2.729158639907837
448	2	-2.9165515899658203
448	3	-2.8102164268493652
448	4	-1.5283856391906738
448	5	-2.399249315261841
448	6	-1.6639139652252197
448	7	-2.8102164268493652
448	8	-1.036258339881897
448	9	-2.3906261920928955
448	10	-2.8503458499908447
448	11	-1.7920681238174438
448	12	-2.2836453914642334
448	13	-2.111384391784668
448	14	-2.596729278564453
448	15	-2.8503458499908447
448	16	-1.5717490911483765
448	17	0.15819141268730164
448	18	-2.729158639907837
448	19	-1.2930766344070435
448	20	-1.5303980112075806
448	21	-2.563580274581909
448	22	-1.5184316635131836
448	23	1.763028621673584
448	24	-2.824319362640381
449	0	-2.5518741607666016
449	1	-1.3519047498703003
449	2	-1.4044376611709595
449	3	-1.7803621292114258
449	4	-1.92892587184906
449	5	-2.9165515899658203
449	6	-0.7925635576248169
449	7	1.763028621673584
449	8	-2.399249315261841
449	9	-2.596729278564453
449	10	-1.5184316635131836
449	11	-2.8102164268493652
449	12	-2.78922176361084
449	13	-2.824319362640381
449	14	-2.717984199523926
449	15	-0.8918126821517944
449	16	-0.8201700448989868
450	0	-1.4995982646942139
450	1	-2.5518741607666016
450	2	-2.399249315261841
450	3	-1.4379770755767822
450	4	-0.8786358833312988
450	5	-1.0219718217849731
450	6	-2.596729278564453
450	7	-1.5184316635131836
450	8	-2.014998197555542
450	9	-2.9165515899658203
450	10	-1.7803621292114258
450	11	-2.884382486343384
450	12	-0.9778849482536316
450	13	-2.8131449222564697
450	14	-0.9062424302101135
450	15	-2.824319362640381
450	16	-2.905377149581909
451	0	-2.399249315261841
451	1	-2.111384391784668
451	2	-1.5717490911483765
451	3	-2.596729278564453
451	4	0.15819141268730164
451	5	-2.729158639907837
451	6	-2.3906261920928955
451	7	-1.6639139652252197
451	8	-2.2836453914642334
451	9	-2.9165515899658203
451	10	-1.036258339881897
451	11	-1.5283856391906738
451	12	-1.2930766344070435
451	13	-1.7920681238174438
451	14	-1.5303980112075806
451	15	-1.5184316635131836
452	0	-2.209162712097168
452	1	-2.399249315261841
452	2	-1.92375648021698
452	3	-2.596729278564453
452	4	-1.6695274114608765
452	5	-1.628176212310791
452	6	-1.7616924047470093
452	7	-2.3814237117767334
452	8	-2.824319362640381
452	9	-2.476698398590088
452	10	-1.6261639595031738
452	11	-1.1745824813842773
452	12	-0.09327251464128494
452	13	-1.5184316635131836
452	14	-1.7920681238174438
452	15	-2.9165515899658203
453	0	-1.92375648021698
453	1	-2.596729278564453
453	2	-2.399249315261841
453	3	-1.6695274114608765
453	4	-2.209162712097168
453	5	-1.628176212310791
453	6	-1.1745824813842773
453	7	-2.476698398590088
453	8	-2.3814237117767334
453	9	-2.9165515899658203
453	10	-0.09327251464128494
453	11	-1.7920681238174438
453	12	-1.7616924047470093
453	13	-2.824319362640381
453	14	-1.6261639595031738
453	15	-1.5184316635131836
454	0	-2.596729278564453
454	1	-1.6695274114608765
454	2	-2.399249315261841
454	3	-1.92375648021698
454	4	-2.209162712097168
454	5	-2.3814237117767334
454	6	-1.7616924047470093
454	7	-2.9165515899658203
454	8	-2.824319362640381
454	9	-1.6261639595031738
454	10	-1.42263925075531
454	11	-1.1745824813842773
454	12	-1.7920681238174438
454	13	-1.628176212310791
454	14	-2.476698398590088
454	15	-1.5184316635131836
455	0	-0.8201700448989868
455	1	-2.78922176361084
455	2	-0.8918126821517944
455	3	-2.717984199523926
455	4	-2.729158639907837
455	5	-2.8102164268493652
456	0	-2.884382486343384
456	1	-2.824319362640381
456	2	-0.9895909428596497
456	3	-2.905377149581909
456	4	-0.9179484248161316
456	5	-2.8131449222564697
456	6	-1.024997591972351
456	7	-1.3519047498703003
457	0	-1.4232710599899292
457	1	-2.304088592529297
457	2	-2.5015687942504883
457	3	-2.8213911056518555
457	4	-1.4379770755767822
457	5	-0.9358992576599121
457	6	-1.6942898035049438
457	7	-0.7925635576248169
457	8	-1.92892587184906
457	9	-2.46580171585083
457	10	-1.4044376611709595
457	11	-0.9062424302101135
457	12	-2.905377149581909
457	13	-2.884382486343384
457	14	-2.8131449222564697
457	15	-0.9778849482536316
457	16	-2.824319362640381
458	0	-1.4995982646942139
458	1	-2.014998197555542
458	2	-1.4379770755767822
458	3	-1.7803621292114258
458	4	-0.8786358833312988
458	5	-1.0219718217849731
458	6	-1.5184316635131836
458	7	-2.5518741607666016
458	8	-2.596729278564453
458	9	-2.399249315261841
458	10	-2.9165515899658203
458	11	-2.884382486343384
458	12	-2.824319362640381
458	13	-0.9778849482536316
458	14	-2.8131449222564697
458	15	-2.905377149581909
458	16	-0.9062424302101135
459	0	-2.9165515899658203
459	1	-1.4995982646942139
459	2	-2.596729278564453
459	3	-1.4379770755767822
459	4	-2.014998197555542
459	5	-2.399249315261841
459	6	-1.7803621292114258
459	7	-0.8786358833312988
459	8	-1.5184316635131836
459	9	-2.5518741607666016
459	10	1.763028621673584
459	11	-2.884382486343384
459	12	-2.824319362640381
459	13	-2.8131449222564697
459	14	-0.9778849482536316
459	15	1.325680136680603
459	16	-0.9062424302101135
460	0	-0.7526293992996216
460	1	-2.5518741607666016
460	2	-1.0219718217849731
460	3	-0.8786358833312988
460	4	-2.399249315261841
460	5	-1.4379770755767822
460	6	-1.5184316635131836
460	7	-2.014998197555542
460	8	-1.7803621292114258
460	9	-1.4995982646942139
460	10	-2.9165515899658203
460	11	-2.596729278564453
460	12	-0.09327251464128494
460	13	-2.729158639907837
460	14	-1.6639139652252197
460	15	-1.036258339881897
460	16	-2.3906261920928955
460	17	-1.5283856391906738
460	18	-2.2836453914642334
460	19	-1.5303980112075806
460	20	-2.729158639907837
460	21	-2.111384391784668
460	22	-1.82597815990448
460	23	-1.5717490911483765
461	0	0.15819141268730164
461	1	-2.399249315261841
461	2	-2.596729278564453
461	3	-1.6578214168548584
461	4	-1.6144579648971558
461	5	-1.7803621292114258
461	6	-2.369717836380005
461	7	-1.379149079322815
461	8	-1.616470217704773
461	9	-2.9165515899658203
461	10	-2.824319362640381
461	11	-1.122330665588379
461	12	-1.7499864101409912
461	13	-2.476698398590088
461	14	-0.8918126821517944
461	15	-0.8201700448989868
461	16	-2.78922176361084
461	17	-2.717984199523926
461	18	-2.8102164268493652
461	19	-2.729158639907837
461	20	-2.1974568367004395
461	21	-1.0028259754180908
461	22	-1.4379770755767822
461	23	0.8396257162094116
462	0	2.414088249206543
462	1	-2.399249315261841
462	2	-1.4232710599899292
462	3	-1.4044376611709595
462	4	-0.9358992576599121
462	5	-2.596729278564453
462	6	-2.9165515899658203
462	7	-2.46580171585083
462	8	-1.4379770755767822
462	9	-1.7803621292114258
462	10	-0.7925635576248169
462	11	-1.92892587184906
463	0	-2.3906261920928955
463	1	-2.9165515899658203
463	2	-2.111384391784668
463	3	-2.8102164268493652
463	4	-2.596729278564453
463	5	-2.399249315261841
463	6	-2.8503458499908447
463	7	-1.5283856391906738
463	8	-1.6639139652252197
463	9	-2.8102164268493652
463	10	-2.2836453914642334
463	11	-2.729158639907837
463	12	-2.8102164268493652
463	13	-1.036258339881897
463	14	-1.7803621292114258
463	15	-2.8503458499908447
463	16	-2.729158639907837
463	17	-0.09327251464128494
463	18	-1.5303980112075806
463	19	-2.5518741607666016
463	20	-1.5717490911483765
463	21	-1.5184316635131836
463	22	1.763028621673584
463	23	-1.82597815990448
463	24	-2.729158639907837
463	25	-0.917638897895813
463	26	-1.1762480735778809
463	27	2.7484548091888428
463	28	-0.8786358833312988
463	29	-2.014998197555542
463	30	-1.4379770755767822
463	31	-1.4995982646942139
463	32	2.477243423461914
463	33	-0.8201700448989868
463	34	-0.8918126821517944
463	35	-2.78922176361084
463	36	-2.717984199523926
463	37	-2.8102164268493652
463	38	-1.025322675704956
464	0	-2.399249315261841
464	1	-1.6578214168548584
464	2	-2.596729278564453
464	3	0.15819141268730164
464	4	-2.1974568367004395
464	5	-2.476698398590088
464	6	-2.369717836380005
464	7	-1.6144579648971558
464	8	-2.9165515899658203
464	9	-1.7499864101409912
464	10	-1.379149079322815
464	11	-1.616470217704773
464	12	-1.122330665588379
464	13	-2.824319362640381
464	14	-1.7803621292114258
464	15	-0.9778849482536316
464	16	-2.8131449222564697
464	17	-0.9062424302101135
464	18	-2.884382486343384
464	19	-2.905377149581909
464	20	-2.824319362640381
464	21	-1.1113951206207275
464	22	-1.4379770755767822
464	23	1.6459299325942993
465	0	-1.7920681238174438
465	1	-2.9165515899658203
465	2	-1.7616924047470093
465	3	-1.6261639595031738
465	4	-2.8503458499908447
465	5	-2.8102164268493652
465	6	-2.476698398590088
465	7	-2.209162712097168
465	8	-2.729158639907837
465	9	-1.1745824813842773
465	10	-2.399249315261841
465	11	-2.8503458499908447
465	12	-2.8102164268493652
465	13	-2.3814237117767334
465	14	-2.596729278564453
465	15	-2.8102164268493652
465	16	-0.09327251464128494
465	17	-2.46580171585083
465	18	-1.6695274114608765
465	19	-2.824319362640381
465	20	-1.628176212310791
465	21	1.763028621673584
465	22	-2.824319362640381
465	23	-1.4232710599899292
465	24	0.15819141268730164
466	0	-1.7499864101409912
466	1	-2.476698398590088
466	2	-2.824319362640381
466	3	-2.905377149581909
466	4	-2.596729278564453
466	5	-2.9165515899658203
466	6	-2.399249315261841
466	7	-1.7803621292114258
466	8	-2.1974568367004395
466	9	-2.905377149581909
466	10	-1.122330665588379
466	11	-2.905377149581909
466	12	-2.369717836380005
466	13	-1.6144579648971558
466	14	-2.9455065727233887
466	15	-2.9455065727233887
466	16	-1.616470217704773
466	17	-2.824319362640381
466	18	-1.6578214168548584
466	19	-1.379149079322815
466	20	-1.9120506048202515
466	21	-2.824319362640381
466	22	-1.0219718217849731
466	23	-2.5518741607666016
466	24	-1.5184316635131836
466	25	-0.917638897895813
466	26	-2.78922176361084
467	0	-2.9165515899658203
467	1	-1.5184316635131836
467	2	-0.8201700448989868
467	3	-2.824319362640381
467	4	-2.884382486343384
467	5	-1.3519047498703003
467	6	-2.717984199523926
467	7	-1.7616924047470093
467	8	-2.399249315261841
467	9	-2.476698398590088
468	0	-1.92892587184906
468	1	-2.5015687942504883
468	2	-1.6942898035049438
468	3	-0.7925635576248169
468	4	-2.399249315261841
468	5	-1.4379770755767822
468	6	-2.46580171585083
468	7	1.763028621673584
468	8	-1.5184316635131836
468	9	-1.4044376611709595
468	10	-2.9165515899658203
468	11	-2.884382486343384
468	12	-2.8102164268493652
468	13	-2.8131449222564697
468	14	-2.824319362640381
468	15	-0.8918126821517944
468	16	-0.9062424302101135
468	17	-2.2836453914642334
468	18	-1.7499864101409912
468	19	-2.8102164268493652
468	20	-2.8503458499908447
468	21	-2.8102164268493652
468	22	-2.476698398590088
468	23	-2.8102164268493652
468	24	-1.5283856391906738
468	25	-2.111384391784668
468	26	-1.036258339881897
468	27	-2.729158639907837
468	28	-2.8503458499908447
468	29	-1.2930766344070435
468	30	-1.5303980112075806
468	31	-2.729158639907837
468	32	-1.5717490911483765
468	33	-1.82597815990448
468	34	-0.917638897895813
468	35	1.6459299325942993
468	36	2.812023878097534
468	37	2.5408124923706055
468	38	1.763028621673584
469	0	-2.596729278564453
469	1	-2.399249315261841
469	2	-1.92375648021698
469	3	-2.209162712097168
469	4	-1.6695274114608765
469	5	-1.7616924047470093
470	0	-1.6942898035049438
470	1	-2.8102164268493652
470	2	-2.399249315261841
470	3	-2.8503458499908447
470	4	0.15819141268730164
470	5	-2.2836453914642334
470	6	-2.1974568367004395
470	7	-1.7499864101409912
470	8	-2.3906261920928955
470	9	-1.036258339881897
470	10	-2.8503458499908447
470	11	-2.729158639907837
470	12	-2.9165515899658203
470	13	-2.596729278564453
470	14	-2.8102164268493652
470	15	-2.8102164268493652
470	16	-2.729158639907837
470	17	-2.729158639907837
470	18	-1.6578214168548584
470	19	-1.2930766344070435
470	20	-2.46580171585083
470	21	-1.5303980112075806
470	22	-1.9120506048202515
470	23	-1.4232710599899292
470	24	-0.9358992576599121
470	25	-0.8201700448989868
470	26	-2.717984199523926
470	27	-2.78922176361084
470	28	-2.8102164268493652
470	29	-0.8918126821517944
470	30	-1.025322675704956
470	31	-1.3519047498703003
470	32	-1.4044376611709595
471	0	-2.1974568367004395
471	1	-1.122330665588379
471	2	-2.369717836380005
471	3	-2.9455065727233887
471	4	-1.6144579648971558
471	5	-2.905377149581909
471	6	-2.596729278564453
471	7	-2.824319362640381
471	8	-1.7499864101409912
471	9	-2.905377149581909
471	10	-2.905377149581909
471	11	-2.9165515899658203
471	12	-2.476698398590088
471	13	-2.399249315261841
471	14	-1.7803621292114258
471	15	-2.9455065727233887
471	16	-1.6578214168548584
471	17	-2.824319362640381
471	18	-2.824319362640381
471	19	-1.616470217704773
471	20	-2.5518741607666016
471	21	-1.379149079322815
471	22	-1.9120506048202515
471	23	-1.0219718217849731
471	24	-1.5184316635131836
471	25	0.6241232752799988
471	26	-2.905377149581909
471	27	-1.4379770755767822
471	28	-2.8131449222564697
471	29	-2.884382486343384
471	30	-0.9062424302101135
471	31	1.350653886795044
472	0	-0.9895909428596497
472	1	-2.905377149581909
472	2	-1.4902288913726807
472	3	-0.9179484248161316
472	4	-2.824319362640381
472	5	-2.884382486343384
472	6	-2.8131449222564697
473	0	-1.5717490911483765
473	1	-2.304088592529297
473	2	-2.111384391784668
473	3	-1.82597815990448
473	4	-2.5015687942504883
473	5	-1.036258339881897
473	6	-1.5303980112075806
473	7	-2.729158639907837
473	8	-1.6639139652252197
473	9	-1.5283856391906738
473	10	-1.2930766344070435
473	11	-2.3906261920928955
473	12	-1.4232710599899292
473	13	-2.2836453914642334
473	14	-1.6942898035049438
473	15	-2.8213911056518555
473	16	-1.4044376611709595
473	17	-0.9358992576599121
473	18	-2.46580171585083
473	19	-1.92892587184906
473	20	-0.7925635576248169
473	21	-1.4379770755767822
473	22	-2.729158639907837
473	23	-2.884382486343384
473	24	-2.905377149581909
473	25	-0.9062424302101135
473	26	-2.824319362640381
473	27	-0.9778849482536316
473	28	-2.8131449222564697
473	29	-1.024997591972351
474	0	-1.7499864101409912
474	1	-2.8102164268493652
474	2	-1.6144579648971558
474	3	-2.8503458499908447
474	4	-1.7803621292114258
474	5	-2.1974568367004395
474	6	-2.9165515899658203
474	7	-2.399249315261841
474	8	-2.476698398590088
474	9	-2.9455065727233887
474	10	-1.122330665588379
474	11	-2.596729278564453
474	12	-2.824319362640381
474	13	-2.8102164268493652
474	14	-2.8102164268493652
474	15	-2.369717836380005
474	16	-1.6578214168548584
474	17	1.763028621673584
474	18	-2.5518741607666016
474	19	-1.379149079322815
474	20	-1.616470217704773
474	21	-2.824319362640381
474	22	0.15819141268730164
474	23	-1.5184316635131836
474	24	-2.824319362640381
474	25	-2.8131449222564697
474	26	-0.9062424302101135
474	27	-0.9778849482536316
474	28	-2.905377149581909
474	29	-2.884382486343384
475	0	-1.616470217704773
475	1	-1.7803621292114258
475	2	-1.122330665588379
475	3	-1.7499864101409912
475	4	-1.6144579648971558
475	5	-2.369717836380005
475	6	-2.824319362640381
475	7	-2.476698398590088
475	8	-1.379149079322815
475	9	-2.9165515899658203
475	10	-2.399249315261841
475	11	-1.3519047498703003
475	12	-1.5184316635131836
475	13	-0.7925635576248169
475	14	-2.5518741607666016
475	15	-1.0219718217849731
475	16	-2.596729278564453
475	17	-1.4044376611709595
475	18	-1.92892587184906
475	19	-2.824319362640381
476	0	-1.5184316635131836
476	1	-2.9165515899658203
476	2	-1.7499864101409912
476	3	-2.596729278564453
476	4	-1.122330665588379
476	5	-2.369717836380005
476	6	-2.8102164268493652
476	7	-2.8503458499908447
476	8	-1.7803621292114258
476	9	-2.111384391784668
476	10	-2.8503458499908447
476	11	-2.824319362640381
476	12	-1.6144579648971558
476	13	-2.8102164268493652
476	14	-2.8102164268493652
476	15	-2.476698398590088
476	16	-2.399249315261841
476	17	-1.616470217704773
476	18	-2.824319362640381
476	19	-1.379149079322815
476	20	-1.5717490911483765
476	21	0.15819141268730164
476	22	-2.729158639907837
476	23	-1.0219718217849731
476	24	-2.5518741607666016
476	25	-0.8918126821517944
476	26	-0.8201700448989868
476	27	-2.717984199523926
476	28	-2.8102164268493652
476	29	-2.78922176361084
476	30	-2.014998197555542
476	31	-1.4995982646942139
476	32	-0.8786358833312988
476	33	-1.4379770755767822
476	34	-1.024997591972351
477	0	-0.7925635576248169
477	1	-2.5015687942504883
477	2	-1.92892587184906
477	3	-1.5184316635131836
477	4	-1.4044376611709595
477	5	-1.3519047498703003
477	6	-2.304088592529297
477	7	-1.6942898035049438
477	8	-2.46580171585083
477	9	-0.9358992576599121
477	10	-2.9165515899658203
477	11	-0.8201700448989868
477	12	-2.729158639907837
477	13	-2.717984199523926
477	14	-2.8102164268493652
477	15	-2.78922176361084
477	16	-0.8918126821517944
477	17	-2.2836453914642334
477	18	-2.111384391784668
477	19	-1.036258339881897
477	20	-1.6639139652252197
477	21	-2.8102164268493652
477	22	-2.8503458499908447
477	23	-2.8102164268493652
477	24	-2.729158639907837
477	25	-1.5283856391906738
477	26	-2.8503458499908447
477	27	-2.8102164268493652
477	28	-2.3906261920928955
477	29	-1.5717490911483765
477	30	-1.82597815990448
477	31	-2.729158639907837
477	32	-1.5303980112075806
477	33	-1.2930766344070435
478	0	-2.476698398590088
478	1	-2.369717836380005
478	2	-1.616470217704773
478	3	-2.824319362640381
478	4	-2.824319362640381
478	5	-1.122330665588379
478	6	-1.7803621292114258
478	7	-1.7499864101409912
478	8	-1.0219718217849731
478	9	-1.4995982646942139
478	10	-1.5184316635131836
478	11	-2.399249315261841
478	12	-2.014998197555542
478	13	-2.9165515899658203
478	14	-2.5518741607666016
478	15	-2.596729278564453
478	16	-1.4379770755767822
478	17	-0.8786358833312988
479	0	-1.7499864101409912
479	1	-1.7803621292114258
479	2	-2.9165515899658203
479	3	-1.122330665588379
479	4	-2.824319362640381
479	5	-1.5283856391906738
479	6	-1.2930766344070435
479	7	-2.476698398590088
479	8	-1.616470217704773
479	9	-2.369717836380005
479	10	-2.824319362640381
479	11	-2.5518741607666016
479	12	-2.399249315261841
479	13	-0.8786358833312988
479	14	-1.4379770755767822
479	15	-1.0219718217849731
479	16	-2.596729278564453
479	17	-1.4995982646942139
479	18	-1.5184316635131836
479	19	-2.014998197555542
480	0	-2.476698398590088
480	1	-1.379149079322815
480	2	-1.122330665588379
480	3	-2.369717836380005
480	4	-1.6144579648971558
480	5	-2.824319362640381
480	6	-2.596729278564453
480	7	-1.5184316635131836
480	8	-1.616470217704773
480	9	-1.7499864101409912
480	10	-2.824319362640381
480	11	-1.7803621292114258
480	12	-2.9165515899658203
480	13	-1.0219718217849731
480	14	-2.399249315261841
480	15	-1.4995982646942139
480	16	-1.4379770755767822
480	17	-0.8786358833312988
480	18	-2.014998197555542
480	19	-2.5518741607666016
481	0	-2.824319362640381
481	1	-2.9165515899658203
481	2	-1.122330665588379
481	3	-2.476698398590088
481	4	-1.379149079322815
481	5	-2.369717836380005
481	6	-1.616470217704773
481	7	-1.7803621292114258
481	8	-1.6144579648971558
481	9	-1.7499864101409912
481	10	-2.824319362640381
481	11	-1.4995982646942139
481	12	1.763028621673584
481	13	-2.014998197555542
481	14	-2.5518741607666016
481	15	-1.5184316635131836
481	16	-2.596729278564453
481	17	-2.399249315261841
481	18	-0.8786358833312988
481	19	-1.4379770755767822
482	0	-2.9165515899658203
482	1	-2.824319362640381
482	2	-1.122330665588379
482	3	-2.476698398590088
482	4	-1.616470217704773
482	5	-2.369717836380005
482	6	-1.6144579648971558
482	7	-1.379149079322815
482	8	-1.7803621292114258
482	9	-1.7499864101409912
482	10	-1.5184316635131836
482	11	-0.8786358833312988
482	12	-2.596729278564453
482	13	-2.014998197555542
482	14	-1.4379770755767822
482	15	-1.4995982646942139
482	16	-2.399249315261841
482	17	-2.5518741607666016
482	18	-1.0219718217849731
482	19	-2.824319362640381
483	0	-1.122330665588379
483	1	-2.369717836380005
483	2	-1.616470217704773
483	3	-1.379149079322815
483	4	-2.476698398590088
483	5	-2.9165515899658203
483	6	-1.7803621292114258
483	7	-1.7499864101409912
483	8	-1.6144579648971558
483	9	-2.824319362640381
483	10	-1.5184316635131836
483	11	-2.824319362640381
483	12	-1.4379770755767822
483	13	-2.596729278564453
483	14	-2.014998197555542
483	15	-2.399249315261841
483	16	-2.5518741607666016
483	17	-1.4995982646942139
483	18	-0.8786358833312988
483	19	1.763028621673584
484	0	-2.8503458499908447
484	1	-2.399249315261841
484	2	-1.7616924047470093
484	3	-2.8503458499908447
484	4	-2.729158639907837
484	5	-2.8102164268493652
484	6	-1.5717490911483765
484	7	-2.8102164268493652
484	8	-2.8102164268493652
484	9	-0.8201700448989868
484	10	-0.8918126821517944
484	11	-1.628176212310791
484	12	-2.3814237117767334
484	13	-2.9165515899658203
484	14	-1.1745824813842773
484	15	-1.7920681238174438
484	16	-1.6261639595031738
484	17	-2.824319362640381
484	18	-1.42263925075531
484	19	-2.476698398590088
484	20	-2.596729278564453
484	21	-2.824319362640381
484	22	-2.111384391784668
485	0	-0.9778849482536316
485	1	-0.9062424302101135
485	2	-2.824319362640381
485	3	-1.7803621292114258
485	4	-2.476698398590088
485	5	-1.122330665588379
485	6	-2.369717836380005
485	7	-1.379149079322815
485	8	-2.9165515899658203
485	9	-1.616470217704773
485	10	-1.6144579648971558
485	11	-1.7499864101409912
485	12	-2.905377149581909
485	13	-2.905377149581909
485	14	-2.596729278564453
485	15	-2.824319362640381
485	16	-2.1974568367004395
485	17	-2.9455065727233887
485	18	-2.399249315261841
485	19	-2.905377149581909
485	20	-2.9455065727233887
485	21	-1.6578214168548584
485	22	-2.824319362640381
486	0	-2.78922176361084
486	1	-0.9179484248161316
486	2	-2.8102164268493652
486	3	-2.824319362640381
486	4	-2.717984199523926
486	5	-0.9895909428596497
487	0	-2.905377149581909
487	1	-2.824319362640381
487	2	-2.8131449222564697
487	3	-0.9895909428596497
487	4	-0.9179484248161316
487	5	-2.884382486343384
488	0	-2.824319362640381
488	1	-0.9179484248161316
488	2	-2.8131449222564697
488	3	-2.905377149581909
488	4	-0.9895909428596497
488	5	-2.884382486343384
488	6	1.350653886795044
488	7	-1.3519047498703003
489	0	-1.4379770755767822
489	1	-1.4232710599899292
489	2	-0.7925635576248169
489	3	-2.304088592529297
489	4	-1.7803621292114258
489	5	-2.8213911056518555
489	6	-1.4044376611709595
489	7	-2.5015687942504883
489	8	-2.46580171585083
489	9	-1.92892587184906
489	10	1.763028621673584
489	11	-2.884382486343384
489	12	-0.9062424302101135
489	13	-2.905377149581909
489	14	-2.8131449222564697
489	15	-2.824319362640381
489	16	-0.9778849482536316
489	17	-1.6639139652252197
489	18	0.15819141268730164
489	19	-1.2930766344070435
489	20	-2.729158639907837
489	21	-2.2836453914642334
489	22	-1.5303980112075806
489	23	-1.036258339881897
489	24	-2.3906261920928955
489	25	-2.729158639907837
490	0	-2.824319362640381
490	1	-2.476698398590088
490	2	-2.563580274581909
490	3	-1.0742236375808716
490	4	1.048742413520813
490	5	-1.1745824813842773
490	6	-1.7920681238174438
491	0	-1.92892587184906
491	1	-1.4232710599899292
491	2	1.763028621673584
491	3	-2.304088592529297
491	4	-2.5015687942504883
491	5	-1.4044376611709595
491	6	-2.5518741607666016
491	7	-2.8213911056518555
491	8	-1.3519047498703003
491	9	-0.7925635576248169
491	10	-1.7803621292114258
491	11	-2.729158639907837
491	12	-0.8918126821517944
491	13	-0.8201700448989868
491	14	-2.717984199523926
491	15	-2.8102164268493652
491	16	-2.78922176361084
491	17	-2.824319362640381
491	18	-1.122330665588379
491	19	-2.8503458499908447
491	20	-2.8503458499908447
491	21	-2.111384391784668
491	22	-2.2836453914642334
491	23	-1.6639139652252197
491	24	-2.476698398590088
491	25	-2.8102164268493652
491	26	-2.8102164268493652
491	27	-2.8102164268493652
491	28	-1.5283856391906738
491	29	1.048742413520813
491	30	-1.5303980112075806
491	31	-2.729158639907837
491	32	-1.2930766344070435
491	33	-1.5717490911483765
491	34	-0.2541831135749817
491	35	-1.024997591972351
491	36	1.2654669284820557
491	37	1.2335551977157593
491	38	-1.1125706434249878
492	0	-2.399249315261841
492	1	-2.596729278564453
492	2	-2.9165515899658203
492	3	-1.7803621292114258
492	4	-0.8786358833312988
492	5	0.471305251121521
492	6	-2.5518741607666016
492	7	-1.4995982646942139
492	8	-2.014998197555542
492	9	1.763028621673584
492	10	-1.4379770755767822
492	11	-0.9062424302101135
492	12	-0.9778849482536316
492	13	-2.884382486343384
492	14	-2.824319362640381
492	15	-2.8131449222564697
492	16	1.325680136680603
492	17	-2.476698398590088
492	18	-2.824319362640381
492	19	-2.905377149581909
492	20	-2.9455065727233887
492	21	-1.7499864101409912
492	22	-2.905377149581909
492	23	0.15819141268730164
492	24	-2.905377149581909
492	25	-1.122330665588379
492	26	-2.1974568367004395
492	27	-2.369717836380005
492	28	-2.9455065727233887
492	29	-2.824319362640381
492	30	-1.4527720212936401
492	31	-1.616470217704773
492	32	-1.379149079322815
492	33	-1.6578214168548584
492	34	-1.9120506048202515
492	35	1.763028621673584
492	36	1.6778416633605957
492	37	1.6459299325942993
492	38	-1.269975185394287
493	0	-2.5518741607666016
493	1	-1.7803621292114258
493	2	-1.5184316635131836
493	3	-2.9165515899658203
493	4	-1.4995982646942139
493	5	-1.0219718217849731
493	6	-2.014998197555542
493	7	-2.596729278564453
493	8	-1.4379770755767822
493	9	-0.8786358833312988
493	10	-2.399249315261841
493	11	-2.884382486343384
493	12	-0.9778849482536316
493	13	-2.824319362640381
493	14	-2.8131449222564697
493	15	-2.905377149581909
493	16	-0.9062424302101135
493	17	-2.905377149581909
493	18	-2.9455065727233887
493	19	-1.6578214168548584
493	20	-2.9455065727233887
493	21	-1.7499864101409912
493	22	-2.369717836380005
493	23	-2.905377149581909
493	24	-2.476698398590088
493	25	-1.122330665588379
493	26	-2.1974568367004395
493	27	-2.824319362640381
493	28	-2.905377149581909
493	29	-1.6144579648971558
493	30	0.15819141268730164
493	31	-2.824319362640381
493	32	2.7484548091888428
493	33	-1.2623203992843628
493	34	-1.616470217704773
493	35	-1.379149079322815
493	36	-1.4527720212936401
493	37	-0.917638897895813
493	38	2.477243423461914
494	0	-2.824319362640381
494	1	-1.049001693725586
494	2	-1.5050238370895386
494	3	-1.1745824813842773
494	4	-1.42263925075531
494	5	-2.476698398590088
494	6	-2.563580274581909
494	7	1.763028621673584
494	8	-1.511304259300232
494	9	-1.7920681238174438
494	10	-2.058488368988037
495	0	-1.7803621292114258
495	1	-2.399249315261841
495	2	-2.9165515899658203
495	3	-1.0219718217849731
495	4	-0.8786358833312988
495	5	-1.4995982646942139
495	6	-2.014998197555542
495	7	-2.596729278564453
495	8	-2.5518741607666016
495	9	-1.4379770755767822
495	10	-1.5184316635131836
495	11	-2.905377149581909
495	12	-2.884382486343384
495	13	-0.9778849482536316
495	14	-2.8131449222564697
495	15	-0.9062424302101135
495	16	-2.824319362640381
496	0	-1.036258339881897
496	1	-1.5283856391906738
496	2	-2.729158639907837
496	3	-2.2836453914642334
496	4	-2.596729278564453
496	5	-1.5303980112075806
496	6	-2.3906261920928955
496	7	-1.5184316635131836
496	8	-1.6639139652252197
496	9	-1.3666996955871582
496	10	-0.09327251464128494
496	11	-1.7803621292114258
496	12	-2.014998197555542
496	13	-2.5518741607666016
496	14	-1.0219718217849731
496	15	-1.4995982646942139
496	16	-2.9165515899658203
496	17	-0.8786358833312988
496	18	-1.4379770755767822
496	19	-2.399249315261841
496	20	-2.729158639907837
497	0	-2.5518741607666016
497	1	1.763028621673584
497	2	-1.7803621292114258
497	3	-2.014998197555542
497	4	-1.4379770755767822
497	5	-0.8786358833312988
497	6	-1.4995982646942139
497	7	-2.596729278564453
497	8	-2.399249315261841
497	9	-2.9165515899658203
497	10	-1.5184316635131836
497	11	-0.8918126821517944
497	12	-0.8201700448989868
497	13	-2.8102164268493652
497	14	-2.717984199523926
497	15	-2.78922176361084
497	16	-2.729158639907837
497	17	-2.111384391784668
498	0	-1.5283856391906738
498	1	-2.3906261920928955
498	2	-2.9165515899658203
498	3	-1.036258339881897
498	4	-2.729158639907837
498	5	-1.5303980112075806
498	6	-1.7803621292114258
498	7	-1.4527720212936401
498	8	-1.2930766344070435
498	9	-1.6639139652252197
498	10	-2.2836453914642334
498	11	-2.596729278564453
498	12	-1.4995982646942139
498	13	-2.399249315261841
498	14	-2.5518741607666016
498	15	-1.4379770755767822
498	16	-2.014998197555542
498	17	-0.8786358833312988
498	18	-1.5184316635131836
498	19	-1.0219718217849731
498	20	-2.729158639907837
498	21	-0.9778849482536316
498	22	-2.905377149581909
498	23	-0.9062424302101135
498	24	-2.824319362640381
498	25	-2.8131449222564697
498	26	-2.884382486343384
499	0	-0.8161984086036682
499	1	-1.4995982646942139
499	2	-2.9165515899658203
499	3	-2.596729278564453
499	4	-2.399249315261841
499	5	-1.4379770755767822
499	6	-2.5518741607666016
499	7	-1.7803621292114258
499	8	-2.014998197555542
499	9	-1.5184316635131836
499	10	-0.8786358833312988
499	11	1.763028621673584
499	12	-1.6144579648971558
499	13	-1.379149079322815
499	14	-1.7499864101409912
499	15	-2.824319362640381
499	16	-2.369717836380005
499	17	-1.616470217704773
499	18	-1.122330665588379
499	19	-2.476698398590088
499	20	1.048742413520813
499	21	-2.824319362640381
499	22	-1.1762480735778809
499	23	2.812023878097534
499	24	-0.9062424302101135
499	25	-2.8102164268493652
499	26	-2.8503458499908447
499	27	-1.5717490911483765
499	28	-2.824319362640381
499	29	-2.8503458499908447
499	30	-2.905377149581909
499	31	-2.884382486343384
499	32	-0.9778849482536316
499	33	-2.8131449222564697
499	34	-0.9401355981826782
499	35	2.5408124923706055
500	0	-2.596729278564453
500	1	-2.9455065727233887
500	2	-2.111384391784668
500	3	-2.8102164268493652
500	4	-2.399249315261841
500	5	-2.824319362640381
500	6	-2.905377149581909
500	7	-1.122330665588379
500	8	-2.9455065727233887
500	9	-2.476698398590088
500	10	-1.7803621292114258
500	11	-2.9165515899658203
500	12	-2.8102164268493652
500	13	-1.7499864101409912
500	14	-2.369717836380005
500	15	-1.6144579648971558
500	16	-1.6578214168548584
500	17	-2.824319362640381
500	18	-2.824319362640381
500	19	-2.5518741607666016
500	20	-1.0219718217849731
500	21	-1.4527720212936401
500	22	-1.616470217704773
500	23	-1.379149079322815
500	24	-1.82597815990448
500	25	-1.5184316635131836
500	26	-0.9062424302101135
500	27	-0.9778849482536316
500	28	-2.905377149581909
500	29	-2.8131449222564697
500	30	-2.884382486343384
500	31	1.350653886795044
500	32	-1.4379770755767822
501	0	-1.7803621292114258
501	1	-1.5184316635131836
501	2	-2.399249315261841
501	3	-1.4044376611709595
501	4	-2.596729278564453
501	5	-2.9165515899658203
501	6	-1.4379770755767822
501	7	-1.0219718217849731
501	8	-0.7925635576248169
501	9	-2.5518741607666016
501	10	-1.92892587184906
501	11	-2.905377149581909
501	12	-0.9778849482536316
501	13	-2.884382486343384
501	14	-2.8131449222564697
501	15	-0.9062424302101135
501	16	-2.824319362640381
501	17	2.414088249206543
502	0	-2.596729278564453
502	1	-2.111384391784668
502	2	-2.8503458499908447
502	3	-2.8102164268493652
502	4	-2.8503458499908447
502	5	-2.824319362640381
502	6	-1.6639139652252197
502	7	-2.399249315261841
502	8	-1.5717490911483765
502	9	-2.8102164268493652
502	10	-2.8102164268493652
502	11	-2.2836453914642334
502	12	-2.3906261920928955
502	13	-1.036258339881897
502	14	-1.7803621292114258
502	15	-2.9165515899658203
502	16	-2.729158639907837
502	17	-1.5283856391906738
502	18	-2.5518741607666016
502	19	-2.014998197555542
502	20	1.763028621673584
502	21	-0.8786358833312988
502	22	-1.4995982646942139
502	23	-1.5184316635131836
502	24	-1.4379770755767822
502	25	-0.9778849482536316
502	26	-2.884382486343384
502	27	-2.905377149581909
502	28	-2.8131449222564697
502	29	-0.9062424302101135
502	30	-1.82597815990448
502	31	-1.2930766344070435
502	32	-1.3666996955871582
502	33	-1.5303980112075806
502	34	-2.729158639907837
502	35	-1.049001693725586
503	0	-2.9165515899658203
503	1	-2.905377149581909
503	2	-2.905377149581909
503	3	-2.946335792541504
503	4	-1.92375648021698
503	5	0.005373431835323572
503	6	-2.399249315261841
503	7	-2.3814237117767334
503	8	-2.824319362640381
503	9	-2.8131449222564697
503	10	-0.9895909428596497
503	11	-2.884382486343384
503	12	-0.9179484248161316
503	13	-2.905377149581909
503	14	-2.824319362640381
503	15	1.6459299325942993
503	16	-2.476698398590088
503	17	-2.824319362640381
504	0	-2.9165515899658203
504	1	-2.905377149581909
504	2	-2.905377149581909
504	3	-2.9455065727233887
504	4	0.15819141268730164
504	5	-1.7499864101409912
504	6	-2.399249315261841
504	7	-2.369717836380005
504	8	-2.824319362640381
504	9	-2.8131449222564697
504	10	-0.9778849482536316
504	11	-2.884382486343384
504	12	-0.9062424302101135
504	13	-2.905377149581909
504	14	-2.824319362640381
504	15	1.6459299325942993
504	16	-2.476698398590088
504	17	-2.824319362640381
505	0	-1.4232710599899292
505	1	-1.6942898035049438
505	2	-1.4044376611709595
505	3	-1.92892587184906
505	4	-2.399249315261841
505	5	1.763028621673584
505	6	-1.3519047498703003
505	7	-2.9165515899658203
505	8	-2.5015687942504883
505	9	-2.46580171585083
505	10	-0.7925635576248169
505	11	-2.905377149581909
505	12	-2.884382486343384
505	13	-0.9778849482536316
505	14	-0.9062424302101135
505	15	-2.824319362640381
505	16	-2.8131449222564697
505	17	1.048742413520813
505	18	-1.7499864101409912
505	19	-2.476698398590088
505	20	-2.3638224601745605
505	21	-2.824319362640381
505	22	-1.5303980112075806
505	23	-2.824319362640381
505	24	-1.036258339881897
505	25	-1.024997591972351
506	0	-2.9165515899658203
506	1	-1.4379770755767822
506	2	-1.0219718217849731
506	3	-1.7803621292114258
506	4	-0.8786358833312988
506	5	-2.5518741607666016
506	6	-2.014998197555542
506	7	-2.596729278564453
506	8	-1.5184316635131836
506	9	-1.4995982646942139
506	10	-2.399249315261841
506	11	-0.9778849482536316
506	12	-2.905377149581909
506	13	-2.824319362640381
506	14	-0.9062424302101135
506	15	-2.8131449222564697
506	16	-2.884382486343384
506	17	-2.824319362640381
506	18	-1.7499864101409912
506	19	1.048742413520813
506	20	-2.476698398590088
506	21	-1.616470217704773
506	22	-2.824319362640381
506	23	-2.3526480197906494
506	24	-1.122330665588379
507	0	-1.616470217704773
507	1	-1.5184316635131836
507	2	-1.5283856391906738
507	3	-2.3526480197906494
507	4	-2.476698398590088
507	5	-2.824319362640381
507	6	-1.2930766344070435
507	7	-2.596729278564453
507	8	1.048742413520813
507	9	-1.7499864101409912
507	10	-1.122330665588379
507	11	-2.824319362640381
507	12	-1.7803621292114258
507	13	-2.9165515899658203
507	14	-2.5518741607666016
507	15	-2.014998197555542
507	16	-1.4995982646942139
507	17	1.763028621673584
507	18	-2.399249315261841
507	19	-1.4379770755767822
507	20	-0.8786358833312988
507	21	2.812023878097534
507	22	-1.1762480735778809
507	23	-0.9062424302101135
507	24	-0.9778849482536316
507	25	-2.8131449222564697
507	26	-2.905377149581909
507	27	-2.824319362640381
507	28	-2.884382486343384
507	29	-0.5761184692382812
507	30	-2.8503458499908447
507	31	-2.8102164268493652
507	32	-2.8503458499908447
507	33	-1.5717490911483765
507	34	1.350653886795044
507	35	-1.049001693725586
508	0	2.5408124923706055
508	1	-2.824319362640381
508	2	-0.9895909428596497
508	3	-0.9179484248161316
508	4	-2.884382486343384
508	5	-2.8131449222564697
508	6	-2.905377149581909
508	7	-1.7920681238174438
508	8	1.763028621673584
508	9	-1.511304259300232
508	10	-2.058488368988037
508	11	-2.563580274581909
509	0	-1.5717490911483765
509	1	-2.304088592529297
509	2	-2.5015687942504883
509	3	-1.82597815990448
509	4	-2.111384391784668
509	5	-1.5283856391906738
509	6	-1.7803621292114258
509	7	-2.8213911056518555
509	8	-1.3666996955871582
509	9	-2.729158639907837
509	10	-1.2930766344070435
509	11	-1.5303980112075806
509	12	-2.266575574874878
509	13	-2.3906261920928955
509	14	-1.036258339881897
509	15	-1.6639139652252197
509	16	-0.9778849482536316
509	17	-2.905377149581909
509	18	-2.8131449222564697
509	19	-0.9062424302101135
509	20	-2.824319362640381
509	21	-2.884382486343384
