342	0	0.0
342	1	0.0
342	2	0.0
342	3	0.0
342	4	0.0
342	5	0.0
342	6	0.08703277507202072
342	7	0.0
342	8	0.08703277507202072
342	9	0.0
342	10	0.0
342	11	0.23680910023567206
342	12	0.0
342	13	0.0
342	14	0.0
342	15	0.0
342	16	0.0
342	17	0.09430706871382952
342	18	0.0
342	19	0.0
342	20	0.0
342	21	0.0
342	22	0.23680910023567206
342	23	0.0
342	24	0.0
342	25	0.0
343	0	0.0
343	1	0.0
343	2	0.0
343	3	0.0
343	4	0.08703277507202072
343	5	0.0
343	6	0.0
343	7	0.0
343	8	0.0
343	9	0.0
343	10	0.08703277507202072
343	11	0.0
343	12	0.0
343	13	0.23680910023567206
343	14	0.0
343	15	0.23680910023567206
343	16	0.0
343	17	0.0
344	0	0.0
344	1	0.0
344	2	0.23680910023567206
344	3	0.0
344	4	0.0
344	5	0.0
344	6	0.0
344	7	0.0
344	8	0.0
344	9	0.0
344	10	0.0
344	11	0.0
344	12	0.08703277507202072
344	13	0.0
344	14	0.0
344	15	0.23680910023567206
344	16	0.0
344	17	0.0
344	18	0.08703277507202072
344	19	0.0
344	20	0.0
344	21	0.0
344	22	0.09430706871382952
344	23	0.0
344	24	0.0
344	25	0.0
345	0	0.0
345	1	0.23680910023567206
345	2	0.0
345	3	0.0
345	4	0.0
345	5	0.0
345	6	0.0
345	7	0.08703277507202072
345	8	0.0
345	9	0.0
345	10	0.0
345	11	0.0
345	12	0.0
345	13	0.0
345	14	0.23680910023567206
345	15	0.0
345	16	0.0
345	17	0.0
345	18	0.08703277507202072
345	19	0.0
345	20	0.0
345	21	0.0
345	22	0.09430706871382952
345	23	0.0
345	24	0.0
345	25	0.0
346	0	0.08703277507202072
346	1	0.0
346	2	0.0
346	3	0.0
346	4	0.0
346	5	0.09430706871382952
347	0	0.0
347	1	0.0
347	2	0.0
347	3	0.0
347	4	0.0
347	5	0.23680910023567206
347	6	0.0
347	7	0.08703277507202072
347	8	0.0
347	9	0.0
347	10	0.0
347	11	0.0
347	12	0.0
348	0	0.0
348	1	0.0
348	2	0.0
348	3	0.0
348	4	0.0
348	5	0.0
348	6	0.08703277507202072
348	7	0.23680910023567206
348	8	0.0
348	9	0.0
348	10	0.0
348	11	0.0
348	12	0.0
349	0	0.0
349	1	0.0
349	2	0.0
349	3	0.08703277507202072
349	4	0.0
349	5	0.0
349	6	0.0
349	7	0.0
349	8	0.0
349	9	0.0
349	10	0.0
349	11	0.0
349	12	0.23680910023567206
349	13	0.0
349	14	0.08703277507202072
349	15	0.0
350	0	0.0
350	1	0.08703277507202072
350	2	0.0
350	3	0.0
350	4	0.0
350	5	0.0
350	6	0.0
350	7	0.0
350	8	0.0
350	9	0.08703277507202072
350	10	0.23680910023567206
350	11	0.0
350	12	0.0
350	13	0.0
350	14	0.0
350	15	0.0
351	0	0.0
351	1	0.08703277507202072
351	2	0.0
351	3	0.0
351	4	0.0
351	5	0.0
351	6	0.0
351	7	0.23680910023567206
351	8	0.0
351	9	0.0
351	10	0.08703277507202072
351	11	0.0
351	12	0.0
351	13	0.0
351	14	0.0
351	15	0.0
352	0	0.0
352	1	0.0
352	2	0.0
352	3	0.0
352	4	0.0
352	5	0.0
352	6	0.0
352	7	0.0
352	8	0.0
352	9	0.0
352	10	0.08703277507202072
352	11	0.23680910023567206
352	12	0.0
352	13	0.0
353	0	0.0
353	1	0.0
353	2	0.23680910023567206
353	3	0.0
353	4	0.0
353	5	0.0
353	6	0.0
353	7	0.0
353	8	0.0
353	9	0.0
353	10	0.0
353	11	0.08703277507202072
353	12	0.0
353	13	0.0
354	0	0.0
354	1	0.0
354	2	0.0
354	3	0.0
354	4	0.0
354	5	0.0
354	6	0.0
354	7	0.0
354	8	0.08703277507202072
354	9	0.0
354	10	0.0
354	11	0.0
354	12	0.0
354	13	0.0
354	14	0.23680910023567206
354	15	0.0
354	16	0.0
354	17	0.0
354	18	0.23680910023567206
354	19	0.08703277507202072
354	20	0.0
354	21	0.0
354	22	0.0
355	0	0.0
355	1	0.0
355	2	0.0
355	3	0.0
355	4	0.0
355	5	0.0
355	6	0.08703277507202072
355	7	0.0
355	8	0.0
355	9	0.0
355	10	0.0
355	11	0.0
355	12	0.0
355	13	0.0
355	14	0.23680910023567206
355	15	0.23680910023567206
355	16	0.0
355	17	0.08703277507202072
355	18	0.0
355	19	0.0
355	20	0.0
355	21	0.0
355	22	0.0
356	0	0.0
356	1	0.0
356	2	0.0
356	3	0.0
356	4	0.0
356	5	0.0
356	6	0.0
356	7	0.0
356	8	0.0
356	9	0.08703277507202072
356	10	0.23680910023567206
356	11	0.0
356	12	0.0
356	13	0.0
357	0	0.0
357	1	0.0
357	2	0.0
357	3	0.0
357	4	0.0
357	5	0.0
357	6	0.0
357	7	0.08703277507202072
357	8	0.0
358	0	0.0
358	1	0.0
358	2	0.0
358	3	0.08703277507202072
358	4	0.0
358	5	0.0
358	6	0.0
358	7	0.0
358	8	0.0
359	0	0.0
359	1	0.0
359	2	0.0
359	3	0.0
359	4	0.0
359	5	0.0
359	6	0.0
359	7	0.0
359	8	0.08703277507202072
360	0	0.23680910023567206
360	1	0.0
360	2	0.0
360	3	0.0
360	4	0.0
360	5	0.0
360	6	0.09430706871382952
360	7	0.0
360	8	0.0
360	9	0.0
360	10	0.08703277507202072
360	11	0.0
360	12	0.0
360	13	0.23680910023567206
360	14	0.0
360	15	0.0
361	0	0.0
361	1	0.0
361	2	0.23680910023567206
361	3	0.0
361	4	0.0
361	5	0.08703277507202072
361	6	0.0
361	7	0.0
361	8	0.0
361	9	0.0
361	10	0.0
361	11	0.0
361	12	0.09430706871382952
361	13	0.0
361	14	0.23680910023567206
361	15	0.0
362	0	0.23680910023567206
362	1	0.0
362	2	0.09430706871382952
362	3	0.0
362	4	0.0
362	5	0.0
362	6	0.0
362	7	0.0
362	8	0.0
362	9	0.0
362	10	0.0
362	11	0.23680910023567206
362	12	0.08703277507202072
362	13	0.0
362	14	0.0
362	15	0.0
362	16	0.0
362	17	0.0
362	18	0.0
362	19	0.0
362	20	0.0
362	21	0.08703277507202072
362	22	0.0
363	0	0.0
363	1	0.0
363	2	0.0
363	3	0.0
363	4	0.23680910023567206
363	5	0.0
363	6	0.08703277507202072
363	7	0.0
363	8	0.0
363	9	0.0
363	10	0.23680910023567206
363	11	0.0
363	12	0.0
363	13	0.0
363	14	0.08703277507202072
363	15	0.0
363	16	0.0
363	17	0.0
364	0	0.0
364	1	0.0
364	2	0.0
364	3	0.0
364	4	0.23680910023567206
364	5	0.0
364	6	0.08703277507202072
364	7	0.23680910023567206
364	8	0.0
364	9	0.0
364	10	0.0
364	11	0.0
365	0	0.0
365	1	0.0
365	2	0.0
365	3	0.0
365	4	0.0
365	5	0.0
365	6	0.08703277507202072
365	7	0.0
365	8	0.0
365	9	0.23680910023567206
365	10	0.23680910023567206
365	11	0.0
365	12	0.0
365	13	0.0
365	14	0.0
365	15	0.0
365	16	0.0
365	17	0.08703277507202072
366	0	0.0
366	1	0.0
366	2	0.0
366	3	0.08703277507202072
366	4	0.0
366	5	0.0
366	6	0.23680910023567206
366	7	0.0
366	8	0.23680910023567206
366	9	0.0
366	10	0.0
366	11	0.0
367	0	0.0
367	1	0.23680910023567206
367	2	0.0
367	3	0.0
367	4	0.08703277507202072
367	5	0.0
367	6	0.23680910023567206
367	7	0.0
367	8	0.09430706871382952
367	9	0.0
367	10	0.0
367	11	0.0
367	12	0.0
367	13	0.0
367	14	0.0
367	15	0.0
368	0	0.0
368	1	0.0
368	2	0.0
368	3	0.0
368	4	0.0
368	5	0.08703277507202072
368	6	0.0
368	7	0.0
368	8	0.0
368	9	0.0
368	10	0.23680910023567206
368	11	0.08703277507202072
368	12	0.23680910023567206
368	13	0.0
368	14	0.0
368	15	0.0
368	16	0.0
368	17	0.0
369	0	0.0
369	1	0.0
369	2	0.0
369	3	0.0
369	4	0.0
369	5	0.0
369	6	0.0
369	7	0.0
369	8	0.08703277507202072
369	9	0.0
369	10	0.23680910023567206
369	11	0.23680910023567206
369	12	0.0
369	13	0.0
369	14	0.08703277507202072
369	15	0.0
369	16	0.0
369	17	0.0
370	0	0.0
370	1	0.0
370	2	0.0
370	3	0.0
370	4	0.23680910023567206
370	5	0.0
370	6	0.0
370	7	0.0
370	8	0.0
370	9	0.0
370	10	0.0
371	0	0.0
371	1	0.0
371	2	0.0
371	3	0.0
371	4	0.0
371	5	0.08703277507202072
371	6	0.0
371	7	0.0
371	8	0.23680910023567206
371	9	0.0
371	10	0.0
371	11	0.23680910023567206
371	12	0.0
371	13	0.0
371	14	0.0
371	15	0.08703277507202072
371	16	0.0
371	17	0.0
371	18	0.0
372	0	0.0
372	1	0.0
372	2	0.0
372	3	0.08703277507202072
372	4	0.0
372	5	0.0
372	6	0.0
372	7	0.0
372	8	0.0
372	9	0.0
372	10	0.0
372	11	0.23680910023567206
372	12	0.08703277507202072
372	13	0.0
372	14	0.0
372	15	0.0
372	16	0.0
372	17	0.0
372	18	0.23680910023567206
373	0	0.08703277507202072
373	1	0.0
373	2	0.0
373	3	0.0
373	4	0.0
373	5	0.0
373	6	0.0
373	7	0.0
373	8	0.0
373	9	0.23680910023567206
373	10	0.0
373	11	0.0
373	12	0.0
373	13	0.0
373	14	0.0
373	15	0.0
373	16	0.0
373	17	0.0
373	18	0.23680910023567206
373	19	0.0
373	20	0.0
373	21	0.0
373	22	0.0
373	23	0.08703277507202072
374	0	0.0
374	1	0.0
374	2	0.0
374	3	0.08703277507202072
374	4	0.0
374	5	0.0
375	0	0.23680910023567206
375	1	0.0
375	2	0.0
375	3	0.0
375	4	0.0
375	5	0.0
375	6	0.0
375	7	0.0
375	8	0.09430706871382952
375	9	0.0
375	10	0.0
375	11	0.0
375	12	0.23680910023567206
375	13	0.08703277507202072
375	14	0.0
375	15	0.0
375	16	0.0
375	17	0.0
375	18	0.0
375	19	0.0
375	20	0.08703277507202072
375	21	0.0
376	0	0.0
376	1	0.0
376	2	0.09430706871382952
376	3	0.0
376	4	0.0
376	5	0.0
376	6	0.0
376	7	0.0
376	8	0.23680910023567206
377	0	0.0
377	1	0.0
377	2	0.0
377	3	0.0
377	4	0.0
377	5	0.0
377	6	0.08703277507202072
377	7	0.0
377	8	0.0
377	9	0.0
377	10	0.0
377	11	0.0
377	12	0.0
377	13	0.23680910023567206
377	14	0.0
377	15	0.0
377	16	0.23680910023567206
377	17	0.0
377	18	0.0
377	19	0.0
377	20	0.0
377	21	0.08703277507202072
377	22	0.0
377	23	0.0
377	24	0.0
377	25	0.0
377	26	0.0
377	27	0.0
377	28	0.0
377	29	0.0
377	30	0.0
377	31	0.0
377	32	0.0
377	33	0.0
377	34	0.0
378	0	0.0
378	1	0.09430706871382952
378	2	0.08703277507202072
378	3	0.0
378	4	0.0
378	5	0.08703277507202072
378	6	0.0
378	7	0.0
378	8	0.0
379	0	0.0
379	1	0.0
379	2	0.0
379	3	0.0
379	4	0.0
379	5	0.0
379	6	0.0
379	7	0.0
379	8	0.23680910023567206
379	9	0.08703277507202072
379	10	0.0
379	11	0.0
379	12	0.0
379	13	0.0
379	14	0.0
379	15	0.0
379	16	0.08703277507202072
379	17	0.0
379	18	0.08703277507202072
379	19	0.0
379	20	0.09430706871382952
379	21	0.23680910023567206
379	22	0.0
379	23	0.0
379	24	0.0
379	25	0.0
379	26	0.0
380	0	0.08703277507202072
380	1	0.0
380	2	0.0
380	3	0.0
380	4	0.0
380	5	0.0
381	0	0.0
381	1	0.0
381	2	0.0
381	3	0.0
381	4	0.08703277507202072
381	5	0.08703277507202072
382	0	0.0
382	1	0.0
382	2	0.23680910023567206
382	3	0.0
382	4	0.0
382	5	0.0
382	6	0.0
382	7	0.08703277507202072
382	8	0.08703277507202072
382	9	0.0
382	10	0.0
382	11	0.0
382	12	0.09430706871382952
383	0	0.0
383	1	0.0
383	2	0.0
383	3	0.0
383	4	0.0
383	5	0.0
383	6	0.0
383	7	0.0
383	8	0.0
383	9	0.0
383	10	0.08703277507202072
383	11	0.0
383	12	0.0
383	13	0.08703277507202072
383	14	0.23680910023567206
383	15	0.0
383	16	0.0
383	17	0.23680910023567206
383	18	0.0
383	19	0.0
383	20	0.0
383	21	0.0
383	22	0.0
383	23	0.08703277507202072
383	24	0.0
383	25	0.09430706871382952
383	26	0.0
383	27	0.0
383	28	0.0
383	29	0.0
383	30	0.0
383	31	0.0
383	32	0.0
383	33	0.0
383	34	0.0
383	35	0.0
384	0	0.0
384	1	0.0
384	2	0.0
384	3	0.0
384	4	0.0
384	5	0.23680910023567206
384	6	0.0
384	7	0.0
384	8	0.0
384	9	0.08703277507202072
384	10	0.08703277507202072
384	11	0.0
384	12	0.0
384	13	0.0
384	14	0.0
384	15	0.23680910023567206
384	16	0.0
384	17	0.0
384	18	0.0
384	19	0.0
384	20	0.0
384	21	0.0
384	22	0.0
384	23	0.08703277507202072
384	24	0.0
384	25	0.0
384	26	0.09430706871382952
384	27	0.0
384	28	0.0
384	29	0.0
384	30	0.0
384	31	0.0
384	32	0.0
384	33	0.0
384	34	0.0
384	35	0.0
385	0	0.23680910023567206
385	1	0.0
385	2	0.0
385	3	0.0
385	4	0.0
385	5	0.08703277507202072
385	6	0.0
385	7	0.0
385	8	0.08703277507202072
385	9	0.0
385	10	0.0
385	11	0.0
385	12	0.0
385	13	0.0
385	14	0.0
385	15	0.23680910023567206
385	16	0.0
385	17	0.0
385	18	0.0
385	19	0.0
385	20	0.08703277507202072
385	21	0.0
385	22	0.0
386	0	0.0
386	1	0.08703277507202072
386	2	0.0
386	3	0.0
386	4	0.0
386	5	0.0
386	6	0.0
386	7	0.0
386	8	0.0
387	0	0.0
387	1	0.0
387	2	0.0
387	3	0.08703277507202072
387	4	0.0
387	5	0.0
388	0	0.0
388	1	0.0
388	2	0.0
388	3	0.0
388	4	0.08703277507202072
388	5	0.0
389	0	0.0
389	1	0.0
389	2	0.0
389	3	0.0
389	4	0.08703277507202072
389	5	0.0
389	6	0.0
390	0	0.0
390	1	0.0
390	2	0.0
390	3	0.0
390	4	0.08703277507202072
390	5	0.08703277507202072
390	6	0.0
390	7	0.0
390	8	0.0
390	9	0.0
390	10	0.0
390	11	0.23680910023567206
390	12	0.0
390	13	0.0
390	14	0.0
390	15	0.0
390	16	0.0
390	17	0.0
390	18	0.0
390	19	0.0
390	20	0.23680910023567206
390	21	0.0
390	22	0.0
390	23	0.08703277507202072
390	24	0.0
390	25	0.0
390	26	0.0
390	27	0.0
390	28	0.0
390	29	0.0
390	30	0.0
390	31	0.0
391	0	0.0
391	1	0.0
391	2	0.0
391	3	0.0
391	4	0.0
391	5	0.08703277507202072
391	6	0.0
391	7	0.0
392	0	0.0
392	1	0.23680910023567206
392	2	0.08703277507202072
392	3	0.0
392	4	0.0
392	5	0.0
392	6	0.0
392	7	0.08703277507202072
392	8	0.0
392	9	0.0
392	10	0.0
392	11	0.0
392	12	0.0
392	13	0.0
392	14	0.0
392	15	0.0
392	16	0.0
392	17	0.23680910023567206
392	18	0.08703277507202072
392	19	0.0
392	20	0.0
392	21	0.0
392	22	0.0
392	23	0.0
392	24	0.0
392	25	0.0
392	26	0.0
392	27	0.0
393	0	0.0
393	1	0.0
393	2	0.0
393	3	0.0
393	4	0.08703277507202072
393	5	0.0
393	6	0.0
393	7	0.0
393	8	0.08703277507202072
393	9	0.0
393	10	0.0
393	11	0.0
393	12	0.0
393	13	0.0
394	0	0.0
394	1	0.23680910023567206
394	2	0.0
394	3	0.0
394	4	0.0
394	5	0.08703277507202072
394	6	0.0
394	7	0.08703277507202072
394	8	0.0
394	9	0.0
394	10	0.0
394	11	0.23680910023567206
394	12	0.0
394	13	0.23680910023567206
394	14	0.0
394	15	0.0
394	16	0.09430706871382952
394	17	0.0
395	0	0.23680910023567206
395	1	0.0
395	2	0.09430706871382952
395	3	0.0
395	4	0.0
395	5	0.0
395	6	0.08703277507202072
395	7	0.0
395	8	0.0
395	9	0.23680910023567206
395	10	0.0
395	11	0.0
395	12	0.0
395	13	0.23680910023567206
395	14	0.0
395	15	0.08703277507202072
395	16	0.0
395	17	0.0
395	18	0.0
396	0	0.0
396	1	0.08703277507202072
396	2	0.08703277507202072
396	3	0.0
396	4	0.0
396	5	0.09430706871382952
396	6	0.0
397	0	0.0
397	1	0.0
397	2	0.08703277507202072
397	3	0.0
397	4	0.0
397	5	0.0
397	6	0.0
397	7	0.23680910023567206
397	8	0.0
397	9	0.23680910023567206
397	10	0.09430706871382952
398	0	0.0
398	1	0.0
398	2	0.0
398	3	0.0
398	4	0.0
398	5	0.0
398	6	0.0
398	7	0.09430706871382952
398	8	0.23680910023567206
398	9	0.23680910023567206
398	10	0.08703277507202072
399	0	0.0
399	1	0.23680910023567206
399	2	0.0
399	3	0.0
399	4	0.0
399	5	0.0
399	6	0.0
399	7	0.0
399	8	0.0
399	9	0.0
399	10	0.0
399	11	0.0
399	12	0.0
399	13	0.23680910023567206
399	14	0.0
399	15	0.0
399	16	0.0
399	17	0.0
399	18	0.0
399	19	0.0
399	20	0.23680910023567206
399	21	0.0
399	22	0.0
399	23	0.0
399	24	0.0
399	25	0.0
399	26	0.0
399	27	0.0
399	28	0.0
399	29	0.0
399	30	0.0
399	31	0.0
399	32	0.0
399	33	0.08703277507202072
399	34	0.0
399	35	0.0
399	36	0.09430706871382952
399	37	0.0
399	38	0.0
399	39	0.08703277507202072
399	40	0.0
399	41	0.0
399	42	0.0
399	43	0.08703277507202072
399	44	0.0
400	0	0.23680910023567206
400	1	0.0
400	2	0.0
400	3	0.0
400	4	0.0
400	5	0.0
400	6	0.09430706871382952
400	7	0.08703277507202072
400	8	0.0
401	0	0.0
401	1	0.09430706871382952
401	2	0.0
401	3	0.0
401	4	0.0
401	5	0.0
401	6	0.23680910023567206
401	7	0.08703277507202072
401	8	0.0
401	9	0.0
401	10	0.23680910023567206
401	11	0.0
401	12	0.0
401	13	0.08703277507202072
401	14	0.0
401	15	0.0
401	16	0.23680910023567206
401	17	0.0
401	18	0.0
401	19	0.0
402	0	0.0
402	1	0.0
402	2	0.0
402	3	0.0
402	4	0.08703277507202072
402	5	0.0
403	0	0.0
403	1	0.23680910023567206
403	2	0.23680910023567206
403	3	0.0
403	4	0.0
403	5	0.0
403	6	0.09430706871382952
403	7	0.08703277507202072
403	8	0.0
403	9	0.0
403	10	0.0
404	0	0.23680910023567206
404	1	0.0
404	2	0.0
404	3	0.0
404	4	0.0
404	5	0.0
404	6	0.0
404	7	0.23680910023567206
404	8	0.08703277507202072
404	9	0.0
404	10	0.09430706871382952
404	11	0.08703277507202072
404	12	0.0
405	0	0.23680910023567206
405	1	0.0
405	2	0.0
405	3	0.23680910023567206
405	4	0.0
405	5	0.08703277507202072
405	6	0.0
405	7	0.0
405	8	0.0
405	9	0.0
405	10	0.09430706871382952
406	0	0.0
406	1	0.0
406	2	0.0
406	3	0.0
406	4	0.08703277507202072
406	5	0.09430706871382952
406	6	0.0
406	7	0.23680910023567206
406	8	0.23680910023567206
406	9	0.0
406	10	0.0
407	0	0.0
407	1	0.0
407	2	0.0
407	3	0.23680910023567206
407	4	0.0
407	5	0.0
407	6	0.0
407	7	0.23680910023567206
407	8	0.08703277507202072
407	9	0.09430706871382952
407	10	0.0
408	0	0.0
408	1	0.0
408	2	0.09430706871382952
408	3	0.0
408	4	0.0
408	5	0.23680910023567206
408	6	0.08703277507202072
408	7	0.23680910023567206
408	8	0.0
408	9	0.0
408	10	0.0
409	0	0.09430706871382952
409	1	0.0
409	2	0.0
409	3	0.0
409	4	0.0
409	5	0.23680910023567206
409	6	0.08703277507202072
409	7	0.0
409	8	0.0
409	9	0.0
409	10	0.23680910023567206
410	0	0.0
410	1	0.08703277507202072
410	2	0.0
410	3	0.23680910023567206
410	4	0.0
410	5	0.09430706871382952
410	6	0.0
410	7	0.0
410	8	0.0
410	9	0.23680910023567206
410	10	0.0
411	0	0.0
411	1	0.0
411	2	0.0
411	3	0.08703277507202072
411	4	0.0
411	5	0.0
411	6	0.09430706871382952
411	7	0.23680910023567206
411	8	0.0
411	9	0.0
411	10	0.23680910023567206
411	11	0.0
411	12	0.0
411	13	0.0
411	14	0.0
411	15	0.0
411	16	0.0
411	17	0.08703277507202072
412	0	0.09430706871382952
412	1	0.0
412	2	0.0
412	3	0.0
412	4	0.0
412	5	0.0
412	6	0.0
412	7	0.0
412	8	0.23680910023567206
412	9	0.08703277507202072
412	10	0.23680910023567206
412	11	0.0
412	12	0.0
412	13	0.0
412	14	0.0
412	15	0.0
412	16	0.08703277507202072
412	17	0.0
412	18	0.0
412	19	0.0
412	20	0.0
412	21	0.0
412	22	0.0
412	23	0.0
412	24	0.0
412	25	0.0
412	26	0.23680910023567206
412	27	0.0
412	28	0.0
412	29	0.08703277507202072
412	30	0.0
412	31	0.0
412	32	0.0
412	33	0.0
412	34	0.0
412	35	0.0
413	0	0.0
413	1	0.0
413	2	0.08703277507202072
413	3	0.0
413	4	0.0
413	5	0.0
413	6	0.0
413	7	0.0
413	8	0.0
413	9	0.08703277507202072
413	10	0.0
413	11	0.23680910023567206
413	12	0.0
413	13	0.0
413	14	0.0
413	15	0.08703277507202072
413	16	0.0
413	17	0.0
413	18	0.0
413	19	0.0
413	20	0.0
413	21	0.09430706871382952
413	22	0.0
413	23	0.23680910023567206
413	24	0.0
413	25	0.0
413	26	0.0
413	27	0.0
413	28	0.0
413	29	0.23680910023567206
414	0	0.0
414	1	0.0
414	2	0.0
414	3	0.08703277507202072
414	4	0.0
414	5	0.0
414	6	0.0
414	7	0.23680910023567206
414	8	0.0
414	9	0.08703277507202072
414	10	0.0
414	11	0.0
414	12	0.0
414	13	0.0
414	14	0.0
414	15	0.0
414	16	0.08703277507202072
414	17	0.0
414	18	0.0
414	19	0.23680910023567206
414	20	0.0
414	21	0.0
414	22	0.0
414	23	0.0
414	24	0.09430706871382952
414	25	0.0
414	26	0.0
414	27	0.0
414	28	0.0
414	29	0.23680910023567206
415	0	0.0
415	1	0.0
415	2	0.09430706871382952
415	3	0.0
415	4	0.23680910023567206
415	5	0.0
415	6	0.08703277507202072
415	7	0.0
415	8	0.23680910023567206
415	9	0.0
415	10	0.0
415	11	0.0
415	12	0.08703277507202072
415	13	0.0
415	14	0.0
415	15	0.0
415	16	0.0
415	17	0.0
415	18	0.0
415	19	0.0
415	20	0.0
415	21	0.0
415	22	0.0
415	23	0.0
415	24	0.0
415	25	0.0
415	26	0.23680910023567206
415	27	0.0
415	28	0.0
415	29	0.08703277507202072
415	30	0.0
415	31	0.0
415	32	0.0
415	33	0.0
415	34	0.0
415	35	0.0
416	0	0.0
416	1	0.23680910023567206
416	2	0.08703277507202072
416	3	0.0
416	4	0.0
416	5	0.0
416	6	0.0
416	7	0.23680910023567206
416	8	0.09430706871382952
416	9	0.0
416	10	0.0
416	11	0.08703277507202072
416	12	0.0
416	13	0.0
416	14	0.0
416	15	0.0
416	16	0.0
416	17	0.0
417	0	0.0
417	1	0.23680910023567206
417	2	0.0
417	3	0.09430706871382952
417	4	0.08703277507202072
417	5	0.0
417	6	0.23680910023567206
417	7	0.0
417	8	0.0
417	9	0.0
417	10	0.0
418	0	0.0
418	1	0.0
418	2	0.0
418	3	0.08703277507202072
418	4	0.0
418	5	0.23680910023567206
418	6	0.09430706871382952
418	7	0.0
418	8	0.23680910023567206
418	9	0.0
418	10	0.0
419	0	0.08703277507202072
419	1	0.0
419	2	0.23680910023567206
419	3	0.0
419	4	0.09430706871382952
419	5	0.0
419	6	0.0
419	7	0.23680910023567206
419	8	0.0
419	9	0.0
419	10	0.0
420	0	0.0
420	1	0.0
420	2	0.23680910023567206
420	3	0.08703277507202072
420	4	0.0
420	5	0.0
420	6	0.0
420	7	0.0
420	8	0.0
420	9	0.23680910023567206
420	10	0.09430706871382952
421	0	0.08703277507202072
421	1	0.0
421	2	0.0
421	3	0.0
421	4	0.0
421	5	0.23680910023567206
421	6	0.0
421	7	0.09430706871382952
421	8	0.0
421	9	0.0
421	10	0.23680910023567206
422	0	0.08703277507202072
422	1	0.0
422	2	0.23680910023567206
422	3	0.09430706871382952
422	4	0.23680910023567206
422	5	0.0
422	6	0.0
422	7	0.0
422	8	0.0
422	9	0.0
422	10	0.0
422	11	0.0
422	12	0.0
422	13	0.0
422	14	0.08703277507202072
422	15	0.0
422	16	0.0
422	17	0.0
423	0	0.0
423	1	0.0
423	2	0.0
423	3	0.0
423	4	0.08703277507202072
423	5	0.0
423	6	0.0
423	7	0.0
424	0	0.0
424	1	0.0
424	2	0.0
424	3	0.0
424	4	0.08703277507202072
424	5	0.08703277507202072
424	6	0.0
424	7	0.0
424	8	0.0
424	9	0.0
424	10	0.0
424	11	0.0
424	12	0.0
424	13	0.23680910023567206
424	14	0.0
424	15	0.0
424	16	0.0
424	17	0.0
424	18	0.23680910023567206
424	19	0.0
424	20	0.0
424	21	0.0
424	22	0.08703277507202072
424	23	0.0
424	24	0.0
425	0	0.08703277507202072
425	1	0.0
425	2	0.0
425	3	0.0
425	4	0.0
425	5	0.0
425	6	0.0
425	7	0.08703277507202072
425	8	0.0
425	9	0.0
425	10	0.0
425	11	0.23680910023567206
425	12	0.23680910023567206
425	13	0.0
425	14	0.0
425	15	0.09430706871382952
425	16	0.0
425	17	0.0
426	0	0.0
426	1	0.0
426	2	0.08703277507202072
426	3	0.0
426	4	0.0
426	5	0.0
426	6	0.0
426	7	0.0
427	0	0.0
427	1	0.0
427	2	0.0
427	3	0.23680910023567206
427	4	0.0
427	5	0.23680910023567206
427	6	0.08703277507202072
427	7	0.0
427	8	0.0
427	9	0.0
427	10	0.09430706871382952
427	11	0.0
427	12	0.0
427	13	0.0
427	14	0.0
427	15	0.0
427	16	0.08703277507202072
427	17	0.0
428	0	0.0
428	1	0.08703277507202072
428	2	0.0
428	3	0.0
428	4	0.0
428	5	0.0
428	6	0.0
428	7	0.0
428	8	0.0
428	9	0.23680910023567206
428	10	0.0
428	11	0.0
428	12	0.0
428	13	0.08703277507202072
428	14	0.0
428	15	0.0
428	16	0.0
428	17	0.0
428	18	0.0
428	19	0.08703277507202072
428	20	0.0
428	21	0.23680910023567206
428	22	0.0
428	23	0.0
428	24	0.0
429	0	0.08703277507202072
429	1	0.0
429	2	0.0
429	3	0.0
429	4	0.0
429	5	0.23680910023567206
429	6	0.23680910023567206
429	7	0.09430706871382952
429	8	0.0
429	9	0.0
429	10	0.0
429	11	0.0
429	12	0.0
429	13	0.0
429	14	0.0
429	15	0.08703277507202072
429	16	0.0
429	17	0.0
430	0	0.0
430	1	0.0
430	2	0.0
430	3	0.0
430	4	0.0
430	5	0.0
430	6	0.0
430	7	0.08703277507202072
430	8	0.23680910023567206
430	9	0.08703277507202072
430	10	0.0
430	11	0.0
430	12	0.0
430	13	0.0
430	14	0.0
430	15	0.0
430	16	0.0
430	17	0.08703277507202072
430	18	0.0
431	0	0.08703277507202072
431	1	0.0
431	2	0.0
431	3	0.0
431	4	0.0
431	5	0.0
431	6	0.0
431	7	0.0
431	8	0.0
431	9	0.0
431	10	0.08703277507202072
431	11	0.0
431	12	0.0
431	13	0.0
431	14	0.0
431	15	0.0
431	16	0.0
431	17	0.08703277507202072
431	18	0.0
431	19	0.23680910023567206
431	20	0.0
431	21	0.23680910023567206
431	22	0.0
432	0	0.0
432	1	0.23680910023567206
432	2	0.0
432	3	0.0
432	4	0.23680910023567206
432	5	0.0
432	6	0.0
432	7	0.09430706871382952
432	8	0.0
432	9	0.08703277507202072
432	10	0.0
433	0	0.0
433	1	0.0
433	2	0.0
433	3	0.0
433	4	0.08703277507202072
433	5	0.0
434	0	0.0
434	1	0.08703277507202072
434	2	0.0
434	3	0.0
434	4	0.0
434	5	0.0
435	0	0.0
435	1	0.08703277507202072
435	2	0.0
435	3	0.0
435	4	0.0
435	5	0.0
435	6	0.0
435	7	0.0
435	8	0.0
435	9	0.0
435	10	0.23680910023567206
435	11	0.08703277507202072
435	12	0.0
435	13	0.0
435	14	0.0
435	15	0.0
435	16	0.0
435	17	0.0
435	18	0.0
435	19	0.0
435	20	0.0
435	21	0.0
435	22	0.23680910023567206
435	23	0.0
435	24	0.08703277507202072
436	0	0.0
436	1	0.0
436	2	0.0
436	3	0.0
436	4	0.0
436	5	0.08703277507202072
436	6	0.0
436	7	0.0
436	8	0.0
436	9	0.0
436	10	0.08703277507202072
436	11	0.0
436	12	0.23680910023567206
436	13	0.0
436	14	0.0
436	15	0.0
436	16	0.0
436	17	0.08703277507202072
436	18	0.0
436	19	0.09430706871382952
436	20	0.0
436	21	0.0
436	22	0.0
436	23	0.23680910023567206
436	24	0.0
436	25	0.0
436	26	0.0
436	27	0.23680910023567206
436	28	0.0
436	29	0.0
436	30	0.0
436	31	0.0
436	32	0.0
436	33	0.0
436	34	0.0
436	35	0.0
437	0	0.0
437	1	0.0
437	2	0.0
437	3	0.0
437	4	0.0
437	5	0.0
437	6	0.08703277507202072
437	7	0.0
437	8	0.0
437	9	0.0
437	10	0.08703277507202072
437	11	0.0
437	12	0.0
437	13	0.23680910023567206
437	14	0.0
437	15	0.0
437	16	0.23680910023567206
437	17	0.0
437	18	0.0
437	19	0.0
437	20	0.0
437	21	0.0
437	22	0.08703277507202072
437	23	0.0
437	24	0.0
437	25	0.0
437	26	0.0
437	27	0.0
437	28	0.0
437	29	0.0
438	0	0.0
438	1	0.0
438	2	0.0
438	3	0.0
438	4	0.0
438	5	0.08703277507202072
438	6	0.0
438	7	0.0
438	8	0.0
438	9	0.0
438	10	0.08703277507202072
438	11	0.0
438	12	0.08703277507202072
438	13	0.0
438	14	0.0
438	15	0.23680910023567206
438	16	0.0
438	17	0.0
438	18	0.0
439	0	0.0
439	1	0.0
439	2	0.0
439	3	0.0
439	4	0.0
439	5	0.0
439	6	0.0
439	7	0.0
439	8	0.08703277507202072
439	9	0.08703277507202072
439	10	0.08703277507202072
439	11	0.0
439	12	0.0
439	13	0.23680910023567206
439	14	0.0
439	15	0.0
439	16	0.0
439	17	0.0
439	18	0.0
440	0	0.0
440	1	0.0
440	2	0.23680910023567206
440	3	0.08703277507202072
440	4	0.0
440	5	0.0
440	6	0.0
440	7	0.08703277507202072
440	8	0.0
440	9	0.0
440	10	0.0
440	11	0.0
440	12	0.0
440	13	0.0
440	14	0.0
440	15	0.0
440	16	0.23680910023567206
440	17	0.0
440	18	0.0
440	19	0.0
440	20	0.08703277507202072
440	21	0.0
440	22	0.0
440	23	0.0
440	24	0.0
441	0	0.0
441	1	0.0
441	2	0.0
441	3	0.08703277507202072
441	4	0.23680910023567206
441	5	0.0
441	6	0.08703277507202072
441	7	0.0
441	8	0.0
441	9	0.0
441	10	0.0
441	11	0.0
441	12	0.0
441	13	0.0
441	14	0.0
441	15	0.0
441	16	0.0
441	17	0.08703277507202072
442	0	0.0
442	1	0.0
442	2	0.0
442	3	0.0
442	4	0.0
442	5	0.0
442	6	0.0
442	7	0.0
442	8	0.08703277507202072
442	9	0.08703277507202072
442	10	0.0
442	11	0.0
442	12	0.08703277507202072
442	13	0.23680910023567206
442	14	0.0
442	15	0.0
442	16	0.23680910023567206
442	17	0.0
442	18	0.0
442	19	0.0
442	20	0.0
442	21	0.0
442	22	0.0
442	23	0.0
442	24	0.0
442	25	0.0
442	26	0.0
442	27	0.09430706871382952
442	28	0.0
443	0	0.09430706871382952
443	1	0.0
443	2	0.0
443	3	0.08703277507202072
443	4	0.0
443	5	0.08703277507202072
443	6	0.0
443	7	0.0
443	8	0.0
444	0	0.0
444	1	0.08703277507202072
444	2	0.0
444	3	0.0
444	4	0.0
444	5	0.0
444	6	0.08703277507202072
444	7	0.09430706871382952
444	8	0.0
445	0	0.0
445	1	0.0
445	2	0.0
445	3	0.08703277507202072
445	4	0.0
445	5	0.0
446	0	0.08703277507202072
446	1	0.0
446	2	0.0
446	3	0.23680910023567206
446	4	0.467154876582352
446	5	0.0
446	6	0.0
446	7	0.0
446	8	0.09430706871382952
446	9	0.0
446	10	0.0
446	11	0.08703277507202072
446	12	0.0
446	13	0.0
446	14	0.0
446	15	0.0
446	16	0.0
446	17	0.0
446	18	0.0
446	19	0.0
446	20	0.0
446	21	0.23680910023567206
446	22	0.0
446	23	0.0
446	24	0.0
446	25	0.08703277507202072
446	26	0.0
446	27	0.0
446	28	0.0
446	29	0.0
447	0	0.08703277507202072
447	1	0.0
447	2	0.0
447	3	0.23680910023567206
447	4	0.09430706871382952
447	5	0.0
447	6	0.0
447	7	0.0
447	8	0.32563623562994437
447	9	0.0
447	10	0.0
447	11	0.0
447	12	0.08703277507202072
447	13	0.0
447	14	0.0
447	15	0.0
447	16	0.0
447	17	0.0
448	0	0.0
448	1	0.0
448	2	0.2630747209184611
448	3	0.0
448	4	0.0
448	5	0.0
448	6	0.0
448	7	0.0
448	8	0.08703277507202072
448	9	0.0
448	10	0.0
448	11	0.08703277507202072
448	12	0.0
448	13	0.0
448	14	0.0
448	15	0.0
448	16	0.0
448	17	0.0
448	18	0.0
448	19	0.0
448	20	0.23680910023567206
448	21	0.0
448	22	0.0
448	23	0.0
448	24	0.08703277507202072
449	0	0.0
449	1	0.0
449	2	0.09430706871382952
449	3	0.08703277507202072
449	4	0.0
449	5	0.23680910023567206
449	6	0.23680910023567206
449	7	0.0
449	8	0.0
449	9	0.0
449	10	0.0
449	11	0.0
449	12	0.0
449	13	0.08703277507202072
449	14	0.0
449	15	0.0
449	16	0.0
450	0	0.09430706871382952
450	1	0.0
450	2	0.0
450	3	0.0
450	4	0.23680910023567206
450	5	0.0
450	6	0.0
450	7	0.0
450	8	0.0
450	9	0.23680910023567206
450	10	0.08703277507202072
450	11	0.0
450	12	0.0
450	13	0.0
450	14	0.0
450	15	0.08703277507202072
450	16	0.0
451	0	0.0
451	1	0.0
451	2	0.0
451	3	0.0
451	4	0.0
451	5	0.0
451	6	0.0
451	7	0.0
451	8	0.0
451	9	0.23680910023567206
451	10	0.08703277507202072
451	11	0.0
451	12	0.0
451	13	0.08703277507202072
451	14	0.23680910023567206
451	15	0.0
452	0	0.0
452	1	0.0
452	2	0.0
452	3	0.0
452	4	0.0
452	5	0.23680910023567206
452	6	0.0
452	7	0.0
452	8	0.0
452	9	0.0
452	10	0.0
452	11	0.08703277507202072
452	12	0.0
452	13	0.0
452	14	0.08703277507202072
452	15	0.23680910023567206
453	0	0.0
453	1	0.0
453	2	0.0
453	3	0.0
453	4	0.0
453	5	0.23680910023567206
453	6	0.08703277507202072
453	7	0.0
453	8	0.0
453	9	0.23680910023567206
453	10	0.0
453	11	0.08703277507202072
453	12	0.0
453	13	0.0
453	14	0.0
453	15	0.0
454	0	0.0
454	1	0.0
454	2	0.0
454	3	0.0
454	4	0.0
454	5	0.0
454	6	0.0
454	7	0.23680910023567206
454	8	0.0
454	9	0.0
454	10	0.0
454	11	0.08703277507202072
454	12	0.08703277507202072
454	13	0.23680910023567206
454	14	0.0
454	15	0.0
455	0	0.0
455	1	0.0
455	2	0.0
455	3	0.0
455	4	0.08703277507202072
455	5	0.0
456	0	0.0
456	1	0.08703277507202072
456	2	0.0
456	3	0.0
456	4	0.0
456	5	0.0
456	6	0.0
456	7	0.0
457	0	0.0
457	1	0.0
457	2	0.0
457	3	0.23680910023567206
457	4	0.0
457	5	0.0
457	6	0.08703277507202072
457	7	0.23680910023567206
457	8	0.0
457	9	0.0
457	10	0.09430706871382952
457	11	0.0
457	12	0.0
457	13	0.0
457	14	0.0
457	15	0.0
457	16	0.08703277507202072
458	0	0.09430706871382952
458	1	0.0
458	2	0.0
458	3	0.08703277507202072
458	4	0.23680910023567206
458	5	0.0
458	6	0.0
458	7	0.0
458	8	0.0
458	9	0.0
458	10	0.23680910023567206
458	11	0.0
458	12	0.08703277507202072
458	13	0.0
458	14	0.0
458	15	0.0
458	16	0.0
459	0	0.23680910023567206
459	1	0.09430706871382952
459	2	0.0
459	3	0.0
459	4	0.0
459	5	0.0
459	6	0.08703277507202072
459	7	0.23680910023567206
459	8	0.0
459	9	0.0
459	10	0.0
459	11	0.0
459	12	0.08703277507202072
459	13	0.0
459	14	0.0
459	15	0.0
459	16	0.0
460	0	0.0
460	1	0.0
460	2	0.0
460	3	0.23680910023567206
460	4	0.0
460	5	0.0
460	6	0.0
460	7	0.0
460	8	0.08703277507202072
460	9	0.09430706871382952
460	10	0.23680910023567206
460	11	0.0
460	12	0.0
460	13	0.0
460	14	0.0
460	15	0.08703277507202072
460	16	0.0
460	17	0.0
460	18	0.0
460	19	0.23680910023567206
460	20	0.0
460	21	0.0
460	22	0.0
460	23	0.0
461	0	0.0
461	1	0.0
461	2	0.0
461	3	0.0
461	4	0.0
461	5	0.08703277507202072
461	6	0.0
461	7	0.0
461	8	0.23680910023567206
461	9	0.23680910023567206
461	10	0.0
461	11	0.08703277507202072
461	12	0.0
461	13	0.0
461	14	0.0
461	15	0.0
461	16	0.0
461	17	0.0
461	18	0.23034577634668008
461	19	0.08703277507202072
461	20	0.0
461	21	0.0
461	22	0.0
461	23	0.0
462	0	0.0
462	1	0.0
462	2	0.0
462	3	0.09430706871382952
462	4	0.0
462	5	0.0
462	6	0.23680910023567206
462	7	0.0
462	8	0.0
462	9	0.08703277507202072
462	10	0.23680910023567206
462	11	0.0
463	0	0.0
463	1	0.23680910023567206
463	2	0.0
463	3	0.0
463	4	0.0
463	5	0.0
463	6	0.0
463	7	0.0
463	8	0.0
463	9	0.0
463	10	0.0
463	11	0.0
463	12	0.0
463	13	0.08703277507202072
463	14	0.08703277507202072
463	15	0.0
463	16	0.0
463	17	0.0
463	18	0.23680910023567206
463	19	0.0
463	20	0.0
463	21	0.0
463	22	0.0
463	23	0.0
463	24	0.08703277507202072
463	25	0.0
463	26	0.0
463	27	0.0
463	28	0.23680910023567206
463	29	0.0
463	30	0.0
463	31	0.09430706871382952
463	32	0.0
463	33	0.0
463	34	0.0
463	35	0.0
463	36	0.0
463	37	0.08882713539427227
463	38	0.0
464	0	0.0
464	1	0.0
464	2	0.0
464	3	0.0
464	4	0.0
464	5	0.0
464	6	0.0
464	7	0.0
464	8	0.23680910023567206
464	9	0.0
464	10	0.0
464	11	0.23680910023567206
464	12	0.08703277507202072
464	13	0.0
464	14	0.08703277507202072
464	15	0.0
464	16	0.0
464	17	0.0
464	18	0.0
464	19	0.026265620682789086
464	20	0.08703277507202072
464	21	0.0
464	22	0.0
464	23	0.0
465	0	0.08703277507202072
465	1	0.23680910023567206
465	2	0.0
465	3	0.0
465	4	0.0
465	5	0.0
465	6	0.0
465	7	0.0
465	8	0.0
465	9	0.08703277507202072
465	10	0.0
465	11	0.0
465	12	0.0
465	13	0.0
465	14	0.0
465	15	0.0
465	16	0.0
465	17	0.0
465	18	0.0
465	19	0.0
465	20	0.23680910023567206
465	21	0.0
465	22	0.08703277507202072
465	23	0.0
465	24	0.0
466	0	0.0
466	1	0.0
466	2	0.0
466	3	0.0
466	4	0.0
466	5	0.23680910023567206
466	6	0.0
466	7	0.08703277507202072
466	8	0.0
466	9	0.0
466	10	0.08703277507202072
466	11	0.0
466	12	0.0
466	13	0.0
466	14	0.0
466	15	0.0
466	16	0.23680910023567206
466	17	0.0
466	18	0.0
466	19	0.0
466	20	0.0
466	21	0.08703277507202072
466	22	0.0
466	23	0.0
466	24	0.0
466	25	0.0
466	26	0.0
467	0	0.23680910023567206
467	1	0.0
467	2	0.0
467	3	0.08703277507202072
467	4	0.0
467	5	0.0
467	6	0.0
467	7	0.0
467	8	0.0
467	9	0.0
468	0	0.0
468	1	0.0
468	2	0.08703277507202072
468	3	0.23680910023567206
468	4	0.0
468	5	0.0
468	6	0.0
468	7	0.0
468	8	0.0
468	9	0.09430706871382952
468	10	0.23680910023567206
468	11	0.0
468	12	0.0
468	13	0.0
468	14	0.08703277507202072
468	15	0.0
468	16	0.0
468	17	0.0
468	18	0.0
468	19	0.0
468	20	0.0
468	21	0.0
468	22	0.0
468	23	0.0
468	24	0.0
468	25	0.0
468	26	0.08703277507202072
468	27	0.0
468	28	0.0
468	29	0.0
468	30	0.23680910023567206
468	31	0.0
468	32	0.0
468	33	0.0
468	34	0.0
468	35	0.0
468	36	0.0
468	37	0.0
468	38	0.0
469	0	0.0
469	1	0.0
469	2	0.0
469	3	0.0
469	4	0.0
469	5	0.0
470	0	0.08703277507202072
470	1	0.0
470	2	0.0
470	3	0.0
470	4	0.0
470	5	0.0
470	6	0.0
470	7	0.0
470	8	0.0
470	9	0.08703277507202072
470	10	0.0
470	11	0.0
470	12	0.23680910023567206
470	13	0.0
470	14	0.0
470	15	0.0
470	16	0.0
470	17	0.08703277507202072
470	18	0.0
470	19	0.0
470	20	0.0
470	21	0.23680910023567206
470	22	0.0
470	23	0.0
470	24	0.0
470	25	0.0
470	26	0.0
470	27	0.0
470	28	0.0
470	29	0.0
470	30	0.0
470	31	0.0
470	32	0.09430706871382952
471	0	0.0
471	1	0.08703277507202072
471	2	0.0
471	3	0.0
471	4	0.0
471	5	0.0
471	6	0.0
471	7	0.0
471	8	0.0
471	9	0.0
471	10	0.0
471	11	0.23680910023567206
471	12	0.0
471	13	0.0
471	14	0.08703277507202072
471	15	0.0
471	16	0.0
471	17	0.08703277507202072
471	18	0.0
471	19	0.23680910023567206
471	20	0.0
471	21	0.0
471	22	0.0
471	23	0.0
471	24	0.0
471	25	0.0
471	26	0.0
471	27	0.0
471	28	0.0
471	29	0.0
471	30	0.0
471	31	0.0
472	0	0.0
472	1	0.0
472	2	0.0
472	3	0.0
472	4	0.08703277507202072
472	5	0.0
472	6	0.0
473	0	0.0
473	1	0.0
473	2	0.0
473	3	0.0
473	4	0.0
473	5	0.08703277507202072
473	6	0.23680910023567206
473	7	0.0
473	8	0.0
473	9	0.0
473	10	0.0
473	11	0.0
473	12	0.0
473	13	0.0
473	14	0.08703277507202072
473	15	0.23680910023567206
473	16	0.09430706871382952
473	17	0.0
473	18	0.0
473	19	0.0
473	20	0.23680910023567206
473	21	0.0
473	22	0.0
473	23	0.0
473	24	0.0
473	25	0.0
473	26	0.08703277507202072
473	27	0.0
473	28	0.0
473	29	0.0
474	0	0.0
474	1	0.0
474	2	0.0
474	3	0.0
474	4	0.08703277507202072
474	5	0.0
474	6	0.23680910023567206
474	7	0.0
474	8	0.0
474	9	0.0
474	10	0.08703277507202072
474	11	0.0
474	12	0.0
474	13	0.0
474	14	0.0
474	15	0.0
474	16	0.0
474	17	0.0
474	18	0.0
474	19	0.0
474	20	0.23680910023567206
474	21	0.0
474	22	0.0
474	23	0.0
474	24	0.08703277507202072
474	25	0.0
474	26	0.0
474	27	0.0
474	28	0.0
474	29	0.0
475	0	0.23680910023567206
475	1	0.08703277507202072
475	2	0.08703277507202072
475	3	0.0
475	4	0.0
475	5	0.0
475	6	0.0
475	7	0.0
475	8	0.0
475	9	0.23680910023567206
475	10	0.0
475	11	0.0
475	12	0.0
475	13	0.23680910023567206
475	14	0.0
475	15	0.0
475	16	0.0
475	17	0.09430706871382952
475	18	0.0
475	19	0.0
476	0	0.0
476	1	0.23680910023567206
476	2	0.0
476	3	0.0
476	4	0.08703277507202072
476	5	0.0
476	6	0.0
476	7	0.0
476	8	0.08703277507202072
476	9	0.0
476	10	0.0
476	11	0.0
476	12	0.0
476	13	0.0
476	14	0.0
476	15	0.0
476	16	0.0
476	17	0.23680910023567206
476	18	0.0
476	19	0.0
476	20	0.0
476	21	0.0
476	22	0.08703277507202072
476	23	0.0
476	24	0.0
476	25	0.0
476	26	0.0
476	27	0.0
476	28	0.0
476	29	0.0
476	30	0.0
476	31	0.09430706871382952
476	32	0.23680910023567206
476	33	0.0
476	34	0.0
477	0	0.23680910023567206
477	1	0.0
477	2	0.0
477	3	0.0
477	4	0.09430706871382952
477	5	0.0
477	6	0.0
477	7	0.08703277507202072
477	8	0.0
477	9	0.0
477	10	0.23680910023567206
477	11	0.0
477	12	0.08703277507202072
477	13	0.0
477	14	0.0
477	15	0.0
477	16	0.0
477	17	0.0
477	18	0.0
477	19	0.08703277507202072
477	20	0.0
477	21	0.0
477	22	0.0
477	23	0.0
477	24	0.0
477	25	0.0
477	26	0.0
477	27	0.0
477	28	0.0
477	29	0.0
477	30	0.0
477	31	0.0
477	32	0.23680910023567206
477	33	0.0
478	0	0.0
478	1	0.0
478	2	0.23680910023567206
478	3	0.0
478	4	0.0
478	5	0.08703277507202072
478	6	0.08703277507202072
478	7	0.0
478	8	0.0
478	9	0.09430706871382952
478	10	0.0
478	11	0.0
478	12	0.0
478	13	0.23680910023567206
478	14	0.0
478	15	0.0
478	16	0.0
478	17	0.23680910023567206
479	0	0.0
479	1	0.08703277507202072
479	2	0.23680910023567206
479	3	0.08703277507202072
479	4	0.0
479	5	0.0
479	6	0.0
479	7	0.0
479	8	0.23680910023567206
479	9	0.0
479	10	0.0
479	11	0.0
479	12	0.0
479	13	0.23680910023567206
479	14	0.0
479	15	0.0
479	16	0.0
479	17	0.09430706871382952
479	18	0.0
479	19	0.0
480	0	0.0
480	1	0.0
480	2	0.08703277507202072
480	3	0.0
480	4	0.0
480	5	0.0
480	6	0.0
480	7	0.0
480	8	0.23680910023567206
480	9	0.0
480	10	0.0
480	11	0.08703277507202072
480	12	0.23680910023567206
480	13	0.0
480	14	0.0
480	15	0.09430706871382952
480	16	0.0
480	17	0.23680910023567206
480	18	0.0
480	19	0.0
481	0	0.0
481	1	0.23680910023567206
481	2	0.08703277507202072
481	3	0.0
481	4	0.0
481	5	0.0
481	6	0.23680910023567206
481	7	0.08703277507202072
481	8	0.0
481	9	0.0
481	10	0.0
481	11	0.09430706871382952
481	12	0.0
481	13	0.0
481	14	0.0
481	15	0.0
481	16	0.0
481	17	0.0
481	18	0.23680910023567206
481	19	0.0
482	0	0.23680910023567206
482	1	0.0
482	2	0.08703277507202072
482	3	0.0
482	4	0.23680910023567206
482	5	0.0
482	6	0.0
482	7	0.0
482	8	0.08703277507202072
482	9	0.0
482	10	0.0
482	11	0.23680910023567206
482	12	0.0
482	13	0.0
482	14	0.0
482	15	0.09430706871382952
482	16	0.0
482	17	0.0
482	18	0.0
482	19	0.0
483	0	0.08703277507202072
483	1	0.0
483	2	0.23680910023567206
483	3	0.0
483	4	0.0
483	5	0.23680910023567206
483	6	0.08703277507202072
483	7	0.0
483	8	0.0
483	9	0.0
483	10	0.0
483	11	0.0
483	12	0.0
483	13	0.0
483	14	0.0
483	15	0.0
483	16	0.0
483	17	0.09430706871382952
483	18	0.23680910023567206
483	19	0.0
484	0	0.0
484	1	0.0
484	2	0.0
484	3	0.0
484	4	0.08703277507202072
484	5	0.0
484	6	0.0
484	7	0.0
484	8	0.0
484	9	0.0
484	10	0.0
484	11	0.23680910023567206
484	12	0.0
484	13	0.23680910023567206
484	14	0.08703277507202072
484	15	0.08703277507202072
484	16	0.0
484	17	0.0
484	18	0.0
484	19	0.0
484	20	0.0
484	21	0.0
484	22	0.0
485	0	0.0
485	1	0.0
485	2	0.0
485	3	0.08703277507202072
485	4	0.0
485	5	0.08703277507202072
485	6	0.0
485	7	0.0
485	8	0.23680910023567206
485	9	0.23680910023567206
485	10	0.0
485	11	0.0
485	12	0.0
485	13	0.0
485	14	0.0
485	15	0.0
485	16	0.0
485	17	0.0
485	18	0.0
485	19	0.0
485	20	0.0
485	21	0.0
485	22	0.08703277507202072
486	0	0.0
486	1	0.0
486	2	0.0
486	3	0.08703277507202072
486	4	0.0
486	5	0.0
487	0	0.0
487	1	0.08703277507202072
487	2	0.0
487	3	0.0
487	4	0.0
487	5	0.0
488	0	0.08703277507202072
488	1	0.0
488	2	0.0
488	3	0.0
488	4	0.0
488	5	0.0
488	6	0.0
488	7	0.0
489	0	0.0
489	1	0.0
489	2	0.23680910023567206
489	3	0.0
489	4	0.08703277507202072
489	5	0.23680910023567206
489	6	0.09430706871382952
489	7	0.0
489	8	0.0
489	9	0.0
489	10	0.0
489	11	0.0
489	12	0.0
489	13	0.0
489	14	0.0
489	15	0.08703277507202072
489	16	0.0
489	17	0.0
489	18	0.0
489	19	0.0
489	20	0.0
489	21	0.0
489	22	0.23680910023567206
489	23	0.08703277507202072
489	24	0.0
489	25	0.0
490	0	0.0
490	1	0.0
490	2	0.0
490	3	0.0
490	4	0.0
490	5	0.08703277507202072
490	6	0.08703277507202072
491	0	0.0
491	1	0.0
491	2	0.0
491	3	0.0
491	4	0.0
491	5	0.09430706871382952
491	6	0.0
491	7	0.23680910023567206
491	8	0.0
491	9	0.23680910023567206
491	10	0.08703277507202072
491	11	0.08703277507202072
491	12	0.0
491	13	0.0
491	14	0.0
491	15	0.0
491	16	0.0
491	17	0.0
491	18	0.08703277507202072
491	19	0.0
491	20	0.0
491	21	0.0
491	22	0.0
491	23	0.0
491	24	0.0
491	25	0.0
491	26	0.0
491	27	0.0
491	28	0.0
491	29	0.0
491	30	0.23680910023567206
491	31	0.0
491	32	0.0
491	33	0.0
491	34	0.0
491	35	0.0
491	36	0.0
491	37	0.0
491	38	0.0
492	0	0.0
492	1	0.0
492	2	0.23680910023567206
492	3	0.08703277507202072
492	4	0.23680910023567206
492	5	0.0
492	6	0.0
492	7	0.09430706871382952
492	8	0.0
492	9	0.0
492	10	0.0
492	11	0.0
492	12	0.0
492	13	0.0
492	14	0.08703277507202072
492	15	0.0
492	16	0.0
492	17	0.0
492	18	0.0
492	19	0.0
492	20	0.0
492	21	0.0
492	22	0.0
492	23	0.0
492	24	0.0
492	25	0.08703277507202072
492	26	0.0
492	27	0.0
492	28	0.0
492	29	0.0
492	30	0.0
492	31	0.23680910023567206
492	32	0.0
492	33	0.0
492	34	0.0
492	35	0.0
492	36	0.0
492	37	0.0
492	38	0.0
493	0	0.0
493	1	0.08703277507202072
493	2	0.0
493	3	0.23680910023567206
493	4	0.09430706871382952
493	5	0.0
493	6	0.0
493	7	0.0
493	8	0.0
493	9	0.23680910023567206
493	10	0.0
493	11	0.0
493	12	0.0
493	13	0.08703277507202072
493	14	0.0
493	15	1.5965790273372273
493	16	0.0
493	17	0.0
493	18	0.0
493	19	0.0
493	20	0.0
493	21	0.0
493	22	0.0
493	23	0.0
493	24	0.0
493	25	0.08703277507202072
493	26	0.0
493	27	0.0
493	28	0.0
493	29	0.0
493	30	0.0
493	31	0.0
493	32	0.0
493	33	0.0
493	34	0.23680910023567206
493	35	0.0
493	36	0.0
493	37	0.0
493	38	0.0
494	0	0.0
494	1	0.0
494	2	0.0
494	3	0.08703277507202072
494	4	0.0
494	5	0.0
494	6	0.0
494	7	0.0
494	8	0.09430706871382952
494	9	0.08703277507202072
494	10	0.0
495	0	0.08703277507202072
495	1	0.0
495	2	0.23680910023567206
495	3	0.0
495	4	0.23680910023567206
495	5	0.09430706871382952
495	6	0.0
495	7	0.0
495	8	0.0
495	9	0.0
495	10	0.0
495	11	0.23034577634668008
495	12	0.0
495	13	0.0
495	14	0.0
495	15	0.0
495	16	0.08703277507202072
496	0	0.08703277507202072
496	1	0.0
496	2	0.0
496	3	0.0
496	4	0.0
496	5	0.23680910023567206
496	6	0.0
496	7	0.0
496	8	0.0
496	9	0.0
496	10	0.0
496	11	0.08703277507202072
496	12	0.0
496	13	0.0
496	14	0.0
496	15	0.09430706871382952
496	16	0.23680910023567206
496	17	0.23680910023567206
496	18	0.0
496	19	0.0
496	20	0.0
497	0	0.0
497	1	0.0
497	2	0.08703277507202072
497	3	0.0
497	4	0.0
497	5	0.23680910023567206
497	6	0.09430706871382952
497	7	0.0
497	8	0.0
497	9	0.23680910023567206
497	10	0.0
497	11	0.0
497	12	0.0
497	13	0.08882713539427227
497	14	0.0
497	15	0.0
497	16	0.08703277507202072
497	17	0.0
498	0	0.0
498	1	0.0
498	2	0.23680910023567206
498	3	0.08703277507202072
498	4	0.0
498	5	0.23680910023567206
498	6	0.08703277507202072
498	7	0.0
498	8	0.0
498	9	0.0
498	10	0.0
498	11	0.0
498	12	0.09430706871382952
498	13	0.0
498	14	0.0
498	15	0.0
498	16	0.0
498	17	0.23680910023567206
498	18	0.0
498	19	0.0
498	20	0.0
498	21	0.0
498	22	0.026265620682789086
498	23	0.0
498	24	0.08703277507202072
498	25	0.0
498	26	0.0
499	0	0.0
499	1	0.09430706871382952
499	2	0.23680910023567206
499	3	0.0
499	4	0.0
499	5	0.0
499	6	0.0
499	7	0.08703277507202072
499	8	0.0
499	9	0.0
499	10	0.23680910023567206
499	11	0.0
499	12	0.0
499	13	0.0
499	14	0.0
499	15	0.0
499	16	0.0
499	17	0.23680910023567206
499	18	0.08703277507202072
499	19	0.0
499	20	0.0
499	21	0.0
499	22	0.0
499	23	0.0
499	24	0.0
499	25	0.0
499	26	0.0
499	27	0.0
499	28	0.08703277507202072
499	29	0.0
499	30	0.0
499	31	0.0
499	32	0.0
499	33	0.0
499	34	0.0
499	35	0.0
500	0	0.0
500	1	0.0
500	2	0.0
500	3	0.0
500	4	0.0
500	5	0.0
500	6	0.0
500	7	0.08703277507202072
500	8	0.0
500	9	0.0
500	10	0.08703277507202072
500	11	0.23680910023567206
500	12	0.0
500	13	0.0
500	14	0.0
500	15	0.0
500	16	0.0
500	17	0.08703277507202072
500	18	0.0
500	19	0.0
500	20	0.0
500	21	0.0
500	22	0.23680910023567206
500	23	0.0
500	24	0.0
500	25	0.0
500	26	0.0
500	27	0.0
500	28	0.0
500	29	0.0
500	30	0.0
500	31	0.0
500	32	0.0
501	0	0.08703277507202072
501	1	0.0
501	2	0.0
501	3	0.09430706871382952
501	4	0.0
501	5	0.23680910023567206
501	6	0.0
501	7	0.0
501	8	0.23680910023567206
501	9	0.0
501	10	0.0
501	11	0.0
501	12	0.0
501	13	0.0
501	14	0.0
501	15	0.0
501	16	0.08703277507202072
501	17	0.0
502	0	0.0
502	1	0.0
502	2	0.0
502	3	0.0
502	4	0.0
502	5	0.08703277507202072
502	6	0.0
502	7	0.0
502	8	0.0
502	9	0.0
502	10	0.0
502	11	0.0
502	12	0.0
502	13	0.08703277507202072
502	14	0.08703277507202072
502	15	0.23680910023567206
502	16	0.0
502	17	0.0
502	18	0.0
502	19	0.0
502	20	0.0
502	21	0.23680910023567206
502	22	0.09430706871382952
502	23	0.0
502	24	0.0
502	25	0.0
502	26	0.0
502	27	0.0
502	28	0.0
502	29	0.0
502	30	0.0
502	31	0.0
502	32	0.0
502	33	0.23680910023567206
502	34	0.0
502	35	0.0
503	0	0.23680910023567206
503	1	0.0
503	2	0.0
503	3	0.0
503	4	0.0
503	5	0.0
503	6	0.0
503	7	0.0
503	8	0.0
503	9	0.0
503	10	0.0
503	11	0.0
503	12	0.0
503	13	0.0
503	14	0.08703277507202072
503	15	0.0
503	16	0.0
503	17	0.0
504	0	0.23680910023567206
504	1	0.0
504	2	0.0
504	3	0.0
504	4	0.0
504	5	0.0
504	6	0.0
504	7	0.0
504	8	0.0
504	9	0.0
504	10	0.0
504	11	0.0
504	12	0.0
504	13	0.0
504	14	0.08703277507202072
504	15	0.0
504	16	0.0
504	17	0.0
505	0	0.0
505	1	0.08703277507202072
505	2	0.09430706871382952
505	3	0.0
505	4	0.0
505	5	0.0
505	6	0.0
505	7	0.23680910023567206
505	8	0.0
505	9	0.0
505	10	0.23680910023567206
505	11	0.0
505	12	0.0
505	13	0.0
505	14	0.0
505	15	0.08703277507202072
505	16	0.0
505	17	0.0
505	18	0.0
505	19	0.0
505	20	0.0
505	21	0.0
505	22	0.23680910023567206
505	23	0.0
505	24	0.08703277507202072
505	25	0.0
506	0	0.23680910023567206
506	1	0.0
506	2	0.0
506	3	0.08703277507202072
506	4	0.23680910023567206
506	5	0.0
506	6	0.0
506	7	0.0
506	8	0.0
506	9	0.09430706871382952
506	10	0.0
506	11	0.0
506	12	0.0
506	13	0.08703277507202072
506	14	0.0
506	15	0.0
506	16	0.0
506	17	0.0
506	18	0.0
506	19	0.0
506	20	0.0
506	21	0.23680910023567206
506	22	0.0
506	23	0.0
506	24	0.08703277507202072
507	0	0.23680910023567206
507	1	0.0
507	2	0.0
507	3	0.0
507	4	0.0
507	5	0.0
507	6	0.0
507	7	0.0
507	8	0.0
507	9	0.0
507	10	0.08703277507202072
507	11	0.0
507	12	0.08703277507202072
507	13	0.23680910023567206
507	14	0.0
507	15	0.0
507	16	0.09430706871382952
507	17	0.0
507	18	0.0
507	19	0.0
507	20	0.23680910023567206
507	21	0.0
507	22	0.0
507	23	0.0
507	24	0.0
507	25	0.0
507	26	0.0
507	27	0.08703277507202072
507	28	0.0
507	29	0.0
507	30	0.0
507	31	0.0
507	32	0.0
507	33	0.0
507	34	0.0
507	35	0.0
508	0	0.0
508	1	0.08703277507202072
508	2	0.0
508	3	0.0
508	4	0.0
508	5	0.0
508	6	0.0
508	7	0.08703277507202072
508	8	0.0
508	9	0.09430706871382952
508	10	0.0
508	11	0.0
509	0	0.0
509	1	0.0
509	2	0.0
509	3	0.0
509	4	0.0
509	5	0.0
509	6	0.08703277507202072
509	7	0.23680910023567206
509	8	0.0
509	9	0.0
509	10	0.0
509	11	0.23680910023567206
509	12	0.0
509	13	0.0
509	14	0.08703277507202072
509	15	0.0
509	16	0.0
509	17	0.0
509	18	0.0
509	19	0.0
509	20	0.08703277507202072
509	21	0.0
