342	0	2.285040236364905
342	1	3.427075412026637
342	2	-1.2289886448252556
342	3	-1.2288008043428653
342	4	-0.5143772955266549
342	5	-1.227590107502217
342	6	0.03750316940513467
342	7	-1.2221548612692545
342	8	-0.4085251743321916
342	9	0.10657672722728259
342	10	0.10561176243218708
342	11	1.0891736990536216
342	12	0.2931240251949821
342	13	-1.2266781810926586
342	14	-0.23428751174678325
342	15	-1.218423952669861
342	16	1.4081432967280234
342	17	2.9842012415484636
342	18	0.2871168151981385
342	19	-1.1016934736033714
342	20	-0.2750361788546866
342	21	0.8432243057216928
342	22	-0.6378640670744081
342	23	0.13421990878297976
342	24	-0.8566900971735746
342	25	-0.7886924381030248
343	0	-0.2521995137698935
343	1	-1.4320690682206052
343	2	2.47874200112084
343	3	-1.988505465892472
343	4	0.9942645078185894
343	5	1.0212650796029779
343	6	-0.868942223548842
343	7	0.3513054024116949
343	8	1.0663513267149904
343	9	0.3153744780143316
343	10	-0.18680137485705428
343	11	-0.29598303937765846
343	12	0.3045688950498357
343	13	-0.42442357302258665
343	14	0.3248523680274078
343	15	1.2896420211682815
343	16	0.5105714102561358
343	17	-0.24258851742936616
344	0	0.23906581040303404
344	1	2.197255086225097
344	2	0.9661147440454764
344	3	-0.5439874158088045
344	4	-0.8226550814099338
344	5	0.14990190984227506
344	6	0.02274153412981937
344	7	0.02186969672917372
344	8	-0.5982522932010506
344	9	-0.822984178939576
344	10	-0.8181724696893395
344	11	-0.8157369280349889
344	12	-0.4877890605882663
344	13	1.0577291917502265
344	14	-0.5554994434640983
344	15	-0.7234987868474004
344	16	0.07807740315940913
344	17	3.0355365899357487
344	18	0.7734638480012384
344	19	-0.6261003407914101
344	20	-1.462333460943524
344	21	0.5155748038750289
344	22	2.7072562537725635
344	23	0.3328361527997685
344	24	0.7597097437789847
344	25	0.688685565556043
345	0	-1.0933018662948222
345	1	1.0685291450015035
345	2	-0.49992686426899763
345	3	0.12106416879307204
345	4	-0.4558340725377093
345	5	-0.4472125343649591
345	6	-0.4521879300176234
345	7	-0.38893670155663085
345	8	2.2708344914317817
345	9	-0.45683766449669966
345	10	0.3266607908154552
345	11	0.558462769745485
345	12	-0.448491081240206
345	13	0.16285169227590654
345	14	-0.6287544829418851
345	15	0.12933832467049405
345	16	-0.45591918100104617
345	17	3.3752883733001067
345	18	0.7419863454260749
345	19	1.4245000236964014
345	20	-0.26032542655417157
345	21	0.29772615539148267
345	22	2.8769970862857384
345	23	0.8803395602543089
345	24	0.8600259234548774
345	25	0.807954592898436
346	0	-0.13526150537735226
346	1	1.6899332312136106
346	2	0.5306875194295723
346	3	-0.014533926624280942
346	4	1.1316264129902827
346	5	3.0306837721034117
347	0	-0.41077434536189233
347	1	-0.41375162828662554
347	2	-0.45844811352346687
347	3	0.16262402475023327
347	4	0.1439138570684805
347	5	1.1022198000568286
347	6	2.4114450122012454
347	7	-0.11991861925164395
347	8	-0.4067723108575534
347	9	-0.41470501146026434
347	10	0.5373689275096724
347	11	-0.4056094460273914
347	12	0.616824179857467
348	0	-0.17419044238645334
348	1	0.81857651533563
348	2	-0.1759325271226433
348	3	-0.22099261572305845
348	4	0.4000080621799598
348	5	0.40085155690595703
348	6	-0.10306644757781051
348	7	1.3945274141466282
348	8	0.5932867322997483
348	9	2.494322042324035
348	10	-0.1639026943851315
348	11	-0.1777782230924928
348	12	-0.16998557100451814
349	0	2.9713957831006916
349	1	-0.27773694889561995
349	2	-0.330281042935764
349	3	0.30457334724230845
349	4	-0.286651173967495
349	5	-0.28545088941782
349	6	-0.910485165907275
349	7	2.379901728024719
349	8	-0.27541629500978554
349	9	0.2902521526169875
349	10	0.7077100532380521
349	11	0.29228544747946206
349	12	1.2433536235170315
349	13	0.5010973924582772
349	14	-0.20433763294998247
349	15	-0.28530555092459237
350	0	-0.27986929143563716
350	1	0.9670277682305557
350	2	-0.2750414896439047
350	3	3.545196722224361
350	4	-0.2820331044073679
350	5	-0.32643197674087676
350	6	-0.2820794603853742
350	7	2.3964304666803735
350	8	0.6922407795569466
350	9	-0.2126565346620082
350	10	1.2219882494487135
350	11	-0.27198849646785045
350	12	-0.27907241106709585
350	13	0.3173776504463942
350	14	0.5251933745559301
350	15	0.29439836085838306
351	0	-0.46093207076348874
351	1	0.7560158066720362
351	2	-0.4598308486891719
351	3	3.3789472089743593
351	4	-0.4544595913439041
351	5	-0.46159472326737533
351	6	-0.5056180401979234
351	7	1.0925878485965341
351	8	2.2517704973492934
351	9	0.30617690279414783
351	10	-0.39440255129858964
351	11	-0.4589904448764949
351	12	0.5115733440392369
351	13	0.11734302051201248
351	14	0.11533395908075518
351	15	-0.45172079295534057
352	0	-0.18248888039195732
352	1	-0.18401162179757619
352	2	-0.18458837432150607
352	3	0.41507290136854463
352	4	-0.18112393468422525
352	5	0.5838206042546438
352	6	0.3935054666572164
352	7	-0.1715075099215479
352	8	-0.22832446086536115
352	9	-0.1773618884501976
352	10	-0.11166123428758977
352	11	1.3460217854384442
352	12	0.7705729122134097
352	13	3.0086230038786286
353	0	-0.1847413267077456
353	1	-0.18703241944828758
353	2	1.3785576508630448
353	3	0.8059650637050476
353	4	0.6008127981882602
353	5	0.369929241801013
353	6	-0.1845685742288827
353	7	3.003611676936708
353	8	-0.23093013544465388
353	9	-0.1797010109813258
353	10	-0.18780390265946809
353	11	-0.11482729636797616
353	12	-0.17551627505596723
353	13	0.38932457196310677
354	0	2.867339489976263
354	1	3.063739984581437
354	2	-0.3717885543438748
354	3	-0.36974656600318256
354	4	-0.3708768498383305
354	5	-0.4142935148366138
354	6	-0.3604235376098317
354	7	-1.2004116638297837
354	8	0.46232319413233314
354	9	-3.013158275980538
354	10	-1.8932838363905318
354	11	-1.1583446776685489
354	12	-1.7791070123354462
354	13	-1.9119345744353302
354	14	-2.64642667090947
354	15	0.4169080941384598
354	16	0.20642172168831033
354	17	0.18498867640578523
354	18	1.1548171090492991
354	19	-0.30359337857671537
354	20	0.6197228089509456
354	21	-0.3638208614940327
354	22	-0.36949595164801713
355	0	3.4051475380725726
355	1	-0.43600409433992465
355	2	-0.4802463046367509
355	3	2.846749889050922
355	4	-0.4372671445310086
355	5	-0.4367466432755933
355	6	-0.3604073103640224
355	7	-0.4271258059122329
355	8	-0.4328673159953064
355	9	0.30925236449608956
355	10	0.5166371603359678
355	11	0.1364306055451156
355	12	0.14042660210701283
355	13	-0.42863177613888986
355	14	1.1185953731901035
355	15	-0.6096032686772762
355	16	0.15356243977380982
355	17	0.7384998038312156
355	18	1.9034695573233535
355	19	0.8794636145716167
355	20	1.0640172334488074
355	21	0.8093134003048933
355	22	-0.056397278918526174
356	0	-0.1952848540443478
356	1	-0.19702188240153665
356	2	0.79573612128884
356	3	0.3826896407959315
356	4	0.5510268089413716
356	5	-0.24127331376816935
356	6	-0.18737890679615962
356	7	-0.19403797581983234
356	8	0.3804876803153493
356	9	-0.1278161860410921
356	10	1.3238226573743088
356	11	3.1353945220782893
356	12	-0.19759246670106986
356	13	-0.18873297910600395
357	0	-0.270111567773763
357	1	3.374320552542508
357	2	2.980464856924855
357	3	-0.22550067658360928
357	4	-0.2250377557677334
357	5	-0.22689806179988323
357	6	-0.2184327673194022
357	7	0.775080160836471
357	8	-0.22393991108646122
358	0	3.5710365033219076
358	1	-0.33335554193093875
358	2	-0.2741789492577575
358	3	0.9582320591787481
358	4	-0.28920477975331427
358	5	-0.28220259413048193
358	6	-0.2897386135540544
358	7	-0.27145409156589606
358	8	2.906027393765435
359	0	-0.20405681908374335
359	1	-0.22786111323364508
359	2	-0.21019606905803898
359	3	3.616493753267759
359	4	-0.2282663640069836
359	5	-0.2726786400647536
359	6	3.019928537243999
359	7	-0.22122565457198626
359	8	1.0123222816417177
360	0	0.3683106710475166
360	1	-4.977282538190679
360	2	-3.9130065002629055
360	3	3.460182263015139
360	4	-3.5819878590575374
360	5	-2.7527325384168777
360	6	-0.5346366469379783
360	7	-2.2490285344837333
360	8	2.8592719754211804
360	9	-0.5622615622779453
360	10	-1.1159222248166227
360	11	-0.39326699784763813
360	12	-0.785059177729804
360	13	-1.5636688735021753
360	14	-0.6039722339570408
360	15	-0.43264804748062385
361	0	0.20678764282049458
361	1	2.896489881260407
361	2	-0.5489689877231801
361	3	0.38501595174615294
361	4	-0.4221964385544487
361	5	-0.3180980470245276
361	6	0.23968671323567906
361	7	-1.0172561244306761
361	8	0.19845830083984925
361	9	-0.18350014460795805
361	10	0.9740593646113327
361	11	1.47745777642507
361	12	2.941050386125863
361	13	0.37641941120439004
361	14	1.1647765323852255
361	15	3.43924321866048
362	0	0.6222571417383291
362	1	-1.5568541048310727
362	2	2.683281238330563
362	3	1.1996533441539843
362	4	-0.48031528319452405
362	5	0.6951367041232284
362	6	-0.16254098198128217
362	7	2.4190322429961144
362	8	2.928812494618189
362	9	-0.32050167976136695
362	10	-0.15418861196637193
362	11	-1.0908302029166768
362	12	-0.8554347164627629
362	13	-0.3339136595451475
362	14	-0.3419667087818846
362	15	-0.9634291559723693
362	16	-1.4055603862057966
362	17	-1.4438793706410988
362	18	-2.3400978977954634
362	19	-0.167472241602358
362	20	-1.2204519807174559
362	21	-0.5089221413353752
362	22	-14.903573464131792
363	0	-6.083720835361689
363	1	-2.0119373799666405
363	2	3.140316547550444
363	3	0.2826296997228158
363	4	1.2189777322873472
363	5	0.2904793356622625
363	6	-0.22951536326921937
363	7	0.28234840502337677
363	8	-0.3383085790357827
363	9	0.490568823075108
363	10	-0.46664051764542824
363	11	1.239467220262767
363	12	0.9684117481279677
363	13	0.08715918193909265
363	14	1.1069050535866625
363	15	1.0218417014880452
363	16	1.2072440080820874
363	17	-2.812374562478445
364	0	-0.18925406333390946
364	1	3.0247716390962522
364	2	-0.17717335992235012
364	3	0.7495773599662798
364	4	1.5672834191590235
364	5	-0.2314848050545073
364	6	-0.12735269137714056
364	7	-0.36128029116434973
364	8	0.5853602090945963
364	9	0.38830632066165716
364	10	0.4062078449895723
364	11	0.4054124099167637
365	0	-0.2724599512313557
365	1	0.6643043258709804
365	2	2.907370154387034
365	3	0.3424662406247904
365	4	0.4785297823422818
365	5	0.28384119462223045
365	6	-0.2090501992156248
365	7	-0.31830417180381665
365	8	0.3030367943260316
365	9	1.2885380884875313
365	10	-0.44558096210213244
365	11	-0.26474860959237556
365	12	2.0816855136552097
365	13	0.8383319486520103
365	14	1.0239191290831173
365	15	-0.09660302115422216
365	16	0.7738658227300932
365	17	0.76308729757224
366	0	3.044939814841183
366	1	-0.19135649477098246
366	2	-0.18108253086717663
366	3	-0.12187544070208206
366	4	0.41707784539190695
366	5	0.3858411968443802
366	6	-0.3624735059378909
366	7	0.38407910344099444
366	8	1.3469818054115372
366	9	-0.23485262418463443
366	10	0.5795864788218236
366	11	0.745920395631708
367	0	0.21260717452566882
367	1	1.1547145703115633
367	2	0.19201267899283078
367	3	0.4120881952566355
367	4	-0.30611779643871334
367	5	0.25490277843866077
367	6	-0.5585743386609895
367	7	-0.4281623129201961
367	8	2.0322055222906847
367	9	-1.2024559087520248
367	10	-0.07452749829260397
367	11	0.46205110474826994
367	12	2.8006637145075266
367	13	2.420874012227142
367	14	-2.0404445517088288
367	15	-0.6450400149094593
368	0	0.2522366457665764
368	1	-0.674594642171605
368	2	3.035104240783433
368	3	0.9667570555707435
368	4	0.6180700850638191
368	5	0.29800051016360685
368	6	-0.5023297756850021
368	7	0.3618343011488662
368	8	0.4318591057881001
368	9	-0.3203776996956562
368	10	-0.4459065679655495
368	11	-0.2137960433790063
368	12	1.2749056336288564
368	13	0.29249684675990995
368	14	0.28104373208592565
368	15	0.4879734615706465
368	16	0.2993462108142138
368	17	-0.6678373972316705
369	0	-0.28790411980203573
369	1	2.9423381599168743
369	2	0.636369302198177
369	3	1.2098637535564756
369	4	1.0245761950178172
369	5	0.941630777115273
369	6	0.08964207275386847
369	7	1.2715194367864497
369	8	0.8875292851461947
369	9	-0.28166622051842016
369	10	1.2266102407492252
369	11	-0.4647725588302748
369	12	0.48140316814018547
369	13	0.3082646551148843
369	14	-0.22673494750990406
369	15	0.27834869290715714
369	16	0.2844842820826841
369	17	-0.3369035031580473
370	0	-3.9206163356085333
370	1	-3.899803554385031
370	2	-3.929304400325497
370	3	-3.921799559078313
370	4	-0.35429159546056505
370	5	0.3713702965940706
370	6	2.3484890053030436
370	7	-0.17715530362704707
370	8	0.6826801197119591
370	9	0.32138947377137006
370	10	0.5644449032127221
371	0	-0.512597653540212
371	1	0.24296570240508
371	2	2.766064782234088
371	3	-0.5041077890095309
371	4	0.4212942466365028
371	5	-0.44904024193757547
371	6	-0.5562615877782316
371	7	0.0637935944212845
371	8	-0.4839701391618398
371	9	0.06092944819453129
371	10	0.08039072872170448
371	11	1.0226171795861734
371	12	0.5824102583887376
371	13	1.0506010845703757
371	14	0.9865631379091382
371	15	0.6712190301526637
371	16	0.8013467019227722
371	17	0.5189904049575078
371	18	-0.30737065645686645
372	0	2.952218298726233
372	1	-0.30328637551260085
372	2	0.25040455736095696
372	3	0.8725660572667737
372	4	2.0165181538219
372	5	0.5681868249699641
372	6	-0.29669828618501115
372	7	1.1966105701929768
372	8	1.0113357875694815
372	9	-0.2963774513997068
372	10	0.27300093119047447
372	11	1.2223431895938859
372	12	-0.22885311313049014
372	13	0.2862224526159617
372	14	0.2705304400983078
372	15	0.49969655812313124
372	16	0.26039985365475105
372	17	-0.3508820648783598
372	18	-0.47911061150877016
373	0	-0.3266853126391005
373	1	-0.831222467360881
373	2	-1.0389560606865256
373	3	0.19871551002601665
373	4	-4.802039762490683
373	5	-1.0356050384917794
373	6	2.925247620481302
373	7	-1.00137831227969
373	8	-0.4426571765538959
373	9	1.133548197370175
373	10	0.17791039154702012
373	11	0.3889542072222614
373	12	-0.39041580663451175
373	13	0.03663233357677747
373	14	0.21414647443909193
373	15	-0.4018071368357005
373	16	0.1667722342806425
373	17	-2.4906852572985416
373	18	-0.5700224965127305
373	19	2.02625791665906
373	20	0.11622983227552965
373	21	-1.6574274599147167
373	22	0.15425226647654097
373	23	0.8744745635932165
374	0	2.184859184934563
374	1	-0.5422647324955064
374	2	0.9517406389633059
374	3	1.0790670208911526
374	4	0.3004283497269374
374	5	0.7656329970652652
375	0	0.9499902547986091
375	1	3.239288635629462
375	2	-0.3987536216290953
375	3	-1.7096840221869505
375	4	-1.08367459817218
375	5	-1.2370796569432403
375	6	2.630919608415534
375	7	0.5240578124209305
375	8	1.0385007438720726
375	9	-0.026673927315066546
375	10	-0.030477615726411843
375	11	0.16937850983088612
375	12	-0.7620501013468896
375	13	-0.5308447744190394
375	14	0.017895948046740228
375	15	-0.021658310457570835
375	16	-0.6430422815106932
375	17	0.9889973001959073
375	18	-0.44110005287989357
375	19	1.0547215768711355
375	20	0.8132737522025792
375	21	-3.8590596710254204
376	0	1.0561661891591456
376	1	3.5117183880311833
376	2	2.9867027537766826
376	3	-0.14178736257291824
376	4	0.83562915256955
376	5	-0.9783248644776226
376	6	2.9689207490724336
376	7	0.42022803046585755
376	8	1.13198965917279
377	0	-1.383320460271159
377	1	-1.4029514930379368
377	2	-0.04944254461220739
377	3	-1.3823157226629716
377	4	-0.39573384608573503
377	5	3.0386318616236228
377	6	-0.7245198688777783
377	7	-1.3607234880886485
377	8	-1.325982200218219
377	9	-1.173956344017438
377	10	-0.2218901198803124
377	11	-0.2421189851764908
377	12	-0.8428155942245624
377	13	1.0850250250672553
377	14	-0.24696194683460634
377	15	0.6946438393502918
377	16	-0.9643985614226176
377	17	-0.16840768129763242
377	18	-0.23335940733195656
377	19	3.395066412342696
377	20	-1.4117036333456738
377	21	0.694970717586344
377	22	-0.8571366478842773
377	23	-1.085043356522521
377	24	0.05221359705299782
377	25	-0.35461368762700013
377	26	0.6457218504215939
377	27	0.702659544351412
377	28	-0.7905300761727546
377	29	0.019930841780195083
377	30	0.019948720946897244
377	31	0.020514789220759236
377	32	0.02523490479247561
377	33	-1.741730360319377
377	34	0.03750944163517564
378	0	-0.545006553391336
378	1	2.2640987556317445
378	2	0.05683308966850131
378	3	0.3776840732110558
378	4	0.16918007384427866
378	5	-0.676174824657993
378	6	0.04574789134406719
378	7	-0.17530352973019955
378	8	-0.7177735566658453
379	0	-15.045731270491268
379	1	0.01536718269810237
379	2	0.2666028846151871
379	3	-0.8592177939433265
379	4	-0.1071061347293009
379	5	0.08647742813028066
379	6	2.083995483825012
379	7	-0.6613124642666615
379	8	-0.9801488509537393
379	9	-0.41889736652051063
379	10	-1.8755195353149843
379	11	-0.6231526810475551
379	12	0.3061646940549161
379	13	-0.21595042945277437
379	14	-0.8628603103742875
379	15	-0.10654907444061837
379	16	-0.043858547008855046
379	17	1.099439047460601
379	18	-0.4373900462995274
379	19	-1.2342833999200757
379	20	2.842706427190588
379	21	0.2998861671780044
379	22	-0.2865553220965749
379	23	2.683923865963182
379	24	0.6271017009937428
379	25	-0.9423402891415107
379	26	0.8667608005729783
380	0	-0.12575475153092924
380	1	-0.0017573679573851617
380	2	0.3666672948740155
380	3	0.5891283790660358
380	4	0.9377128753307331
380	5	-0.49687348962458255
381	0	-0.008630253257938654
381	1	0.6598464306708356
381	2	0.9849238337607407
381	3	0.9154468660716154
381	4	-0.37451516153532616
381	5	-0.13166057291588038
382	0	-0.7032662908808057
382	1	-0.026678841620252466
382	2	-0.8242732493814001
382	3	0.7650969142422105
382	4	0.9198694970990486
382	5	-0.02744153271662429
382	6	0.5411522718615016
382	7	-0.17787778686095015
382	8	-0.15121445254053636
382	9	0.12127260965636362
382	10	-1.1340849846850454
382	11	0.690117841112388
382	12	2.68833250878291
383	0	-2.175316704608169
383	1	-2.4007672560672613
383	2	-2.412121792824161
383	3	0.2960836614081548
383	4	0.47065205287355244
383	5	-0.5315890378343883
383	6	-0.589364167675695
383	7	-2.0575633696656728
383	8	-2.38372579011688
383	9	2.176555721878358
383	10	-0.4244630132185089
383	11	-1.9069818953756226
383	12	-0.5893885193459978
383	13	-0.4447548752387848
383	14	0.35034170994906244
383	15	-1.962760175491534
383	16	0.08920198173978887
383	17	-0.6551846632784457
383	18	2.683152361810234
383	19	0.0757558221771772
383	20	0.658500806712542
383	21	-1.8069173349056937
383	22	-1.538261359506512
383	23	0.009182895537414268
383	24	-0.29518310647604945
383	25	2.8650184156489464
383	26	0.8762603516353458
383	27	-0.3233307233618646
383	28	-1.1510607959333377
383	29	-1.1694907066176132
383	30	0.0519978929007011
383	31	0.33428868639951337
383	32	-1.159913510935751
383	33	-1.1631159495156893
383	34	-0.1160762789394564
383	35	0.38664863024985224
384	0	2.7110617989933066
384	1	-0.1348564750175397
384	2	0.2302381460617357
384	3	-0.4621165381501263
384	4	-0.5767232605366394
384	5	0.9776012088498903
384	6	0.49441819639563284
384	7	-0.5239467448774298
384	8	0.04482284348019858
384	9	-0.4720351348637887
384	10	-0.4876058829650067
384	11	0.041796930528904014
384	12	-0.4938483967670215
384	13	-0.5140712313841264
384	14	-0.4794946095595554
384	15	-0.697098156686313
384	16	0.0796173388708959
384	17	-1.1744376801231413
384	18	0.03382439740483323
384	19	-0.5319549699517752
384	20	0.634340104436455
384	21	-0.3361732020094535
384	22	3.303372275493529
384	23	0.6805997185758976
384	24	0.023077574505256413
384	25	0.2239562381558923
384	26	2.8171330000766384
384	27	0.7930111038362726
384	28	-0.5149896114562096
384	29	-0.533262311018174
384	30	0.9698587932629679
384	31	0.37414172511980387
384	32	0.8573980844222426
384	33	0.5966633371856286
384	34	-0.5247505382729313
384	35	-0.5291569736948409
385	0	1.2001328464486294
385	1	0.14485319260482973
385	2	-0.2870607725238811
385	3	2.9103551975875126
385	4	0.25912602896924314
385	5	-0.25794564938317116
385	6	-0.25514710735247914
385	7	0.6701822077392242
385	8	-0.2739470331183228
385	9	0.2594762744851527
385	10	-0.2644974446964996
385	11	0.4436008959750478
385	12	-0.36296521763072837
385	13	-0.2798164418644158
385	14	-0.30883383537380044
385	15	-0.48266289610542096
385	16	0.2485368984837988
385	17	0.29435233989953524
385	18	-0.31547481831087665
385	19	3.5214161214263346
385	20	0.9797094990033413
385	21	0.8129735887547811
385	22	1.1860054685112262
386	0	1.3483893598058432
386	1	1.057478770822724
386	2	-0.47897762067124405
386	3	1.8018083749221274
386	4	0.978609269187841
386	5	0.4001174445203695
386	6	0.2688776653405156
386	7	-4.26941026323609
386	8	-0.4894401372491881
387	0	1.0014082219522402
387	1	1.374797497509772
387	2	0.7890354462266718
387	3	1.354347080131772
387	4	1.4228775488166512
387	5	-0.12032301924807029
388	0	1.1963543182180778
388	1	-0.12145633174381022
388	2	0.7512770498848287
388	3	1.3729079417159722
388	4	1.1477264569268226
388	5	0.999465788324198
389	0	-0.12973328842754098
389	1	0.7610008526751383
389	2	1.365669954057599
389	3	1.5081089517120356
389	4	1.0642146281332794
389	5	0.9926449717934736
389	6	0.33008585025655457
390	0	-0.959997499644062
390	1	-0.980445651231269
390	2	-1.0218152768189404
390	3	-0.2620156190856469
390	4	-0.9852350088781535
390	5	-0.971854513831888
390	6	-1.0019995495341134
390	7	2.1787861345229937
390	8	-0.4762932520183743
390	9	-0.0242389605488598
390	10	-1.0154622815887921
390	11	0.5188187932025075
390	12	-0.45915945658767077
390	13	-1.0790936530191417
390	14	-0.8176422133796387
390	15	-0.23639891765552615
390	16	-1.1727128799396072
390	17	-1.0334838942146864
390	18	-0.4688287602958118
390	19	-0.3902446071275041
390	20	-1.1993024611585472
390	21	-0.8130930772365642
390	22	-2.0127009760491967
390	23	0.8141407081779637
390	24	2.798399258907988
390	25	0.7104037076996124
390	26	0.9652278090581644
390	27	0.4998208478203896
390	28	1.0828655920167318
390	29	-0.41303415329427134
390	30	0.3415276927481668
390	31	-0.8435631852881464
391	0	1.2721871272338086
391	1	0.72127830991407
391	2	0.9857524913960644
391	3	1.3586948542064634
391	4	-0.1348740175520907
391	5	1.289774156286346
391	6	0.613247703672048
391	7	-0.122340377271501
392	0	-0.504867187961815
392	1	0.9614013471466661
392	2	-0.5148793859725959
392	3	-0.5283094938042814
392	4	0.4497262656502958
392	5	0.22221669768216873
392	6	0.014125714843514228
392	7	-0.4952933328540271
392	8	-0.530415674434137
392	9	0.016492063511804197
392	10	2.675015357250377
392	11	-0.6028291411048341
392	12	-0.5521524498254292
392	13	-0.2833059844486688
392	14	-0.4718591819022617
392	15	0.006190061517740692
392	16	0.05450767290621107
392	17	-0.7252326185269073
392	18	1.0654976334690232
392	19	3.3119084096777707
392	20	-0.5592981122944604
392	21	0.7303439368991108
392	22	1.1042765498885725
392	23	0.5047061381276725
392	24	-0.3921787117143471
392	25	1.0612650378464354
392	26	0.3599675377013014
392	27	-0.37846158129578844
393	0	0.9319529948086122
393	1	2.016105890928111
393	2	-0.18863678767281228
393	3	1.3049652791972244
393	4	1.2537787248988193
393	5	0.7076567934072429
393	6	0.5592283948691339
393	7	-0.1767954635104772
393	8	-0.1325261730658697
393	9	-0.5804268598850861
393	10	0.36201109689641775
393	11	0.570359130182999
393	12	0.8133868659857172
393	13	0.36623712007945075
394	0	-1.6761897657706342
394	1	-1.7969863907691614
394	2	-1.0356283091778833
394	3	-0.4452753632492848
394	4	-0.6298029205212761
394	5	-1.3434405469372805
394	6	-1.0003547110558162
394	7	-1.1093086187266266
394	8	-2.848995213590708
394	9	-0.9558761553840652
394	10	0.24249120865664317
394	11	-0.1266903906871423
394	12	1.582024341393905
394	13	0.22308302126379403
394	14	0.1414421316892058
394	15	2.222727290547067
394	16	2.0668809323834574
394	17	-0.6613406088840903
395	0	1.1571662537886278
395	1	2.930923008579246
395	2	2.6357539840976467
395	3	-1.034772655910903
395	4	3.4863772166239224
395	5	0.9692821120322594
395	6	-0.3515970597300784
395	7	-0.19879018408797344
395	8	0.3597134831897969
395	9	0.22145756481225642
395	10	0.950926679721364
395	11	-1.4679154023686218
395	12	0.17961703988924269
395	13	-0.5590327661314699
395	14	0.175206104888388
395	15	-0.3265106320830584
395	16	-0.44045575748858873
395	17	0.3903440973749043
395	18	-1.14009582562434
396	0	0.5769679315736105
396	1	-0.11405086726142856
396	2	-0.1501125438397703
396	3	0.002185602783469678
396	4	1.1678682746457711
396	5	2.7837796455385124
396	6	1.202442140782869
397	0	-1.196506820010634
397	1	1.0395439081016338
397	2	-0.3026819582722285
397	3	-0.15080420797492744
397	4	0.20372701749978564
397	5	1.0117837108219705
397	6	2.7719034738716344
397	7	0.028154249261168683
397	8	3.3004567547063686
397	9	1.0044320344494935
397	10	2.5358848453143685
398	0	0.4047777333871821
398	1	3.5089248529835984
398	2	1.0659619621692076
398	3	2.962448636619154
398	4	-0.9972032724242083
398	5	-0.16071566540030563
398	6	0.9598711949452907
398	7	2.588846419261213
398	8	0.23152055327736532
398	9	1.2060785141116617
398	10	-0.3137913611509669
399	0	2.5245399759346276
399	1	0.8536051366152196
399	2	-1.3948065930624018
399	3	-8.451011751543144
399	4	0.026310530187472293
399	5	-5.7168101056515095
399	6	-3.693105285129442
399	7	-3.750736879973349
399	8	-3.5440550471078334
399	9	-3.7390350623201143
399	10	-3.7062936454407818
399	11	-3.6612040949981175
399	12	-8.703953386217105
399	13	-1.8652003371493577
399	14	0.004551426333793548
399	15	-8.69921499367666
399	16	-8.704984221512602
399	17	-3.7817173644097504
399	18	-1.7446851592494652
399	19	3.0914987494628323
399	20	-0.16738321699677647
399	21	-1.124426371598222
399	22	-3.7593460912265315
399	23	-1.1448774696350266
399	24	-1.1092137519049092
399	25	-5.705598335364722
399	26	-2.46087220841123
399	27	-2.417982098261129
399	28	-3.5254097169883245
399	29	-3.5397644906597514
399	30	-2.0443506606497244
399	31	0.29591826405105753
399	32	0.016466730986906843
399	33	-2.0596716942840083
399	34	-5.22000502055183
399	35	0.5771140459018828
399	36	2.248144259259844
399	37	0.6904137421705652
399	38	-6.758001028698581
399	39	-1.4238369217604354
399	40	-0.7262601680101515
399	41	-1.1045494690229325
399	42	-1.1372706650476192
399	43	-0.7149799503482825
399	44	-0.7484431893358379
400	0	1.1099597531010912
400	1	-0.48300405978120664
400	2	3.486778530089134
400	3	-0.4178269975187913
400	4	4.82868365058747
400	5	0.9143778996602367
400	6	2.592980903689292
400	7	-0.1911708200234463
400	8	-0.42259002007643937
401	0	-0.13180457179736546
401	1	2.6482179486082447
401	2	2.893890370168318
401	3	0.49430173735994604
401	4	-0.41802168072089235
401	5	0.9920887308684452
401	6	-0.29811975486189296
401	7	-0.3805350151683267
401	8	-1.5337796851529488
401	9	3.4577531166416713
401	10	1.1432197265950954
401	11	-0.32107507818633985
401	12	-0.09465031765795584
401	13	-0.8278412493476565
401	14	-0.31308998755334055
401	15	-0.3307485551212643
401	16	-1.0534716128269102
401	17	-0.47849606879897955
401	18	-0.26150741396972477
401	19	0.13562322015291947
402	0	0.27166592918018617
402	1	0.4420203170244659
402	2	-1.2210138644985067
402	3	-0.3167428818567601
402	4	0.19299403880730517
402	5	-0.10239014291595054
403	0	0.7922518860668872
403	1	-0.24600620498104164
403	2	0.7369092105540372
403	3	-0.0821678917826805
403	4	2.4698848339957364
403	5	0.7196083315348158
403	6	2.3841750044427923
403	7	-0.6030764894438952
403	8	3.1054808017021824
403	9	-1.4816845674642456
403	10	-0.6377223057093825
404	0	1.1553784808966316
404	1	0.3520544748665193
404	2	-1.0468529589919815
404	3	1.0492331382618862
404	4	3.5144593128967263
404	5	-0.3929413664194807
404	6	2.9013691621024
404	7	0.1836018244265386
404	8	-0.359703019501185
404	9	0.9242875205319177
404	10	2.5179848444978563
404	11	-1.2126543220799388
404	12	-0.4950420904117221
405	0	1.1988134664842078
405	1	0.40218061428543656
405	2	-0.9951788795204358
405	3	0.24793756072318607
405	4	-0.3417578484518233
405	5	-0.3082126125507149
405	6	1.0359237117157156
405	7	3.5784469167451363
405	8	0.9987368800848946
405	9	3.087091435201852
405	10	2.5557283967745748
406	0	-0.2256722399983644
406	1	0.9270775309786593
406	2	3.5262352788243656
406	3	1.0233020899039642
406	4	-0.3786122739267012
406	5	2.6719948155240276
406	6	0.3372021202473922
406	7	1.1112075575918359
406	8	0.16839991595286014
406	9	2.8842362424482477
406	10	-1.0606112241253545
407	0	-0.9899778802859036
407	1	-0.1545998239489908
407	2	1.0588428646848098
407	3	0.24547669470418315
407	4	3.536318423515022
407	5	0.968033112368345
407	6	2.9862083771441523
407	7	1.1932254833165596
407	8	-0.3078473979120144
407	9	2.555765888897804
407	10	0.4097556631227974
408	0	0.41545461571322523
408	1	-0.9887014414795567
408	2	2.6017973690329144
408	3	-0.15085908621411837
408	4	1.0991613583475497
408	5	1.195078222362997
408	6	-0.304331862459265
408	7	0.24071061821628215
408	8	2.967833109022704
408	9	0.9962369260384983
408	10	3.52698567382406
409	0	2.7102715410628795
409	1	-0.15463768083765433
409	2	0.9748039595707217
409	3	1.116188620121782
409	4	0.4087547474765127
409	5	0.2466950862207774
409	6	-0.3068704017923977
409	7	2.9202941225642904
409	8	-0.9918839087101575
409	9	3.518593310632374
409	10	1.1869843918027225
410	0	-0.9975322207491674
410	1	-0.3140999056802119
410	2	0.40283248278951883
410	3	0.21460499544753348
410	4	3.514500444867034
410	5	2.6553659947935473
410	6	-0.16218529599596804
410	7	1.1205840315775264
410	8	2.968572414086257
410	9	1.148654545742001
410	10	0.9820240729714911
411	0	3.495665845381571
411	1	-1.0287381395462696
411	2	0.9851349229195988
411	3	-0.3450417363907073
411	4	-0.1920874589670617
411	5	2.963873558386332
411	6	2.8646118783783474
411	7	1.160972964854909
411	8	0.3703023036065799
411	9	1.0371103336200125
411	10	0.20485425215162
411	11	-4.856338937090175
411	12	-3.376671265023575
411	13	-3.3880787879866126
411	14	-3.39293826109391
411	15	-1.8765381772782457
411	16	-2.883584415450327
411	17	-2.623849480283539
412	0	2.537464461940682
412	1	0.8802283358064277
412	2	-1.1497654108402242
412	3	0.8069654787468443
412	4	-0.31214729308964057
412	5	2.838627169763058
412	6	3.3729417353656435
412	7	0.2507325143784917
412	8	1.0113928523327342
412	9	-0.46503112260844254
412	10	0.0980798167490073
412	11	0.0884496805217713
412	12	-0.5036495803301166
412	13	0.06871006164611769
412	14	0.2779537478669455
412	15	0.08085236178801199
412	16	-0.44564339093586575
412	17	0.05788687972582902
412	18	-5.36482669786898
412	19	-3.4649752315231295
412	20	-5.315187802544844
412	21	-5.324174303164832
412	22	-4.522527610035421
412	23	-5.179301098873859
412	24	-5.34826652662562
412	25	-5.378070524924898
412	26	-4.641503660752353
412	27	-5.383943407166918
412	28	-4.830296677570768
412	29	-2.899393057526452
412	30	-2.633421898355165
412	31	-2.7357276495990153
412	32	-3.085986225216829
412	33	-4.127076489604004
412	34	-3.0076691219319796
412	35	-3.9932334698430503
413	0	2.8718471778002335
413	1	-0.40527735592017883
413	2	1.0234930300378764
413	3	-0.3862171820537744
413	4	3.3910424357637567
413	5	-0.4194232390451274
413	6	-0.4328367489531217
413	7	-0.457764304595203
413	8	-0.5039536567597609
413	9	-0.3819008636522337
413	10	0.11549915932118283
413	11	1.066980036013428
413	12	0.13508276134666447
413	13	0.30397182893628427
413	14	0.5043132160355505
413	15	-0.41893759790046575
413	16	-0.45011068234985246
413	17	-0.15994894709594368
413	18	0.8969409420955253
413	19	0.2939405432226479
413	20	-1.1059485019543895
413	21	2.564439437057876
413	22	-0.26704859507986534
413	23	0.13820463454739634
413	24	0.8807691534604071
413	25	0.10399242657796184
413	26	0.12719805901162154
413	27	-0.45858906083750123
413	28	0.0948964031470928
413	29	-0.6254710783108115
414	0	2.8134485384580583
414	1	-0.403391173902155
414	2	0.1649555349083421
414	3	-0.40728521882736224
414	4	-0.41424762656274344
414	5	-0.44251516479169395
414	6	0.2921197545165408
414	7	1.0835736662456252
414	8	-0.4972689415413744
414	9	-0.3788476291351337
414	10	0.12419411875592974
414	11	0.54019011696505
414	12	-0.4365572250042655
414	13	-0.1378995069701173
414	14	-0.3889889521980429
414	15	3.3734900573036595
414	16	0.7430384038122874
414	17	-0.45237520756384675
414	18	0.9138926791869331
414	19	0.12045978507441042
414	20	0.30516778546916135
414	21	0.9096677212915708
414	22	-1.0953126316232868
414	23	-0.2571389423583137
414	24	2.6814899319934793
414	25	0.11282202019227741
414	26	0.17751611114548815
414	27	-0.4487513473147359
414	28	0.10281621492968801
414	29	-0.617480991425497
415	0	0.253860063618967
415	1	-1.1468305592658203
415	2	2.471941310255295
415	3	2.701906541756159
415	4	1.0308847038201556
415	5	-0.3082539740772284
415	6	-0.46391407697386905
415	7	0.8179152734691195
415	8	0.1037683476586125
415	9	3.3391257927881535
415	10	0.8595841134693288
415	11	0.06897252534142742
415	12	-0.432643665357839
415	13	-0.5002312616819307
415	14	0.2569585792775583
415	15	0.06521393036383052
415	16	0.07011971280632777
415	17	0.061150545326448986
415	18	-0.4577128654443107
415	19	0.5192017219180673
415	20	-0.5516510213060958
415	21	-0.48982634806301356
415	22	-0.4986018404312877
415	23	-0.44815248564017557
415	24	-0.2502830887756098
415	25	-0.4737759729466072
415	26	-0.6703739475239905
415	27	-0.5055358924742541
415	28	0.04961779871608088
415	29	0.7099323232615699
415	30	-1.4449002151385257
415	31	-0.3227878161046897
415	32	-0.2215589775725338
415	33	0.048738531230780716
415	34	-0.5897485448417149
415	35	-1.431391697959584
416	0	0.9208794208814868
416	1	1.1684523100707942
416	2	-0.34595069389927496
416	3	0.3668086971327822
416	4	0.9802618891882062
416	5	2.8629777442622384
416	6	-1.0333561050196218
416	7	0.2080496409588306
416	8	2.524086799652406
416	9	-0.19412338881782454
416	10	3.499971228823965
416	11	-0.32338456438476004
416	12	0.3552335875851992
416	13	-0.3856784511370099
416	14	0.16410914592177453
416	15	0.18695056005705332
416	16	0.17637671252039216
416	17	0.21825190148862172
417	0	1.020739223072444
417	1	1.1934897960217083
417	2	-0.9918503131757747
417	3	2.6969986474541914
417	4	-0.3087687866299836
417	5	3.520264454375379
417	6	0.23730483304707867
417	7	2.9525503628102077
417	8	0.9927725967048181
417	9	0.4083730779040309
417	10	-0.15603072644719856
418	0	1.0899921741016882
418	1	2.9852791998127914
418	2	0.40500973171368937
418	3	-0.31316046029230105
418	4	3.5329695656520403
418	5	0.24206615061097175
418	6	2.659977069078949
418	7	-0.9972731871150503
418	8	1.190567823962044
418	9	-0.16089891515232652
418	10	0.995255552199217
419	0	-0.30581886068979064
419	1	3.5295058246092053
419	2	1.1737205058222449
419	3	-0.1533267526582459
419	4	2.775543579291028
419	5	0.9422594180496968
419	6	1.105907364829525
419	7	0.24520644425078225
419	8	0.40949016305496155
419	9	3.1373118946491148
419	10	-0.9902303384089975
420	0	1.0764206232990698
420	1	0.4117054277769556
420	2	0.2602873792964292
420	3	-0.30410004493882836
420	4	2.9304846005248653
420	5	-0.986884704393769
420	6	3.540614779031155
420	7	-0.15124384723899087
420	8	1.0005734157115975
420	9	1.1973928537991008
420	10	2.742221455405678
421	0	-0.30987152497536236
421	1	-0.9927269782430391
421	2	2.9938935259333177
421	3	3.515954458990393
421	4	-0.15674307004126292
421	5	1.2118364633301932
421	6	0.9812585764319701
421	7	2.6157545257582386
421	8	1.058606199464296
421	9	0.4062547255992393
421	10	0.2582944929836929
422	0	-0.4053894405988056
422	1	3.412602929943061
422	2	1.0935154410230747
422	3	2.637355634631015
422	4	0.12415251707119153
422	5	0.9864122022442794
422	6	-0.43851370727997224
422	7	2.850669662719933
422	8	0.9013052581621608
422	9	-1.0948152113158818
422	10	0.30742650809731986
422	11	-1.7277865927956921
422	12	-1.5410372648052388
422	13	-1.7167788921078533
422	14	-2.229566887112875
422	15	-1.6846893038776065
422	16	-1.7159921445713908
422	17	-2.2904002790939813
423	0	-1.3522266786051245
423	1	-2.847446052918093
423	2	-1.4914161787746254
423	3	-1.7256591402939558
423	4	-1.4139655501527093
423	5	-1.9719273939904698
423	6	0.6175635993867091
423	7	-2.8340876827914743
424	0	0.2655118383374502
424	1	-2.7964480617262493
424	2	-2.234056316451725
424	3	-3.267944991072478
424	4	-0.46128137800360103
424	5	-0.45866667974654496
424	6	2.8766764296670604
424	7	-3.2146667931623405
424	8	-3.162138272950236
424	9	-3.196539023965667
424	10	0.06926415566398543
424	11	-3.2038587010431665
424	12	-3.1643152978084323
424	13	1.0460195374585517
424	14	0.07139852310515393
424	15	-3.2236896358274434
424	16	-2.66846888765615
424	17	0.08364989697646626
424	18	-3.3886224891076004
424	19	-1.1479363776221765
424	20	0.05608531101168474
424	21	3.3961514931415553
424	22	1.086186661638267
424	23	-0.4961212895760479
424	24	0.8308026936279083
425	0	-0.4102841268500607
425	1	0.12254030584263113
425	2	0.09130842266747105
425	3	0.1232531966812426
425	4	0.3159116365126385
425	5	0.10047435943458681
425	6	-0.9968491649530515
425	7	-0.42691853881569336
425	8	3.393371195832343
425	9	0.37748145484170426
425	10	-0.4611431881450542
425	11	-0.4158894496691395
425	12	1.052287896818165
425	13	2.7633352730733898
425	14	-1.1183983572794536
425	15	1.982223559881793
425	16	0.9268739949175653
425	17	-0.08648817441344217
426	0	0.12774638807094002
426	1	0.10545158146634366
426	2	0.5371509274833536
426	3	-0.9925055719757246
426	4	0.5008070997602082
426	5	-0.10996163982753168
426	6	-0.9809465171141765
426	7	0.6204983699170693
427	0	0.8896373603786982
427	1	-0.541100413618991
427	2	3.3560983297250253
427	3	1.0141756712429724
427	4	0.8412065849428528
427	5	0.03877001924062491
427	6	-0.5088361043463111
427	7	0.3612343157841844
427	8	-1.1949959191380433
427	9	2.862468935240213
427	10	2.475201454267543
427	11	0.00820577171274379
427	12	0.020448458850867626
427	13	0.04054425462354973
427	14	0.04241207345138334
427	15	-0.5535525951931547
427	16	-0.4975376608234416
427	17	0.19794191958354795
428	0	-1.3913963135529834
428	1	-0.30777934599638207
428	2	0.24492738080166523
428	3	0.39547683186496746
428	4	-1.3575005220714327
428	5	-1.4674022367290236
428	6	-1.4139551031143176
428	7	-1.4010596255741998
428	8	0.22110574267125616
428	9	1.1969047812081783
428	10	-1.3517611992502965
428	11	-0.4083046128718468
428	12	3.0047712366293537
428	13	-0.30559939783627565
428	14	-1.2039988711189407
428	15	-0.3441164567315249
428	16	1.027613895350509
428	17	3.5900528313030846
428	18	-1.4222059456041767
428	19	0.6555775697917666
428	20	-0.9976048908308516
428	21	-1.5886229472981674
428	22	0.20766954315040154
428	23	0.24302315047845452
428	24	-0.8684777263869878
429	0	-0.36755503604877904
429	1	-0.030539852003973727
429	2	-0.3997664283619256
429	3	3.4934422347024965
429	4	0.9671903663993953
429	5	1.1586782826403288
429	6	-0.16661031969408333
429	7	2.36767521100604
429	8	0.5934162449281908
429	9	-1.055388635205236
429	10	2.816372066156877
429	11	0.21128754963089819
429	12	-0.7849013154124472
429	13	0.15181693016712683
429	14	0.3558093629017535
429	15	-0.35714644565078213
429	16	0.18236674474075934
429	17	0.1603016312810287
430	0	3.0076569309170913
430	1	-0.7963650053211996
430	2	0.49700100829054134
430	3	-0.7438469267119524
430	4	-0.6760285544382462
430	5	-0.6924505442970426
430	6	0.2401755695046716
430	7	-0.2594674361745228
430	8	1.2729709731877825
430	9	-0.27446650780012616
430	10	-0.5150050415099523
430	11	0.2571265799822014
430	12	-0.731369844819981
430	13	-0.721177127363724
430	14	0.29340428282409325
430	15	3.6151765214837943
430	16	-0.7505113901803485
430	17	0.4963584412369796
430	18	-0.19698894271918327
431	0	0.9674318653675352
431	1	-0.24625662036004448
431	2	-0.30248799210404936
431	3	-0.37025047252145493
431	4	-0.2976623172622001
431	5	-0.32406439233535944
431	6	3.6177016797626824
431	7	-0.25676049414237984
431	8	-0.3800584052194169
431	9	-0.7560377297734057
431	10	-0.2684328915751263
431	11	0.2745049866177197
431	12	0.6721374931726125
431	13	-0.044838837870026
431	14	-0.31642295019754835
431	15	0.4681182543011074
431	16	2.936929008988323
431	17	-0.2780565024013362
431	18	0.2486642948417634
431	19	1.2392124077204774
431	20	-0.09942330896589244
431	21	-1.2606136294443822
431	22	-0.030167823453849496
432	0	0.3923651707541356
432	1	-0.4480848161058201
432	2	-1.0176041372372053
432	3	2.902272966463269
432	4	1.2366788803931301
432	5	-0.27295297089409104
432	6	-1.6718708971012908
432	7	2.0564416302872104
432	8	3.614978871134521
432	9	-0.2949765184326881
432	10	0.37055103826535296
433	0	1.0003168955787656
433	1	-1.443880806198076
433	2	-1.0149986474342687
433	3	0.6286933706713559
433	4	0.8109506245950818
433	5	-2.396371848024924
434	0	0.9876141882793228
434	1	1.1395383149875484
434	2	-0.131513217173998
434	3	0.7340072980434806
434	4	1.3598653326589476
434	5	1.274833367700074
435	0	-1.0229419608381713
435	1	-1.004724687244467
435	2	-0.48171968783036995
435	3	-1.049769913160699
435	4	-0.9848376723529265
435	5	-0.0186563046028351
435	6	-0.9893723345240518
435	7	-1.1074260421193514
435	8	-1.0369847816629019
435	9	-0.2844693850161086
435	10	0.8665178371518002
435	11	-0.6476856137706705
435	12	-0.795100199720299
435	13	2.606880662743087
435	14	-0.4861708113142314
435	15	-1.062090738564825
435	16	3.2488840249515145
435	17	0.6861652744835607
435	18	-0.6829341112522718
435	19	-1.3340825532375427
435	20	-0.49997326322394253
435	21	-0.49648541949381064
435	22	-1.2268619165982122
435	23	-0.8513689944523226
435	24	0.8370781119045124
436	0	2.5709762919233876
436	1	-0.6021322455921114
436	2	-0.6763220714504904
436	3	-0.7524583674909703
436	4	-0.6357483048008091
436	5	-0.6595976326227897
436	6	0.2975545220353753
436	7	-0.48584658650372226
436	8	-0.6470076537754571
436	9	0.10495577884629424
436	10	-0.6449433472287505
436	11	-0.13859080709671598
436	12	0.8727577072693165
436	13	-0.6857201428288316
436	14	-0.13303728869222797
436	15	3.195296655625024
436	16	-0.7070746443124466
436	17	0.5013234431242849
436	18	0.6963466247616763
436	19	1.5079010486239104
436	20	-0.6955978919858307
436	21	0.015607801112986612
436	22	-0.6641905979312364
436	23	-0.841318353207575
436	24	-1.352873958897322
436	25	-0.07106308795651041
436	26	-0.14452593078253617
436	27	-0.8743044793293047
436	28	-0.15496145543076073
436	29	0.02158601229198628
436	30	-0.20145808379985145
436	31	0.017015922719801325
436	32	0.33313828571368226
436	33	0.39053019565816705
436	34	-1.1045349182588995
436	35	-3.6726757057446533
437	0	-0.8204616277591404
437	1	-0.37103533147648526
437	2	-0.2646460909018146
437	3	-0.8253498584536088
437	4	2.8600092548197646
437	5	0.12702043248474104
437	6	-0.7807190936222067
437	7	-0.44896033586369083
437	8	-0.7759974702748154
437	9	-0.2686997407212162
437	10	-0.7985147882666224
437	11	-0.6351461684900136
437	12	-0.7691202007594821
437	13	0.7449977952328862
437	14	-0.07432406206363229
437	15	-0.2304128352375305
437	16	-1.006494746778398
437	17	-0.83149747523542
437	18	0.5110006119116548
437	19	-0.27942327186269766
437	20	-1.4889762220958773
437	21	-0.40682621387797485
437	22	0.6236511018645149
437	23	3.072956481175009
437	24	0.14796648630209558
437	25	0.2845968475837894
437	26	-0.833986365195015
437	27	0.6593634104369723
437	28	4.7513249510480176
437	29	0.05108884395689349
438	0	-1.1889278570644657
438	1	-0.29726683674669113
438	2	-0.3332269857948735
438	3	-0.38528710392247095
438	4	-0.33794949697099824
438	5	0.8715852956957283
438	6	-0.2590577874738857
438	7	-0.31860458217920895
438	8	3.5880802200156836
438	9	0.4347100959964388
438	10	-0.2771910312005711
438	11	0.23511356239518819
438	12	-0.29175499893000734
438	13	-0.10923444891648741
438	14	2.9401387143303013
438	15	1.2307112685965858
438	16	-0.2828916599895947
438	17	0.663016980387782
438	18	0.23359751200126333
439	0	-0.2987862443765819
439	1	-0.30324695710444327
439	2	-0.2896693973200901
439	3	-0.35576178338663517
439	4	-0.2885130158175047
439	5	-0.23347778317165874
439	6	-0.30830219470582126
439	7	3.629252549598214
439	8	0.9555495013685652
439	9	-0.2588712151981927
439	10	-0.24373877995511234
439	11	0.2526754718835235
439	12	0.6925779738021898
439	13	1.2804483768369153
439	14	2.959174293851737
439	15	0.26518396122287996
439	16	-0.24420989806505264
439	17	-0.03721408009126466
439	18	0.44697366830102375
440	0	0.2217265522643001
440	1	2.8917404334438963
440	2	1.1923599680646575
440	3	-0.2914730584780658
440	4	-0.0981290232333909
440	5	-0.400110681736671
440	6	-0.33740772042705613
440	7	-0.30428683124109174
440	8	0.24471698699357655
440	9	-0.2826532207456848
440	10	0.6478518341231072
440	11	-0.2823116424906099
440	12	0.40075346806202977
440	13	-0.33083255274546386
440	14	-0.34546284678516015
440	15	-0.47752014593978
440	16	-1.207125771483006
440	17	-0.4226551434515603
440	18	-0.35654893834457635
440	19	-0.48755204439437666
440	20	0.9492656633055686
440	21	3.5802531533915443
440	22	0.35656256753466
440	23	-1.0303774706585218
440	24	-1.6878889968778883
441	0	-0.2995391813140861
441	1	2.953420053592833
441	2	-0.267808318976354
441	3	-0.26130971793101365
441	4	1.268977601274087
441	5	0.265263323451329
441	6	-0.2463515415208759
441	7	0.6989793166087791
441	8	-0.3542046136672765
441	9	0.4671019158589537
441	10	0.28898228340361326
441	11	-0.28694571598007756
441	12	-0.2460644201651375
441	13	-0.0797726093383152
441	14	-0.2343798203981094
441	15	3.6088587279542064
441	16	-0.3082114910078153
441	17	0.895818848644279
442	0	-0.21067564188215956
442	1	-0.3897654235413471
442	2	-0.3814802739566001
442	3	-0.43045457686832705
442	4	-0.4102433325665141
442	5	-0.49399523198450346
442	6	3.4998839735933727
442	7	-0.4479305547721067
442	8	0.7672805812853988
442	9	-0.39393951290938917
442	10	0.12446887017550749
442	11	-0.21066343073284755
442	12	-0.39474620778548103
442	13	1.1086239627044556
442	14	-0.1637396759136434
442	15	0.10771621351130314
442	16	-0.9422776215906047
442	17	0.32624769434273954
442	18	0.5720373588924554
442	19	-0.4422230045034175
442	20	2.8085028778619043
442	21	-0.7085197380105727
442	22	-0.33408881758599884
442	23	-1.148889959561403
442	24	-17.14603461751806
442	25	0.6190278177857427
442	26	-0.7642593013622523
442	27	0.3094693896694864
442	28	-1.3154890128768653
443	0	2.674163712915627
443	1	-0.20087227584364503
443	2	1.1286762081117374
443	3	-0.1684421471164953
443	4	1.173617246944731
443	5	-0.15813454172538627
443	6	0.3492710843845912
443	7	0.5518937286447966
443	8	-0.18989619492270132
444	0	0.38775571993171287
444	1	-0.11119595953738366
444	2	-0.15220585606546827
444	3	0.5804526810642622
444	4	-0.16450375787737467
444	5	1.259096002738974
444	6	-0.13071045908246406
444	7	2.8058081599455913
444	8	1.2500743260609437
445	0	-1.9774103721731848
445	1	-2.88764669593619
445	2	0.4600588285441076
445	3	0.21094299166205502
445	4	-1.5342680562038542
445	5	0.08728778700738411
446	0	-1.1025174378470792
446	1	0.26314415883064335
446	2	-1.1360867111127289
446	3	-3.7232170423639723
446	4	0.9114362660536286
446	5	0.23352151393042087
446	6	1.8583325122322416
446	7	-1.6182454315982981
446	8	1.8184052143270175
446	9	2.546603500163418
446	10	-3.540727619247541
446	11	0.7145913756422245
446	12	0.3840731686891707
446	13	0.8622222751219886
446	14	0.6103002528946239
446	15	0.9831843387125297
446	16	-0.5087782229871174
446	17	-18.76857864230816
446	18	-0.5870470384674211
446	19	-0.9840770904275241
446	20	-0.3808240630550524
446	21	-1.745909647803688
446	22	-1.0053947313326967
446	23	-1.6270596858036515
446	24	-0.9805828102406287
446	25	-1.0862229636226977
446	26	-0.5556345139670594
446	27	-1.5725384463891152
446	28	-1.5824548214856666
446	29	-1.8209600586451986
447	0	-0.4208036755299454
447	1	0.9452741280249743
447	2	-0.4525577417653526
447	3	0.1282661698741186
447	4	2.466369019083411
447	5	0.9180775482775465
447	6	-1.107493719336499
447	7	2.8153410098149565
447	8	1.0635056072258624
447	9	3.5949843569151625
447	10	0.2913293975780723
447	11	0.858015467646489
447	12	0.7730311070331383
447	13	0.4270965331730638
447	14	0.6626630871063629
447	15	1.0353858343226874
447	16	-0.45554002689577117
447	17	-0.4631549524888768
448	0	-2.38325838643148
448	1	0.16986814428819189
448	2	1.2289418739349929
448	3	-2.3971029431651982
448	4	-0.2746440178883625
448	5	3.7359133901019907
448	6	-0.895161628130173
448	7	-2.218831658373415
448	8	-0.7937661016788783
448	9	-0.08341497937888542
448	10	-2.434426846367048
448	11	-0.32426893992157335
448	12	-0.2914531904209993
448	13	-0.8346109424880002
448	14	3.0047240771335986
448	15	-2.424443963487357
448	16	-0.8508584735827349
448	17	-0.2970843769919565
448	18	-0.25453808279961776
448	19	-0.28808841860750434
448	20	-1.0172499401200716
448	21	1.0327448071108125
448	22	-1.0138916122545811
448	23	-0.3586531644072653
448	24	0.8464521905883297
449	0	0.9409082218648515
449	1	-0.13190650593073802
449	2	2.147471692168689
449	3	-0.4558103592541197
449	4	0.5705252991840797
449	5	1.092496072038228
449	6	-0.307122798334966
449	7	-0.48848151204201606
449	8	3.6455735454078586
449	9	2.8101751124695893
449	10	-1.1452182179670165
449	11	-0.015929328601164965
449	12	-0.8811430208417341
449	13	0.7547957044634203
449	14	0.2836686045969677
449	15	0.23820452528287178
449	16	0.6121200619121321
450	0	2.4069635693512397
450	1	0.9338803097880503
450	2	3.634705107083356
450	3	0.257885049270869
450	4	0.0918857996139892
450	5	-0.4856891663984463
450	6	2.8871360133503443
450	7	-1.1405012694631445
450	8	3.036151039265238
450	9	1.0928608182874437
450	10	-0.45292939833259604
450	11	-0.48912310511855955
450	12	0.6309682065400883
450	13	0.8386106733162055
450	14	1.0051923579433624
450	15	0.7403654766710194
450	16	0.3939374134687564
451	0	3.8533297942437996
451	1	-1.3016337364943509
451	2	-1.3164161185046224
451	3	3.1855872529571467
451	4	-0.7634830031921835
451	5	-0.7165647959145194
451	6	-0.5525445671867911
451	7	-1.3642585700898717
451	8	-0.7194879671026781
451	9	1.33116125430141
451	10	-1.2682931795759587
451	11	-0.7447141344798537
451	12	-0.752915301556798
451	13	-0.2349723166495292
451	14	-1.4829212494792259
451	15	-0.9225751399471397
452	0	-0.2834183564521164
452	1	3.848014868131985
452	2	0.2536963982547487
452	3	2.969624886817868
452	4	-0.29922471069245027
452	5	-0.4644572156987168
452	6	-0.34648916855773504
452	7	0.263471631848059
452	8	0.33771797353438887
452	9	0.4876605714913223
452	10	0.275737627087186
452	11	-0.23224877749286663
452	12	0.26314171152004706
452	13	-0.9326807215508633
452	14	-0.24768507158319245
452	15	1.342382707217268
453	0	0.2751239782327031
453	1	3.0060311365707553
453	2	3.862927345651582
453	3	-0.27634207393227317
453	4	-0.2618732274390062
453	5	-0.44362441476271014
453	6	-0.22562787035642326
453	7	0.525933082014635
453	8	0.3107029501532596
453	9	1.3205003360647531
453	10	0.2850340426077108
453	11	-0.2286720508829278
453	12	-0.32489958300740884
453	13	0.3394139243314897
453	14	0.2958397771084353
453	15	-0.9153425784470738
454	0	2.98925853269902
454	1	-0.2777758248142012
454	2	3.8699528032323802
454	3	0.27355489495182794
454	4	-0.26411220568193716
454	5	0.32582179832831265
454	6	-0.32533105246364036
454	7	1.3750634682117286
454	8	0.3267926511639592
454	9	0.2950141139720199
454	10	0.28346308362348627
454	11	-0.21621118897979127
454	12	-0.23110058930323313
454	13	-0.44731547574587904
454	14	0.5186685878958996
454	15	-0.9171789902115407
455	0	0.1348410645616372
455	1	-1.3581784447463714
455	2	-0.23955606442738736
455	3	-0.04309969270686435
455	4	-0.14216162962673476
455	5	-0.46255148322756334
456	0	-0.15027336776148417
456	1	1.0984560291801873
456	2	0.9708940153672457
456	3	0.7303097696749378
456	4	1.3440517943617722
456	5	1.2749346542327393
456	6	-7.745912691080736
456	7	-0.7902105044105054
457	0	-1.5081097758143835
457	1	3.2519439218357316
457	2	2.404328007563295
457	3	0.7310404930555702
457	4	0.23534968930410152
457	5	-2.07730715263127
457	6	-0.82217837642836
457	7	-1.5034496614726915
457	8	1.4420200659997322
457	9	-0.7070507113421611
457	10	0.7961612144620052
457	11	0.9743817723035662
457	12	0.4153184715496297
457	13	-0.5192182794474742
457	14	0.920523910674077
457	15	0.6002798623956184
457	16	0.936467751850015
458	0	2.545292945037808
458	1	3.0115248376950667
458	2	0.24825788083194103
458	3	-0.46009156194696166
458	4	0.09198328226645454
458	5	-0.493573915042868
458	6	-1.1492638599276919
458	7	0.926119190768245
458	8	2.940133811882195
458	9	3.6482316519461095
458	10	1.0886522106183445
458	11	-0.49754557166694374
458	12	0.7998524307808749
458	13	0.6218789597957473
458	14	0.9843092835092339
458	15	0.4195932324872825
458	16	0.9947289396370227
459	0	1.0637472977956697
459	1	2.3890472302915073
459	2	2.8775065095574295
459	3	0.18659431182895506
459	4	2.969949818586714
459	5	3.578481542899533
459	6	-0.5252526216924788
459	7	0.01426097188952476
459	8	-1.2124421660078768
459	9	0.8564807155843374
459	10	-0.5588453827423735
459	11	-0.5621345010438883
459	12	0.6873438972762086
459	13	0.9859942445820754
459	14	0.557787874555527
459	15	0.3474254116806333
459	16	0.9319802828395707
460	0	-5.200754429020722
460	1	0.8976933282702872
460	2	-0.5435467973346658
460	3	0.03791178221686188
460	4	3.5782330609215074
460	5	0.19813203982238972
460	6	-1.1981486479105419
460	7	2.9586673976233953
460	8	-0.5108440734730423
460	9	2.3781124316125424
460	10	1.0477326344248579
460	11	2.7282529667842343
460	12	-2.0009317665550155
460	13	-1.946163717471908
460	14	-2.611498113580607
460	15	-2.501046634072523
460	16	-1.767453798288448
460	17	-1.988967364160456
460	18	-1.9611741717920075
460	19	-2.729475358124887
460	20	-3.818824580707079
460	21	-2.5497162404406652
460	22	-2.012909426025874
460	23	-2.565923262069606
461	0	-0.020360628588008467
461	1	3.6101157005668236
461	2	2.7394931192841403
461	3	-0.5735810921250122
461	4	8.725277841333708E-5
461	5	-0.36565774582456473
461	6	0.004194962628431117
461	7	-0.011487532444210786
461	8	-0.7401462335235683
461	9	1.180038254571281
461	10	0.005865933192120392
461	11	-0.5189484828832969
461	12	-0.6215014074391307
461	13	0.19579189041026696
461	14	-0.022945853394728558
461	15	0.35123078903876337
461	16	-1.1443453065460654
461	17	4.242139601423203
461	18	-0.06946217068830546
461	19	0.14385574022691952
461	20	-0.5601645639372899
461	21	-25.06948886692077
461	22	0.18032666609210493
461	23	-25.07073727647088
462	0	-1.1059088272527133
462	1	3.625754982309861
462	2	-1.7491179461983222
462	3	1.7133406780326428
462	4	-1.095113503644085
462	5	2.791491722804197
462	6	1.094382532561075
462	7	0.3093824198278402
462	8	0.24367614474496993
462	9	-0.46451020992548664
462	10	-0.3678740406823056
462	11	0.3385834708645923
463	0	-0.3168159298493764
463	1	1.0278935029501868
463	2	-1.1025477810670752
463	3	-2.0678074437917076
463	4	2.7236166365961085
463	5	3.5453826576249168
463	6	-2.1394131762015336
463	7	-0.5460288622673896
463	8	-1.1659143392278235
463	9	-2.087326187589083
463	10	-0.5598778551405639
463	11	-0.696965240501788
463	12	-6.338346695574167
463	13	-1.0720183787946265
463	14	-0.5421333818029928
463	15	-1.96491514323803
463	16	-0.49472842186046834
463	17	-0.5584145488939909
463	18	-1.2863470178616805
463	19	0.8305474395990339
463	20	-1.1226144786537422
463	21	-1.2317670253000477
463	22	-0.5790119293980772
463	23	-0.5693980649328025
463	24	0.2550700729056456
463	25	-14.222872304376898
463	26	-1.124310550377256
463	27	-25.734842790031824
463	28	-0.004615958651424041
463	29	0.8704928553503619
463	30	0.16759292264900075
463	31	2.4182191568827287
463	32	-26.209686406242238
463	33	0.378920042726826
463	34	0.005232353514739033
463	35	-1.1137316960110484
463	36	4.356646209159936
463	37	-0.2048023930017018
463	38	-1.1245629262020185
464	0	3.4867006288531504
464	1	-0.646957818290892
464	2	2.818118475042971
464	3	-0.09310179261270718
464	4	-0.6335137136939671
464	5	0.16173987120244676
464	6	-0.04866878350466292
464	7	-0.07407609492196578
464	8	0.9617200283805483
464	9	-0.6945757497526145
464	10	-0.08390474697387837
464	11	-0.8124389291312175
464	12	-0.5743006813478616
464	13	-0.04979988937450515
464	14	-0.601583865563674
464	15	0.48117254021424266
464	16	0.825033278291856
464	17	0.8540299991787635
464	18	-0.6382451715356895
464	19	0.27272880625650825
464	20	0.5818472641227608
464	21	-0.6488007156344596
464	22	0.10722107598103145
464	23	-0.6514495789414706
465	0	-0.32754796793797725
465	1	1.2143612028637214
465	2	-0.4265508064087663
465	3	0.19390786795926357
465	4	-1.01526154500302
465	5	-0.9833545061587509
465	6	0.41927057575830723
465	7	-0.36534402170944164
465	8	-0.037518003855295065
465	9	-0.31734182388830895
465	10	5.809856259325349
465	11	-1.032734822453791
465	12	-0.9953435324711642
465	13	0.19940800404860756
465	14	2.8982591824303405
465	15	-0.8190981788688227
465	16	0.18138009219102041
465	17	2.44731157973082
465	18	-0.38282933338139424
465	19	0.21702126819424905
465	20	-0.5488554754906636
465	21	-1.0364480784642611
465	22	1.057560356788564
465	23	-1.693455605244676
465	24	0.16980409725768536
466	0	-0.4690485463551265
466	1	0.33466170377932086
466	2	0.6066382531518706
466	3	-0.36512243101899483
466	4	2.8989317667321957
466	5	1.1828804493499099
466	6	3.723426364438247
466	7	-0.3757698646531128
466	8	-0.40814143818148096
466	9	-0.36035699004977495
466	10	-0.3622608188692512
466	11	-0.14041628411951243
466	12	0.1539084351056785
466	13	0.15008414776843831
466	14	-0.38665041656946303
466	15	-0.4004434313535664
466	16	-0.5892856695184483
466	17	0.17897446472439343
466	18	-0.4231086707387526
466	19	0.13956296006513086
466	20	0.13001240284665974
466	21	0.8673447549775842
466	22	-0.41175598123767065
466	23	1.0085551605921765
466	24	-1.065823189584925
466	25	-27.712417571773553
466	26	-0.8173489771619498
467	0	1.4087846972257927
467	1	-0.8988880661671069
467	2	0.4022370532550268
467	3	0.9511297164375436
467	4	-0.24322714896103995
467	5	-0.3430661798856354
467	6	3.8661538026826068
467	7	-0.3042310605459607
467	8	3.8684895478789443
467	9	0.5126896159508935
468	0	-0.9361788645168007
468	1	2.4694825879721205
468	2	-0.834877311668974
468	3	-1.7985467769491572
468	4	3.5674964124175417
468	5	0.1494629360337765
468	6	2.6236232432747
468	7	-0.8691922635896194
468	8	-1.2473676892270145
468	9	0.4792784362502784
468	10	1.1543467638586586
468	11	-0.5974030687607389
468	12	-0.8222069352431213
468	13	0.7907514407031873
468	14	0.6073261423123437
468	15	-0.5987355847384527
468	16	0.8922147221953065
468	17	-0.3064759368793826
468	18	-0.6534235115732769
468	19	-0.8213050455336984
468	20	-0.8482334617535425
468	21	-0.6409965367182896
468	22	0.26539915115445106
468	23	-0.8282145293091272
468	24	-0.3102617471718741
468	25	-0.8707994912521241
468	26	-0.8233191346829217
468	27	0.10636873911920994
468	28	-0.8692728579637903
468	29	-0.3213441571661275
468	30	-1.0517506454730312
468	31	-0.2816374960315444
468	32	-0.8845057852241084
468	33	-0.331824625221886
468	34	-11.427277660594752
468	35	-1.7315824518512697
468	36	-2.376672381177504
468	37	-2.393550605251378
468	38	-2.3936532792296603
469	0	3.09895249248212
469	1	3.7644141298714473
469	2	0.18498330476523767
469	3	-0.35420853983717143
469	4	-0.36930441017329685
469	5	-0.4172299957434282
470	0	-1.045160219226894
470	1	-0.8126627739988649
470	2	5.532701916258315
470	3	-1.0521013329852797
470	4	-0.5152548211915885
470	5	-0.5132823438045638
470	6	-0.6606181548981793
470	7	-0.7476000079816814
470	8	-0.2995419949752137
470	9	-1.0228844263655543
470	10	-1.0676826050191668
470	11	0.04530515282821759
470	12	1.070317109309662
470	13	2.622377415702528
470	14	-1.025061448146772
470	15	-1.0393026073398912
470	16	-0.44498311706924454
470	17	0.10463056580277001
470	18	-0.7064811578135034
470	19	-0.5264090062267153
470	20	0.3286323680638711
470	21	-1.2568522995710658
470	22	-0.1495631683890311
470	23	-1.7356935991863547
470	24	-1.0822073808744044
470	25	0.40898490181301117
470	26	0.49503423715722256
470	27	-1.0863089793776968
470	28	-0.1808649867645952
470	29	0.03385402932377356
470	30	-2.840217407227711
470	31	-0.3393141260917992
470	32	1.8610899352185968
471	0	-0.4097564456979405
471	1	-0.3538233832856711
471	2	0.1750547093726442
471	3	-0.4122274161640528
471	4	0.14962884471464621
471	5	-0.35617495957391315
471	6	3.1473315789429472
471	7	0.6022576581346848
471	8	-0.4715794299769617
471	9	-0.3670580544296896
471	10	-0.18959713351682508
471	11	1.1880996296775288
471	12	0.3696885242049124
471	13	5.7540646423694035
471	14	-0.37594905147450325
471	15	-0.38708262441787294
471	16	-0.425093991452197
471	17	0.8108619684539089
471	18	0.20156237509314878
471	19	-0.5915178994245869
471	20	3.0639989640913807
471	21	0.13810608944207065
471	22	0.12749485696962481
471	23	-0.4136661845924319
471	24	-1.0695464102674515
471	25	0.7015851166870878
471	26	0.49473317542019846
471	27	0.3296142718520056
471	28	1.0494361588940424
471	29	-0.41923208463790657
471	30	1.073890205658113
471	31	-7.900940550298273
472	0	0.9772474200052719
472	1	0.7675948308402822
472	2	0.604124342508775
472	3	1.3512990028662635
472	4	1.2084921079659339
472	5	-0.14219045364449953
472	6	1.348823900406831
473	0	-0.8091175338622327
473	1	3.3331709596510772
473	2	-0.7949978283988004
473	3	-0.2544682481684601
473	4	2.5138575950880817
473	5	-0.7503519992119554
473	6	-0.9743528197937581
473	7	-0.18655965137450764
473	8	-0.8551782525841773
473	9	-0.2360772104197414
473	10	-0.24496967354337768
473	11	-0.01587240636556134
473	12	-1.4534789751077326
473	13	-0.2354414843151811
473	14	-0.7619890519724035
473	15	0.7673864836723318
473	16	1.7419271488317982
473	17	-0.7969042444485578
473	18	0.6712455305824396
473	19	1.1261465944246782
473	20	-1.781728534431844
473	21	0.1181892051170704
473	22	0.21422356078394603
473	23	-0.6299061975191951
473	24	0.2900770737642024
473	25	0.8619520545896
473	26	0.6040947804765568
473	27	0.48719373946754313
473	28	0.7210844211361638
473	29	-0.7904894519615804
474	0	-0.649715427659139
474	1	-1.3706908383180652
474	2	-0.029711698400465864
474	3	-1.4177759186514967
474	4	-0.5590297634553282
474	5	-0.589538237185287
474	6	3.2311786358592482
474	7	3.543819308070582
474	8	0.14776733622845056
474	9	-0.2512437337236577
474	10	-0.5378439758650894
474	11	2.676219767185402
474	12	0.3965933752910394
474	13	-1.2101911237263376
474	14	-1.3743293422038927
474	15	-0.028181074841768457
474	16	-0.6074795575961355
474	17	-0.5932809001596453
474	18	0.8422966790769464
474	19	-0.04243726540167252
474	20	-0.7717950865676604
474	21	-0.006168484338749365
474	22	-0.053667282464552185
474	23	-1.2493418802455623
474	24	1.1755945759188162
474	25	5.636833297956297
474	26	0.8957512489363355
474	27	0.522760882785578
474	28	0.27162692097561386
474	29	-0.597277992892879
475	0	-0.6803847249658362
475	1	-0.46856382367229843
475	2	-0.450822585443796
475	3	-0.561539043889548
475	4	0.05890251952927402
475	5	0.08373522074574805
475	6	0.08618953709232831
475	7	0.2525529661994466
475	8	0.048361822858262134
475	9	1.0988172844618644
475	10	3.619130508698228
475	11	-0.3837064524415417
475	12	-1.1580500091287191
475	13	-0.548597555741821
475	14	0.9604669313125596
475	15	-0.5039074330775405
475	16	2.836353375787585
475	17	1.8373311401047856
475	18	0.3046642429084745
475	19	0.5045062587827094
476	0	-1.2986229800913727
476	1	0.9388471535096409
476	2	-0.702564821575538
476	3	2.632472300267525
476	4	-0.5900444817920513
476	5	-0.08290528761381508
476	6	-0.9822070469129691
476	7	-1.1687208380679113
476	8	-0.6125517842926946
476	9	-1.1775780153424487
476	10	-1.1551136895057346
476	11	0.3882889825333519
476	12	-0.08377252824928162
476	13	-1.1421571037367149
476	14	-1.1308894522303337
476	15	0.13231969426807313
476	16	3.5582081682840463
476	17	-0.8240160295941219
476	18	-0.03802744011381318
476	19	-0.09532767074741319
476	20	-1.1933308250250843
476	21	-0.6397599107014833
476	22	0.06115912287205331
476	23	-0.6464887180618414
476	24	2.8156901782472743
476	25	-0.06527507348367327
476	26	0.30828988679717084
476	27	0.272833786313897
476	28	-0.27102026383342787
476	29	-1.1839184868876427
476	30	2.8215096624282165
476	31	2.2248268447954564
476	32	-0.06574665703488562
476	33	0.0976170236332877
476	34	-1.7986273747416308
477	0	-0.24825983439229782
477	1	2.4456006646337958
477	2	0.5975876564226057
477	3	-1.1536673523753334
477	4	2.1365843632750914
477	5	-0.08329239821918813
477	6	3.3419233962999493
477	7	-0.7961232353389012
477	8	2.5777886829142456
477	9	-0.8280553785649459
477	10	1.0739870554192825
477	11	0.6611939374695799
477	12	0.6035550194264216
477	13	3.0912815240814164
477	14	0.05520201109627096
477	15	-0.8314714339535053
477	16	0.286607775208166
477	17	-0.26743395241152396
477	18	-0.8275281963245571
477	19	-0.7760812221120224
477	20	-0.8895609316235196
477	21	-0.7814303554747318
477	22	-0.8262208114038497
477	23	-0.42707319028400975
477	24	0.18916612501638067
477	25	-0.2684195968770378
477	26	-0.8046803490384284
477	27	-0.7901151946228745
477	28	-0.07279844152868406
477	29	-0.8440959957051042
477	30	-0.28928497127058256
477	31	-0.2179979339135924
477	32	-1.008775827558157
477	33	-0.27871613964975317
478	0	0.3253923178573363
478	1	0.17370482420629021
478	2	-0.5881270629650828
478	3	0.5742415708775368
478	4	0.19793251355295022
478	5	-0.35155693858381876
478	6	-0.3776046599874166
478	7	-0.4707681745174115
478	8	-0.4134602318175385
478	9	2.6430117204574834
478	10	-1.0696904847080568
478	11	3.713742811389485
478	12	1.0116037171317023
478	13	1.1251252723307423
478	14	1.037288076292182
478	15	2.8863888490773157
478	16	0.3291594237597661
478	17	0.17475102795772468
479	0	-0.5527660312047157
479	1	-0.4621370818053987
479	2	1.0697254597966552
479	3	-0.4501459428216196
479	4	0.08814812366459022
479	5	-0.3758775290477229
479	6	-0.3856050961816988
479	7	0.27756019377248387
479	8	-0.6739704296796984
479	9	0.06888690301758185
479	10	0.4862032019102142
479	11	0.9103238553375552
479	12	3.6528202114799107
479	13	0.08970100784923148
479	14	0.24891974621748073
479	15	-0.49694590910350284
479	16	2.85182441900028
479	17	2.474155266622883
479	18	-1.151659838720405
479	19	0.9218513530300861
480	0	0.297321809322398
480	1	0.09123691521110658
480	2	-0.40468426855705286
480	3	0.0854658602719495
480	4	0.10229572723625512
480	5	0.12869067096915118
480	6	2.7941300729721137
480	7	-1.1135973274601083
480	8	-0.6373517394247952
480	9	-0.5195957138215895
480	10	0.5189811662854372
480	11	-0.4286293720649332
480	12	1.1299299916786392
480	13	-0.46072603266534423
480	14	5.745419062859876
480	15	2.4925674872949326
480	16	0.286749284068504
480	17	0.12409604160640482
480	18	2.98934708603697
480	19	0.9605502835637285
481	0	0.08840746011090982
481	1	1.0942126735261342
481	2	-0.4635510036327122
481	3	0.25734428413303195
481	4	0.04889508390686587
481	5	0.08850496244400144
481	6	-0.6785871280990408
481	7	-0.4667858915469951
481	8	0.06078431452231022
481	9	-0.5597098273193013
481	10	0.48707470099582545
481	11	2.459687049617967
481	12	-0.5019146491597665
481	13	2.981164044358778
481	14	0.9098747733067926
481	15	-1.155635754922211
481	16	2.7733319087235513
481	17	3.6902645699265273
481	18	0.06738479921213975
481	19	0.24485319025528776
482	0	1.1709959087074242
482	1	0.14695393599325712
482	2	-0.3598352126228822
482	3	0.40065739044952364
482	4	-0.5934243924930929
482	5	0.15065313179121773
482	6	0.14559565857192264
482	7	0.13446646858118877
482	8	-0.38359606812039965
482	9	-0.47460120847936815
482	10	-1.0573886136463395
482	11	0.16978781685886557
482	12	2.877410132462685
482	13	3.085076492151413
482	14	0.32999651106489614
482	15	2.551831622528615
482	16	3.7159958921839586
482	17	3.0011161620957716
482	18	-0.4171880680754285
482	19	0.5846245584924662
483	0	-0.35394062614769256
483	1	0.1598880630951359
483	2	-0.5861724805197774
483	3	0.14252486922236562
483	4	0.3907914917583841
483	5	1.1573820022765495
483	6	-0.3765992843286237
483	7	-0.46788807660971043
483	8	0.15300407248680598
483	9	0.17684471908165178
483	10	-1.063668085269965
483	11	0.5853864736887014
483	12	0.3355938147931074
483	13	2.865390962043112
483	14	1.051485096310971
483	15	3.7693220643995704
483	16	0.9731742435190416
483	17	2.495628044327071
483	18	0.15248092332130742
483	19	-0.40978397780107023
484	0	-3.174667688405182
484	1	3.8296157372681994
484	2	-0.3796003585257996
484	3	-3.201427666059695
484	4	-2.0066346770164327
484	5	-3.1476595862470833
484	6	-3.217185165803482
484	7	-2.967077667522656
484	8	-3.165504113917401
484	9	-1.7177113495139502
484	10	-2.09094394765784
484	11	-0.5002513747869135
484	12	0.2631206182953835
484	13	1.2677001637774283
484	14	-0.26590872361408896
484	15	-0.28951644209035615
484	16	0.2393235153926176
484	17	0.26491754536361845
484	18	0.22794433181870255
484	19	0.40800442668602677
484	20	2.9806635396749783
484	21	0.6695587693747237
484	22	-3.2043487804142887
485	0	0.699796737709305
485	1	1.0711029756457235
485	2	0.20173624028292114
485	3	-0.377218961255377
485	4	0.36987277661501283
485	5	-0.36247405743039607
485	6	0.12896262161966623
485	7	0.13362120183468298
485	8	1.1873882516945387
485	9	-0.596587253303652
485	10	0.14343445713942204
485	11	-0.47765120740085804
485	12	-0.3645318739658532
485	13	-0.16762903946769117
485	14	2.837928423840082
485	15	0.5927103833651842
485	16	-0.41285558794433264
485	17	-0.4095894318257811
485	18	3.7037648733133977
485	19	-0.37103109674690826
485	20	-0.39717001203325575
485	21	-0.4321790213712593
485	22	0.8472849529941955
486	0	-3.8362518690225134
486	1	1.3438057716711418
486	2	-2.8220137234199787
486	3	1.1136281520563778
486	4	-2.29488757947899
486	5	0.9721058501439879
487	0	0.753282645887697
487	1	1.0793567161338713
487	2	1.362260314867853
487	3	0.9791415671423288
487	4	1.352680347583705
487	5	-0.13907646685917913
488	0	0.9618275295737913
488	1	1.3598981765652731
488	2	1.1953138370208092
488	3	0.6694990203966121
488	4	0.9558492349969109
488	5	-0.25211360418213713
488	6	-5.132409402829605
488	7	-0.6505103706691204
489	0	0.09277331988310475
489	1	-2.734066813692116
489	2	-1.4964525324394065
489	3	2.8825329278316363
489	4	-0.44248997868958895
489	5	2.3580017161482627
489	6	0.7484936024999116
489	7	4.005917467822223
489	8	-0.6489868557768352
489	9	-0.6524666759729381
489	10	-2.079379872095228
489	11	-0.6573150861695422
489	12	0.8358977258617034
489	13	0.26190622816624437
489	14	0.8538813130944432
489	15	0.8170740223631683
489	16	0.46162030476181043
489	17	-1.3348408604880495
489	18	-0.7153938327055657
489	19	-0.7262563530575947
489	20	-0.6584264256938935
489	21	-0.6699780231459043
489	22	-1.4556514823358633
489	23	-1.2208768508607373
489	24	-0.5111624548067001
489	25	-0.2843861911048659
490	0	0.8620561157799652
490	1	0.6140293264681392
490	2	3.279445914618454
490	3	-0.16738610792655165
490	4	0.40161483613925986
490	5	-0.10889898921844947
490	6	-0.13581430739395084
491	0	0.6223852270225797
491	1	-1.4610930922288001
491	2	-0.608209844526181
491	3	3.3430639106519977
491	4	2.6418804810613667
491	5	2.0796377665736197
491	6	2.8563655120845794
491	7	0.774199796843719
491	8	-0.06276860494343653
491	9	-0.22974946153063466
491	10	-0.5705767861271563
491	11	0.357952613766392
491	12	0.3095117501538463
491	13	0.6832339370048961
491	14	0.5998177285252876
491	15	0.08129032214018382
491	16	-0.8096713125272861
491	17	0.401447350014444
491	18	-0.5552327205059648
491	19	-2.0973782952900235
491	20	-2.102250397991687
491	21	-2.1084396550042395
491	22	-0.2618651524474724
491	23	-0.8646063912220578
491	24	0.13198585033846766
491	25	-2.046143707221392
491	26	-1.8515548522230199
491	27	-2.0593566554980107
491	28	-0.2445924759607992
491	29	-0.23920070942218438
491	30	-0.9844323879347721
491	31	-0.22185874813483594
491	32	-0.2548947240487228
491	33	-2.126314952951505
491	34	-5.261311425652876
491	35	-1.4859076266241908
491	36	-9.787019453962923
491	37	-10.897975999196122
491	38	-21.894423032528863
492	0	3.4848939293770527
492	1	2.6513174492954894
492	2	0.9531389204036431
492	3	-0.6170708101557906
492	4	-0.08358847022413303
492	5	-1.308014562765851
492	6	0.746098519754253
492	7	2.4746281377517945
492	8	0.791070824176993
492	9	-0.6519542641382692
492	10	0.09261616457064323
492	11	0.8373887273300328
492	12	0.46531456919911424
492	13	-0.6543163868098686
492	14	0.7467992833111621
492	15	0.7331442457145315
492	16	0.3613621354511369
492	17	0.08780025843533999
492	18	0.34512443797229764
492	19	-0.41081800518507583
492	20	-0.6260315309062119
492	21	-0.7083812130399076
492	22	-0.6115556095148335
492	23	-0.08733028278002276
492	24	-0.6011422282015327
492	25	-0.5922264863955433
492	26	-0.6478725393618376
492	27	-0.08653881053364373
492	28	-0.6456355339582398
492	29	-0.06411775683945077
492	30	-0.2783053301209751
492	31	-0.8288428976211335
492	32	-0.09840920892844293
492	33	-0.662813521516606
492	34	-0.10862769224723118
492	35	-0.643309284709071
492	36	-0.6645259601057781
492	37	-0.6656404502511358
492	38	-0.6389152050809165
493	0	0.7684376217822623
493	1	-0.5934198294190828
493	2	-1.2823780419826025
493	3	0.9715634045279595
493	4	2.4994453049033982
493	5	-0.6274270105385842
493	6	2.841090806810296
493	7	2.6594931175145455
493	8	0.11641421792560289
493	9	-0.049032150566280575
493	10	3.5358755713091328
493	11	-0.6312013897545097
493	12	0.48867968537582956
493	13	0.8380191899776552
493	14	0.664141078284546
493	15	0.47395943717047956
493	16	0.8613940743470144
493	17	-0.5684245755971352
493	18	-0.621921613969948
493	19	-0.6373544581335091
493	20	-0.602572941678618
493	21	-0.6846171087329482
493	22	-0.062425904650135165
493	23	-0.4048325168629468
493	24	0.19337008271933667
493	25	-0.5684137663070659
493	26	-0.6234913064582533
493	27	0.36722539703004686
493	28	-0.587872896265594
493	29	-0.06468123023726004
493	30	-0.08515052759425717
493	31	-2.4464383064021145E-5
493	32	-12.214291793463495
493	33	-0.641642251379092
493	34	-0.8049758263166722
493	35	-0.07541978144045533
493	36	-0.2563544552692402
493	37	-12.230885262796777
493	38	-12.231843280015026
494	0	0.38201425908976794
494	1	-0.8529535728971653
494	2	0.16443146140348125
494	3	-0.14649615292663445
494	4	0.34462179701702145
494	5	0.5503333966522777
494	6	3.2461272579625287
494	7	-0.21256902354064283
494	8	2.8004814463265433
494	9	-0.17840952840984559
494	10	1.2299670128234728
495	0	-0.4149886909319218
495	1	5.5299350509767
495	2	0.8890725816327866
495	3	-0.4498208209549666
495	4	-0.1172303518631049
495	5	2.5255497316324664
495	6	0.9931341019695468
495	7	2.7372928705528032
495	8	0.9509805596893257
495	9	0.05280689887599663
495	10	-1.3467811720351268
495	11	0.1889136972390589
495	12	-0.6943055597277948
495	13	0.42434960145391637
495	14	0.7572344588748409
495	15	0.7992347496982894
495	16	0.5942829556023197
496	0	-0.8294687858819608
496	1	-0.5638323982557519
496	2	-0.3130770512791055
496	3	-0.5430083516108315
496	4	3.0819755250519956
496	5	-1.304177398901593
496	6	-0.11163829410871284
496	7	-1.0637504055486826
496	8	-1.185675733736016
496	9	-0.5158354907077134
496	10	-0.3369149605991172
496	11	-0.37450648561202243
496	12	1.0869418933608115
496	13	1.0185817396609023
496	14	-0.409796515548852
496	15	2.512906523488066
496	16	1.1781959269872433
496	17	0.15188878573801645
496	18	0.33532921767918383
496	19	3.714172717216644
496	20	-0.1517059091688863
497	0	0.936358593479344
497	1	-0.49155481521360145
497	2	-0.45695573609939183
497	3	0.9581268964790103
497	4	0.2544269980779587
497	5	0.10546655931234157
497	6	2.3779262413309743
497	7	2.824778091702683
497	8	3.6540794303970037
497	9	1.092526038598949
497	10	-1.1457079422223417
497	11	0.18609399205279592
497	12	0.5594938231400242
497	13	-0.02506521698065158
497	14	0.5150710105207331
497	15	-0.9337666485279061
497	16	0.26360859211332743
497	17	-1.6480488228490535
498	0	-0.5926903968575062
498	1	-0.41880398045250006
498	2	0.953289446418362
498	3	-1.108376701717625
498	4	-0.5442367870134458
498	5	-1.3322627152423068
498	6	-0.6006832040078706
498	7	-0.11820159596205933
498	8	-0.6037408436446774
498	9	-1.2131226686070875
498	10	-0.5898359279720808
498	11	2.689637817460044
498	12	2.3252180339579493
498	13	3.5265416060737986
498	14	2.7964269022372017
498	15	0.10738677922349257
498	16	0.9080876185665349
498	17	-0.05346496658611681
498	18	-1.2889381062700014
498	19	-0.6359912055802881
498	20	-0.18199499605767358
498	21	0.4816859074620032
498	22	0.23457417714042658
498	23	0.8554139802943325
498	24	0.6124205434604431
498	25	0.8060235888005468
498	26	-0.6374508615746559
499	0	-18.225874144295744
499	1	2.310518196635145
499	2	0.9440970312817428
499	3	2.736987152605535
499	4	3.526726030015727
499	5	0.14881113687970918
499	6	0.8132202460921025
499	7	-0.5636491604981544
499	8	2.869825596444032
499	9	-1.2504446424229594
499	10	-0.013677139490145571
499	11	-0.596234448745616
499	12	-0.0340680029568076
499	13	-0.04447544764124405
499	14	-0.6530100839756247
499	15	-0.034475313910859465
499	16	-0.011614902507953816
499	17	-0.7736487394612612
499	18	-0.5422165517273256
499	19	0.1598374658135844
499	20	-0.22608138268251796
499	21	0.37494931618451155
499	22	-2.956690689239158
499	23	-2.9353230342352443
499	24	0.893636489481882
499	25	-2.8854780260251265
499	26	-2.9398397044401636
499	27	-2.956071325615438
499	28	0.6628134591867678
499	29	-2.9144419632202436
499	30	0.28499106009665925
499	31	-0.5997717134146108
499	32	0.5185820521139028
499	33	0.8834256329807857
499	34	-2.952576456493285
499	35	-2.9533393506436005
500	0	2.8274619056577666
500	1	-0.30289203531739495
500	2	-1.760734011485967
500	3	-3.4025086726244966
500	4	3.6552766141136814
500	5	0.5193444639749573
500	6	-0.38829783818286834
500	7	-0.4266606489811896
500	8	-0.45756081609495836
500	9	0.3024211077578874
500	10	-0.44252989908678436
500	11	1.0844241480426529
500	12	-3.2474958658926663
500	13	-0.5329500183365578
500	14	0.0905169141000515
500	15	0.08679953898560276
500	16	-0.48690810632003706
500	17	0.7083890534246844
500	18	0.12792320418000866
500	19	0.9350305232801136
500	20	-0.4779203633843422
500	21	-0.1031679849128325
500	22	-0.6538920983282921
500	23	0.07455307675062832
500	24	-2.907426144182857
500	25	-1.1329772831697245
500	26	1.0131975606894863
500	27	0.640209109756568
500	28	0.4055892398041174
500	29	2.892219804780489
500	30	-0.480051397839828
500	31	-4.100168947029224
500	32	0.2654975562471455
501	0	-0.511358526595184
501	1	-1.2003628974441694
501	2	3.5919246482304588
501	3	1.873418811048554
501	4	2.757888633596286
501	5	1.0217948933070107
501	6	0.20039219906397202
501	7	-0.5462226659561942
501	8	-0.447127400290339
501	9	2.8835746398931184
501	10	2.423537489918996
501	11	0.35874602803143224
501	12	0.5704904935477547
501	13	-0.5483618226027636
501	14	0.7614556968000789
501	15	0.9440263311867129
501	16	0.946962469105858
501	17	-1.0658692974759505
502	0	2.7694538866333342
502	1	-1.1876658083538583
502	2	-1.167121312444119
502	3	-1.1252225287724409
502	4	-1.1778800619527763
502	5	0.6574971567249579
502	6	-1.2480203200848714
502	7	3.503882942536619
502	8	-1.2026103095768164
502	9	-0.9158136377118098
502	10	-1.1437942707026738
502	11	-0.6267189459705258
502	12	-0.45207740717211453
502	13	-1.1344467077186833
502	14	-0.5799916996790281
502	15	0.9746726278124167
502	16	-0.22631090421867553
502	17	-0.627757596286503
502	18	0.8085369107972518
502	19	0.8625542919445948
502	20	-0.6154399452327272
502	21	-0.04742926302458153
502	22	2.391512078354413
502	23	-1.270187276879904
502	24	0.1283628885421406
502	25	0.5019842584041654
502	26	-0.6176729438680428
502	27	0.2933575866675385
502	28	0.7920496495576138
502	29	0.8766852854512824
502	30	-0.649390431773718
502	31	-0.6394092602943118
502	32	-0.8203893875018581
502	33	-1.3678299841221615
502	34	-0.6065944928939654
502	35	-4.421119664938921
503	0	1.240414819028435
503	1	-0.26433878530851757
503	2	-0.1098548812147665
503	3	-0.31157236911927016
503	4	0.22084488616303868
503	5	-0.3820221012044703
503	6	3.7830276243148844
503	7	0.24164049615748953
503	8	0.24478400102654607
503	9	1.1941357955681686
503	10	0.793877675495647
503	11	-0.32502533619141466
503	12	1.1688171109588925
503	13	0.5808617316162802
503	14	0.854159412070317
503	15	-2.0660523978202274
503	16	0.4779709070368749
503	17	0.648070970119199
504	0	1.2136700587650657
504	1	-0.3136436510165353
504	2	-0.10341934110058583
504	3	-0.3671899462873655
504	4	0.15825008255668363
504	5	-0.440308095025791
504	6	3.7458623512962377
504	7	0.1767707503602914
504	8	0.26466093581354516
504	9	1.0537842510599216
504	10	0.7326655035917418
504	11	-0.38643314115812816
504	12	1.106860216217536
504	13	0.482751847883776
504	14	0.8493731920262343
504	15	-0.3983863573056237
504	16	0.39392861903411824
504	17	0.6979607519271841
505	0	-1.9253060077148978
505	1	-1.236439926631307
505	2	1.6988435826719133
505	3	0.16132415937257427
505	4	3.6519355955345154
505	5	-1.2705092057946377
505	6	-0.5254150082414711
505	7	3.1424727178966543
505	8	2.2227746256929786
505	9	2.1620620226903338
505	10	-0.6791299804051175
505	11	0.39851808516749454
505	12	-0.50529642961109
505	13	0.6125532865238072
505	14	0.9866256943787003
505	15	0.7012948179561797
505	16	0.9357538303427306
505	17	-0.8985230627245767
505	18	-0.5613077516454722
505	19	0.2694140825228014
505	20	0.10185323049875819
505	21	0.10550202166786157
505	22	-1.448363221328876
505	23	0.5396767939589597
505	24	-1.2226900357911323
505	25	-2.4836876960430345
506	0	1.0419125029615297
506	1	0.2028282994557506
506	2	-0.5405301325137585
506	3	-0.507424068847525
506	4	0.038958327631501186
506	5	0.860697398893331
506	6	0.8880834591299505
506	7	2.7811406241543017
506	8	-1.1950199843198048
506	9	2.352396448937329
506	10	3.548195652060892
506	11	0.5762563151283037
506	12	0.3362899246023535
506	13	0.9237227390587267
506	14	0.9492876666926292
506	15	0.8528759775288042
506	16	-0.5440924567271793
506	17	0.07008373188717526
506	18	-0.5974524320487666
506	19	-0.16917777045298318
506	20	0.2181726633676507
506	21	-0.715383426348198
506	22	0.46387293503158816
506	23	0.024906633896600316
506	24	-0.4920933854975374
507	0	-0.6845345896386558
507	1	-1.162116792549911
507	2	-1.8174667229670107
507	3	0.07895310600433952
507	4	0.26927151056305465
507	5	0.09728731711427005
507	6	-1.8270854551598363
507	7	2.9173698231075416
507	8	-0.13711763154230103
507	9	-0.5657170587849442
507	10	-0.4520524238866301
507	11	0.48041491383038043
507	12	-0.47755122458499427
507	13	1.050844769775256
507	14	2.927062979885182
507	15	0.9248651638294263
507	16	2.2918595590713986
507	17	-0.5116393700009891
507	18	3.6297010979617896
507	19	0.23255214813459818
507	20	0.06239492666287225
507	21	-4.102686591267752
507	22	-1.6289026992236915
507	23	0.9804613151127165
507	24	0.6057801130270307
507	25	0.8625384003375919
507	26	0.393339460308364
507	27	0.676897046436787
507	28	-0.5127475346156316
507	29	-4.118831142180756
507	30	-2.3669304156791733
507	31	-1.5362483915255678
507	32	-1.6036168739974128
507	33	-2.396373906943519
507	34	-4.11927749430767
507	35	-2.369465058328596
508	0	-0.36328736131056766
508	1	0.8493856032482908
508	2	0.7626289875928818
508	3	1.1358039504885797
508	4	-0.3563752214107635
508	5	1.0771505294316988
508	6	0.5495064226440363
508	7	-0.32200631010679714
508	8	-0.35599187092678886
508	9	2.578023045907452
508	10	1.078205416663315
508	11	1.052210289937227
509	0	-0.8333747317933567
509	1	3.3243865971751583
509	2	2.5660837013290947
509	3	-1.9262925552467738
509	4	-3.233514727079355
509	5	-0.26174240356455514
509	6	-0.40375005277177667
509	7	0.7963861915824082
509	8	-0.4516545818334235
509	9	-0.2378236398760058
509	10	-0.272577955352866
509	11	-1.002129204502224
509	12	-0.2387783723621697
509	13	-0.051576018573866525
509	14	-0.7714311369211917
509	15	-0.8826388818640354
509	16	0.676693246160422
509	17	0.46681554006259596
509	18	4.592644217348315
509	19	1.049782199209571
509	20	0.7549335370262794
509	21	-0.441715471196134
