342	0	0.49730281073717436
342	1	0.49730281073717436
342	2	0.49730281073717436
342	3	0.49730281073717436
342	4	0.49730281073717436
342	5	0.49730281073717436
342	6	0.49730281073717436
342	7	0.49730281073717436
342	8	0.49730281073717436
342	9	0.49730281073717436
342	10	0.49730281073717436
342	11	0.49730281073717436
342	12	0.49730281073717436
342	13	0.49730281073717436
342	14	0.49730281073717436
342	15	0.49730281073717436
342	16	0.49730281073717436
342	17	0.49730281073717436
342	18	0.49730281073717436
342	19	0.49730281073717436
342	20	0.49730281073717436
342	21	0.49730281073717436
342	22	0.49730281073717436
342	23	0.49730281073717436
342	24	0.49730281073717436
342	25	0.49730281073717436
343	0	0.49730281073717436
343	1	0.49730281073717436
343	2	0.49730281073717436
343	3	0.49730281073717436
343	4	0.49730281073717436
343	5	0.49730281073717436
343	6	0.49730281073717436
343	7	0.49730281073717436
343	8	0.49730281073717436
343	9	0.49730281073717436
343	10	0.49730281073717436
343	11	0.49730281073717436
343	12	0.49730281073717436
343	13	0.49730281073717436
343	14	0.49730281073717436
343	15	0.49730281073717436
343	16	0.49730281073717436
343	17	0.49730281073717436
344	0	0.49730281073717436
344	1	0.49730281073717436
344	2	0.49730281073717436
344	3	0.49730281073717436
344	4	0.49730281073717436
344	5	0.49730281073717436
344	6	0.49730281073717436
344	7	0.49730281073717436
344	8	0.49730281073717436
344	9	0.49730281073717436
344	10	0.49730281073717436
344	11	0.49730281073717436
344	12	0.49730281073717436
344	13	0.49730281073717436
344	14	0.49730281073717436
344	15	0.49730281073717436
344	16	0.49730281073717436
344	17	0.49730281073717436
344	18	0.49730281073717436
344	19	0.49730281073717436
344	20	0.49730281073717436
344	21	0.49730281073717436
344	22	0.49730281073717436
344	23	0.49730281073717436
344	24	0.49730281073717436
344	25	0.49730281073717436
345	0	0.49730281073717436
345	1	0.49730281073717436
345	2	0.49730281073717436
345	3	0.49730281073717436
345	4	0.49730281073717436
345	5	0.49730281073717436
345	6	0.49730281073717436
345	7	0.49730281073717436
345	8	0.49730281073717436
345	9	0.49730281073717436
345	10	0.49730281073717436
345	11	0.49730281073717436
345	12	0.49730281073717436
345	13	0.49730281073717436
345	14	0.49730281073717436
345	15	0.49730281073717436
345	16	0.49730281073717436
345	17	0.49730281073717436
345	18	0.49730281073717436
345	19	0.49730281073717436
345	20	0.49730281073717436
345	21	0.49730281073717436
345	22	0.49730281073717436
345	23	0.49730281073717436
345	24	0.49730281073717436
345	25	0.49730281073717436
346	0	0.49730281073717436
346	1	0.49730281073717436
346	2	0.49730281073717436
346	3	0.49730281073717436
346	4	0.49730281073717436
346	5	0.49730281073717436
347	0	0.49730281073717436
347	1	0.49730281073717436
347	2	0.49730281073717436
347	3	0.49730281073717436
347	4	0.49730281073717436
347	5	0.49730281073717436
347	6	0.49730281073717436
347	7	0.49730281073717436
347	8	0.49730281073717436
347	9	0.49730281073717436
347	10	0.49730281073717436
347	11	0.49730281073717436
347	12	0.49730281073717436
348	0	0.49730281073717436
348	1	0.49730281073717436
348	2	0.49730281073717436
348	3	0.49730281073717436
348	4	0.49730281073717436
348	5	0.49730281073717436
348	6	0.49730281073717436
348	7	0.49730281073717436
348	8	0.49730281073717436
348	9	0.49730281073717436
348	10	0.49730281073717436
348	11	0.49730281073717436
348	12	0.49730281073717436
349	0	0.49730281073717436
349	1	0.49730281073717436
349	2	0.49730281073717436
349	3	0.49730281073717436
349	4	0.49730281073717436
349	5	0.49730281073717436
349	6	0.49730281073717436
349	7	0.49730281073717436
349	8	0.49730281073717436
349	9	0.49730281073717436
349	10	0.49730281073717436
349	11	0.49730281073717436
349	12	0.49730281073717436
349	13	0.49730281073717436
349	14	0.49730281073717436
349	15	0.49730281073717436
350	0	0.49730281073717436
350	1	0.49730281073717436
350	2	0.49730281073717436
350	3	0.49730281073717436
350	4	0.49730281073717436
350	5	0.49730281073717436
350	6	0.49730281073717436
350	7	0.49730281073717436
350	8	0.49730281073717436
350	9	0.49730281073717436
350	10	0.49730281073717436
350	11	0.49730281073717436
350	12	0.49730281073717436
350	13	0.49730281073717436
350	14	0.49730281073717436
350	15	0.49730281073717436
351	0	0.49730281073717436
351	1	0.49730281073717436
351	2	0.49730281073717436
351	3	0.49730281073717436
351	4	0.49730281073717436
351	5	0.49730281073717436
351	6	0.49730281073717436
351	7	0.49730281073717436
351	8	0.49730281073717436
351	9	0.49730281073717436
351	10	0.49730281073717436
351	11	0.49730281073717436
351	12	0.49730281073717436
351	13	0.49730281073717436
351	14	0.49730281073717436
351	15	0.49730281073717436
352	0	0.49730281073717436
352	1	0.49730281073717436
352	2	0.49730281073717436
352	3	0.49730281073717436
352	4	0.49730281073717436
352	5	0.49730281073717436
352	6	0.49730281073717436
352	7	0.49730281073717436
352	8	0.49730281073717436
352	9	0.49730281073717436
352	10	0.49730281073717436
352	11	0.49730281073717436
352	12	0.49730281073717436
352	13	0.49730281073717436
353	0	0.49730281073717436
353	1	0.49730281073717436
353	2	0.49730281073717436
353	3	0.49730281073717436
353	4	0.49730281073717436
353	5	0.49730281073717436
353	6	0.49730281073717436
353	7	0.49730281073717436
353	8	0.49730281073717436
353	9	0.49730281073717436
353	10	0.49730281073717436
353	11	0.49730281073717436
353	12	0.49730281073717436
353	13	0.49730281073717436
354	0	0.49730281073717436
354	1	0.49730281073717436
354	2	0.49730281073717436
354	3	0.49730281073717436
354	4	0.49730281073717436
354	5	0.49730281073717436
354	6	0.49730281073717436
354	7	0.49730281073717436
354	8	0.49730281073717436
354	9	0.49730281073717436
354	10	0.49730281073717436
354	11	0.49730281073717436
354	12	0.49730281073717436
354	13	0.49730281073717436
354	14	0.49730281073717436
354	15	0.49730281073717436
354	16	0.49730281073717436
354	17	0.49730281073717436
354	18	0.49730281073717436
354	19	0.49730281073717436
354	20	0.49730281073717436
354	21	0.49730281073717436
354	22	0.49730281073717436
355	0	0.49730281073717436
355	1	0.49730281073717436
355	2	0.49730281073717436
355	3	0.49730281073717436
355	4	0.49730281073717436
355	5	0.49730281073717436
355	6	0.49730281073717436
355	7	0.49730281073717436
355	8	0.49730281073717436
355	9	0.49730281073717436
355	10	0.49730281073717436
355	11	0.49730281073717436
355	12	0.49730281073717436
355	13	0.49730281073717436
355	14	0.49730281073717436
355	15	0.49730281073717436
355	16	0.49730281073717436
355	17	0.49730281073717436
355	18	0.49730281073717436
355	19	0.49730281073717436
355	20	0.49730281073717436
355	21	0.49730281073717436
355	22	0.49730281073717436
356	0	0.49730281073717436
356	1	0.49730281073717436
356	2	0.49730281073717436
356	3	0.49730281073717436
356	4	0.49730281073717436
356	5	0.49730281073717436
356	6	0.49730281073717436
356	7	0.49730281073717436
356	8	0.49730281073717436
356	9	0.49730281073717436
356	10	0.49730281073717436
356	11	0.49730281073717436
356	12	0.49730281073717436
356	13	0.49730281073717436
357	0	0.49730281073717436
357	1	0.49730281073717436
357	2	0.49730281073717436
357	3	0.49730281073717436
357	4	0.49730281073717436
357	5	0.49730281073717436
357	6	0.49730281073717436
357	7	0.49730281073717436
357	8	0.49730281073717436
358	0	0.49730281073717436
358	1	0.49730281073717436
358	2	0.49730281073717436
358	3	0.49730281073717436
358	4	0.49730281073717436
358	5	0.49730281073717436
358	6	0.49730281073717436
358	7	0.49730281073717436
358	8	0.49730281073717436
359	0	0.49730281073717436
359	1	0.49730281073717436
359	2	0.49730281073717436
359	3	0.49730281073717436
359	4	0.49730281073717436
359	5	0.49730281073717436
359	6	0.49730281073717436
359	7	0.49730281073717436
359	8	0.49730281073717436
360	0	0.49730281073717436
360	1	0.49730281073717436
360	2	0.49730281073717436
360	3	0.49730281073717436
360	4	0.49730281073717436
360	5	0.49730281073717436
360	6	0.49730281073717436
360	7	0.49730281073717436
360	8	0.49730281073717436
360	9	0.49730281073717436
360	10	0.49730281073717436
360	11	0.49730281073717436
360	12	0.49730281073717436
360	13	0.49730281073717436
360	14	0.49730281073717436
360	15	0.49730281073717436
361	0	0.49730281073717436
361	1	0.49730281073717436
361	2	0.49730281073717436
361	3	0.49730281073717436
361	4	0.49730281073717436
361	5	0.49730281073717436
361	6	0.49730281073717436
361	7	0.49730281073717436
361	8	0.49730281073717436
361	9	0.49730281073717436
361	10	0.49730281073717436
361	11	0.49730281073717436
361	12	0.49730281073717436
361	13	0.49730281073717436
361	14	0.49730281073717436
361	15	0.49730281073717436
362	0	0.49730281073717436
362	1	0.49730281073717436
362	2	0.49730281073717436
362	3	0.49730281073717436
362	4	0.49730281073717436
362	5	0.49730281073717436
362	6	0.49730281073717436
362	7	0.49730281073717436
362	8	0.49730281073717436
362	9	0.49730281073717436
362	10	0.49730281073717436
362	11	0.49730281073717436
362	12	0.49730281073717436
362	13	0.49730281073717436
362	14	0.49730281073717436
362	15	0.49730281073717436
362	16	0.49730281073717436
362	17	0.49730281073717436
362	18	0.49730281073717436
362	19	0.49730281073717436
362	20	0.49730281073717436
362	21	0.49730281073717436
362	22	0.49730281073717436
363	0	0.49730281073717436
363	1	0.49730281073717436
363	2	0.49730281073717436
363	3	0.49730281073717436
363	4	0.49730281073717436
363	5	0.49730281073717436
363	6	0.49730281073717436
363	7	0.49730281073717436
363	8	0.49730281073717436
363	9	0.49730281073717436
363	10	0.49730281073717436
363	11	0.49730281073717436
363	12	0.49730281073717436
363	13	0.49730281073717436
363	14	0.49730281073717436
363	15	0.49730281073717436
363	16	0.49730281073717436
363	17	0.49730281073717436
364	0	0.49730281073717436
364	1	0.49730281073717436
364	2	0.49730281073717436
364	3	0.49730281073717436
364	4	0.49730281073717436
364	5	0.49730281073717436
364	6	0.49730281073717436
364	7	0.49730281073717436
364	8	0.49730281073717436
364	9	0.49730281073717436
364	10	0.49730281073717436
364	11	0.49730281073717436
365	0	0.49730281073717436
365	1	0.49730281073717436
365	2	0.49730281073717436
365	3	0.49730281073717436
365	4	0.49730281073717436
365	5	0.49730281073717436
365	6	0.49730281073717436
365	7	0.49730281073717436
365	8	0.49730281073717436
365	9	0.49730281073717436
365	10	0.49730281073717436
365	11	0.49730281073717436
365	12	0.49730281073717436
365	13	0.49730281073717436
365	14	0.49730281073717436
365	15	0.49730281073717436
365	16	0.49730281073717436
365	17	0.49730281073717436
366	0	0.49730281073717436
366	1	0.49730281073717436
366	2	0.49730281073717436
366	3	0.49730281073717436
366	4	0.49730281073717436
366	5	0.49730281073717436
366	6	0.49730281073717436
366	7	0.49730281073717436
366	8	0.49730281073717436
366	9	0.49730281073717436
366	10	0.49730281073717436
366	11	0.49730281073717436
367	0	0.49730281073717436
367	1	0.49730281073717436
367	2	0.49730281073717436
367	3	0.49730281073717436
367	4	0.49730281073717436
367	5	0.49730281073717436
367	6	0.49730281073717436
367	7	0.49730281073717436
367	8	0.49730281073717436
367	9	0.49730281073717436
367	10	0.49730281073717436
367	11	0.49730281073717436
367	12	0.49730281073717436
367	13	0.49730281073717436
367	14	0.49730281073717436
367	15	0.49730281073717436
368	0	0.49730281073717436
368	1	0.49730281073717436
368	2	0.49730281073717436
368	3	0.49730281073717436
368	4	0.49730281073717436
368	5	0.49730281073717436
368	6	0.49730281073717436
368	7	0.49730281073717436
368	8	0.49730281073717436
368	9	0.49730281073717436
368	10	0.49730281073717436
368	11	0.49730281073717436
368	12	0.49730281073717436
368	13	0.49730281073717436
368	14	0.49730281073717436
368	15	0.49730281073717436
368	16	0.49730281073717436
368	17	0.49730281073717436
369	0	0.49730281073717436
369	1	0.49730281073717436
369	2	0.49730281073717436
369	3	0.49730281073717436
369	4	0.49730281073717436
369	5	0.49730281073717436
369	6	0.49730281073717436
369	7	0.49730281073717436
369	8	0.49730281073717436
369	9	0.49730281073717436
369	10	0.49730281073717436
369	11	0.49730281073717436
369	12	0.49730281073717436
369	13	0.49730281073717436
369	14	0.49730281073717436
369	15	0.49730281073717436
369	16	0.49730281073717436
369	17	0.49730281073717436
370	0	0.49730281073717436
370	1	0.49730281073717436
370	2	0.49730281073717436
370	3	0.49730281073717436
370	4	0.49730281073717436
370	5	0.49730281073717436
370	6	0.49730281073717436
370	7	0.49730281073717436
370	8	0.49730281073717436
370	9	0.49730281073717436
370	10	0.49730281073717436
371	0	0.49730281073717436
371	1	0.49730281073717436
371	2	0.49730281073717436
371	3	0.49730281073717436
371	4	0.49730281073717436
371	5	0.49730281073717436
371	6	0.49730281073717436
371	7	0.49730281073717436
371	8	0.49730281073717436
371	9	0.49730281073717436
371	10	0.49730281073717436
371	11	0.49730281073717436
371	12	0.49730281073717436
371	13	0.49730281073717436
371	14	0.49730281073717436
371	15	0.49730281073717436
371	16	0.49730281073717436
371	17	0.49730281073717436
371	18	0.49730281073717436
372	0	0.49730281073717436
372	1	0.49730281073717436
372	2	0.49730281073717436
372	3	0.49730281073717436
372	4	0.49730281073717436
372	5	0.49730281073717436
372	6	0.49730281073717436
372	7	0.49730281073717436
372	8	0.49730281073717436
372	9	0.49730281073717436
372	10	0.49730281073717436
372	11	0.49730281073717436
372	12	0.49730281073717436
372	13	0.49730281073717436
372	14	0.49730281073717436
372	15	0.49730281073717436
372	16	0.49730281073717436
372	17	0.49730281073717436
372	18	0.49730281073717436
373	0	0.49730281073717436
373	1	0.49730281073717436
373	2	0.49730281073717436
373	3	0.49730281073717436
373	4	0.49730281073717436
373	5	0.49730281073717436
373	6	0.49730281073717436
373	7	0.49730281073717436
373	8	0.49730281073717436
373	9	0.49730281073717436
373	10	0.49730281073717436
373	11	0.49730281073717436
373	12	0.49730281073717436
373	13	0.49730281073717436
373	14	0.49730281073717436
373	15	0.49730281073717436
373	16	0.49730281073717436
373	17	0.49730281073717436
373	18	0.49730281073717436
373	19	0.49730281073717436
373	20	0.49730281073717436
373	21	0.49730281073717436
373	22	0.49730281073717436
373	23	0.49730281073717436
374	0	0.49730281073717436
374	1	0.49730281073717436
374	2	0.49730281073717436
374	3	0.49730281073717436
374	4	0.49730281073717436
374	5	0.49730281073717436
375	0	0.49730281073717436
375	1	0.49730281073717436
375	2	0.49730281073717436
375	3	0.49730281073717436
375	4	0.49730281073717436
375	5	0.49730281073717436
375	6	0.49730281073717436
375	7	0.49730281073717436
375	8	0.49730281073717436
375	9	0.49730281073717436
375	10	0.49730281073717436
375	11	0.49730281073717436
375	12	0.49730281073717436
375	13	0.49730281073717436
375	14	0.49730281073717436
375	15	0.49730281073717436
375	16	0.49730281073717436
375	17	0.49730281073717436
375	18	0.49730281073717436
375	19	0.49730281073717436
375	20	0.49730281073717436
375	21	0.49730281073717436
376	0	0.49730281073717436
376	1	0.49730281073717436
376	2	0.49730281073717436
376	3	0.49730281073717436
376	4	0.49730281073717436
376	5	0.49730281073717436
376	6	0.49730281073717436
376	7	0.49730281073717436
376	8	0.49730281073717436
377	0	0.49730281073717436
377	1	0.49730281073717436
377	2	0.49730281073717436
377	3	0.49730281073717436
377	4	0.49730281073717436
377	5	0.49730281073717436
377	6	0.49730281073717436
377	7	0.49730281073717436
377	8	0.49730281073717436
377	9	0.49730281073717436
377	10	0.49730281073717436
377	11	0.49730281073717436
377	12	0.49730281073717436
377	13	0.49730281073717436
377	14	0.49730281073717436
377	15	0.49730281073717436
377	16	0.49730281073717436
377	17	0.49730281073717436
377	18	0.49730281073717436
377	19	0.49730281073717436
377	20	0.49730281073717436
377	21	0.49730281073717436
377	22	0.49730281073717436
377	23	0.49730281073717436
377	24	0.49730281073717436
377	25	0.49730281073717436
377	26	0.49730281073717436
377	27	0.49730281073717436
377	28	0.49730281073717436
377	29	0.49730281073717436
377	30	0.49730281073717436
377	31	0.49730281073717436
377	32	0.49730281073717436
377	33	0.49730281073717436
377	34	0.49730281073717436
378	0	0.49730281073717436
378	1	0.49730281073717436
378	2	0.49730281073717436
378	3	0.49730281073717436
378	4	0.49730281073717436
378	5	0.49730281073717436
378	6	0.49730281073717436
378	7	0.49730281073717436
378	8	0.49730281073717436
379	0	0.49730281073717436
379	1	0.49730281073717436
379	2	0.49730281073717436
379	3	0.49730281073717436
379	4	0.49730281073717436
379	5	0.49730281073717436
379	6	0.49730281073717436
379	7	0.49730281073717436
379	8	0.49730281073717436
379	9	0.49730281073717436
379	10	0.49730281073717436
379	11	0.49730281073717436
379	12	0.49730281073717436
379	13	0.49730281073717436
379	14	0.49730281073717436
379	15	0.49730281073717436
379	16	0.49730281073717436
379	17	0.49730281073717436
379	18	0.49730281073717436
379	19	0.49730281073717436
379	20	0.49730281073717436
379	21	0.49730281073717436
379	22	0.49730281073717436
379	23	0.49730281073717436
379	24	0.49730281073717436
379	25	0.49730281073717436
379	26	0.49730281073717436
380	0	0.49730281073717436
380	1	0.49730281073717436
380	2	0.49730281073717436
380	3	0.49730281073717436
380	4	0.49730281073717436
380	5	0.49730281073717436
381	0	0.49730281073717436
381	1	0.49730281073717436
381	2	0.49730281073717436
381	3	0.49730281073717436
381	4	0.49730281073717436
381	5	0.49730281073717436
382	0	0.49730281073717436
382	1	0.49730281073717436
382	2	0.49730281073717436
382	3	0.49730281073717436
382	4	0.49730281073717436
382	5	0.49730281073717436
382	6	0.49730281073717436
382	7	0.49730281073717436
382	8	0.49730281073717436
382	9	0.49730281073717436
382	10	0.49730281073717436
382	11	0.49730281073717436
382	12	0.49730281073717436
383	0	0.49730281073717436
383	1	0.49730281073717436
383	2	0.49730281073717436
383	3	0.49730281073717436
383	4	0.49730281073717436
383	5	0.49730281073717436
383	6	0.49730281073717436
383	7	0.49730281073717436
383	8	0.49730281073717436
383	9	0.49730281073717436
383	10	0.49730281073717436
383	11	0.49730281073717436
383	12	0.49730281073717436
383	13	0.49730281073717436
383	14	0.49730281073717436
383	15	0.49730281073717436
383	16	0.49730281073717436
383	17	0.49730281073717436
383	18	0.49730281073717436
383	19	0.49730281073717436
383	20	0.49730281073717436
383	21	0.49730281073717436
383	22	0.49730281073717436
383	23	0.49730281073717436
383	24	0.49730281073717436
383	25	0.49730281073717436
383	26	0.49730281073717436
383	27	0.49730281073717436
383	28	0.49730281073717436
383	29	0.49730281073717436
383	30	0.49730281073717436
383	31	0.49730281073717436
383	32	0.49730281073717436
383	33	0.49730281073717436
383	34	0.49730281073717436
383	35	0.49730281073717436
384	0	0.49730281073717436
384	1	0.49730281073717436
384	2	0.49730281073717436
384	3	0.49730281073717436
384	4	0.49730281073717436
384	5	0.49730281073717436
384	6	0.49730281073717436
384	7	0.49730281073717436
384	8	0.49730281073717436
384	9	0.49730281073717436
384	10	0.49730281073717436
384	11	0.49730281073717436
384	12	0.49730281073717436
384	13	0.49730281073717436
384	14	0.49730281073717436
384	15	0.49730281073717436
384	16	0.49730281073717436
384	17	0.49730281073717436
384	18	0.49730281073717436
384	19	0.49730281073717436
384	20	0.49730281073717436
384	21	0.49730281073717436
384	22	0.49730281073717436
384	23	0.49730281073717436
384	24	0.49730281073717436
384	25	0.49730281073717436
384	26	0.49730281073717436
384	27	0.49730281073717436
384	28	0.49730281073717436
384	29	0.49730281073717436
384	30	0.49730281073717436
384	31	0.49730281073717436
384	32	0.49730281073717436
384	33	0.49730281073717436
384	34	0.49730281073717436
384	35	0.49730281073717436
385	0	0.49730281073717436
385	1	0.49730281073717436
385	2	0.49730281073717436
385	3	0.49730281073717436
385	4	0.49730281073717436
385	5	0.49730281073717436
385	6	0.49730281073717436
385	7	0.49730281073717436
385	8	0.49730281073717436
385	9	0.49730281073717436
385	10	0.49730281073717436
385	11	0.49730281073717436
385	12	0.49730281073717436
385	13	0.49730281073717436
385	14	0.49730281073717436
385	15	0.49730281073717436
385	16	0.49730281073717436
385	17	0.49730281073717436
385	18	0.49730281073717436
385	19	0.49730281073717436
385	20	0.49730281073717436
385	21	0.49730281073717436
385	22	0.49730281073717436
386	0	0.49730281073717436
386	1	0.49730281073717436
386	2	0.49730281073717436
386	3	0.49730281073717436
386	4	0.49730281073717436
386	5	0.49730281073717436
386	6	0.49730281073717436
386	7	0.49730281073717436
386	8	0.49730281073717436
387	0	0.49730281073717436
387	1	0.49730281073717436
387	2	0.49730281073717436
387	3	0.49730281073717436
387	4	0.49730281073717436
387	5	0.49730281073717436
388	0	0.49730281073717436
388	1	0.49730281073717436
388	2	0.49730281073717436
388	3	0.49730281073717436
388	4	0.49730281073717436
388	5	0.49730281073717436
389	0	0.49730281073717436
389	1	0.49730281073717436
389	2	0.49730281073717436
389	3	0.49730281073717436
389	4	0.49730281073717436
389	5	0.49730281073717436
389	6	0.49730281073717436
390	0	0.49730281073717436
390	1	0.49730281073717436
390	2	0.49730281073717436
390	3	0.49730281073717436
390	4	0.49730281073717436
390	5	0.49730281073717436
390	6	0.49730281073717436
390	7	0.49730281073717436
390	8	0.49730281073717436
390	9	0.49730281073717436
390	10	0.49730281073717436
390	11	0.49730281073717436
390	12	0.49730281073717436
390	13	0.49730281073717436
390	14	0.49730281073717436
390	15	0.49730281073717436
390	16	0.49730281073717436
390	17	0.49730281073717436
390	18	0.49730281073717436
390	19	0.49730281073717436
390	20	0.49730281073717436
390	21	0.49730281073717436
390	22	0.49730281073717436
390	23	0.49730281073717436
390	24	0.49730281073717436
390	25	0.49730281073717436
390	26	0.49730281073717436
390	27	0.49730281073717436
390	28	0.49730281073717436
390	29	0.49730281073717436
390	30	0.49730281073717436
390	31	0.49730281073717436
391	0	0.49730281073717436
391	1	0.49730281073717436
391	2	0.49730281073717436
391	3	0.49730281073717436
391	4	0.49730281073717436
391	5	0.49730281073717436
391	6	0.49730281073717436
391	7	0.49730281073717436
392	0	0.49730281073717436
392	1	0.49730281073717436
392	2	0.49730281073717436
392	3	0.49730281073717436
392	4	0.49730281073717436
392	5	0.49730281073717436
392	6	0.49730281073717436
392	7	0.49730281073717436
392	8	0.49730281073717436
392	9	0.49730281073717436
392	10	0.49730281073717436
392	11	0.49730281073717436
392	12	0.49730281073717436
392	13	0.49730281073717436
392	14	0.49730281073717436
392	15	0.49730281073717436
392	16	0.49730281073717436
392	17	0.49730281073717436
392	18	0.49730281073717436
392	19	0.49730281073717436
392	20	0.49730281073717436
392	21	0.49730281073717436
392	22	0.49730281073717436
392	23	0.49730281073717436
392	24	0.49730281073717436
392	25	0.49730281073717436
392	26	0.49730281073717436
392	27	0.49730281073717436
393	0	0.49730281073717436
393	1	0.49730281073717436
393	2	0.49730281073717436
393	3	0.49730281073717436
393	4	0.49730281073717436
393	5	0.49730281073717436
393	6	0.49730281073717436
393	7	0.49730281073717436
393	8	0.49730281073717436
393	9	0.49730281073717436
393	10	0.49730281073717436
393	11	0.49730281073717436
393	12	0.49730281073717436
393	13	0.49730281073717436
394	0	0.49730281073717436
394	1	0.49730281073717436
394	2	0.49730281073717436
394	3	0.49730281073717436
394	4	0.49730281073717436
394	5	0.49730281073717436
394	6	0.49730281073717436
394	7	0.49730281073717436
394	8	0.49730281073717436
394	9	0.49730281073717436
394	10	0.49730281073717436
394	11	0.49730281073717436
394	12	0.49730281073717436
394	13	0.49730281073717436
394	14	0.49730281073717436
394	15	0.49730281073717436
394	16	0.49730281073717436
394	17	0.49730281073717436
395	0	0.49730281073717436
395	1	0.49730281073717436
395	2	0.49730281073717436
395	3	0.49730281073717436
395	4	0.49730281073717436
395	5	0.49730281073717436
395	6	0.49730281073717436
395	7	0.49730281073717436
395	8	0.49730281073717436
395	9	0.49730281073717436
395	10	0.49730281073717436
395	11	0.49730281073717436
395	12	0.49730281073717436
395	13	0.49730281073717436
395	14	0.49730281073717436
395	15	0.49730281073717436
395	16	0.49730281073717436
395	17	0.49730281073717436
395	18	0.49730281073717436
396	0	0.49730281073717436
396	1	0.49730281073717436
396	2	0.49730281073717436
396	3	0.49730281073717436
396	4	0.49730281073717436
396	5	0.49730281073717436
396	6	0.49730281073717436
397	0	0.49730281073717436
397	1	0.49730281073717436
397	2	0.49730281073717436
397	3	0.49730281073717436
397	4	0.49730281073717436
397	5	0.49730281073717436
397	6	0.49730281073717436
397	7	0.49730281073717436
397	8	0.49730281073717436
397	9	0.49730281073717436
397	10	0.49730281073717436
398	0	0.49730281073717436
398	1	0.49730281073717436
398	2	0.49730281073717436
398	3	0.49730281073717436
398	4	0.49730281073717436
398	5	0.49730281073717436
398	6	0.49730281073717436
398	7	0.49730281073717436
398	8	0.49730281073717436
398	9	0.49730281073717436
398	10	0.49730281073717436
399	0	0.49730281073717436
399	1	0.49730281073717436
399	2	0.49730281073717436
399	3	0.49730281073717436
399	4	0.49730281073717436
399	5	0.49730281073717436
399	6	0.49730281073717436
399	7	0.49730281073717436
399	8	0.49730281073717436
399	9	0.49730281073717436
399	10	0.49730281073717436
399	11	0.49730281073717436
399	12	0.49730281073717436
399	13	0.49730281073717436
399	14	0.49730281073717436
399	15	0.49730281073717436
399	16	0.49730281073717436
399	17	0.49730281073717436
399	18	0.49730281073717436
399	19	0.49730281073717436
399	20	0.49730281073717436
399	21	0.49730281073717436
399	22	0.49730281073717436
399	23	0.49730281073717436
399	24	0.49730281073717436
399	25	0.49730281073717436
399	26	0.49730281073717436
399	27	0.49730281073717436
399	28	0.49730281073717436
399	29	0.49730281073717436
399	30	0.49730281073717436
399	31	0.49730281073717436
399	32	0.49730281073717436
399	33	0.49730281073717436
399	34	0.49730281073717436
399	35	0.49730281073717436
399	36	0.49730281073717436
399	37	0.49730281073717436
399	38	0.49730281073717436
399	39	0.49730281073717436
399	40	0.49730281073717436
399	41	0.49730281073717436
399	42	0.49730281073717436
399	43	0.49730281073717436
399	44	0.49730281073717436
400	0	0.49730281073717436
400	1	0.49730281073717436
400	2	0.49730281073717436
400	3	0.49730281073717436
400	4	0.49730281073717436
400	5	0.49730281073717436
400	6	0.49730281073717436
400	7	0.49730281073717436
400	8	0.49730281073717436
401	0	0.49730281073717436
401	1	0.49730281073717436
401	2	0.49730281073717436
401	3	0.49730281073717436
401	4	0.49730281073717436
401	5	0.49730281073717436
401	6	0.49730281073717436
401	7	0.49730281073717436
401	8	0.49730281073717436
401	9	0.49730281073717436
401	10	0.49730281073717436
401	11	0.49730281073717436
401	12	0.49730281073717436
401	13	0.49730281073717436
401	14	0.49730281073717436
401	15	0.49730281073717436
401	16	0.49730281073717436
401	17	0.49730281073717436
401	18	0.49730281073717436
401	19	0.49730281073717436
402	0	0.49730281073717436
402	1	0.49730281073717436
402	2	0.49730281073717436
402	3	0.49730281073717436
402	4	0.49730281073717436
402	5	0.49730281073717436
403	0	0.49730281073717436
403	1	0.49730281073717436
403	2	0.49730281073717436
403	3	0.49730281073717436
403	4	0.49730281073717436
403	5	0.49730281073717436
403	6	0.49730281073717436
403	7	0.49730281073717436
403	8	0.49730281073717436
403	9	0.49730281073717436
403	10	0.49730281073717436
404	0	0.49730281073717436
404	1	0.49730281073717436
404	2	0.49730281073717436
404	3	0.49730281073717436
404	4	0.49730281073717436
404	5	0.49730281073717436
404	6	0.49730281073717436
404	7	0.49730281073717436
404	8	0.49730281073717436
404	9	0.49730281073717436
404	10	0.49730281073717436
404	11	0.49730281073717436
404	12	0.49730281073717436
405	0	0.49730281073717436
405	1	0.49730281073717436
405	2	0.49730281073717436
405	3	0.49730281073717436
405	4	0.49730281073717436
405	5	0.49730281073717436
405	6	0.49730281073717436
405	7	0.49730281073717436
405	8	0.49730281073717436
405	9	0.49730281073717436
405	10	0.49730281073717436
406	0	0.49730281073717436
406	1	0.49730281073717436
406	2	0.49730281073717436
406	3	0.49730281073717436
406	4	0.49730281073717436
406	5	0.49730281073717436
406	6	0.49730281073717436
406	7	0.49730281073717436
406	8	0.49730281073717436
406	9	0.49730281073717436
406	10	0.49730281073717436
407	0	0.49730281073717436
407	1	0.49730281073717436
407	2	0.49730281073717436
407	3	0.49730281073717436
407	4	0.49730281073717436
407	5	0.49730281073717436
407	6	0.49730281073717436
407	7	0.49730281073717436
407	8	0.49730281073717436
407	9	0.49730281073717436
407	10	0.49730281073717436
408	0	0.49730281073717436
408	1	0.49730281073717436
408	2	0.49730281073717436
408	3	0.49730281073717436
408	4	0.49730281073717436
408	5	0.49730281073717436
408	6	0.49730281073717436
408	7	0.49730281073717436
408	8	0.49730281073717436
408	9	0.49730281073717436
408	10	0.49730281073717436
409	0	0.49730281073717436
409	1	0.49730281073717436
409	2	0.49730281073717436
409	3	0.49730281073717436
409	4	0.49730281073717436
409	5	0.49730281073717436
409	6	0.49730281073717436
409	7	0.49730281073717436
409	8	0.49730281073717436
409	9	0.49730281073717436
409	10	0.49730281073717436
410	0	0.49730281073717436
410	1	0.49730281073717436
410	2	0.49730281073717436
410	3	0.49730281073717436
410	4	0.49730281073717436
410	5	0.49730281073717436
410	6	0.49730281073717436
410	7	0.49730281073717436
410	8	0.49730281073717436
410	9	0.49730281073717436
410	10	0.49730281073717436
411	0	0.49730281073717436
411	1	0.49730281073717436
411	2	0.49730281073717436
411	3	0.49730281073717436
411	4	0.49730281073717436
411	5	0.49730281073717436
411	6	0.49730281073717436
411	7	0.49730281073717436
411	8	0.49730281073717436
411	9	0.49730281073717436
411	10	0.49730281073717436
411	11	0.49730281073717436
411	12	0.49730281073717436
411	13	0.49730281073717436
411	14	0.49730281073717436
411	15	0.49730281073717436
411	16	0.49730281073717436
411	17	0.49730281073717436
412	0	0.49730281073717436
412	1	0.49730281073717436
412	2	0.49730281073717436
412	3	0.49730281073717436
412	4	0.49730281073717436
412	5	0.49730281073717436
412	6	0.49730281073717436
412	7	0.49730281073717436
412	8	0.49730281073717436
412	9	0.49730281073717436
412	10	0.49730281073717436
412	11	0.49730281073717436
412	12	0.49730281073717436
412	13	0.49730281073717436
412	14	0.49730281073717436
412	15	0.49730281073717436
412	16	0.49730281073717436
412	17	0.49730281073717436
412	18	0.49730281073717436
412	19	0.49730281073717436
412	20	0.49730281073717436
412	21	0.49730281073717436
412	22	0.49730281073717436
412	23	0.49730281073717436
412	24	0.49730281073717436
412	25	0.49730281073717436
412	26	0.49730281073717436
412	27	0.49730281073717436
412	28	0.49730281073717436
412	29	0.49730281073717436
412	30	0.49730281073717436
412	31	0.49730281073717436
412	32	0.49730281073717436
412	33	0.49730281073717436
412	34	0.49730281073717436
412	35	0.49730281073717436
413	0	0.49730281073717436
413	1	0.49730281073717436
413	2	0.49730281073717436
413	3	0.49730281073717436
413	4	0.49730281073717436
413	5	0.49730281073717436
413	6	0.49730281073717436
413	7	0.49730281073717436
413	8	0.49730281073717436
413	9	0.49730281073717436
413	10	0.49730281073717436
413	11	0.49730281073717436
413	12	0.49730281073717436
413	13	0.49730281073717436
413	14	0.49730281073717436
413	15	0.49730281073717436
413	16	0.49730281073717436
413	17	0.49730281073717436
413	18	0.49730281073717436
413	19	0.49730281073717436
413	20	0.49730281073717436
413	21	0.49730281073717436
413	22	0.49730281073717436
413	23	0.49730281073717436
413	24	0.49730281073717436
413	25	0.49730281073717436
413	26	0.49730281073717436
413	27	0.49730281073717436
413	28	0.49730281073717436
413	29	0.49730281073717436
414	0	0.49730281073717436
414	1	0.49730281073717436
414	2	0.49730281073717436
414	3	0.49730281073717436
414	4	0.49730281073717436
414	5	0.49730281073717436
414	6	0.49730281073717436
414	7	0.49730281073717436
414	8	0.49730281073717436
414	9	0.49730281073717436
414	10	0.49730281073717436
414	11	0.49730281073717436
414	12	0.49730281073717436
414	13	0.49730281073717436
414	14	0.49730281073717436
414	15	0.49730281073717436
414	16	0.49730281073717436
414	17	0.49730281073717436
414	18	0.49730281073717436
414	19	0.49730281073717436
414	20	0.49730281073717436
414	21	0.49730281073717436
414	22	0.49730281073717436
414	23	0.49730281073717436
414	24	0.49730281073717436
414	25	0.49730281073717436
414	26	0.49730281073717436
414	27	0.49730281073717436
414	28	0.49730281073717436
414	29	0.49730281073717436
415	0	0.49730281073717436
415	1	0.49730281073717436
415	2	0.49730281073717436
415	3	0.49730281073717436
415	4	0.49730281073717436
415	5	0.49730281073717436
415	6	0.49730281073717436
415	7	0.49730281073717436
415	8	0.49730281073717436
415	9	0.49730281073717436
415	10	0.49730281073717436
415	11	0.49730281073717436
415	12	0.49730281073717436
415	13	0.49730281073717436
415	14	0.49730281073717436
415	15	0.49730281073717436
415	16	0.49730281073717436
415	17	0.49730281073717436
415	18	0.49730281073717436
415	19	0.49730281073717436
415	20	0.49730281073717436
415	21	0.49730281073717436
415	22	0.49730281073717436
415	23	0.49730281073717436
415	24	0.49730281073717436
415	25	0.49730281073717436
415	26	0.49730281073717436
415	27	0.49730281073717436
415	28	0.49730281073717436
415	29	0.49730281073717436
415	30	0.49730281073717436
415	31	0.49730281073717436
415	32	0.49730281073717436
415	33	0.49730281073717436
415	34	0.49730281073717436
415	35	0.49730281073717436
416	0	0.49730281073717436
416	1	0.49730281073717436
416	2	0.49730281073717436
416	3	0.49730281073717436
416	4	0.49730281073717436
416	5	0.49730281073717436
416	6	0.49730281073717436
416	7	0.49730281073717436
416	8	0.49730281073717436
416	9	0.49730281073717436
416	10	0.49730281073717436
416	11	0.49730281073717436
416	12	0.49730281073717436
416	13	0.49730281073717436
416	14	0.49730281073717436
416	15	0.49730281073717436
416	16	0.49730281073717436
416	17	0.49730281073717436
417	0	0.49730281073717436
417	1	0.49730281073717436
417	2	0.49730281073717436
417	3	0.49730281073717436
417	4	0.49730281073717436
417	5	0.49730281073717436
417	6	0.49730281073717436
417	7	0.49730281073717436
417	8	0.49730281073717436
417	9	0.49730281073717436
417	10	0.49730281073717436
418	0	0.49730281073717436
418	1	0.49730281073717436
418	2	0.49730281073717436
418	3	0.49730281073717436
418	4	0.49730281073717436
418	5	0.49730281073717436
418	6	0.49730281073717436
418	7	0.49730281073717436
418	8	0.49730281073717436
418	9	0.49730281073717436
418	10	0.49730281073717436
419	0	0.49730281073717436
419	1	0.49730281073717436
419	2	0.49730281073717436
419	3	0.49730281073717436
419	4	0.49730281073717436
419	5	0.49730281073717436
419	6	0.49730281073717436
419	7	0.49730281073717436
419	8	0.49730281073717436
419	9	0.49730281073717436
419	10	0.49730281073717436
420	0	0.49730281073717436
420	1	0.49730281073717436
420	2	0.49730281073717436
420	3	0.49730281073717436
420	4	0.49730281073717436
420	5	0.49730281073717436
420	6	0.49730281073717436
420	7	0.49730281073717436
420	8	0.49730281073717436
420	9	0.49730281073717436
420	10	0.49730281073717436
421	0	0.49730281073717436
421	1	0.49730281073717436
421	2	0.49730281073717436
421	3	0.49730281073717436
421	4	0.49730281073717436
421	5	0.49730281073717436
421	6	0.49730281073717436
421	7	0.49730281073717436
421	8	0.49730281073717436
421	9	0.49730281073717436
421	10	0.49730281073717436
422	0	0.49730281073717436
422	1	0.49730281073717436
422	2	0.49730281073717436
422	3	0.49730281073717436
422	4	0.49730281073717436
422	5	0.49730281073717436
422	6	0.49730281073717436
422	7	0.49730281073717436
422	8	0.49730281073717436
422	9	0.49730281073717436
422	10	0.49730281073717436
422	11	0.49730281073717436
422	12	0.49730281073717436
422	13	0.49730281073717436
422	14	0.49730281073717436
422	15	0.49730281073717436
422	16	0.49730281073717436
422	17	0.49730281073717436
423	0	0.49730281073717436
423	1	0.49730281073717436
423	2	0.49730281073717436
423	3	0.49730281073717436
423	4	0.49730281073717436
423	5	0.49730281073717436
423	6	0.49730281073717436
423	7	0.49730281073717436
424	0	0.49730281073717436
424	1	0.49730281073717436
424	2	0.49730281073717436
424	3	0.49730281073717436
424	4	0.49730281073717436
424	5	0.49730281073717436
424	6	0.49730281073717436
424	7	0.49730281073717436
424	8	0.49730281073717436
424	9	0.49730281073717436
424	10	0.49730281073717436
424	11	0.49730281073717436
424	12	0.49730281073717436
424	13	0.49730281073717436
424	14	0.49730281073717436
424	15	0.49730281073717436
424	16	0.49730281073717436
424	17	0.49730281073717436
424	18	0.49730281073717436
424	19	0.49730281073717436
424	20	0.49730281073717436
424	21	0.49730281073717436
424	22	0.49730281073717436
424	23	0.49730281073717436
424	24	0.49730281073717436
425	0	0.49730281073717436
425	1	0.49730281073717436
425	2	0.49730281073717436
425	3	0.49730281073717436
425	4	0.49730281073717436
425	5	0.49730281073717436
425	6	0.49730281073717436
425	7	0.49730281073717436
425	8	0.49730281073717436
425	9	0.49730281073717436
425	10	0.49730281073717436
425	11	0.49730281073717436
425	12	0.49730281073717436
425	13	0.49730281073717436
425	14	0.49730281073717436
425	15	0.49730281073717436
425	16	0.49730281073717436
425	17	0.49730281073717436
426	0	0.49730281073717436
426	1	0.49730281073717436
426	2	0.49730281073717436
426	3	0.49730281073717436
426	4	0.49730281073717436
426	5	0.49730281073717436
426	6	0.49730281073717436
426	7	0.49730281073717436
427	0	0.49730281073717436
427	1	0.49730281073717436
427	2	0.49730281073717436
427	3	0.49730281073717436
427	4	0.49730281073717436
427	5	0.49730281073717436
427	6	0.49730281073717436
427	7	0.49730281073717436
427	8	0.49730281073717436
427	9	0.49730281073717436
427	10	0.49730281073717436
427	11	0.49730281073717436
427	12	0.49730281073717436
427	13	0.49730281073717436
427	14	0.49730281073717436
427	15	0.49730281073717436
427	16	0.49730281073717436
427	17	0.49730281073717436
428	0	0.49730281073717436
428	1	0.49730281073717436
428	2	0.49730281073717436
428	3	0.49730281073717436
428	4	0.49730281073717436
428	5	0.49730281073717436
428	6	0.49730281073717436
428	7	0.49730281073717436
428	8	0.49730281073717436
428	9	0.49730281073717436
428	10	0.49730281073717436
428	11	0.49730281073717436
428	12	0.49730281073717436
428	13	0.49730281073717436
428	14	0.49730281073717436
428	15	0.49730281073717436
428	16	0.49730281073717436
428	17	0.49730281073717436
428	18	0.49730281073717436
428	19	0.49730281073717436
428	20	0.49730281073717436
428	21	0.49730281073717436
428	22	0.49730281073717436
428	23	0.49730281073717436
428	24	0.49730281073717436
429	0	0.49730281073717436
429	1	0.49730281073717436
429	2	0.49730281073717436
429	3	0.49730281073717436
429	4	0.49730281073717436
429	5	0.49730281073717436
429	6	0.49730281073717436
429	7	0.49730281073717436
429	8	0.49730281073717436
429	9	0.49730281073717436
429	10	0.49730281073717436
429	11	0.49730281073717436
429	12	0.49730281073717436
429	13	0.49730281073717436
429	14	0.49730281073717436
429	15	0.49730281073717436
429	16	0.49730281073717436
429	17	0.49730281073717436
430	0	0.49730281073717436
430	1	0.49730281073717436
430	2	0.49730281073717436
430	3	0.49730281073717436
430	4	0.49730281073717436
430	5	0.49730281073717436
430	6	0.49730281073717436
430	7	0.49730281073717436
430	8	0.49730281073717436
430	9	0.49730281073717436
430	10	0.49730281073717436
430	11	0.49730281073717436
430	12	0.49730281073717436
430	13	0.49730281073717436
430	14	0.49730281073717436
430	15	0.49730281073717436
430	16	0.49730281073717436
430	17	0.49730281073717436
430	18	0.49730281073717436
431	0	0.49730281073717436
431	1	0.49730281073717436
431	2	0.49730281073717436
431	3	0.49730281073717436
431	4	0.49730281073717436
431	5	0.49730281073717436
431	6	0.49730281073717436
431	7	0.49730281073717436
431	8	0.49730281073717436
431	9	0.49730281073717436
431	10	0.49730281073717436
431	11	0.49730281073717436
431	12	0.49730281073717436
431	13	0.49730281073717436
431	14	0.49730281073717436
431	15	0.49730281073717436
431	16	0.49730281073717436
431	17	0.49730281073717436
431	18	0.49730281073717436
431	19	0.49730281073717436
431	20	0.49730281073717436
431	21	0.49730281073717436
431	22	0.49730281073717436
432	0	0.49730281073717436
432	1	0.49730281073717436
432	2	0.49730281073717436
432	3	0.49730281073717436
432	4	0.49730281073717436
432	5	0.49730281073717436
432	6	0.49730281073717436
432	7	0.49730281073717436
432	8	0.49730281073717436
432	9	0.49730281073717436
432	10	0.49730281073717436
433	0	0.49730281073717436
433	1	0.49730281073717436
433	2	0.49730281073717436
433	3	0.49730281073717436
433	4	0.49730281073717436
433	5	0.49730281073717436
434	0	0.49730281073717436
434	1	0.49730281073717436
434	2	0.49730281073717436
434	3	0.49730281073717436
434	4	0.49730281073717436
434	5	0.49730281073717436
435	0	0.49730281073717436
435	1	0.49730281073717436
435	2	0.49730281073717436
435	3	0.49730281073717436
435	4	0.49730281073717436
435	5	0.49730281073717436
435	6	0.49730281073717436
435	7	0.49730281073717436
435	8	0.49730281073717436
435	9	0.49730281073717436
435	10	0.49730281073717436
435	11	0.49730281073717436
435	12	0.49730281073717436
435	13	0.49730281073717436
435	14	0.49730281073717436
435	15	0.49730281073717436
435	16	0.49730281073717436
435	17	0.49730281073717436
435	18	0.49730281073717436
435	19	0.49730281073717436
435	20	0.49730281073717436
435	21	0.49730281073717436
435	22	0.49730281073717436
435	23	0.49730281073717436
435	24	0.49730281073717436
436	0	0.49730281073717436
436	1	0.49730281073717436
436	2	0.49730281073717436
436	3	0.49730281073717436
436	4	0.49730281073717436
436	5	0.49730281073717436
436	6	0.49730281073717436
436	7	0.49730281073717436
436	8	0.49730281073717436
436	9	0.49730281073717436
436	10	0.49730281073717436
436	11	0.49730281073717436
436	12	0.49730281073717436
436	13	0.49730281073717436
436	14	0.49730281073717436
436	15	0.49730281073717436
436	16	0.49730281073717436
436	17	0.49730281073717436
436	18	0.49730281073717436
436	19	0.49730281073717436
436	20	0.49730281073717436
436	21	0.49730281073717436
436	22	0.49730281073717436
436	23	0.49730281073717436
436	24	0.49730281073717436
436	25	0.49730281073717436
436	26	0.49730281073717436
436	27	0.49730281073717436
436	28	0.49730281073717436
436	29	0.49730281073717436
436	30	0.49730281073717436
436	31	0.49730281073717436
436	32	0.49730281073717436
436	33	0.49730281073717436
436	34	0.49730281073717436
436	35	0.49730281073717436
437	0	0.49730281073717436
437	1	0.49730281073717436
437	2	0.49730281073717436
437	3	0.49730281073717436
437	4	0.49730281073717436
437	5	0.49730281073717436
437	6	0.49730281073717436
437	7	0.49730281073717436
437	8	0.49730281073717436
437	9	0.49730281073717436
437	10	0.49730281073717436
437	11	0.49730281073717436
437	12	0.49730281073717436
437	13	0.49730281073717436
437	14	0.49730281073717436
437	15	0.49730281073717436
437	16	0.49730281073717436
437	17	0.49730281073717436
437	18	0.49730281073717436
437	19	0.49730281073717436
437	20	0.49730281073717436
437	21	0.49730281073717436
437	22	0.49730281073717436
437	23	0.49730281073717436
437	24	0.49730281073717436
437	25	0.49730281073717436
437	26	0.49730281073717436
437	27	0.49730281073717436
437	28	0.49730281073717436
437	29	0.49730281073717436
438	0	0.49730281073717436
438	1	0.49730281073717436
438	2	0.49730281073717436
438	3	0.49730281073717436
438	4	0.49730281073717436
438	5	0.49730281073717436
438	6	0.49730281073717436
438	7	0.49730281073717436
438	8	0.49730281073717436
438	9	0.49730281073717436
438	10	0.49730281073717436
438	11	0.49730281073717436
438	12	0.49730281073717436
438	13	0.49730281073717436
438	14	0.49730281073717436
438	15	0.49730281073717436
438	16	0.49730281073717436
438	17	0.49730281073717436
438	18	0.49730281073717436
439	0	0.49730281073717436
439	1	0.49730281073717436
439	2	0.49730281073717436
439	3	0.49730281073717436
439	4	0.49730281073717436
439	5	0.49730281073717436
439	6	0.49730281073717436
439	7	0.49730281073717436
439	8	0.49730281073717436
439	9	0.49730281073717436
439	10	0.49730281073717436
439	11	0.49730281073717436
439	12	0.49730281073717436
439	13	0.49730281073717436
439	14	0.49730281073717436
439	15	0.49730281073717436
439	16	0.49730281073717436
439	17	0.49730281073717436
439	18	0.49730281073717436
440	0	0.49730281073717436
440	1	0.49730281073717436
440	2	0.49730281073717436
440	3	0.49730281073717436
440	4	0.49730281073717436
440	5	0.49730281073717436
440	6	0.49730281073717436
440	7	0.49730281073717436
440	8	0.49730281073717436
440	9	0.49730281073717436
440	10	0.49730281073717436
440	11	0.49730281073717436
440	12	0.49730281073717436
440	13	0.49730281073717436
440	14	0.49730281073717436
440	15	0.49730281073717436
440	16	0.49730281073717436
440	17	0.49730281073717436
440	18	0.49730281073717436
440	19	0.49730281073717436
440	20	0.49730281073717436
440	21	0.49730281073717436
440	22	0.49730281073717436
440	23	0.49730281073717436
440	24	0.49730281073717436
441	0	0.49730281073717436
441	1	0.49730281073717436
441	2	0.49730281073717436
441	3	0.49730281073717436
441	4	0.49730281073717436
441	5	0.49730281073717436
441	6	0.49730281073717436
441	7	0.49730281073717436
441	8	0.49730281073717436
441	9	0.49730281073717436
441	10	0.49730281073717436
441	11	0.49730281073717436
441	12	0.49730281073717436
441	13	0.49730281073717436
441	14	0.49730281073717436
441	15	0.49730281073717436
441	16	0.49730281073717436
441	17	0.49730281073717436
442	0	0.49730281073717436
442	1	0.49730281073717436
442	2	0.49730281073717436
442	3	0.49730281073717436
442	4	0.49730281073717436
442	5	0.49730281073717436
442	6	0.49730281073717436
442	7	0.49730281073717436
442	8	0.49730281073717436
442	9	0.49730281073717436
442	10	0.49730281073717436
442	11	0.49730281073717436
442	12	0.49730281073717436
442	13	0.49730281073717436
442	14	0.49730281073717436
442	15	0.49730281073717436
442	16	0.49730281073717436
442	17	0.49730281073717436
442	18	0.49730281073717436
442	19	0.49730281073717436
442	20	0.49730281073717436
442	21	0.49730281073717436
442	22	0.49730281073717436
442	23	0.49730281073717436
442	24	0.49730281073717436
442	25	0.49730281073717436
442	26	0.49730281073717436
442	27	0.49730281073717436
442	28	0.49730281073717436
443	0	0.49730281073717436
443	1	0.49730281073717436
443	2	0.49730281073717436
443	3	0.49730281073717436
443	4	0.49730281073717436
443	5	0.49730281073717436
443	6	0.49730281073717436
443	7	0.49730281073717436
443	8	0.49730281073717436
444	0	0.49730281073717436
444	1	0.49730281073717436
444	2	0.49730281073717436
444	3	0.49730281073717436
444	4	0.49730281073717436
444	5	0.49730281073717436
444	6	0.49730281073717436
444	7	0.49730281073717436
444	8	0.49730281073717436
445	0	0.49730281073717436
445	1	0.49730281073717436
445	2	0.49730281073717436
445	3	0.49730281073717436
445	4	0.49730281073717436
445	5	0.49730281073717436
446	0	0.49730281073717436
446	1	0.49730281073717436
446	2	0.49730281073717436
446	3	0.49730281073717436
446	4	0.49730281073717436
446	5	0.49730281073717436
446	6	0.49730281073717436
446	7	0.49730281073717436
446	8	0.49730281073717436
446	9	0.49730281073717436
446	10	0.49730281073717436
446	11	0.49730281073717436
446	12	0.49730281073717436
446	13	0.49730281073717436
446	14	0.49730281073717436
446	15	0.49730281073717436
446	16	0.49730281073717436
446	17	0.49730281073717436
446	18	0.49730281073717436
446	19	0.49730281073717436
446	20	0.49730281073717436
446	21	0.49730281073717436
446	22	0.49730281073717436
446	23	0.49730281073717436
446	24	0.49730281073717436
446	25	0.49730281073717436
446	26	0.49730281073717436
446	27	0.49730281073717436
446	28	0.49730281073717436
446	29	0.49730281073717436
447	0	0.49730281073717436
447	1	0.49730281073717436
447	2	0.49730281073717436
447	3	0.49730281073717436
447	4	0.49730281073717436
447	5	0.49730281073717436
447	6	0.49730281073717436
447	7	0.49730281073717436
447	8	0.49730281073717436
447	9	0.49730281073717436
447	10	0.49730281073717436
447	11	0.49730281073717436
447	12	0.49730281073717436
447	13	0.49730281073717436
447	14	0.49730281073717436
447	15	0.49730281073717436
447	16	0.49730281073717436
447	17	0.49730281073717436
448	0	0.49730281073717436
448	1	0.49730281073717436
448	2	0.49730281073717436
448	3	0.49730281073717436
448	4	0.49730281073717436
448	5	0.49730281073717436
448	6	0.49730281073717436
448	7	0.49730281073717436
448	8	0.49730281073717436
448	9	0.49730281073717436
448	10	0.49730281073717436
448	11	0.49730281073717436
448	12	0.49730281073717436
448	13	0.49730281073717436
448	14	0.49730281073717436
448	15	0.49730281073717436
448	16	0.49730281073717436
448	17	0.49730281073717436
448	18	0.49730281073717436
448	19	0.49730281073717436
448	20	0.49730281073717436
448	21	0.49730281073717436
448	22	0.49730281073717436
448	23	0.49730281073717436
448	24	0.49730281073717436
449	0	0.49730281073717436
449	1	0.49730281073717436
449	2	0.49730281073717436
449	3	0.49730281073717436
449	4	0.49730281073717436
449	5	0.49730281073717436
449	6	0.49730281073717436
449	7	0.49730281073717436
449	8	0.49730281073717436
449	9	0.49730281073717436
449	10	0.49730281073717436
449	11	0.49730281073717436
449	12	0.49730281073717436
449	13	0.49730281073717436
449	14	0.49730281073717436
449	15	0.49730281073717436
449	16	0.49730281073717436
450	0	0.49730281073717436
450	1	0.49730281073717436
450	2	0.49730281073717436
450	3	0.49730281073717436
450	4	0.49730281073717436
450	5	0.49730281073717436
450	6	0.49730281073717436
450	7	0.49730281073717436
450	8	0.49730281073717436
450	9	0.49730281073717436
450	10	0.49730281073717436
450	11	0.49730281073717436
450	12	0.49730281073717436
450	13	0.49730281073717436
450	14	0.49730281073717436
450	15	0.49730281073717436
450	16	0.49730281073717436
451	0	0.49730281073717436
451	1	0.49730281073717436
451	2	0.49730281073717436
451	3	0.49730281073717436
451	4	0.49730281073717436
451	5	0.49730281073717436
451	6	0.49730281073717436
451	7	0.49730281073717436
451	8	0.49730281073717436
451	9	0.49730281073717436
451	10	0.49730281073717436
451	11	0.49730281073717436
451	12	0.49730281073717436
451	13	0.49730281073717436
451	14	0.49730281073717436
451	15	0.49730281073717436
452	0	0.49730281073717436
452	1	0.49730281073717436
452	2	0.49730281073717436
452	3	0.49730281073717436
452	4	0.49730281073717436
452	5	0.49730281073717436
452	6	0.49730281073717436
452	7	0.49730281073717436
452	8	0.49730281073717436
452	9	0.49730281073717436
452	10	0.49730281073717436
452	11	0.49730281073717436
452	12	0.49730281073717436
452	13	0.49730281073717436
452	14	0.49730281073717436
452	15	0.49730281073717436
453	0	0.49730281073717436
453	1	0.49730281073717436
453	2	0.49730281073717436
453	3	0.49730281073717436
453	4	0.49730281073717436
453	5	0.49730281073717436
453	6	0.49730281073717436
453	7	0.49730281073717436
453	8	0.49730281073717436
453	9	0.49730281073717436
453	10	0.49730281073717436
453	11	0.49730281073717436
453	12	0.49730281073717436
453	13	0.49730281073717436
453	14	0.49730281073717436
453	15	0.49730281073717436
454	0	0.49730281073717436
454	1	0.49730281073717436
454	2	0.49730281073717436
454	3	0.49730281073717436
454	4	0.49730281073717436
454	5	0.49730281073717436
454	6	0.49730281073717436
454	7	0.49730281073717436
454	8	0.49730281073717436
454	9	0.49730281073717436
454	10	0.49730281073717436
454	11	0.49730281073717436
454	12	0.49730281073717436
454	13	0.49730281073717436
454	14	0.49730281073717436
454	15	0.49730281073717436
455	0	0.49730281073717436
455	1	0.49730281073717436
455	2	0.49730281073717436
455	3	0.49730281073717436
455	4	0.49730281073717436
455	5	0.49730281073717436
456	0	0.49730281073717436
456	1	0.49730281073717436
456	2	0.49730281073717436
456	3	0.49730281073717436
456	4	0.49730281073717436
456	5	0.49730281073717436
456	6	0.49730281073717436
456	7	0.49730281073717436
457	0	0.49730281073717436
457	1	0.49730281073717436
457	2	0.49730281073717436
457	3	0.49730281073717436
457	4	0.49730281073717436
457	5	0.49730281073717436
457	6	0.49730281073717436
457	7	0.49730281073717436
457	8	0.49730281073717436
457	9	0.49730281073717436
457	10	0.49730281073717436
457	11	0.49730281073717436
457	12	0.49730281073717436
457	13	0.49730281073717436
457	14	0.49730281073717436
457	15	0.49730281073717436
457	16	0.49730281073717436
458	0	0.49730281073717436
458	1	0.49730281073717436
458	2	0.49730281073717436
458	3	0.49730281073717436
458	4	0.49730281073717436
458	5	0.49730281073717436
458	6	0.49730281073717436
458	7	0.49730281073717436
458	8	0.49730281073717436
458	9	0.49730281073717436
458	10	0.49730281073717436
458	11	0.49730281073717436
458	12	0.49730281073717436
458	13	0.49730281073717436
458	14	0.49730281073717436
458	15	0.49730281073717436
458	16	0.49730281073717436
459	0	0.49730281073717436
459	1	0.49730281073717436
459	2	0.49730281073717436
459	3	0.49730281073717436
459	4	0.49730281073717436
459	5	0.49730281073717436
459	6	0.49730281073717436
459	7	0.49730281073717436
459	8	0.49730281073717436
459	9	0.49730281073717436
459	10	0.49730281073717436
459	11	0.49730281073717436
459	12	0.49730281073717436
459	13	0.49730281073717436
459	14	0.49730281073717436
459	15	0.49730281073717436
459	16	0.49730281073717436
460	0	0.49730281073717436
460	1	0.49730281073717436
460	2	0.49730281073717436
460	3	0.49730281073717436
460	4	0.49730281073717436
460	5	0.49730281073717436
460	6	0.49730281073717436
460	7	0.49730281073717436
460	8	0.49730281073717436
460	9	0.49730281073717436
460	10	0.49730281073717436
460	11	0.49730281073717436
460	12	0.49730281073717436
460	13	0.49730281073717436
460	14	0.49730281073717436
460	15	0.49730281073717436
460	16	0.49730281073717436
460	17	0.49730281073717436
460	18	0.49730281073717436
460	19	0.49730281073717436
460	20	0.49730281073717436
460	21	0.49730281073717436
460	22	0.49730281073717436
460	23	0.49730281073717436
461	0	0.49730281073717436
461	1	0.49730281073717436
461	2	0.49730281073717436
461	3	0.49730281073717436
461	4	0.49730281073717436
461	5	0.49730281073717436
461	6	0.49730281073717436
461	7	0.49730281073717436
461	8	0.49730281073717436
461	9	0.49730281073717436
461	10	0.49730281073717436
461	11	0.49730281073717436
461	12	0.49730281073717436
461	13	0.49730281073717436
461	14	0.49730281073717436
461	15	0.49730281073717436
461	16	0.49730281073717436
461	17	0.49730281073717436
461	18	0.49730281073717436
461	19	0.49730281073717436
461	20	0.49730281073717436
461	21	0.49730281073717436
461	22	0.49730281073717436
461	23	0.49730281073717436
462	0	0.49730281073717436
462	1	0.49730281073717436
462	2	0.49730281073717436
462	3	0.49730281073717436
462	4	0.49730281073717436
462	5	0.49730281073717436
462	6	0.49730281073717436
462	7	0.49730281073717436
462	8	0.49730281073717436
462	9	0.49730281073717436
462	10	0.49730281073717436
462	11	0.49730281073717436
463	0	0.49730281073717436
463	1	0.49730281073717436
463	2	0.49730281073717436
463	3	0.49730281073717436
463	4	0.49730281073717436
463	5	0.49730281073717436
463	6	0.49730281073717436
463	7	0.49730281073717436
463	8	0.49730281073717436
463	9	0.49730281073717436
463	10	0.49730281073717436
463	11	0.49730281073717436
463	12	0.49730281073717436
463	13	0.49730281073717436
463	14	0.49730281073717436
463	15	0.49730281073717436
463	16	0.49730281073717436
463	17	0.49730281073717436
463	18	0.49730281073717436
463	19	0.49730281073717436
463	20	0.49730281073717436
463	21	0.49730281073717436
463	22	0.49730281073717436
463	23	0.49730281073717436
463	24	0.49730281073717436
463	25	0.49730281073717436
463	26	0.49730281073717436
463	27	0.49730281073717436
463	28	0.49730281073717436
463	29	0.49730281073717436
463	30	0.49730281073717436
463	31	0.49730281073717436
463	32	0.49730281073717436
463	33	0.49730281073717436
463	34	0.49730281073717436
463	35	0.49730281073717436
463	36	0.49730281073717436
463	37	0.49730281073717436
463	38	0.49730281073717436
464	0	0.49730281073717436
464	1	0.49730281073717436
464	2	0.49730281073717436
464	3	0.49730281073717436
464	4	0.49730281073717436
464	5	0.49730281073717436
464	6	0.49730281073717436
464	7	0.49730281073717436
464	8	0.49730281073717436
464	9	0.49730281073717436
464	10	0.49730281073717436
464	11	0.49730281073717436
464	12	0.49730281073717436
464	13	0.49730281073717436
464	14	0.49730281073717436
464	15	0.49730281073717436
464	16	0.49730281073717436
464	17	0.49730281073717436
464	18	0.49730281073717436
464	19	0.49730281073717436
464	20	0.49730281073717436
464	21	0.49730281073717436
464	22	0.49730281073717436
464	23	0.49730281073717436
465	0	0.49730281073717436
465	1	0.49730281073717436
465	2	0.49730281073717436
465	3	0.49730281073717436
465	4	0.49730281073717436
465	5	0.49730281073717436
465	6	0.49730281073717436
465	7	0.49730281073717436
465	8	0.49730281073717436
465	9	0.49730281073717436
465	10	0.49730281073717436
465	11	0.49730281073717436
465	12	0.49730281073717436
465	13	0.49730281073717436
465	14	0.49730281073717436
465	15	0.49730281073717436
465	16	0.49730281073717436
465	17	0.49730281073717436
465	18	0.49730281073717436
465	19	0.49730281073717436
465	20	0.49730281073717436
465	21	0.49730281073717436
465	22	0.49730281073717436
465	23	0.49730281073717436
465	24	0.49730281073717436
466	0	0.49730281073717436
466	1	0.49730281073717436
466	2	0.49730281073717436
466	3	0.49730281073717436
466	4	0.49730281073717436
466	5	0.49730281073717436
466	6	0.49730281073717436
466	7	0.49730281073717436
466	8	0.49730281073717436
466	9	0.49730281073717436
466	10	0.49730281073717436
466	11	0.49730281073717436
466	12	0.49730281073717436
466	13	0.49730281073717436
466	14	0.49730281073717436
466	15	0.49730281073717436
466	16	0.49730281073717436
466	17	0.49730281073717436
466	18	0.49730281073717436
466	19	0.49730281073717436
466	20	0.49730281073717436
466	21	0.49730281073717436
466	22	0.49730281073717436
466	23	0.49730281073717436
466	24	0.49730281073717436
466	25	0.49730281073717436
466	26	0.49730281073717436
467	0	0.49730281073717436
467	1	0.49730281073717436
467	2	0.49730281073717436
467	3	0.49730281073717436
467	4	0.49730281073717436
467	5	0.49730281073717436
467	6	0.49730281073717436
467	7	0.49730281073717436
467	8	0.49730281073717436
467	9	0.49730281073717436
468	0	0.49730281073717436
468	1	0.49730281073717436
468	2	0.49730281073717436
468	3	0.49730281073717436
468	4	0.49730281073717436
468	5	0.49730281073717436
468	6	0.49730281073717436
468	7	0.49730281073717436
468	8	0.49730281073717436
468	9	0.49730281073717436
468	10	0.49730281073717436
468	11	0.49730281073717436
468	12	0.49730281073717436
468	13	0.49730281073717436
468	14	0.49730281073717436
468	15	0.49730281073717436
468	16	0.49730281073717436
468	17	0.49730281073717436
468	18	0.49730281073717436
468	19	0.49730281073717436
468	20	0.49730281073717436
468	21	0.49730281073717436
468	22	0.49730281073717436
468	23	0.49730281073717436
468	24	0.49730281073717436
468	25	0.49730281073717436
468	26	0.49730281073717436
468	27	0.49730281073717436
468	28	0.49730281073717436
468	29	0.49730281073717436
468	30	0.49730281073717436
468	31	0.49730281073717436
468	32	0.49730281073717436
468	33	0.49730281073717436
468	34	0.49730281073717436
468	35	0.49730281073717436
468	36	0.49730281073717436
468	37	0.49730281073717436
468	38	0.49730281073717436
469	0	0.49730281073717436
469	1	0.49730281073717436
469	2	0.49730281073717436
469	3	0.49730281073717436
469	4	0.49730281073717436
469	5	0.49730281073717436
470	0	0.49730281073717436
470	1	0.49730281073717436
470	2	0.49730281073717436
470	3	0.49730281073717436
470	4	0.49730281073717436
470	5	0.49730281073717436
470	6	0.49730281073717436
470	7	0.49730281073717436
470	8	0.49730281073717436
470	9	0.49730281073717436
470	10	0.49730281073717436
470	11	0.49730281073717436
470	12	0.49730281073717436
470	13	0.49730281073717436
470	14	0.49730281073717436
470	15	0.49730281073717436
470	16	0.49730281073717436
470	17	0.49730281073717436
470	18	0.49730281073717436
470	19	0.49730281073717436
470	20	0.49730281073717436
470	21	0.49730281073717436
470	22	0.49730281073717436
470	23	0.49730281073717436
470	24	0.49730281073717436
470	25	0.49730281073717436
470	26	0.49730281073717436
470	27	0.49730281073717436
470	28	0.49730281073717436
470	29	0.49730281073717436
470	30	0.49730281073717436
470	31	0.49730281073717436
470	32	0.49730281073717436
471	0	0.49730281073717436
471	1	0.49730281073717436
471	2	0.49730281073717436
471	3	0.49730281073717436
471	4	0.49730281073717436
471	5	0.49730281073717436
471	6	0.49730281073717436
471	7	0.49730281073717436
471	8	0.49730281073717436
471	9	0.49730281073717436
471	10	0.49730281073717436
471	11	0.49730281073717436
471	12	0.49730281073717436
471	13	0.49730281073717436
471	14	0.49730281073717436
471	15	0.49730281073717436
471	16	0.49730281073717436
471	17	0.49730281073717436
471	18	0.49730281073717436
471	19	0.49730281073717436
471	20	0.49730281073717436
471	21	0.49730281073717436
471	22	0.49730281073717436
471	23	0.49730281073717436
471	24	0.49730281073717436
471	25	0.49730281073717436
471	26	0.49730281073717436
471	27	0.49730281073717436
471	28	0.49730281073717436
471	29	0.49730281073717436
471	30	0.49730281073717436
471	31	0.49730281073717436
472	0	0.49730281073717436
472	1	0.49730281073717436
472	2	0.49730281073717436
472	3	0.49730281073717436
472	4	0.49730281073717436
472	5	0.49730281073717436
472	6	0.49730281073717436
473	0	0.49730281073717436
473	1	0.49730281073717436
473	2	0.49730281073717436
473	3	0.49730281073717436
473	4	0.49730281073717436
473	5	0.49730281073717436
473	6	0.49730281073717436
473	7	0.49730281073717436
473	8	0.49730281073717436
473	9	0.49730281073717436
473	10	0.49730281073717436
473	11	0.49730281073717436
473	12	0.49730281073717436
473	13	0.49730281073717436
473	14	0.49730281073717436
473	15	0.49730281073717436
473	16	0.49730281073717436
473	17	0.49730281073717436
473	18	0.49730281073717436
473	19	0.49730281073717436
473	20	0.49730281073717436
473	21	0.49730281073717436
473	22	0.49730281073717436
473	23	0.49730281073717436
473	24	0.49730281073717436
473	25	0.49730281073717436
473	26	0.49730281073717436
473	27	0.49730281073717436
473	28	0.49730281073717436
473	29	0.49730281073717436
474	0	0.49730281073717436
474	1	0.49730281073717436
474	2	0.49730281073717436
474	3	0.49730281073717436
474	4	0.49730281073717436
474	5	0.49730281073717436
474	6	0.49730281073717436
474	7	0.49730281073717436
474	8	0.49730281073717436
474	9	0.49730281073717436
474	10	0.49730281073717436
474	11	0.49730281073717436
474	12	0.49730281073717436
474	13	0.49730281073717436
474	14	0.49730281073717436
474	15	0.49730281073717436
474	16	0.49730281073717436
474	17	0.49730281073717436
474	18	0.49730281073717436
474	19	0.49730281073717436
474	20	0.49730281073717436
474	21	0.49730281073717436
474	22	0.49730281073717436
474	23	0.49730281073717436
474	24	0.49730281073717436
474	25	0.49730281073717436
474	26	0.49730281073717436
474	27	0.49730281073717436
474	28	0.49730281073717436
474	29	0.49730281073717436
475	0	0.49730281073717436
475	1	0.49730281073717436
475	2	0.49730281073717436
475	3	0.49730281073717436
475	4	0.49730281073717436
475	5	0.49730281073717436
475	6	0.49730281073717436
475	7	0.49730281073717436
475	8	0.49730281073717436
475	9	0.49730281073717436
475	10	0.49730281073717436
475	11	0.49730281073717436
475	12	0.49730281073717436
475	13	0.49730281073717436
475	14	0.49730281073717436
475	15	0.49730281073717436
475	16	0.49730281073717436
475	17	0.49730281073717436
475	18	0.49730281073717436
475	19	0.49730281073717436
476	0	0.49730281073717436
476	1	0.49730281073717436
476	2	0.49730281073717436
476	3	0.49730281073717436
476	4	0.49730281073717436
476	5	0.49730281073717436
476	6	0.49730281073717436
476	7	0.49730281073717436
476	8	0.49730281073717436
476	9	0.49730281073717436
476	10	0.49730281073717436
476	11	0.49730281073717436
476	12	0.49730281073717436
476	13	0.49730281073717436
476	14	0.49730281073717436
476	15	0.49730281073717436
476	16	0.49730281073717436
476	17	0.49730281073717436
476	18	0.49730281073717436
476	19	0.49730281073717436
476	20	0.49730281073717436
476	21	0.49730281073717436
476	22	0.49730281073717436
476	23	0.49730281073717436
476	24	0.49730281073717436
476	25	0.49730281073717436
476	26	0.49730281073717436
476	27	0.49730281073717436
476	28	0.49730281073717436
476	29	0.49730281073717436
476	30	0.49730281073717436
476	31	0.49730281073717436
476	32	0.49730281073717436
476	33	0.49730281073717436
476	34	0.49730281073717436
477	0	0.49730281073717436
477	1	0.49730281073717436
477	2	0.49730281073717436
477	3	0.49730281073717436
477	4	0.49730281073717436
477	5	0.49730281073717436
477	6	0.49730281073717436
477	7	0.49730281073717436
477	8	0.49730281073717436
477	9	0.49730281073717436
477	10	0.49730281073717436
477	11	0.49730281073717436
477	12	0.49730281073717436
477	13	0.49730281073717436
477	14	0.49730281073717436
477	15	0.49730281073717436
477	16	0.49730281073717436
477	17	0.49730281073717436
477	18	0.49730281073717436
477	19	0.49730281073717436
477	20	0.49730281073717436
477	21	0.49730281073717436
477	22	0.49730281073717436
477	23	0.49730281073717436
477	24	0.49730281073717436
477	25	0.49730281073717436
477	26	0.49730281073717436
477	27	0.49730281073717436
477	28	0.49730281073717436
477	29	0.49730281073717436
477	30	0.49730281073717436
477	31	0.49730281073717436
477	32	0.49730281073717436
477	33	0.49730281073717436
478	0	0.49730281073717436
478	1	0.49730281073717436
478	2	0.49730281073717436
478	3	0.49730281073717436
478	4	0.49730281073717436
478	5	0.49730281073717436
478	6	0.49730281073717436
478	7	0.49730281073717436
478	8	0.49730281073717436
478	9	0.49730281073717436
478	10	0.49730281073717436
478	11	0.49730281073717436
478	12	0.49730281073717436
478	13	0.49730281073717436
478	14	0.49730281073717436
478	15	0.49730281073717436
478	16	0.49730281073717436
478	17	0.49730281073717436
479	0	0.49730281073717436
479	1	0.49730281073717436
479	2	0.49730281073717436
479	3	0.49730281073717436
479	4	0.49730281073717436
479	5	0.49730281073717436
479	6	0.49730281073717436
479	7	0.49730281073717436
479	8	0.49730281073717436
479	9	0.49730281073717436
479	10	0.49730281073717436
479	11	0.49730281073717436
479	12	0.49730281073717436
479	13	0.49730281073717436
479	14	0.49730281073717436
479	15	0.49730281073717436
479	16	0.49730281073717436
479	17	0.49730281073717436
479	18	0.49730281073717436
479	19	0.49730281073717436
480	0	0.49730281073717436
480	1	0.49730281073717436
480	2	0.49730281073717436
480	3	0.49730281073717436
480	4	0.49730281073717436
480	5	0.49730281073717436
480	6	0.49730281073717436
480	7	0.49730281073717436
480	8	0.49730281073717436
480	9	0.49730281073717436
480	10	0.49730281073717436
480	11	0.49730281073717436
480	12	0.49730281073717436
480	13	0.49730281073717436
480	14	0.49730281073717436
480	15	0.49730281073717436
480	16	0.49730281073717436
480	17	0.49730281073717436
480	18	0.49730281073717436
480	19	0.49730281073717436
481	0	0.49730281073717436
481	1	0.49730281073717436
481	2	0.49730281073717436
481	3	0.49730281073717436
481	4	0.49730281073717436
481	5	0.49730281073717436
481	6	0.49730281073717436
481	7	0.49730281073717436
481	8	0.49730281073717436
481	9	0.49730281073717436
481	10	0.49730281073717436
481	11	0.49730281073717436
481	12	0.49730281073717436
481	13	0.49730281073717436
481	14	0.49730281073717436
481	15	0.49730281073717436
481	16	0.49730281073717436
481	17	0.49730281073717436
481	18	0.49730281073717436
481	19	0.49730281073717436
482	0	0.49730281073717436
482	1	0.49730281073717436
482	2	0.49730281073717436
482	3	0.49730281073717436
482	4	0.49730281073717436
482	5	0.49730281073717436
482	6	0.49730281073717436
482	7	0.49730281073717436
482	8	0.49730281073717436
482	9	0.49730281073717436
482	10	0.49730281073717436
482	11	0.49730281073717436
482	12	0.49730281073717436
482	13	0.49730281073717436
482	14	0.49730281073717436
482	15	0.49730281073717436
482	16	0.49730281073717436
482	17	0.49730281073717436
482	18	0.49730281073717436
482	19	0.49730281073717436
483	0	0.49730281073717436
483	1	0.49730281073717436
483	2	0.49730281073717436
483	3	0.49730281073717436
483	4	0.49730281073717436
483	5	0.49730281073717436
483	6	0.49730281073717436
483	7	0.49730281073717436
483	8	0.49730281073717436
483	9	0.49730281073717436
483	10	0.49730281073717436
483	11	0.49730281073717436
483	12	0.49730281073717436
483	13	0.49730281073717436
483	14	0.49730281073717436
483	15	0.49730281073717436
483	16	0.49730281073717436
483	17	0.49730281073717436
483	18	0.49730281073717436
483	19	0.49730281073717436
484	0	0.49730281073717436
484	1	0.49730281073717436
484	2	0.49730281073717436
484	3	0.49730281073717436
484	4	0.49730281073717436
484	5	0.49730281073717436
484	6	0.49730281073717436
484	7	0.49730281073717436
484	8	0.49730281073717436
484	9	0.49730281073717436
484	10	0.49730281073717436
484	11	0.49730281073717436
484	12	0.49730281073717436
484	13	0.49730281073717436
484	14	0.49730281073717436
484	15	0.49730281073717436
484	16	0.49730281073717436
484	17	0.49730281073717436
484	18	0.49730281073717436
484	19	0.49730281073717436
484	20	0.49730281073717436
484	21	0.49730281073717436
484	22	0.49730281073717436
485	0	0.49730281073717436
485	1	0.49730281073717436
485	2	0.49730281073717436
485	3	0.49730281073717436
485	4	0.49730281073717436
485	5	0.49730281073717436
485	6	0.49730281073717436
485	7	0.49730281073717436
485	8	0.49730281073717436
485	9	0.49730281073717436
485	10	0.49730281073717436
485	11	0.49730281073717436
485	12	0.49730281073717436
485	13	0.49730281073717436
485	14	0.49730281073717436
485	15	0.49730281073717436
485	16	0.49730281073717436
485	17	0.49730281073717436
485	18	0.49730281073717436
485	19	0.49730281073717436
485	20	0.49730281073717436
485	21	0.49730281073717436
485	22	0.49730281073717436
486	0	0.49730281073717436
486	1	0.49730281073717436
486	2	0.49730281073717436
486	3	0.49730281073717436
486	4	0.49730281073717436
486	5	0.49730281073717436
487	0	0.49730281073717436
487	1	0.49730281073717436
487	2	0.49730281073717436
487	3	0.49730281073717436
487	4	0.49730281073717436
487	5	0.49730281073717436
488	0	0.49730281073717436
488	1	0.49730281073717436
488	2	0.49730281073717436
488	3	0.49730281073717436
488	4	0.49730281073717436
488	5	0.49730281073717436
488	6	0.49730281073717436
488	7	0.49730281073717436
489	0	0.49730281073717436
489	1	0.49730281073717436
489	2	0.49730281073717436
489	3	0.49730281073717436
489	4	0.49730281073717436
489	5	0.49730281073717436
489	6	0.49730281073717436
489	7	0.49730281073717436
489	8	0.49730281073717436
489	9	0.49730281073717436
489	10	0.49730281073717436
489	11	0.49730281073717436
489	12	0.49730281073717436
489	13	0.49730281073717436
489	14	0.49730281073717436
489	15	0.49730281073717436
489	16	0.49730281073717436
489	17	0.49730281073717436
489	18	0.49730281073717436
489	19	0.49730281073717436
489	20	0.49730281073717436
489	21	0.49730281073717436
489	22	0.49730281073717436
489	23	0.49730281073717436
489	24	0.49730281073717436
489	25	0.49730281073717436
490	0	0.49730281073717436
490	1	0.49730281073717436
490	2	0.49730281073717436
490	3	0.49730281073717436
490	4	0.49730281073717436
490	5	0.49730281073717436
490	6	0.49730281073717436
491	0	0.49730281073717436
491	1	0.49730281073717436
491	2	0.49730281073717436
491	3	0.49730281073717436
491	4	0.49730281073717436
491	5	0.49730281073717436
491	6	0.49730281073717436
491	7	0.49730281073717436
491	8	0.49730281073717436
491	9	0.49730281073717436
491	10	0.49730281073717436
491	11	0.49730281073717436
491	12	0.49730281073717436
491	13	0.49730281073717436
491	14	0.49730281073717436
491	15	0.49730281073717436
491	16	0.49730281073717436
491	17	0.49730281073717436
491	18	0.49730281073717436
491	19	0.49730281073717436
491	20	0.49730281073717436
491	21	0.49730281073717436
491	22	0.49730281073717436
491	23	0.49730281073717436
491	24	0.49730281073717436
491	25	0.49730281073717436
491	26	0.49730281073717436
491	27	0.49730281073717436
491	28	0.49730281073717436
491	29	0.49730281073717436
491	30	0.49730281073717436
491	31	0.49730281073717436
491	32	0.49730281073717436
491	33	0.49730281073717436
491	34	0.49730281073717436
491	35	0.49730281073717436
491	36	0.49730281073717436
491	37	0.49730281073717436
491	38	0.49730281073717436
492	0	0.49730281073717436
492	1	0.49730281073717436
492	2	0.49730281073717436
492	3	0.49730281073717436
492	4	0.49730281073717436
492	5	0.49730281073717436
492	6	0.49730281073717436
492	7	0.49730281073717436
492	8	0.49730281073717436
492	9	0.49730281073717436
492	10	0.49730281073717436
492	11	0.49730281073717436
492	12	0.49730281073717436
492	13	0.49730281073717436
492	14	0.49730281073717436
492	15	0.49730281073717436
492	16	0.49730281073717436
492	17	0.49730281073717436
492	18	0.49730281073717436
492	19	0.49730281073717436
492	20	0.49730281073717436
492	21	0.49730281073717436
492	22	0.49730281073717436
492	23	0.49730281073717436
492	24	0.49730281073717436
492	25	0.49730281073717436
492	26	0.49730281073717436
492	27	0.49730281073717436
492	28	0.49730281073717436
492	29	0.49730281073717436
492	30	0.49730281073717436
492	31	0.49730281073717436
492	32	0.49730281073717436
492	33	0.49730281073717436
492	34	0.49730281073717436
492	35	0.49730281073717436
492	36	0.49730281073717436
492	37	0.49730281073717436
492	38	0.49730281073717436
493	0	0.49730281073717436
493	1	0.49730281073717436
493	2	0.49730281073717436
493	3	0.49730281073717436
493	4	0.49730281073717436
493	5	0.49730281073717436
493	6	0.49730281073717436
493	7	0.49730281073717436
493	8	0.49730281073717436
493	9	0.49730281073717436
493	10	0.49730281073717436
493	11	0.49730281073717436
493	12	0.49730281073717436
493	13	0.49730281073717436
493	14	0.49730281073717436
493	15	0.49730281073717436
493	16	0.49730281073717436
493	17	0.49730281073717436
493	18	0.49730281073717436
493	19	0.49730281073717436
493	20	0.49730281073717436
493	21	0.49730281073717436
493	22	0.49730281073717436
493	23	0.49730281073717436
493	24	0.49730281073717436
493	25	0.49730281073717436
493	26	0.49730281073717436
493	27	0.49730281073717436
493	28	0.49730281073717436
493	29	0.49730281073717436
493	30	0.49730281073717436
493	31	0.49730281073717436
493	32	0.49730281073717436
493	33	0.49730281073717436
493	34	0.49730281073717436
493	35	0.49730281073717436
493	36	0.49730281073717436
493	37	0.49730281073717436
493	38	0.49730281073717436
494	0	0.49730281073717436
494	1	0.49730281073717436
494	2	0.49730281073717436
494	3	0.49730281073717436
494	4	0.49730281073717436
494	5	0.49730281073717436
494	6	0.49730281073717436
494	7	0.49730281073717436
494	8	0.49730281073717436
494	9	0.49730281073717436
494	10	0.49730281073717436
495	0	0.49730281073717436
495	1	0.49730281073717436
495	2	0.49730281073717436
495	3	0.49730281073717436
495	4	0.49730281073717436
495	5	0.49730281073717436
495	6	0.49730281073717436
495	7	0.49730281073717436
495	8	0.49730281073717436
495	9	0.49730281073717436
495	10	0.49730281073717436
495	11	0.49730281073717436
495	12	0.49730281073717436
495	13	0.49730281073717436
495	14	0.49730281073717436
495	15	0.49730281073717436
495	16	0.49730281073717436
496	0	0.49730281073717436
496	1	0.49730281073717436
496	2	0.49730281073717436
496	3	0.49730281073717436
496	4	0.49730281073717436
496	5	0.49730281073717436
496	6	0.49730281073717436
496	7	0.49730281073717436
496	8	0.49730281073717436
496	9	0.49730281073717436
496	10	0.49730281073717436
496	11	0.49730281073717436
496	12	0.49730281073717436
496	13	0.49730281073717436
496	14	0.49730281073717436
496	15	0.49730281073717436
496	16	0.49730281073717436
496	17	0.49730281073717436
496	18	0.49730281073717436
496	19	0.49730281073717436
496	20	0.49730281073717436
497	0	0.49730281073717436
497	1	0.49730281073717436
497	2	0.49730281073717436
497	3	0.49730281073717436
497	4	0.49730281073717436
497	5	0.49730281073717436
497	6	0.49730281073717436
497	7	0.49730281073717436
497	8	0.49730281073717436
497	9	0.49730281073717436
497	10	0.49730281073717436
497	11	0.49730281073717436
497	12	0.49730281073717436
497	13	0.49730281073717436
497	14	0.49730281073717436
497	15	0.49730281073717436
497	16	0.49730281073717436
497	17	0.49730281073717436
498	0	0.49730281073717436
498	1	0.49730281073717436
498	2	0.49730281073717436
498	3	0.49730281073717436
498	4	0.49730281073717436
498	5	0.49730281073717436
498	6	0.49730281073717436
498	7	0.49730281073717436
498	8	0.49730281073717436
498	9	0.49730281073717436
498	10	0.49730281073717436
498	11	0.49730281073717436
498	12	0.49730281073717436
498	13	0.49730281073717436
498	14	0.49730281073717436
498	15	0.49730281073717436
498	16	0.49730281073717436
498	17	0.49730281073717436
498	18	0.49730281073717436
498	19	0.49730281073717436
498	20	0.49730281073717436
498	21	0.49730281073717436
498	22	0.49730281073717436
498	23	0.49730281073717436
498	24	0.49730281073717436
498	25	0.49730281073717436
498	26	0.49730281073717436
499	0	0.49730281073717436
499	1	0.49730281073717436
499	2	0.49730281073717436
499	3	0.49730281073717436
499	4	0.49730281073717436
499	5	0.49730281073717436
499	6	0.49730281073717436
499	7	0.49730281073717436
499	8	0.49730281073717436
499	9	0.49730281073717436
499	10	0.49730281073717436
499	11	0.49730281073717436
499	12	0.49730281073717436
499	13	0.49730281073717436
499	14	0.49730281073717436
499	15	0.49730281073717436
499	16	0.49730281073717436
499	17	0.49730281073717436
499	18	0.49730281073717436
499	19	0.49730281073717436
499	20	0.49730281073717436
499	21	0.49730281073717436
499	22	0.49730281073717436
499	23	0.49730281073717436
499	24	0.49730281073717436
499	25	0.49730281073717436
499	26	0.49730281073717436
499	27	0.49730281073717436
499	28	0.49730281073717436
499	29	0.49730281073717436
499	30	0.49730281073717436
499	31	0.49730281073717436
499	32	0.49730281073717436
499	33	0.49730281073717436
499	34	0.49730281073717436
499	35	0.49730281073717436
500	0	0.49730281073717436
500	1	0.49730281073717436
500	2	0.49730281073717436
500	3	0.49730281073717436
500	4	0.49730281073717436
500	5	0.49730281073717436
500	6	0.49730281073717436
500	7	0.49730281073717436
500	8	0.49730281073717436
500	9	0.49730281073717436
500	10	0.49730281073717436
500	11	0.49730281073717436
500	12	0.49730281073717436
500	13	0.49730281073717436
500	14	0.49730281073717436
500	15	0.49730281073717436
500	16	0.49730281073717436
500	17	0.49730281073717436
500	18	0.49730281073717436
500	19	0.49730281073717436
500	20	0.49730281073717436
500	21	0.49730281073717436
500	22	0.49730281073717436
500	23	0.49730281073717436
500	24	0.49730281073717436
500	25	0.49730281073717436
500	26	0.49730281073717436
500	27	0.49730281073717436
500	28	0.49730281073717436
500	29	0.49730281073717436
500	30	0.49730281073717436
500	31	0.49730281073717436
500	32	0.49730281073717436
501	0	0.49730281073717436
501	1	0.49730281073717436
501	2	0.49730281073717436
501	3	0.49730281073717436
501	4	0.49730281073717436
501	5	0.49730281073717436
501	6	0.49730281073717436
501	7	0.49730281073717436
501	8	0.49730281073717436
501	9	0.49730281073717436
501	10	0.49730281073717436
501	11	0.49730281073717436
501	12	0.49730281073717436
501	13	0.49730281073717436
501	14	0.49730281073717436
501	15	0.49730281073717436
501	16	0.49730281073717436
501	17	0.49730281073717436
502	0	0.49730281073717436
502	1	0.49730281073717436
502	2	0.49730281073717436
502	3	0.49730281073717436
502	4	0.49730281073717436
502	5	0.49730281073717436
502	6	0.49730281073717436
502	7	0.49730281073717436
502	8	0.49730281073717436
502	9	0.49730281073717436
502	10	0.49730281073717436
502	11	0.49730281073717436
502	12	0.49730281073717436
502	13	0.49730281073717436
502	14	0.49730281073717436
502	15	0.49730281073717436
502	16	0.49730281073717436
502	17	0.49730281073717436
502	18	0.49730281073717436
502	19	0.49730281073717436
502	20	0.49730281073717436
502	21	0.49730281073717436
502	22	0.49730281073717436
502	23	0.49730281073717436
502	24	0.49730281073717436
502	25	0.49730281073717436
502	26	0.49730281073717436
502	27	0.49730281073717436
502	28	0.49730281073717436
502	29	0.49730281073717436
502	30	0.49730281073717436
502	31	0.49730281073717436
502	32	0.49730281073717436
502	33	0.49730281073717436
502	34	0.49730281073717436
502	35	0.49730281073717436
503	0	0.49730281073717436
503	1	0.49730281073717436
503	2	0.49730281073717436
503	3	0.49730281073717436
503	4	0.49730281073717436
503	5	0.49730281073717436
503	6	0.49730281073717436
503	7	0.49730281073717436
503	8	0.49730281073717436
503	9	0.49730281073717436
503	10	0.49730281073717436
503	11	0.49730281073717436
503	12	0.49730281073717436
503	13	0.49730281073717436
503	14	0.49730281073717436
503	15	0.49730281073717436
503	16	0.49730281073717436
503	17	0.49730281073717436
504	0	0.49730281073717436
504	1	0.49730281073717436
504	2	0.49730281073717436
504	3	0.49730281073717436
504	4	0.49730281073717436
504	5	0.49730281073717436
504	6	0.49730281073717436
504	7	0.49730281073717436
504	8	0.49730281073717436
504	9	0.49730281073717436
504	10	0.49730281073717436
504	11	0.49730281073717436
504	12	0.49730281073717436
504	13	0.49730281073717436
504	14	0.49730281073717436
504	15	0.49730281073717436
504	16	0.49730281073717436
504	17	0.49730281073717436
505	0	0.49730281073717436
505	1	0.49730281073717436
505	2	0.49730281073717436
505	3	0.49730281073717436
505	4	0.49730281073717436
505	5	0.49730281073717436
505	6	0.49730281073717436
505	7	0.49730281073717436
505	8	0.49730281073717436
505	9	0.49730281073717436
505	10	0.49730281073717436
505	11	0.49730281073717436
505	12	0.49730281073717436
505	13	0.49730281073717436
505	14	0.49730281073717436
505	15	0.49730281073717436
505	16	0.49730281073717436
505	17	0.49730281073717436
505	18	0.49730281073717436
505	19	0.49730281073717436
505	20	0.49730281073717436
505	21	0.49730281073717436
505	22	0.49730281073717436
505	23	0.49730281073717436
505	24	0.49730281073717436
505	25	0.49730281073717436
506	0	0.49730281073717436
506	1	0.49730281073717436
506	2	0.49730281073717436
506	3	0.49730281073717436
506	4	0.49730281073717436
506	5	0.49730281073717436
506	6	0.49730281073717436
506	7	0.49730281073717436
506	8	0.49730281073717436
506	9	0.49730281073717436
506	10	0.49730281073717436
506	11	0.49730281073717436
506	12	0.49730281073717436
506	13	0.49730281073717436
506	14	0.49730281073717436
506	15	0.49730281073717436
506	16	0.49730281073717436
506	17	0.49730281073717436
506	18	0.49730281073717436
506	19	0.49730281073717436
506	20	0.49730281073717436
506	21	0.49730281073717436
506	22	0.49730281073717436
506	23	0.49730281073717436
506	24	0.49730281073717436
507	0	0.49730281073717436
507	1	0.49730281073717436
507	2	0.49730281073717436
507	3	0.49730281073717436
507	4	0.49730281073717436
507	5	0.49730281073717436
507	6	0.49730281073717436
507	7	0.49730281073717436
507	8	0.49730281073717436
507	9	0.49730281073717436
507	10	0.49730281073717436
507	11	0.49730281073717436
507	12	0.49730281073717436
507	13	0.49730281073717436
507	14	0.49730281073717436
507	15	0.49730281073717436
507	16	0.49730281073717436
507	17	0.49730281073717436
507	18	0.49730281073717436
507	19	0.49730281073717436
507	20	0.49730281073717436
507	21	0.49730281073717436
507	22	0.49730281073717436
507	23	0.49730281073717436
507	24	0.49730281073717436
507	25	0.49730281073717436
507	26	0.49730281073717436
507	27	0.49730281073717436
507	28	0.49730281073717436
507	29	0.49730281073717436
507	30	0.49730281073717436
507	31	0.49730281073717436
507	32	0.49730281073717436
507	33	0.49730281073717436
507	34	0.49730281073717436
507	35	0.49730281073717436
508	0	0.49730281073717436
508	1	0.49730281073717436
508	2	0.49730281073717436
508	3	0.49730281073717436
508	4	0.49730281073717436
508	5	0.49730281073717436
508	6	0.49730281073717436
508	7	0.49730281073717436
508	8	0.49730281073717436
508	9	0.49730281073717436
508	10	0.49730281073717436
508	11	0.49730281073717436
509	0	0.49730281073717436
509	1	0.49730281073717436
509	2	0.49730281073717436
509	3	0.49730281073717436
509	4	0.49730281073717436
509	5	0.49730281073717436
509	6	0.49730281073717436
509	7	0.49730281073717436
509	8	0.49730281073717436
509	9	0.49730281073717436
509	10	0.49730281073717436
509	11	0.49730281073717436
509	12	0.49730281073717436
509	13	0.49730281073717436
509	14	0.49730281073717436
509	15	0.49730281073717436
509	16	0.49730281073717436
509	17	0.49730281073717436
509	18	0.49730281073717436
509	19	0.49730281073717436
509	20	0.49730281073717436
509	21	0.49730281073717436
