## RankNet
## Epochs = 50
## No. of features = 48
## No. of hidden layers = 2
## Layer 1: 10 neurons
## Layer 2: 10 neurons
1 2 3 4 5 6 7 8 9 10 11 12 13 14 15 16 17 18 19 20 21 22 23 24 25 26 27 28 29 30 31 32 33 34 35 36 37 38 39 40 41 42 43 44 45 46 47 48
2
10
10
0 0 -3.3863488336016103 0.40134660209854334 -0.5629357860348866 0.8551507989118515 0.9279165289667619 -2.009002975607974 -0.4321664926391256 1.5991787293891604 -0.5652797265464968 -0.697142105490085
0 1 0.1411152234258191 0.02222585335645223 0.10673090960604711 0.039391332645070415 0.05949701026355241 0.09609574916948947 -0.05783324815192972 -0.08360045291868241 -0.08087517127555525 0.09129873632642797
0 2 0.13513675486940172 0.05953283648333845 0.030933885025730256 -0.02578522771750132 -0.05012907140962403 0.06912768087240866 0.0012155149157783284 -0.01770337563857228 -0.08092871674010613 0.01875301630133857
0 3 0.0027823316241221965 0.008486698631160063 0.025624105538950694 -0.0757010945553277 0.055876725634367394 -0.03235898994047691 0.007175098560077089 -0.12018652560123276 -0.01647790924865197 0.08499768851012506
0 4 0.07828933600101697 0.02798992820529895 0.07636107278402009 0.062494602270376065 0.05661082848693727 0.027333647828514582 -0.05528830581886249 -0.09666989416188108 0.09101543675692632 -0.015160048231126082
0 5 0.030872354962274067 0.03252098998636921 0.04095275383153403 0.08164112184992008 -0.016333860655321133 0.006931939165133513 -0.02026254207915558 0.00733611636673061 0.014519155056760826 -0.008318853592142017
0 6 -0.24229952143967165 0.07274407427774258 0.025462687766291955 0.09546083859980668 0.01068793185516501 -0.16878313154105995 -0.00593008409470615 0.10798757434594236 0.011202196520009276 0.04223660383629787
0 7 0.18205553138075556 -0.07100237762377297 -0.05963390301468067 -0.129626112655526 -0.10338908462145792 0.09036234537419756 -0.0729680018063277 -0.14250725533088654 5.988130113656751E-4 -0.0102224890908134
0 8 -0.062177539325441726 0.04091250243599654 -0.06451046231242057 -0.0638654693012953 0.021091452982056294 0.04929416180612303 0.08048410054067318 -0.053667216695167476 0.009001800599899142 0.06908626136359655
0 9 0.06639892190067034 0.07728752586153632 -0.060844679803246225 -0.06485720118339064 -0.0912805747291388 -0.046279975017292724 -0.0171384542074494 0.0626946770185875 0.04665559976876369 0.03880073529686972
0 10 -0.03341708750196875 -0.07634937670918816 0.02193374422139339 -0.003359658875575806 0.07503027207643372 0.07827619389736719 0.07786431249002163 0.095975358837297 -0.023621193323599125 -0.018365692076985955
0 11 0.05146322896008167 0.01874747283568845 0.0741439349774552 0.06306230090166666 0.07089237095328262 -0.05547292636137357 0.07760665482045125 -0.06690716322327082 0.020665898879352898 -0.06192268764146753
0 12 -0.6588205773462427 0.06437634554194405 -0.02698435899745873 0.20230359015720395 0.2604574518196958 -0.3973924098100464 -0.059023242189285556 0.4680755374038668 -0.10775648799541276 -0.04698227709679195
0 13 0.0332168631969687 0.09399008811958531 0.07269556058206886 -0.07294064744184109 -0.08723100731003182 0.105718720154036 0.01279714076547235 -0.09760775846872022 -0.02053282954669087 -0.09116387303497418
0 14 -0.7729146280683312 0.1505903759682203 -0.21324905757738993 0.14348875290951535 0.2867049017629991 -0.37795724547227133 -0.14503719599621773 0.4156836931697834 -0.059975627333370245 -0.15844026790248447
0 15 0.04524930505502135 -0.08109500170138988 -0.0035065388723877016 0.0073084434485812776 0.07864831932382366 -0.012534050173641374 0.06463521422367248 -0.05856212996761084 0.06720382824819192 0.09163545253748234
0 16 -0.06664977396677452 0.032412757969556796 -0.03577346482293073 -0.013176637534807219 4.017027856355472E-4 0.06091927590485375 -0.019270934519389552 -0.028178295359723673 0.04719639886671663 0.01329628283812868
0 17 0.030314695960671857 0.04094126556392323 -0.07257567895027359 0.05524394109950495 -0.07812094485166954 -0.03043734259569525 0.08929886316397227 -0.006790621118286783 0.08725970335826619 0.05541516441543449
0 18 -0.11035303026714713 -0.08520979697986629 -0.027475052952847814 -0.011454701870607664 -0.09616631496387736 0.021823034249231304 -0.044690374380873484 0.023540027092626897 0.03753923004741974 -0.09719583045156417
0 19 -3.1632937207619523 0.21613654366491006 -0.5615830940058983 0.919646711125572 0.963720709829232 -1.945641008766969 -0.5550156993850729 1.5713411076575017 -0.4385797148574341 -0.5436916919246452
0 20 -3.204644968458939 0.22898148317039538 -0.4319751710797468 0.9148139695696096 0.9592033499340425 -1.9917585989387174 -0.5034536273528537 1.6340383717497184 -0.4280978557733848 -0.502351262783059
0 21 -3.2316942779717808 0.3461478596908845 -0.4773410802930839 0.9155850012089236 0.9309230655084385 -1.9954762861466722 -0.49786033513788186 1.7203708148322274 -0.5177440583280748 -0.5041976914798142
0 22 -0.009455551886115438 -0.04190921567932537 0.038565160967257255 0.09591414033446641 0.026600940582979876 9.617321869812007E-4 0.009743444207720336 0.08614595759372663 -0.04215870538984394 0.03415361486294411
0 23 -3.186285939491806 0.3490703621893102 -0.5338929520155625 0.8719439001813246 0.8504484990099805 -1.9261349374355485 -0.3819448613871758 1.5546026134571629 -0.48868048098739425 -0.6747990708700975
0 24 -0.057927813608985496 -0.056776543834799846 0.06350453154869168 -0.041653006767513774 0.09038074986322239 0.05995406641979912 0.0694544409366843 0.09070940155199847 0.0439313739052747 0.08437042114320059
0 25 0.0132767168608634 0.0042746134748370595 -0.05022224191252077 0.02597395102372355 0.02877423465532015 0.05604936250430623 0.09432514741496102 0.011678924995159951 -0.07016381257447879 0.08171005232845112
0 26 0.005879759681121317 0.021777290091264372 0.008949256677527112 0.04620344060643264 -0.03470928185806649 0.06874305635483643 -0.07078143679852567 -0.05058560250319397 0.07264316706018585 -0.07024311568843705
0 27 -3.1006742450638676 0.2112831856919865 -0.6224518802074751 0.9350186950789718 0.8901795835624288 -1.8180489270696945 -0.542585843253084 1.6015516685935691 -0.5440311847850381 -0.5301275370131858
0 28 -49.92153804290758 4.729692702718241 -8.157984935871378 14.192140551792097 14.218035879206266 -30.02157176068863 -7.126739857337598 25.547332417100318 -7.63093896963752 -9.307913362420754
0 29 -3.647307618989018 0.3699679252959836 -0.5818318108272409 1.0895615623720054 1.0410792854712707 -2.078742444089447 -0.6022837733430626 1.787036307417247 -0.6420980926159816 -0.6955877072619087
0 30 -46.11261158827074 4.533602298191841 -7.686241152648478 13.082570065830359 13.128567701783714 -27.597383473931146 -6.634604719447856 23.541897949084596 -7.018316294954411 -8.623512788787668
0 31 -9.141057331591046 0.804223860633776 -1.4191541572399318 2.5337692539919594 2.619405836268455 -5.543212820322675 -1.297778973189835 4.613402104102867 -1.4360472963367572 -1.661954274790702
0 32 -35.55288047624082 3.509680868051225 -5.846637833165205 10.089409656906387 10.174493616057589 -21.42803756295898 -5.231857408264576 18.235888925630874 -5.413840962402026 -6.691121003728968
0 33 -1.3474181638350378 0.06030027268072101 -0.12985227739214447 0.3327116671403569 0.39229706856383295 -0.8693215670380305 -0.1100428377541997 0.5767800738549143 -0.27809591727033717 -0.24452413156649103
0 34 -34.226027375114064 3.298136937816612 -5.666668241579265 9.714107939633896 9.810094697222594 -20.61221468553577 -4.978667459043329 17.547422936154085 -5.27792601177953 -6.380454479318581
0 35 -38.25368967876818 3.7821638599434766 -6.384389774800722 11.013254325034767 10.823780748386502 -22.927377780238807 -5.516079617301425 19.637010380051994 -5.801656448088026 -7.140548910851935
0 36 -6.078571548125254 0.6702830924561473 -1.0231796230372217 1.727206229452769 1.7785685758918917 -3.5283903582497897 -0.9465207968864272 3.0499205809898964 -0.8644373241373748 -1.2205679048925944
0 37 -32.256259246757104 3.058592099093174 -5.345354930685596 9.278670707163206 9.173572609725802 -19.37279634107479 -4.5677259282277 16.51493904339117 -4.8195542671134275 -6.0606015132607025
0 38 -0.16761649288390043 -0.06231208805084904 -0.09779054784100366 0.10520393756322921 0.06000163683592474 -0.11247049019910335 0.05718419573491507 -0.011004881067788174 -0.05698445658577729 0.06150580377188269
0 39 -0.21737844478493587 -0.07496120695115277 0.052929407722598194 0.06968958844529975 -0.0074773905992575615 -0.1896829170106957 0.025846923358978275 0.09802393143014498 -0.004878135727710896 -0.08594427450689492
0 40 -0.0884362792611149 -0.020738332607563238 -0.03128370894921142 -0.03778342920256725 0.06420401574969209 -0.08113867723615585 -0.06378282733981483 0.042154430345958116 -0.107191240744695 0.008072813906199
0 41 -0.07651062767148002 -0.057119107675449546 -0.029979290058279467 0.04900408782896416 -0.09707412009057832 0.06727755435243567 0.09378220340278544 -0.016162710150149192 -0.09677981428970436 -0.0936448287302987
0 42 -0.019924535340152486 0.006726582376932006 -0.09556144661220282 0.061467060899031666 -0.028264713254354205 -0.11489464179991318 -0.09161755695602555 0.039941711917884794 -0.10978226302186243 0.06796772393725092
0 43 -0.028607501120478586 -0.0945741601911715 0.09737016011149503 -0.004586701419902158 -0.07238806638177742 -0.023668042849013658 -0.003387297486944663 0.036039855676915276 -0.040512995508834096 0.01067716912088239
0 44 -3.9988287465329586 0.381473481221476 -0.6373140982210951 1.0690842542423076 1.129136920370094 -2.3377266096905633 -0.5621126192070292 2.12535318006564 -0.608214081891343 -0.6594171170032639
0 45 -3.9437491075749898 0.4384581675141826 -0.6104618294954526 1.0736224401368017 1.181280009843287 -2.455348173065633 -0.5486145215488766 2.0126355664878552 -0.685721837144904 -0.8434880170857615
0 46 -3.9566194056889104 0.31385918946596203 -0.7596503626363909 1.1151149935764213 1.1759455217407535 -2.3345580498791847 -0.495784521881418 2.140210602150587 -0.5554491369611467 -0.8147426407603519
0 47 -3.279310359767196 0.39903091128534796 -0.554757854127912 0.870598846181789 0.8386969306940231 -1.9992022084819931 -0.4419014480858973 1.7071490958924822 -0.4872952083758272 -0.5017329306455055
0 48 0.05487738239429313 -0.049367717233391985 0.09228112259393015 0.04850578644962605 -0.009647837949306945 -0.06350099276551813 0.04182383942438593 -0.06405711255837378 0.07494207149894322 -0.012751480636911132 -0.008714172689249716 -0.061353297079517546 0.06719902721554001 0.0037927460078930114 5.776100827806063E-4 -0.05604742261410363 0.06426106104732189 -0.035913621458308974 -0.06752459624793294 0.0647344721254961 -0.011545922820091412
1 0 0.01477715746558472 0.05307204400865791 0.09568680197422459 0.05205715978191821 -0.06048418110056615 -0.07273207814354037 -2.1970024036600228E-4 -0.06317416202019804 -0.05010847039929669 0.07460891178702228
1 1 0.03939022454433102 0.09337398857666561 0.015006069748489146 0.024074813261206564 0.016403504665565758 0.09775414957225004 -0.04537127613361858 0.08430512152142573 -0.0943242107008736 0.01806690549357767
1 2 -0.031101759358016623 -0.07162071523613228 0.01254402893619828 -0.0027202597291136627 -0.03236799021495288 0.020887978929509915 0.056539191786604895 0.04676447881937661 -0.07964469775673223 0.013922272422098217
1 3 0.022625021671803462 -0.08397616552242324 -0.01259544492574366 -0.05900712466661887 -0.015029068451204691 0.023536202452157096 -0.0062074155412277995 0.09289877745332861 0.09259809033263583 0.05610375223591095
1 4 -0.09597465503634356 0.05392692692812581 -0.06706642573820411 0.08417106462363055 0.09844627636715822 -0.01713279003625685 -0.09106435554953439 0.06740944205671598 -0.058962120303986225 -0.08352306620110689
1 5 -0.08447313018213176 -0.01823374304705285 0.046103975590831674 -0.04470250916329244 -0.05205140050129731 -0.05205229329263499 -0.09340862949322017 -0.06997131850879913 -0.007652248063588697 0.027721284214626628
1 6 0.06314345331968552 -0.006380527616733061 0.042003269473272105 0.0758804782315055 -0.09552675093414953 0.03750405846540243 -0.035697492179625506 0.0071501930474446185 -0.04458834775968233 0.0721797743899883
1 7 0.022067728603304283 0.0776270657999541 -0.066497475348081 0.044655813733460704 0.06440682491876623 0.09239870939843978 -0.03147444388077455 -0.0989434419027066 0.07996161441756904 -0.0472178984861095
1 8 0.06319288389374617 0.007924195758052036 -0.04944401822181744 -0.025030036538179052 -0.04307995350307328 -0.05621202280003062 -0.007848726272032593 -0.057626014972036316 0.07635603480168873 0.09276704585875557
1 9 -0.062233162949980554 -0.04307906738331133 -0.049870407349716574 0.07823973850185154 -0.030408755654164024 -0.018832221056336734 0.09012362455975276 -0.039704695289504544 0.06481830320738063 0.01157420207650347
2 0 -0.0972156222707863
2 1 0.07833764567734702
2 2 0.08344976306806448
2 3 -0.0160169042286833
2 4 -0.05348851134963523
2 5 -0.07211801599529147
2 6 0.057062748560548784
2 7 -0.027557084037178332
2 8 -0.033626559403286654
2 9 0.0949175748300686
