8	0	1.7041725430693722
8	1	1.9994324096152576
8	2	1.9994324096152576
8	3	1.9994324096152576
8	4	1.9994324096152576
8	5	3.7784453094238843
9	0	2.7511983389392514
9	1	2.7511983389392514
9	2	2.9125443579670156
9	3	1.7041725430693722
9	4	2.7511983389392514
9	5	2.7511983389392514
9	6	2.7511983389392514
9	7	2.7511983389392514
9	8	2.7511983389392514
9	9	2.7511983389392514
9	10	2.7511983389392514
9	11	2.7511983389392514
9	12	2.7511983389392514
9	13	1.9994324096152576
9	14	1.9994324096152576
10	0	2.7511983389392514
10	1	2.7511983389392514
10	2	1.7041725430693722
10	3	2.7511983389392514
10	4	0.8041661039859
10	5	2.7511983389392514
10	6	2.7511983389392514
10	7	2.7511983389392514
10	8	2.7511983389392514
10	9	2.9125443579670156
10	10	2.7511983389392514
10	11	2.7511983389392514
10	12	2.7511983389392514
10	13	1.9994324096152576
10	14	1.9994324096152576
11	0	1.9994324096152576
11	1	0.8041661039859
11	2	1.9994324096152576
11	3	3.7784453094238843
11	4	1.9994324096152576
11	5	1.9994324096152576
12	0	1.7041725430693722
12	1	1.9994324096152576
12	2	1.9994324096152576
12	3	0.8041661039859
12	4	1.9994324096152576
12	5	1.9994324096152576
12	6	3.7784453094238843
13	0	2.7511983389392514
13	1	0.8041661039859
13	2	1.9994324096152576
13	3	1.9994324096152576
13	4	2.7511983389392514
13	5	2.7511983389392514
14	0	1.7041725430693722
14	1	1.9994324096152576
14	2	0.8041661039859
14	3	1.9994324096152576
14	4	3.7784453094238843
14	5	1.9994324096152576
14	6	1.9994324096152576
15	0	1.9994324096152576
15	1	1.9994324096152576
15	2	0.8041661039859
15	3	1.7041725430693722
15	4	1.9994324096152576
15	5	1.9994324096152576
15	6	3.7784453094238843
16	0	2.7511983389392514
16	1	2.7511983389392514
16	2	2.9125443579670156
16	3	0.8041661039859
16	4	1.7041725430693722
16	5	2.7511983389392514
16	6	2.7511983389392514
16	7	2.7511983389392514
16	8	2.7511983389392514
16	9	2.7511983389392514
16	10	2.7511983389392514
16	11	2.7511983389392514
16	12	2.7511983389392514
16	13	1.9994324096152576
16	14	1.9994324096152576
16	15	3.7784453094238843
16	16	1.9994324096152576
16	17	1.9994324096152576
17	0	2.9125443579670156
17	1	2.7511983389392514
17	2	2.7511983389392514
17	3	2.7511983389392514
17	4	2.7511983389392514
17	5	2.7511983389392514
17	6	2.7511983389392514
17	7	2.7511983389392514
17	8	2.7511983389392514
17	9	0.8041661039859
17	10	1.7041725430693722
17	11	2.7511983389392514
17	12	2.7511983389392514
17	13	2.7511983389392514
18	0	1.9994324096152576
18	1	1.9994324096152576
18	2	2.7511983389392514
18	3	2.7511983389392514
18	4	2.7511983389392514
18	5	0.8041661039859
18	6	2.7511983389392514
18	7	2.7511983389392514
18	8	2.9125443579670156
18	9	2.7511983389392514
18	10	2.7511983389392514
18	11	2.7511983389392514
18	12	1.7041725430693722
18	13	2.7511983389392514
18	14	2.7511983389392514
18	15	2.7511983389392514
18	16	1.9994324096152576
18	17	1.9994324096152576
18	18	3.7784453094238843
19	0	1.7041725430693722
19	1	0.8041661039859
19	2	1.9994324096152576
19	3	1.9994324096152576
19	4	1.9994324096152576
19	5	1.9994324096152576
19	6	3.7784453094238843
20	0	1.7041725430693722
20	1	0.8041661039859
20	2	1.9994324096152576
20	3	1.9994324096152576
20	4	1.9994324096152576
20	5	1.9994324096152576
20	6	3.7784453094238843
21	0	1.7041725430693722
21	1	1.9994324096152576
21	2	1.9994324096152576
21	3	0.8041661039859
21	4	3.7784453094238843
21	5	1.9994324096152576
21	6	1.9994324096152576
22	0	1.9994324096152576
22	1	0.8041661039859
22	2	1.9994324096152576
22	3	3.7784453094238843
22	4	1.9994324096152576
22	5	1.9994324096152576
22	6	1.7041725430693722
22	7	2.7511983389392514
22	8	2.7511983389392514
23	0	2.7511983389392514
23	1	0.8041661039859
23	2	1.9994324096152576
23	3	1.9994324096152576
23	4	3.7784453094238843
23	5	1.7041725430693722
23	6	1.9994324096152576
23	7	1.9994324096152576
24	0	0.8041661039859
24	1	1.9994324096152576
24	2	3.7784453094238843
24	3	1.9994324096152576
24	4	2.7511983389392514
24	5	2.7511983389392514
24	6	1.7041725430693722
24	7	1.9994324096152576
24	8	1.9994324096152576
25	0	1.7041725430693722
25	1	2.7511983389392514
25	2	2.7511983389392514
25	3	2.7511983389392514
25	4	2.7511983389392514
25	5	2.7511983389392514
25	6	2.7511983389392514
25	7	2.9125443579670156
25	8	2.7511983389392514
25	9	2.7511983389392514
25	10	2.7511983389392514
25	11	2.7511983389392514
25	12	0.8041661039859
25	13	2.7511983389392514
25	14	2.7511983389392514
25	15	3.5553644429251516
25	16	4.6547904134569364
25	17	2.7511983389392514
25	18	1.9994324096152576
25	19	1.9994324096152576
25	20	3.7784453094238843
25	21	1.9994324096152576
25	22	1.9994324096152576
25	23	4.186877336207898
25	24	4.186877336207898
26	0	3.7784453094238843
26	1	0.8041661039859
26	2	1.9994324096152576
26	3	1.9994324096152576
26	4	2.7511983389392514
26	5	2.7511983389392514
27	0	2.7511983389392514
27	1	1.9994324096152576
27	2	0.8041661039859
27	3	1.9994324096152576
27	4	3.5553644429251516
27	5	4.6547904134569364
27	6	2.7511983389392514
27	7	2.7511983389392514
28	0	0.8041661039859
28	1	1.9994324096152576
28	2	1.9994324096152576
28	3	3.7784453094238843
28	4	1.7041725430693722
28	5	1.9994324096152576
28	6	1.9994324096152576
29	0	1.9994324096152576
29	1	1.9994324096152576
29	2	0.8041661039859
29	3	1.7041725430693722
29	4	1.9994324096152576
29	5	1.9994324096152576
29	6	3.7784453094238843
30	0	0.8041661039859
30	1	1.9994324096152576
30	2	1.9994324096152576
30	3	3.7784453094238843
30	4	1.7041725430693722
30	5	1.9994324096152576
30	6	1.9994324096152576
31	0	1.9994324096152576
31	1	0.8041661039859
31	2	1.9994324096152576
31	3	3.7784453094238843
31	4	1.7041725430693722
31	5	1.9994324096152576
31	6	1.9994324096152576
32	0	2.7511983389392514
32	1	1.7041725430693722
32	2	0.8041661039859
32	3	1.9994324096152576
32	4	1.9994324096152576
32	5	1.9994324096152576
32	6	1.9994324096152576
32	7	3.7784453094238843
33	0	1.7041725430693722
33	1	2.7511983389392514
33	2	1.9994324096152576
33	3	0.8041661039859
33	4	1.9994324096152576
33	5	3.7784453094238843
33	6	1.9994324096152576
33	7	1.9994324096152576
34	0	2.7511983389392514
34	1	2.736720425404086
34	2	1.9994324096152576
34	3	0.8041661039859
34	4	1.9994324096152576
34	5	2.7511983389392514
34	6	1.903592074517686
34	7	2.2832852616902137
35	0	2.7511983389392514
35	1	2.736720425404086
35	2	1.9994324096152576
35	3	0.8041661039859
35	4	1.9994324096152576
35	5	2.7511983389392514
35	6	2.7511983389392514
35	7	2.7511983389392514
35	8	3.5553644429251516
35	9	2.7511983389392514
35	10	2.9125443579670156
35	11	2.2832852616902137
35	12	2.8035985136011563
35	13	2.7511983389392514
35	14	2.7511983389392514
35	15	4.186877336207898
35	16	3.3827112322220003
35	17	2.7511983389392514
35	18	2.7511983389392514
35	19	3.3827112322220003
35	20	2.7511983389392514
36	0	2.736720425404086
36	1	2.8035985136011563
36	2	1.9994324096152576
36	3	0.8041661039859
36	4	1.9994324096152576
36	5	1.9994324096152576
36	6	1.9994324096152576
36	7	3.7784453094238843
37	0	2.8035985136011563
37	1	1.9994324096152576
37	2	2.8035985136011563
37	3	2.8035985136011563
37	4	2.8035985136011563
37	5	2.8035985136011563
37	6	1.9994324096152576
37	7	2.8035985136011563
37	8	1.9994324096152576
37	9	3.7784453094238843
37	10	0.8041661039859
37	11	2.8035985136011563
38	0	2.736720425404086
38	1	2.8035985136011563
38	2	2.2832852616902137
38	3	1.9994324096152576
38	4	1.9994324096152576
38	5	1.9994324096152576
38	6	1.9994324096152576
38	7	0.8041661039859
38	8	3.7784453094238843
38	9	2.7511983389392514
39	0	2.736720425404086
39	1	1.9994324096152576
39	2	0.8041661039859
39	3	1.9994324096152576
39	4	3.7784453094238843
39	5	1.9994324096152576
39	6	1.9994324096152576
39	7	2.8035985136011563
40	0	2.736720425404086
40	1	1.9994324096152576
40	2	1.9994324096152576
40	3	0.8041661039859
40	4	2.2832852616902137
40	5	3.7784453094238843
40	6	2.8035985136011563
40	7	1.9994324096152576
40	8	1.9994324096152576
41	0	2.8035985136011563
41	1	2.736720425404086
41	2	1.9994324096152576
41	3	0.8041661039859
41	4	1.9994324096152576
41	5	2.2832852616902137
41	6	2.2832852616902137
41	7	1.9994324096152576
41	8	2.7511983389392514
41	9	1.9994324096152576
41	10	3.7784453094238843
42	0	2.8035985136011563
42	1	2.8035985136011563
42	2	1.9994324096152576
42	3	1.9994324096152576
42	4	2.8035985136011563
42	5	2.8035985136011563
42	6	2.8035985136011563
42	7	2.8035985136011563
42	8	2.8035985136011563
42	9	3.8361463959358737
42	10	2.7511983389392514
43	0	3.8361463959358737
43	1	1.9994324096152576
43	2	1.9994324096152576
43	3	0.8041661039859
43	4	2.8035985136011563
43	5	2.8035985136011563
43	6	2.8035985136011563
43	7	2.8035985136011563
44	0	1.9994324096152576
44	1	2.2832852616902137
44	2	1.9994324096152576
44	3	2.736720425404086
44	4	0.8041661039859
44	5	1.9994324096152576
44	6	3.8361463959358737
44	7	1.9994324096152576
44	8	1.9994324096152576
44	9	2.8035985136011563
44	10	1.9994324096152576
44	11	4.6547904134569364
44	12	1.7404401786852663
44	13	4.633448611577497
44	14	2.7511983389392514
44	15	2.2832852616902137
44	16	3.3827112322220003
45	0	2.736720425404086
45	1	4.186877336207898
45	2	2.2832852616902137
45	3	0.8041661039859
45	4	1.9994324096152576
45	5	1.9994324096152576
46	0	2.8035985136011563
46	1	1.9994324096152576
46	2	4.6547904134569364
46	3	2.736720425404086
46	4	3.5553644429251516
46	5	1.9994324096152576
46	6	2.2832852616902137
46	7	0.8041661039859
46	8	1.9994324096152576
46	9	1.9994324096152576
46	10	2.8035985136011563
47	0	2.736720425404086
47	1	2.7511983389392514
47	2	1.9994324096152576
47	3	2.2832852616902137
47	4	0.8041661039859
47	5	1.9994324096152576
48	0	2.736720425404086
48	1	2.7511983389392514
48	2	1.9994324096152576
48	3	1.9994324096152576
48	4	0.8041661039859
48	5	2.2832852616902137
49	0	2.7511983389392514
49	1	2.736720425404086
49	2	1.9994324096152576
49	3	0.8041661039859
49	4	1.9994324096152576
49	5	2.2832852616902137
49	6	3.3827112322220003
49	7	1.9994324096152576
49	8	1.9994324096152576
49	9	3.8361463959358737
49	10	2.8035985136011563
50	0	1.9994324096152576
50	1	0.8041661039859
50	2	3.8361463959358737
50	3	1.9994324096152576
50	4	3.3827112322220003
50	5	2.736720425404086
50	6	2.7511983389392514
51	0	2.2832852616902137
51	1	0.8041661039859
51	2	1.9994324096152576
51	3	1.9994324096152576
51	4	0.4534351637138729
51	5	2.7511983389392514
51	6	3.8361463959358737
51	7	2.8035985136011563
51	8	1.9994324096152576
51	9	1.9994324096152576
52	0	2.8035985136011563
52	1	1.9994324096152576
52	2	2.8035985136011563
52	3	2.8035985136011563
52	4	2.8035985136011563
52	5	2.8035985136011563
52	6	2.8035985136011563
52	7	1.9994324096152576
52	8	2.8035985136011563
52	9	3.087451365676113
52	10	1.9994324096152576
52	11	2.8035985136011563
52	12	1.9994324096152576
52	13	2.8035985136011563
52	14	2.8035985136011563
52	15	3.8361463959358737
52	16	0.8041661039859
52	17	1.9994324096152576
52	18	2.736720425404086
52	19	2.7511983389392514
52	20	2.9125443579670156
52	21	2.7511983389392514
52	22	2.2832852616902137
52	23	2.7511983389392514
52	24	3.3827112322220003
52	25	2.2832852616902137
52	26	3.5553644429251516
52	27	4.6547904134569364
52	28	2.8035985136011563
52	29	1.9994324096152576
52	30	1.545997245901385
52	31	1.7404401786852663
52	32	2.8035985136011563
52	33	2.7511983389392514
52	34	2.7511983389392514
52	35	2.8035985136011563
52	36	5.086883775291369
52	37	2.2832852616902137
52	38	3.5553644429251516
52	39	2.2832852616902137
52	40	2.2832852616902137
52	41	4.186877336207898
52	42	3.087451365676113
52	43	2.717092851312647
52	44	2.2832852616902137
52	45	2.8035985136011563
52	46	4.186877336207898
52	47	4.6547904134569364
52	48	4.186877336207898
52	49	1.9994324096152576
52	50	2.7511983389392514
52	51	2.8035985136011563
52	52	4.633448611577497
52	53	4.186877336207898
52	54	2.2832852616902137
52	55	2.7511983389392514
52	56	2.2832852616902137
52	57	3.3827112322220003
52	58	1.9994324096152576
52	59	2.2832852616902137
53	0	2.2832852616902137
53	1	1.9994324096152576
53	2	1.9994324096152576
53	3	0.4534351637138729
53	4	0.8041661039859
53	5	2.7511983389392514
53	6	3.8361463959358737
53	7	1.9994324096152576
53	8	1.9994324096152576
53	9	2.8035985136011563
54	0	0.4534351637138729
54	1	2.7511983389392514
54	2	2.2832852616902137
54	3	1.9994324096152576
54	4	0.8041661039859
54	5	1.9994324096152576
54	6	2.7511983389392514
54	7	4.6547904134569364
54	8	3.5553644429251516
54	9	2.7511983389392514
54	10	2.9125443579670156
54	11	2.2832852616902137
54	12	2.7511983389392514
54	13	2.8035985136011563
54	14	1.9994324096152576
54	15	1.9994324096152576
54	16	3.8361463959358737
55	0	0.8041661039859
55	1	1.9994324096152576
55	2	0.4534351637138729
55	3	1.9994324096152576
55	4	2.2832852616902137
55	5	2.8035985136011563
55	6	1.9994324096152576
55	7	1.9994324096152576
55	8	3.8361463959358737
55	9	2.2832852616902137
56	0	0.4534351637138729
56	1	2.2832852616902137
56	2	2.2832852616902137
56	3	1.9994324096152576
56	4	1.9994324096152576
56	5	0.8041661039859
56	6	3.8361463959358737
56	7	1.9994324096152576
56	8	1.9994324096152576
56	9	2.8035985136011563
57	0	0.8041661039859
57	1	1.9994324096152576
57	2	1.9994324096152576
57	3	3.8361463959358737
57	4	2.2832852616902137
57	5	0.4534351637138729
57	6	2.2832852616902137
57	7	2.7511983389392514
57	8	3.5553644429251516
57	9	4.6547904134569364
57	10	2.2832852616902137
57	11	2.7511983389392514
57	12	2.7511983389392514
57	13	2.7511983389392514
57	14	3.3827112322220003
57	15	2.9125443579670156
57	16	2.8035985136011563
57	17	1.9994324096152576
57	18	1.9994324096152576
57	19	4.186877336207898
57	20	3.3827112322220003
58	0	1.9994324096152576
58	1	0.8041661039859
58	2	3.8361463959358737
58	3	1.9994324096152576
58	4	0.4534351637138729
58	5	2.7511983389392514
58	6	2.9125443579670156
58	7	2.7511983389392514
58	8	2.2832852616902137
58	9	2.2832852616902137
58	10	2.7511983389392514
58	11	3.3827112322220003
58	12	2.7511983389392514
58	13	4.6547904134569364
58	14	3.5553644429251516
58	15	2.2832852616902137
58	16	2.8035985136011563
58	17	1.9994324096152576
58	18	1.9994324096152576
59	0	0.8041661039859
59	1	3.8361463959358737
59	2	1.9994324096152576
59	3	1.9994324096152576
59	4	2.7511983389392514
59	5	0.4534351637138729
59	6	2.2832852616902137
59	7	2.7511983389392514
59	8	2.7511983389392514
59	9	3.5553644429251516
59	10	4.6547904134569364
59	11	2.2832852616902137
59	12	2.2832852616902137
59	13	2.9125443579670156
59	14	3.3827112322220003
59	15	2.7511983389392514
60	0	1.9994324096152576
60	1	3.8361463959358737
60	2	0.8041661039859
60	3	1.9994324096152576
60	4	1.9994324096152576
60	5	2.2832852616902137
60	6	0.4534351637138729
60	7	2.7511983389392514
60	8	2.7511983389392514
60	9	2.2832852616902137
60	10	2.9125443579670156
60	11	2.7511983389392514
60	12	3.5553644429251516
60	13	4.6547904134569364
60	14	3.3827112322220003
60	15	2.7511983389392514
60	16	2.2832852616902137
61	0	2.2832852616902137
61	1	3.087451365676113
61	2	5.086883775291369
61	3	2.8035985136011563
61	4	1.9994324096152576
61	5	2.8035985136011563
61	6	2.8035985136011563
61	7	2.8035985136011563
61	8	2.8035985136011563
61	9	3.8361463959358737
61	10	0.8041661039859
61	11	1.9994324096152576
61	12	1.9994324096152576
61	13	0.4534351637138729
61	14	2.7511983389392514
61	15	2.2832852616902137
61	16	2.2832852616902137
61	17	2.2832852616902137
61	18	2.7511983389392514
61	19	2.9125443579670156
61	20	2.7511983389392514
61	21	4.6547904134569364
61	22	3.5553644429251516
61	23	3.3827112322220003
61	24	2.7511983389392514
61	25	2.8035985136011563
61	26	2.8035985136011563
61	27	2.8035985136011563
61	28	2.8035985136011563
61	29	1.9994324096152576
61	30	1.7404401786852663
61	31	1.545997245901385
61	32	3.3827112322220003
61	33	2.7511983389392514
61	34	2.7511983389392514
61	35	2.7511983389392514
61	36	2.7511983389392514
61	37	2.7511983389392514
61	38	4.186877336207898
61	39	2.7511983389392514
61	40	2.8035985136011563
61	41	2.8035985136011563
61	42	2.2832852616902137
61	43	2.2832852616902137
61	44	4.186877336207898
61	45	2.717092851312647
61	46	2.8035985136011563
61	47	2.7511983389392514
61	48	4.186877336207898
61	49	4.6547904134569364
61	50	3.087451365676113
61	51	3.5553644429251516
61	52	1.9994324096152576
61	53	1.9994324096152576
61	54	2.8035985136011563
61	55	2.7511983389392514
61	56	4.633448611577497
61	57	4.186877336207898
61	58	2.2832852616902137
61	59	2.2832852616902137
61	60	2.976085082242639
61	61	2.2832852616902137
61	62	2.2832852616902137
61	63	2.7511983389392514
61	64	2.2832852616902137
61	65	3.3827112322220003
61	66	2.7511983389392514
61	67	2.2832852616902137
61	68	1.7404401786852663
62	0	0.8041661039859
62	1	1.9994324096152576
62	2	3.8361463959358737
62	3	1.9994324096152576
62	4	0.4534351637138729
62	5	2.2832852616902137
62	6	2.9125443579670156
62	7	2.2832852616902137
62	8	2.7511983389392514
62	9	3.3827112322220003
62	10	2.7511983389392514
62	11	2.2832852616902137
62	12	2.7511983389392514
62	13	2.7511983389392514
62	14	3.5553644429251516
62	15	4.6547904134569364
63	0	3.8361463959358737
63	1	0.8041661039859
63	2	1.9994324096152576
63	3	1.9994324096152576
63	4	2.2832852616902137
63	5	3.5553644429251516
63	6	4.6547904134569364
63	7	0.4534351637138729
63	8	2.2832852616902137
63	9	2.9125443579670156
63	10	2.7511983389392514
63	11	3.3827112322220003
63	12	2.7511983389392514
63	13	2.2832852616902137
63	14	2.7511983389392514
63	15	2.7511983389392514
64	0	1.9994324096152576
64	1	2.8035985136011563
64	2	2.8035985136011563
64	3	3.8361463959358737
64	4	2.8035985136011563
64	5	2.8035985136011563
64	6	2.8035985136011563
64	7	1.9994324096152576
64	8	0.8041661039859
64	9	5.086883775291369
65	0	2.8035985136011563
65	1	3.8361463959358737
65	2	1.9994324096152576
65	3	2.8035985136011563
65	4	2.8035985136011563
65	5	2.8035985136011563
65	6	2.8035985136011563
65	7	0.8041661039859
65	8	1.9994324096152576
65	9	5.086883775291369
66	0	2.8035985136011563
66	1	2.8035985136011563
66	2	3.8361463959358737
66	3	2.8035985136011563
66	4	1.9994324096152576
66	5	2.8035985136011563
66	6	2.8035985136011563
66	7	5.086883775291369
66	8	0.8041661039859
66	9	1.9994324096152576
67	0	2.8035985136011563
67	1	3.8361463959358737
67	2	1.9994324096152576
67	3	2.8035985136011563
67	4	2.8035985136011563
67	5	5.086883775291369
67	6	1.9994324096152576
67	7	2.8035985136011563
67	8	2.8035985136011563
67	9	2.8035985136011563
67	10	1.9994324096152576
67	11	0.8041661039859
68	0	0.8041661039859
68	1	3.8361463959358737
68	2	1.9994324096152576
68	3	1.9994324096152576
68	4	2.2832852616902137
68	5	2.7511983389392514
68	6	0.4534351637138729
68	7	3.5553644429251516
68	8	4.6547904134569364
68	9	2.2832852616902137
68	10	2.2832852616902137
68	11	2.7511983389392514
68	12	2.9125443579670156
68	13	2.7511983389392514
68	14	3.3827112322220003
68	15	2.7511983389392514
69	0	0.8041661039859
69	1	3.8361463959358737
69	2	1.9994324096152576
69	3	1.9994324096152576
69	4	2.2832852616902137
69	5	2.2832852616902137
69	6	0.4534351637138729
69	7	2.9125443579670156
69	8	2.2832852616902137
69	9	2.7511983389392514
69	10	2.7511983389392514
69	11	3.5553644429251516
69	12	4.6547904134569364
69	13	3.3827112322220003
69	14	2.7511983389392514
69	15	2.7511983389392514
70	0	1.9994324096152576
70	1	3.8361463959358737
70	2	0.8041661039859
70	3	1.9994324096152576
70	4	0.4534351637138729
70	5	4.6547904134569364
70	6	3.5553644429251516
70	7	2.7511983389392514
70	8	2.7511983389392514
70	9	2.7511983389392514
70	10	3.3827112322220003
70	11	2.7511983389392514
70	12	2.2832852616902137
70	13	2.2832852616902137
70	14	2.9125443579670156
70	15	2.2832852616902137
71	0	2.2832852616902137
71	1	2.8035985136011563
71	2	2.2832852616902137
71	3	2.8035985136011563
71	4	2.8035985136011563
71	5	2.8035985136011563
71	6	2.8035985136011563
71	7	2.8035985136011563
72	0	3.3827112322220003
72	1	0.4534351637138729
72	2	0.8041661039859
72	3	1.9994324096152576
72	4	1.9994324096152576
72	5	2.2832852616902137
73	0	0.4534351637138729
73	1	3.3827112322220003
73	2	1.9994324096152576
73	3	1.9994324096152576
73	4	2.2832852616902137
73	5	0.8041661039859
74	0	2.8035985136011563
74	1	1.9994324096152576
74	2	2.7511983389392514
74	3	2.2832852616902137
74	4	2.2832852616902137
74	5	2.2832852616902137
75	0	0.4534351637138729
75	1	2.8035985136011563
75	2	1.9994324096152576
75	3	2.2832852616902137
75	4	0.8041661039859
75	5	1.9994324096152576
75	6	2.7511983389392514
75	7	4.186877336207898
76	0	2.8035985136011563
76	1	0.4534351637138729
76	2	1.9994324096152576
76	3	2.2832852616902137
76	4	0.8041661039859
76	5	1.9994324096152576
77	0	2.2832852616902137
77	1	2.8035985136011563
77	2	2.8035985136011563
77	3	2.8035985136011563
77	4	1.9994324096152576
77	5	2.8035985136011563
77	6	2.8035985136011563
77	7	1.9994324096152576
77	8	2.8035985136011563
77	9	2.8035985136011563
77	10	3.8361463959358737
77	11	0.8041661039859
77	12	1.9994324096152576
77	13	2.8035985136011563
77	14	2.2832852616902137
77	15	2.8035985136011563
78	0	2.8035985136011563
78	1	2.8035985136011563
78	2	2.8035985136011563
78	3	1.9994324096152576
78	4	2.8035985136011563
78	5	1.9994324096152576
78	6	3.8361463959358737
78	7	0.8041661039859
78	8	1.9994324096152576
78	9	0.4534351637138729
78	10	2.9125443579670156
78	11	3.5553644429251516
78	12	4.6547904134569364
78	13	3.3827112322220003
78	14	2.2832852616902137
78	15	2.7511983389392514
78	16	2.7511983389392514
78	17	2.2832852616902137
78	18	2.7511983389392514
78	19	2.7511983389392514
78	20	2.2832852616902137
78	21	1.545997245901385
78	22	4.186877336207898
78	23	2.7511983389392514
78	24	2.7511983389392514
78	25	2.7511983389392514
78	26	3.3827112322220003
78	27	2.8035985136011563
78	28	2.7511983389392514
78	29	2.7511983389392514
78	30	2.7511983389392514
78	31	2.8035985136011563
78	32	2.8035985136011563
78	33	2.8035985136011563
78	34	5.086883775291369
78	35	2.8035985136011563
78	36	2.8035985136011563
78	37	1.9994324096152576
78	38	2.8035985136011563
78	39	2.2832852616902137
78	40	3.3827112322220003
79	0	1.9994324096152576
79	1	1.9994324096152576
79	2	3.8361463959358737
79	3	0.8041661039859
79	4	2.2832852616902137
79	5	2.7511983389392514
79	6	0.4534351637138729
79	7	2.7511983389392514
79	8	2.2832852616902137
79	9	3.5553644429251516
79	10	4.6547904134569364
79	11	2.9125443579670156
79	12	3.3827112322220003
79	13	2.7511983389392514
79	14	2.7511983389392514
79	15	2.2832852616902137
80	0	3.8361463959358737
80	1	2.8035985136011563
80	2	2.8035985136011563
80	3	1.9994324096152576
80	4	1.099425970531786
80	5	2.8035985136011563
80	6	2.8035985136011563
80	7	2.8035985136011563
80	8	1.9994324096152576
80	9	0.8041661039859
80	10	5.086883775291369
81	0	2.8035985136011563
81	1	2.8035985136011563
81	2	2.8035985136011563
81	3	1.9994324096152576
81	4	2.8035985136011563
81	5	1.9994324096152576
81	6	0.8041661039859
81	7	3.8361463959358737
82	0	1.9994324096152576
82	1	2.8035985136011563
82	2	2.8035985136011563
82	3	2.8035985136011563
82	4	3.8361463959358737
82	5	0.8041661039859
82	6	1.9994324096152576
82	7	2.8035985136011563
83	0	3.8361463959358737
83	1	2.8035985136011563
83	2	1.099425970531786
83	3	2.8035985136011563
83	4	2.8035985136011563
83	5	1.9994324096152576
83	6	2.8035985136011563
83	7	2.8035985136011563
83	8	1.9994324096152576
83	9	0.8041661039859
83	10	5.086883775291369
84	0	2.8035985136011563
84	1	1.9994324096152576
84	2	2.8035985136011563
84	3	3.8361463959358737
84	4	2.8035985136011563
84	5	1.099425970531786
84	6	5.086883775291369
84	7	1.9994324096152576
84	8	0.8041661039859
84	9	2.8035985136011563
84	10	2.8035985136011563
85	0	2.8035985136011563
85	1	3.8361463959358737
85	2	2.8035985136011563
85	3	1.9994324096152576
85	4	1.099425970531786
85	5	2.8035985136011563
85	6	5.086883775291369
85	7	1.9994324096152576
85	8	0.8041661039859
85	9	2.8035985136011563
85	10	2.8035985136011563
86	0	2.8035985136011563
86	1	3.8361463959358737
86	2	2.8035985136011563
86	3	2.8035985136011563
86	4	1.9994324096152576
86	5	1.099425970531786
87	0	3.8361463959358737
87	1	2.8035985136011563
87	2	1.099425970531786
87	3	1.9994324096152576
87	4	2.8035985136011563
87	5	2.8035985136011563
87	6	0.8041661039859
87	7	1.9994324096152576
87	8	5.086883775291369
87	9	2.8035985136011563
87	10	2.8035985136011563
88	0	2.8035985136011563
88	1	2.8035985136011563
88	2	1.9994324096152576
88	3	2.8035985136011563
88	4	3.8361463959358737
88	5	0.8041661039859
88	6	1.9994324096152576
88	7	2.8035985136011563
89	0	1.9994324096152576
89	1	2.8035985136011563
89	2	2.8035985136011563
89	3	2.8035985136011563
89	4	1.9994324096152576
89	5	0.8041661039859
89	6	3.8361463959358737
89	7	2.8035985136011563
90	0	2.8035985136011563
90	1	3.8361463959358737
90	2	2.8035985136011563
90	3	1.099425970531786
90	4	2.8035985136011563
90	5	1.9994324096152576
90	6	5.086883775291369
90	7	2.8035985136011563
90	8	2.8035985136011563
90	9	1.9994324096152576
90	10	0.8041661039859
91	0	3.8361463959358737
91	1	2.8035985136011563
91	2	2.8035985136011563
91	3	2.8035985136011563
91	4	1.9994324096152576
91	5	1.099425970531786
92	0	2.8035985136011563
92	1	2.8035985136011563
92	2	3.8361463959358737
92	3	2.8035985136011563
92	4	2.8035985136011563
92	5	1.9994324096152576
92	6	1.099425970531786
92	7	1.9994324096152576
92	8	0.8041661039859
92	9	2.8035985136011563
92	10	2.8035985136011563
92	11	5.086883775291369
93	0	2.8035985136011563
93	1	2.8035985136011563
93	2	2.8035985136011563
93	3	1.9994324096152576
93	4	2.8035985136011563
93	5	3.8361463959358737
93	6	0.8041661039859
93	7	1.9994324096152576
93	8	2.8035985136011563
93	9	2.8035985136011563
93	10	5.086883775291369
93	11	1.099425970531786
94	0	2.8035985136011563
94	1	2.8035985136011563
94	2	1.9994324096152576
94	3	2.8035985136011563
94	4	2.8035985136011563
94	5	3.8361463959358737
94	6	1.099425970531786
94	7	2.8035985136011563
94	8	2.8035985136011563
94	9	5.086883775291369
94	10	1.9994324096152576
94	11	0.8041661039859
95	0	2.8035985136011563
95	1	2.8035985136011563
95	2	2.8035985136011563
95	3	1.9994324096152576
95	4	2.8035985136011563
95	5	3.8361463959358737
95	6	0.8041661039859
95	7	1.9994324096152576
96	0	1.9994324096152576
96	1	2.8035985136011563
96	2	2.8035985136011563
96	3	2.8035985136011563
96	4	2.8035985136011563
96	5	1.9994324096152576
96	6	2.8035985136011563
96	7	2.8035985136011563
96	8	2.8035985136011563
96	9	3.8361463959358737
96	10	1.9994324096152576
96	11	0.8041661039859
96	12	2.8035985136011563
96	13	2.2832852616902137
96	14	1.9994324096152576
96	15	1.9994324096152576
96	16	2.8035985136011563
96	17	1.9994324096152576
96	18	1.7404401786852663
96	19	4.186877336207898
96	20	2.2832852616902137
96	21	1.9994324096152576
96	22	1.9994324096152576
96	23	2.8035985136011563
96	24	2.2832852616902137
96	25	4.186877336207898
96	26	2.8035985136011563
96	27	2.2832852616902137
96	28	2.7511983389392514
96	29	1.7404401786852663
96	30	2.2832852616902137
96	31	2.2832852616902137
96	32	2.2832852616902137
96	33	2.976085082242639
96	34	3.3827112322220003
96	35	2.2832852616902137
96	36	2.7511983389392514
97	0	2.8035985136011563
97	1	3.8361463959358737
97	2	2.8035985136011563
97	3	2.8035985136011563
97	4	1.9994324096152576
97	5	2.8035985136011563
97	6	1.099425970531786
98	0	3.8361463959358737
98	1	2.8035985136011563
98	2	2.8035985136011563
98	3	2.8035985136011563
98	4	2.8035985136011563
98	5	1.9994324096152576
98	6	1.099425970531786
99	0	2.7511983389392514
99	1	2.8035985136011563
99	2	1.9994324096152576
99	3	2.2832852616902137
99	4	0.8041661039859
99	5	1.9994324096152576
99	6	0.4534351637138729
100	0	2.9125443579670156
100	1	0.4534351637138729
100	2	2.7511983389392514
100	3	0.8041661039859
100	4	2.2832852616902137
100	5	2.7511983389392514
100	6	3.5553644429251516
100	7	4.6547904134569364
100	8	3.3827112322220003
100	9	2.8035985136011563
100	10	2.7511983389392514
100	11	2.7511983389392514
100	12	2.7511983389392514
100	13	2.7511983389392514
100	14	2.7511983389392514
100	15	2.7511983389392514
100	16	2.7511983389392514
100	17	3.3827112322220003
100	18	2.2832852616902137
100	19	4.186877336207898
100	20	2.7511983389392514
101	0	1.9994324096152576
101	1	1.9994324096152576
101	2	0.8041661039859
101	3	0.4534351637138729
101	4	2.2832852616902137
101	5	2.8035985136011563
101	6	1.9994324096152576
101	7	1.9994324096152576
101	8	3.8361463959358737
102	0	2.2832852616902137
102	1	0.4534351637138729
102	2	0.8041661039859
102	3	1.9994324096152576
102	4	1.9994324096152576
102	5	1.9994324096152576
102	6	1.9994324096152576
102	7	3.8361463959358737
102	8	2.8035985136011563
103	0	2.8035985136011563
103	1	1.9994324096152576
103	2	0.4534351637138729
103	3	1.9994324096152576
103	4	2.2832852616902137
103	5	1.9994324096152576
103	6	2.2832852616902137
103	7	2.7511983389392514
103	8	1.9994324096152576
103	9	2.7511983389392514
103	10	0.8041661039859
103	11	3.8361463959358737
104	0	2.7511983389392514
104	1	2.8035985136011563
104	2	2.2832852616902137
104	3	1.9994324096152576
104	4	1.9994324096152576
104	5	0.4534351637138729
104	6	0.8041661039859
105	0	2.2832852616902137
105	1	0.8041661039859
105	2	1.9994324096152576
105	3	1.9994324096152576
105	4	2.8035985136011563
105	5	0.4534351637138729
105	6	1.9994324096152576
105	7	1.9994324096152576
105	8	3.8361463959358737
106	0	2.7511983389392514
106	1	2.7511983389392514
106	2	2.7511983389392514
106	3	0.4534351637138729
106	4	1.9994324096152576
106	5	2.2832852616902137
106	6	1.9994324096152576
106	7	2.8035985136011563
106	8	0.8041661039859
106	9	3.8361463959358737
106	10	1.9994324096152576
106	11	1.9994324096152576
107	0	2.7511983389392514
107	1	2.7511983389392514
107	2	1.9994324096152576
107	3	2.8035985136011563
107	4	2.2832852616902137
107	5	0.4534351637138729
107	6	1.9994324096152576
107	7	0.8041661039859
107	8	1.9994324096152576
107	9	1.9994324096152576
107	10	3.8361463959358737
107	11	2.7511983389392514
108	0	2.7511983389392514
108	1	0.4534351637138729
108	2	2.2832852616902137
108	3	2.7511983389392514
108	4	2.9125443579670156
108	5	1.9994324096152576
108	6	2.7511983389392514
108	7	0.8041661039859
108	8	2.8035985136011563
108	9	1.9994324096152576
108	10	1.9994324096152576
108	11	1.9994324096152576
108	12	3.8361463959358737
109	0	0.4534351637138729
109	1	2.2832852616902137
109	2	2.7511983389392514
109	3	0.8041661039859
109	4	2.9125443579670156
109	5	2.7511983389392514
109	6	2.7511983389392514
109	7	1.9994324096152576
109	8	2.8035985136011563
109	9	1.9994324096152576
109	10	2.7511983389392514
109	11	3.8361463959358737
109	12	1.9994324096152576
109	13	1.9994324096152576
109	14	2.7511983389392514
110	0	2.8035985136011563
110	1	0.4534351637138729
110	2	2.7511983389392514
110	3	2.2832852616902137
110	4	2.7511983389392514
110	5	2.7511983389392514
110	6	2.7511983389392514
110	7	1.9994324096152576
110	8	0.8041661039859
110	9	1.9994324096152576
110	10	2.9125443579670156
110	11	2.7511983389392514
110	12	3.8361463959358737
110	13	1.9994324096152576
110	14	1.9994324096152576
111	0	2.7511983389392514
111	1	0.4534351637138729
111	2	2.9125443579670156
111	3	2.7511983389392514
111	4	2.7511983389392514
111	5	2.2832852616902137
111	6	2.7511983389392514
111	7	1.9994324096152576
111	8	1.9994324096152576
111	9	2.8035985136011563
111	10	0.8041661039859
111	11	2.7511983389392514
112	0	0.4534351637138729
112	1	2.7511983389392514
112	2	2.8035985136011563
112	3	2.7511983389392514
112	4	1.9994324096152576
112	5	2.2832852616902137
112	6	1.9994324096152576
112	7	0.8041661039859
112	8	2.7511983389392514
112	9	2.9125443579670156
112	10	2.7511983389392514
112	11	2.7511983389392514
113	0	0.4534351637138729
113	1	2.7511983389392514
113	2	3.5553644429251516
113	3	4.6547904134569364
113	4	2.7511983389392514
113	5	2.7511983389392514
113	6	2.7511983389392514
113	7	2.7511983389392514
113	8	2.9125443579670156
113	9	2.7511983389392514
113	10	1.2576012676997732
113	11	4.186877336207898
113	12	2.7511983389392514
113	13	2.7511983389392514
113	14	2.8035985136011563
113	15	2.7511983389392514
113	16	3.3827112322220003
113	17	0.8041661039859
113	18	2.7511983389392514
113	19	2.2832852616902137
113	20	3.3827112322220003
113	21	2.7511983389392514
113	22	2.2832852616902137
113	23	1.9994324096152576
113	24	1.9994324096152576
113	25	2.2832852616902137
113	26	1.9994324096152576
113	27	3.8361463959358737
113	28	1.9994324096152576
114	0	1.2576012676997732
114	1	2.7511983389392514
114	2	2.8035985136011563
114	3	2.2832852616902137
114	4	0.8041661039859
114	5	1.9994324096152576
114	6	2.7511983389392514
114	7	2.7511983389392514
114	8	2.9125443579670156
114	9	0.4534351637138729
114	10	2.7511983389392514
114	11	1.9994324096152576
114	12	2.7511983389392514
115	0	1.2576012676997732
115	1	2.9125443579670156
115	2	1.9994324096152576
115	3	1.9994324096152576
115	4	2.7511983389392514
115	5	2.7511983389392514
115	6	2.7511983389392514
115	7	2.8035985136011563
115	8	0.4534351637138729
115	9	2.2832852616902137
115	10	0.8041661039859
115	11	2.7511983389392514
116	0	2.2832852616902137
116	1	2.2832852616902137
116	2	2.8035985136011563
116	3	1.9994324096152576
116	4	1.9994324096152576
116	5	0.4534351637138729
116	6	1.9994324096152576
116	7	0.8041661039859
116	8	1.2576012676997732
116	9	2.9125443579670156
116	10	2.7511983389392514
116	11	2.7511983389392514
116	12	2.7511983389392514
116	13	2.7511983389392514
116	14	1.9994324096152576
116	15	3.8361463959358737
117	0	1.2576012676997732
117	1	2.7511983389392514
117	2	1.9994324096152576
117	3	2.8035985136011563
117	4	0.4534351637138729
117	5	2.2832852616902137
117	6	0.8041661039859
117	7	2.7511983389392514
117	8	2.7511983389392514
117	9	2.9125443579670156
117	10	2.7511983389392514
117	11	1.9994324096152576
118	0	1.9994324096152576
118	1	2.9125443579670156
118	2	2.7511983389392514
118	3	2.7511983389392514
118	4	0.8041661039859
118	5	2.7511983389392514
118	6	0.4534351637138729
118	7	2.7511983389392514
118	8	1.9994324096152576
118	9	2.2832852616902137
118	10	1.2576012676997732
118	11	2.8035985136011563
118	12	3.8361463959358737
118	13	2.7511983389392514
118	14	1.9994324096152576
118	15	1.9994324096152576
118	16	2.2832852616902137
118	17	2.8035985136011563
119	0	1.2576012676997732
119	1	1.9994324096152576
119	2	2.9125443579670156
119	3	2.7511983389392514
119	4	0.4534351637138729
119	5	2.7511983389392514
119	6	1.9994324096152576
119	7	2.7511983389392514
119	8	0.8041661039859
119	9	2.7511983389392514
119	10	2.2832852616902137
119	11	2.8035985136011563
120	0	1.9994324096152576
120	1	3.8361463959358737
120	2	0.8041661039859
120	3	1.9994324096152576
120	4	2.2832852616902137
120	5	2.7511983389392514
120	6	0.4534351637138729
120	7	2.7511983389392514
120	8	2.8035985136011563
120	9	2.9125443579670156
120	10	1.2576012676997732
120	11	2.7511983389392514
120	12	2.7511983389392514
120	13	4.186877336207898
120	14	2.7511983389392514
120	15	2.7511983389392514
120	16	2.2832852616902137
120	17	3.5553644429251516
120	18	4.6547904134569364
120	19	2.2832852616902137
121	0	0.8041661039859
121	1	1.9994324096152576
121	2	3.8361463959358737
121	3	1.9994324096152576
121	4	4.6547904134569364
121	5	3.5553644429251516
121	6	0.4534351637138729
121	7	2.2832852616902137
121	8	2.7511983389392514
121	9	2.7511983389392514
121	10	2.2832852616902137
121	11	2.7511983389392514
121	12	2.7511983389392514
121	13	2.7511983389392514
121	14	2.8035985136011563
121	15	2.2832852616902137
121	16	2.9125443579670156
121	17	2.7511983389392514
121	18	1.2576012676997732
121	19	4.186877336207898
122	0	1.9994324096152576
122	1	1.9994324096152576
122	2	3.8361463959358737
122	3	0.8041661039859
122	4	2.7511983389392514
122	5	0.4534351637138729
122	6	2.8035985136011563
122	7	2.7511983389392514
122	8	2.7511983389392514
122	9	2.2832852616902137
122	10	2.7511983389392514
122	11	2.7511983389392514
122	12	1.2576012676997732
122	13	2.9125443579670156
122	14	3.5553644429251516
122	15	4.6547904134569364
122	16	4.186877336207898
122	17	2.7511983389392514
122	18	2.2832852616902137
122	19	2.2832852616902137
123	0	1.9994324096152576
123	1	3.8361463959358737
123	2	0.8041661039859
123	3	1.9994324096152576
123	4	0.4534351637138729
123	5	1.2576012676997732
123	6	2.7511983389392514
123	7	2.2832852616902137
123	8	2.7511983389392514
123	9	2.7511983389392514
123	10	2.7511983389392514
123	11	2.8035985136011563
123	12	2.9125443579670156
123	13	4.6547904134569364
123	14	3.5553644429251516
123	15	2.2832852616902137
123	16	2.7511983389392514
123	17	4.186877336207898
123	18	2.7511983389392514
123	19	2.2832852616902137
124	0	0.8041661039859
124	1	3.8361463959358737
124	2	1.9994324096152576
124	3	1.9994324096152576
124	4	0.4534351637138729
124	5	4.186877336207898
124	6	2.7511983389392514
124	7	1.2576012676997732
124	8	2.7511983389392514
124	9	2.7511983389392514
124	10	2.9125443579670156
124	11	2.2832852616902137
124	12	2.7511983389392514
124	13	2.7511983389392514
124	14	2.8035985136011563
124	15	3.5553644429251516
124	16	4.6547904134569364
124	17	2.7511983389392514
124	18	2.2832852616902137
124	19	2.2832852616902137
125	0	3.8361463959358737
125	1	0.8041661039859
125	2	1.9994324096152576
125	3	1.9994324096152576
125	4	4.186877336207898
125	5	0.4534351637138729
125	6	4.6547904134569364
125	7	3.5553644429251516
125	8	1.2576012676997732
125	9	2.9125443579670156
125	10	2.7511983389392514
125	11	2.8035985136011563
125	12	2.7511983389392514
125	13	2.2832852616902137
125	14	2.7511983389392514
125	15	2.7511983389392514
125	16	2.7511983389392514
125	17	2.2832852616902137
125	18	2.2832852616902137
125	19	2.7511983389392514
126	0	0.8041661039859
126	1	3.8361463959358737
126	2	1.9994324096152576
126	3	1.9994324096152576
126	4	2.7511983389392514
126	5	0.4534351637138729
126	6	4.6547904134569364
126	7	3.5553644429251516
126	8	2.7511983389392514
126	9	2.8035985136011563
126	10	2.7511983389392514
126	11	2.9125443579670156
126	12	2.7511983389392514
126	13	1.2576012676997732
126	14	2.2832852616902137
126	15	2.7511983389392514
126	16	2.7511983389392514
126	17	2.2832852616902137
126	18	2.2832852616902137
126	19	4.186877336207898
126	20	2.8035985136011563
126	21	2.8035985136011563
126	22	2.8035985136011563
126	23	2.8035985136011563
127	0	1.9994324096152576
127	1	2.8035985136011563
127	2	2.8035985136011563
127	3	2.8035985136011563
127	4	2.8035985136011563
127	5	3.8361463959358737
127	6	0.8041661039859
127	7	1.9994324096152576
128	0	1.9994324096152576
128	1	2.8035985136011563
128	2	2.8035985136011563
128	3	2.8035985136011563
128	4	0.8041661039859
128	5	1.9994324096152576
128	6	3.8361463959358737
128	7	2.8035985136011563
129	0	2.8035985136011563
129	1	2.8035985136011563
129	2	2.8035985136011563
129	3	1.9994324096152576
129	4	2.8035985136011563
129	5	3.8361463959358737
129	6	0.8041661039859
129	7	1.9994324096152576
130	0	2.8035985136011563
130	1	2.8035985136011563
130	2	2.8035985136011563
130	3	1.9994324096152576
130	4	0.8041661039859
130	5	1.9994324096152576
130	6	3.8361463959358737
130	7	2.8035985136011563
131	0	2.8035985136011563
131	1	2.8035985136011563
131	2	1.9994324096152576
131	3	2.8035985136011563
131	4	2.8035985136011563
131	5	1.9994324096152576
131	6	0.8041661039859
131	7	3.8361463959358737
132	0	2.8035985136011563
132	1	1.9994324096152576
132	2	2.8035985136011563
132	3	2.8035985136011563
132	4	1.9994324096152576
132	5	0.8041661039859
132	6	3.8361463959358737
132	7	2.8035985136011563
133	0	2.8035985136011563
133	1	2.8035985136011563
133	2	2.8035985136011563
133	3	1.9994324096152576
133	4	2.8035985136011563
133	5	2.8035985136011563
133	6	1.9994324096152576
133	7	2.8035985136011563
134	0	1.9994324096152576
134	1	2.8035985136011563
134	2	2.8035985136011563
134	3	2.8035985136011563
134	4	1.9994324096152576
134	5	3.8361463959358737
134	6	0.8041661039859
134	7	2.8035985136011563
135	0	2.8035985136011563
135	1	2.8035985136011563
135	2	2.8035985136011563
135	3	1.9994324096152576
135	4	2.8035985136011563
135	5	0.8041661039859
135	6	3.8361463959358737
135	7	1.9994324096152576
136	0	1.9994324096152576
136	1	2.8035985136011563
136	2	2.8035985136011563
136	3	2.8035985136011563
136	4	1.9994324096152576
136	5	3.8361463959358737
136	6	0.8041661039859
136	7	2.8035985136011563
137	0	1.9994324096152576
137	1	2.8035985136011563
137	2	2.8035985136011563
137	3	2.8035985136011563
137	4	1.9994324096152576
137	5	3.8361463959358737
137	6	0.8041661039859
137	7	2.8035985136011563
138	0	3.8361463959358737
138	1	2.8035985136011563
138	2	2.8035985136011563
138	3	1.9994324096152576
138	4	2.8035985136011563
138	5	2.8035985136011563
138	6	1.099425970531786
139	0	2.8035985136011563
139	1	2.8035985136011563
139	2	2.8035985136011563
139	3	1.9994324096152576
139	4	2.8035985136011563
139	5	1.9994324096152576
139	6	3.8361463959358737
139	7	0.8041661039859
140	0	2.8035985136011563
140	1	2.8035985136011563
140	2	1.9994324096152576
140	3	2.8035985136011563
140	4	1.9994324096152576
140	5	0.8041661039859
140	6	3.8361463959358737
140	7	2.8035985136011563
141	0	2.8035985136011563
141	1	1.9994324096152576
141	2	2.8035985136011563
141	3	2.8035985136011563
141	4	2.8035985136011563
141	5	3.8361463959358737
141	6	1.9994324096152576
141	7	0.8041661039859
142	0	1.2576012676997732
142	1	1.9994324096152576
142	2	2.9125443579670156
142	3	2.7511983389392514
142	4	2.2832852616902137
142	5	1.9994324096152576
142	6	2.7511983389392514
142	7	2.7511983389392514
142	8	0.4534351637138729
142	9	2.7511983389392514
142	10	2.8035985136011563
142	11	0.8041661039859
142	12	3.8361463959358737
142	13	2.7511983389392514
142	14	1.9994324096152576
142	15	1.9994324096152576
143	0	1.2576012676997732
143	1	2.7511983389392514
143	2	2.7511983389392514
143	3	2.7511983389392514
143	4	2.9125443579670156
143	5	2.7511983389392514
143	6	2.7511983389392514
143	7	1.9994324096152576
143	8	0.4534351637138729
143	9	2.2832852616902137
143	10	1.9994324096152576
143	11	2.8035985136011563
143	12	0.8041661039859
143	13	2.7511983389392514
144	0	1.9994324096152576
144	1	2.8035985136011563
144	2	2.8035985136011563
144	3	2.8035985136011563
144	4	2.8035985136011563
144	5	0.8041661039859
144	6	1.9994324096152576
144	7	3.8361463959358737
145	0	1.9994324096152576
145	1	1.2576012676997732
145	2	0.8041661039859
145	3	2.7511983389392514
145	4	2.8035985136011563
145	5	0.4534351637138729
145	6	1.9994324096152576
145	7	2.7511983389392514
145	8	2.2832852616902137
145	9	2.9125443579670156
145	10	2.7511983389392514
145	11	2.7511983389392514
145	12	3.8361463959358737
145	13	2.7511983389392514
145	14	1.9994324096152576
145	15	1.9994324096152576
146	0	1.9994324096152576
146	1	2.8035985136011563
146	2	2.8035985136011563
146	3	2.8035985136011563
146	4	1.9994324096152576
146	5	0.8041661039859
146	6	3.8361463959358737
146	7	2.8035985136011563
147	0	2.8035985136011563
147	1	1.9994324096152576
147	2	2.8035985136011563
147	3	2.8035985136011563
147	4	2.8035985136011563
147	5	3.8361463959358737
147	6	0.8041661039859
147	7	1.9994324096152576
148	0	2.8035985136011563
148	1	1.9994324096152576
148	2	2.8035985136011563
148	3	2.8035985136011563
148	4	2.8035985136011563
148	5	1.9994324096152576
148	6	0.8041661039859
148	7	3.8361463959358737
149	0	2.8035985136011563
149	1	1.9994324096152576
149	2	2.8035985136011563
149	3	2.8035985136011563
149	4	1.9994324096152576
149	5	0.8041661039859
149	6	3.8361463959358737
149	7	2.8035985136011563
150	0	2.8035985136011563
150	1	2.8035985136011563
150	2	2.8035985136011563
150	3	2.8035985136011563
150	4	1.9994324096152576
150	5	0.8041661039859
150	6	3.8361463959358737
150	7	2.8035985136011563
151	0	2.8035985136011563
151	1	2.8035985136011563
151	2	2.8035985136011563
151	3	2.8035985136011563
151	4	2.8035985136011563
151	5	1.9994324096152576
151	6	0.8041661039859
151	7	3.8361463959358737
152	0	2.8035985136011563
152	1	2.8035985136011563
152	2	2.8035985136011563
152	3	2.8035985136011563
152	4	2.8035985136011563
152	5	3.8361463959358737
152	6	0.8041661039859
152	7	1.9994324096152576
153	0	2.8035985136011563
153	1	2.8035985136011563
153	2	3.8361463959358737
153	3	2.8035985136011563
153	4	2.8035985136011563
153	5	2.8035985136011563
153	6	1.099425970531786
153	7	0.8041661039859
153	8	1.9994324096152576
153	9	5.086883775291369
153	10	1.9994324096152576
153	11	2.8035985136011563
153	12	2.8035985136011563
153	13	2.8035985136011563
154	0	2.8035985136011563
154	1	2.2832852616902137
154	2	2.8035985136011563
154	3	2.8035985136011563
154	4	2.8035985136011563
154	5	2.8035985136011563
154	6	1.9994324096152576
154	7	2.8035985136011563
154	8	2.8035985136011563
154	9	2.8035985136011563
154	10	2.8035985136011563
154	11	2.8035985136011563
154	12	1.099425970531786
154	13	3.8361463959358737
154	14	2.8035985136011563
154	15	0.8041661039859
154	16	1.9994324096152576
154	17	5.086883775291369
155	0	2.8035985136011563
155	1	2.8035985136011563
155	2	2.8035985136011563
155	3	2.8035985136011563
155	4	0.8041661039859
155	5	3.8361463959358737
155	6	1.9994324096152576
155	7	2.8035985136011563
156	0	2.8035985136011563
156	1	2.2832852616902137
156	2	1.9994324096152576
156	3	2.8035985136011563
156	4	2.8035985136011563
156	5	1.9994324096152576
157	0	3.8361463959358737
157	1	2.8035985136011563
157	2	2.8035985136011563
157	3	2.8035985136011563
157	4	2.8035985136011563
157	5	2.8035985136011563
157	6	1.099425970531786
157	7	0.8041661039859
157	8	1.9994324096152576
157	9	2.8035985136011563
157	10	2.8035985136011563
157	11	5.086883775291369
157	12	1.2576012676997732
158	0	2.8035985136011563
158	1	1.9994324096152576
158	2	5.086883775291369
158	3	1.9994324096152576
158	4	2.8035985136011563
158	5	2.8035985136011563
158	6	2.8035985136011563
158	7	1.9994324096152576
158	8	2.8035985136011563
158	9	1.9994324096152576
158	10	2.8035985136011563
158	11	2.8035985136011563
158	12	1.9994324096152576
158	13	2.8035985136011563
158	14	2.8035985136011563
158	15	1.9994324096152576
159	0	3.8361463959358737
159	1	2.8035985136011563
159	2	2.8035985136011563
159	3	1.099425970531786
159	4	2.8035985136011563
159	5	2.8035985136011563
159	6	2.8035985136011563
160	0	0.4534351637138729
160	1	3.3827112322220003
160	2	2.7511983389392514
160	3	3.5553644429251516
160	4	4.6547904134569364
160	5	2.7511983389392514
160	6	4.186877336207898
160	7	2.7511983389392514
160	8	2.2832852616902137
160	9	2.8035985136011563
160	10	2.9125443579670156
160	11	1.2576012676997732
160	12	2.7511983389392514
160	13	2.7511983389392514
160	14	2.7511983389392514
160	15	2.7511983389392514
160	16	2.7511983389392514
160	17	0.8041661039859
160	18	2.7511983389392514
160	19	2.2832852616902137
160	20	2.7511983389392514
160	21	4.186877336207898
160	22	2.7511983389392514
161	0	2.9125443579670156
161	1	2.7511983389392514
161	2	2.7511983389392514
161	3	1.2576012676997732
161	4	2.7511983389392514
161	5	2.7511983389392514
161	6	2.7511983389392514
161	7	0.4534351637138729
161	8	2.7511983389392514
161	9	4.186877336207898
161	10	2.7511983389392514
161	11	3.3827112322220003
161	12	2.7511983389392514
161	13	2.7511983389392514
161	14	4.186877336207898
161	15	2.7511983389392514
161	16	2.2832852616902137
161	17	2.7511983389392514
161	18	2.8035985136011563
161	19	0.8041661039859
161	20	2.2832852616902137
161	21	3.5553644429251516
161	22	4.6547904134569364
162	0	2.8035985136011563
162	1	2.8035985136011563
162	2	2.8035985136011563
162	3	2.8035985136011563
162	4	2.8035985136011563
162	5	3.8361463959358737
162	6	1.9994324096152576
162	7	0.8041661039859
163	0	2.8035985136011563
163	1	2.8035985136011563
163	2	2.8035985136011563
163	3	2.8035985136011563
163	4	3.8361463959358737
163	5	1.9994324096152576
163	6	0.8041661039859
163	7	2.8035985136011563
164	0	2.8035985136011563
164	1	1.9994324096152576
164	2	3.8361463959358737
164	3	0.8041661039859
164	4	0.4534351637138729
164	5	4.186877336207898
164	6	2.7511983389392514
164	7	2.2832852616902137
164	8	2.2832852616902137
164	9	2.7511983389392514
164	10	2.2832852616902137
164	11	2.7511983389392514
164	12	2.8035985136011563
164	13	1.2576012676997732
164	14	2.9125443579670156
164	15	2.7511983389392514
164	16	2.7511983389392514
164	17	2.7511983389392514
164	18	4.6547904134569364
164	19	3.5553644429251516
165	0	3.8361463959358737
165	1	2.8035985136011563
165	2	0.8041661039859
165	3	1.9994324096152576
165	4	2.2832852616902137
165	5	2.7511983389392514
165	6	0.4534351637138729
165	7	2.2832852616902137
165	8	3.5553644429251516
165	9	4.6547904134569364
165	10	4.186877336207898
165	11	1.2576012676997732
165	12	2.9125443579670156
165	13	2.7511983389392514
165	14	2.7511983389392514
165	15	2.8035985136011563
165	16	2.7511983389392514
165	17	2.7511983389392514
165	18	2.2832852616902137
165	19	2.7511983389392514
166	0	1.9994324096152576
166	1	0.8041661039859
166	2	3.8361463959358737
166	3	2.8035985136011563
166	4	4.186877336207898
166	5	0.4534351637138729
166	6	2.7511983389392514
166	7	2.7511983389392514
166	8	2.9125443579670156
166	9	2.7511983389392514
166	10	2.7511983389392514
166	11	2.2832852616902137
166	12	2.8035985136011563
166	13	1.2576012676997732
166	14	2.7511983389392514
166	15	2.2832852616902137
166	16	3.5553644429251516
166	17	4.6547904134569364
166	18	2.7511983389392514
166	19	2.2832852616902137
166	20	2.8035985136011563
166	21	2.8035985136011563
166	22	1.099425970531786
166	23	2.8035985136011563
166	24	2.8035985136011563
167	0	2.8035985136011563
167	1	2.8035985136011563
167	2	2.8035985136011563
167	3	2.8035985136011563
167	4	2.8035985136011563
167	5	1.9994324096152576
167	6	3.8361463959358737
167	7	0.8041661039859
168	0	2.8035985136011563
168	1	2.8035985136011563
168	2	2.8035985136011563
168	3	2.8035985136011563
168	4	2.8035985136011563
168	5	1.9994324096152576
168	6	3.8361463959358737
168	7	0.8041661039859
169	0	2.8035985136011563
169	1	2.8035985136011563
169	2	2.8035985136011563
169	3	2.8035985136011563
169	4	2.8035985136011563
169	5	1.9994324096152576
169	6	3.8361463959358737
169	7	0.8041661039859
170	0	3.8361463959358737
170	1	2.8035985136011563
170	2	2.8035985136011563
170	3	2.8035985136011563
170	4	2.8035985136011563
170	5	2.8035985136011563
170	6	1.099425970531786
171	0	2.8035985136011563
171	1	2.8035985136011563
171	2	2.8035985136011563
171	3	2.8035985136011563
171	4	2.8035985136011563
171	5	1.9994324096152576
171	6	0.8041661039859
171	7	3.8361463959358737
172	0	2.8035985136011563
172	1	2.8035985136011563
172	2	2.8035985136011563
172	3	2.8035985136011563
172	4	2.8035985136011563
172	5	1.9994324096152576
172	6	0.8041661039859
172	7	3.8361463959358737
173	0	2.8035985136011563
173	1	2.8035985136011563
173	2	2.8035985136011563
173	3	2.8035985136011563
173	4	1.9994324096152576
173	5	3.8361463959358737
173	6	0.8041661039859
173	7	2.8035985136011563
174	0	2.8035985136011563
174	1	2.8035985136011563
174	2	2.8035985136011563
174	3	2.8035985136011563
174	4	2.8035985136011563
174	5	1.9994324096152576
174	6	0.8041661039859
174	7	3.8361463959358737
175	0	2.8035985136011563
175	1	2.8035985136011563
175	2	1.099425970531786
175	3	2.8035985136011563
175	4	2.8035985136011563
175	5	2.8035985136011563
175	6	3.8361463959358737
175	7	0.8041661039859
175	8	1.9994324096152576
175	9	5.086883775291369
175	10	2.8035985136011563
175	11	2.8035985136011563
175	12	1.9994324096152576
175	13	2.8035985136011563
176	0	2.8035985136011563
176	1	2.8035985136011563
176	2	2.8035985136011563
176	3	2.8035985136011563
176	4	2.8035985136011563
176	5	1.9994324096152576
176	6	3.8361463959358737
176	7	0.8041661039859
177	0	0.8041661039859
177	1	2.8035985136011563
177	2	3.8361463959358737
177	3	1.9994324096152576
177	4	0.4534351637138729
177	5	2.2832852616902137
177	6	4.186877336207898
177	7	1.2576012676997732
177	8	2.9125443579670156
177	9	2.7511983389392514
177	10	2.7511983389392514
177	11	2.7511983389392514
177	12	2.2832852616902137
177	13	2.8035985136011563
177	14	2.7511983389392514
177	15	2.2832852616902137
177	16	2.7511983389392514
177	17	4.6547904134569364
177	18	3.5553644429251516
177	19	2.7511983389392514
178	0	2.8035985136011563
178	1	3.8361463959358737
178	2	1.9994324096152576
178	3	0.8041661039859
178	4	2.2832852616902137
178	5	2.7511983389392514
178	6	0.4534351637138729
178	7	4.186877336207898
178	8	2.9125443579670156
178	9	2.2832852616902137
178	10	2.8035985136011563
178	11	2.7511983389392514
178	12	2.7511983389392514
178	13	2.7511983389392514
178	14	1.2576012676997732
178	15	2.7511983389392514
178	16	3.5553644429251516
178	17	4.6547904134569364
178	18	2.7511983389392514
178	19	2.2832852616902137
179	0	3.8361463959358737
179	1	2.8035985136011563
179	2	2.8035985136011563
179	3	2.8035985136011563
179	4	2.8035985136011563
179	5	2.8035985136011563
179	6	1.545997245901385
179	7	5.086883775291369
179	8	1.9994324096152576
179	9	0.8041661039859
179	10	2.8035985136011563
179	11	2.8035985136011563
179	12	2.8035985136011563
179	13	1.9994324096152576
179	14	2.8035985136011563
179	15	2.8035985136011563
180	0	2.8035985136011563
180	1	2.8035985136011563
180	2	3.8361463959358737
180	3	2.8035985136011563
180	4	2.8035985136011563
180	5	2.8035985136011563
180	6	1.545997245901385
180	7	1.9994324096152576
180	8	0.8041661039859
180	9	5.086883775291369
180	10	2.8035985136011563
180	11	2.8035985136011563
180	12	1.9994324096152576
180	13	2.8035985136011563
180	14	2.8035985136011563
180	15	2.8035985136011563
181	0	2.8035985136011563
181	1	2.8035985136011563
181	2	2.8035985136011563
181	3	2.8035985136011563
181	4	2.8035985136011563
181	5	0.8041661039859
181	6	1.9994324096152576
181	7	3.8361463959358737
182	0	2.8035985136011563
182	1	2.8035985136011563
182	2	2.8035985136011563
182	3	2.8035985136011563
182	4	1.9994324096152576
182	5	3.8361463959358737
182	6	0.8041661039859
182	7	2.8035985136011563
183	0	2.8035985136011563
183	1	2.8035985136011563
183	2	2.8035985136011563
183	3	2.8035985136011563
183	4	2.8035985136011563
183	5	1.9994324096152576
183	6	0.8041661039859
183	7	3.8361463959358737
184	0	2.8035985136011563
184	1	2.8035985136011563
184	2	3.8361463959358737
184	3	2.8035985136011563
184	4	2.8035985136011563
184	5	2.8035985136011563
184	6	1.545997245901385
184	7	5.086883775291369
184	8	1.9994324096152576
184	9	2.8035985136011563
184	10	2.8035985136011563
184	11	2.8035985136011563
184	12	0.8041661039859
184	13	1.9994324096152576
185	0	2.8035985136011563
185	1	1.545997245901385
185	2	2.8035985136011563
185	3	2.8035985136011563
185	4	3.8361463959358737
185	5	2.8035985136011563
185	6	2.8035985136011563
185	7	1.9994324096152576
185	8	0.8041661039859
185	9	5.086883775291369
185	10	1.9994324096152576
185	11	2.8035985136011563
185	12	2.8035985136011563
185	13	2.8035985136011563
186	0	1.9994324096152576
186	1	2.8035985136011563
186	2	3.8361463959358737
186	3	0.8041661039859
186	4	3.5553644429251516
186	5	0.4534351637138729
186	6	4.6547904134569364
186	7	2.2832852616902137
186	8	2.2832852616902137
186	9	2.7511983389392514
186	10	2.7511983389392514
186	11	1.2576012676997732
186	12	2.7511983389392514
186	13	2.8035985136011563
186	14	2.7511983389392514
186	15	2.7511983389392514
186	16	2.7511983389392514
186	17	2.2832852616902137
186	18	2.9125443579670156
186	19	4.186877336207898
187	0	4.186877336207898
187	1	0.4534351637138729
187	2	3.3827112322220003
187	3	2.7511983389392514
187	4	2.7511983389392514
187	5	2.7511983389392514
187	6	4.186877336207898
187	7	0.8041661039859
187	8	2.2832852616902137
187	9	2.2832852616902137
187	10	4.6547904134569364
187	11	3.5553644429251516
187	12	2.7511983389392514
187	13	2.7511983389392514
187	14	2.7511983389392514
187	15	1.2576012676997732
187	16	2.7511983389392514
187	17	2.7511983389392514
187	18	2.7511983389392514
187	19	2.7511983389392514
187	20	2.9125443579670156
187	21	2.7511983389392514
187	22	2.8035985136011563
187	23	2.2832852616902137
187	24	2.8035985136011563
187	25	1.9994324096152576
187	26	2.8035985136011563
187	27	2.8035985136011563
187	28	3.8361463959358737
187	29	2.8035985136011563
187	30	2.8035985136011563
187	31	1.545997245901385
187	32	2.8035985136011563
187	33	2.8035985136011563
187	34	5.086883775291369
188	0	2.8035985136011563
188	1	2.8035985136011563
188	2	3.8361463959358737
188	3	2.8035985136011563
188	4	2.8035985136011563
188	5	2.8035985136011563
188	6	1.9994324096152576
189	0	2.7511983389392514
189	1	0.4534351637138729
189	2	4.6547904134569364
189	3	2.7511983389392514
189	4	2.7511983389392514
189	5	2.8035985136011563
189	6	2.7511983389392514
189	7	2.7511983389392514
189	8	2.7511983389392514
189	9	2.2832852616902137
189	10	2.7511983389392514
189	11	3.3827112322220003
189	12	2.3501633498872843
189	13	3.3827112322220003
189	14	4.186877336207898
189	15	4.6547904134569364
189	16	4.6547904134569364
189	17	3.3827112322220003
189	18	3.3827112322220003
189	19	2.8035985136011563
189	20	2.2832852616902137
189	21	4.186877336207898
189	22	2.2832852616902137
189	23	2.7511983389392514
189	24	2.8035985136011563
189	25	2.2832852616902137
189	26	1.9994324096152576
189	27	2.8035985136011563
189	28	2.8035985136011563
189	29	3.8361463959358737
189	30	2.8035985136011563
189	31	2.8035985136011563
189	32	1.9994324096152576
190	0	0.4534351637138729
190	1	3.3827112322220003
190	2	3.3827112322220003
190	3	2.3501633498872843
190	4	2.2832852616902137
190	5	2.7511983389392514
190	6	2.8035985136011563
190	7	1.9994324096152576
190	8	2.7511983389392514
190	9	2.7511983389392514
190	10	2.8035985136011563
190	11	2.8035985136011563
190	12	2.7511983389392514
190	13	2.7511983389392514
190	14	1.903592074517686
190	15	4.186877336207898
190	16	2.7511983389392514
190	17	2.7511983389392514
190	18	4.6547904134569364
191	0	1.903592074517686
191	1	0.4534351637138729
191	2	2.8035985136011563
191	3	2.7511983389392514
191	4	2.7511983389392514
191	5	2.8035985136011563
191	6	2.2832852616902137
191	7	2.7511983389392514
191	8	2.8035985136011563
191	9	2.3501633498872843
191	10	2.7511983389392514
191	11	2.7511983389392514
191	12	1.9994324096152576
192	0	2.7511983389392514
192	1	1.903592074517686
192	2	4.6547904134569364
192	3	0.4534351637138729
192	4	3.3827112322220003
192	5	3.3827112322220003
192	6	3.3827112322220003
192	7	2.8035985136011563
192	8	2.7511983389392514
192	9	2.2832852616902137
192	10	3.3827112322220003
192	11	4.186877336207898
192	12	2.2832852616902137
192	13	2.7511983389392514
192	14	2.3501633498872843
192	15	2.7511983389392514
192	16	2.7511983389392514
192	17	2.7511983389392514
192	18	2.7511983389392514
192	19	2.2832852616902137
192	20	2.8035985136011563
192	21	2.7511983389392514
192	22	4.6547904134569364
192	23	4.6547904134569364
192	24	2.2832852616902137
192	25	2.8035985136011563
192	26	1.9994324096152576
193	0	0.4534351637138729
193	1	4.186877336207898
193	2	2.3501633498872843
193	3	2.7511983389392514
193	4	2.7511983389392514
193	5	2.7511983389392514
193	6	2.7511983389392514
193	7	2.7511983389392514
193	8	1.9994324096152576
193	9	2.2832852616902137
193	10	2.8035985136011563
193	11	2.8035985136011563
193	12	2.8035985136011563
193	13	3.087451365676113
194	0	2.8035985136011563
194	1	2.8035985136011563
194	2	2.8035985136011563
194	3	2.8035985136011563
194	4	2.8035985136011563
194	5	1.9994324096152576
194	6	1.9994324096152576
194	7	3.8361463959358737
194	8	2.3501633498872843
195	0	2.8035985136011563
195	1	2.8035985136011563
195	2	2.8035985136011563
195	3	2.8035985136011563
195	4	1.9994324096152576
195	5	1.9994324096152576
195	6	3.8361463959358737
195	7	2.3501633498872843
195	8	2.8035985136011563
196	0	1.9994324096152576
196	1	3.8361463959358737
196	2	2.3501633498872843
196	3	2.8035985136011563
196	4	1.9994324096152576
196	5	3.3827112322220003
196	6	0.4534351637138729
196	7	2.2832852616902137
196	8	2.2832852616902137
196	9	3.3827112322220003
196	10	4.186877336207898
196	11	4.6547904134569364
196	12	4.6547904134569364
196	13	2.7511983389392514
196	14	2.7511983389392514
196	15	2.7511983389392514
196	16	2.8035985136011563
196	17	2.2832852616902137
196	18	2.8035985136011563
196	19	2.7511983389392514
196	20	2.7511983389392514
197	0	2.8035985136011563
197	1	2.8035985136011563
197	2	2.8035985136011563
197	3	2.8035985136011563
197	4	3.8361463959358737
197	5	1.9994324096152576
197	6	2.3501633498872843
197	7	1.9994324096152576
197	8	2.8035985136011563
197	9	0.4534351637138729
197	10	3.3827112322220003
197	11	3.3827112322220003
197	12	2.8035985136011563
197	13	2.8035985136011563
197	14	1.9994324096152576
197	15	2.8035985136011563
198	0	4.6547904134569364
198	1	4.6547904134569364
198	2	0.4534351637138729
198	3	2.7511983389392514
198	4	2.7511983389392514
198	5	2.8035985136011563
198	6	2.7511983389392514
198	7	1.9994324096152576
198	8	2.8035985136011563
198	9	2.8035985136011563
198	10	2.3501633498872843
198	11	2.7511983389392514
198	12	2.2832852616902137
198	13	2.7511983389392514
199	0	2.2832852616902137
199	1	5.086883775291369
199	2	1.9994324096152576
199	3	1.9994324096152576
199	4	1.9994324096152576
199	5	2.3501633498872843
199	6	2.8035985136011563
199	7	3.8361463959358737
199	8	0.4534351637138729
199	9	2.2832852616902137
199	10	4.186877336207898
199	11	3.3827112322220003
199	12	3.3827112322220003
199	13	2.8035985136011563
199	14	2.7511983389392514
199	15	2.2832852616902137
199	16	2.8035985136011563
199	17	2.7511983389392514
199	18	2.7511983389392514
199	19	2.7511983389392514
199	20	2.7511983389392514
199	21	4.6547904134569364
199	22	4.6547904134569364
199	23	2.2832852616902137
199	24	3.3827112322220003
199	25	4.6547904134569364
199	26	3.087451365676113
199	27	4.186877336207898
199	28	1.903592074517686
199	29	1.9994324096152576
199	30	2.8035985136011563
199	31	2.8035985136011563
199	32	1.545997245901385
199	33	4.186877336207898
199	34	1.7404401786852663
200	0	3.8361463959358737
200	1	2.8035985136011563
200	2	1.9994324096152576
200	3	1.9994324096152576
200	4	2.3501633498872843
200	5	3.3827112322220003
200	6	0.4534351637138729
200	7	3.3827112322220003
200	8	2.2832852616902137
200	9	4.6547904134569364
200	10	4.6547904134569364
200	11	2.2832852616902137
200	12	4.186877336207898
200	13	2.7511983389392514
200	14	2.7511983389392514
200	15	2.8035985136011563
200	16	2.7511983389392514
200	17	2.7511983389392514
200	18	2.8035985136011563
200	19	2.2832852616902137
200	20	2.7511983389392514
200	21	2.8035985136011563
200	22	2.8035985136011563
200	23	2.8035985136011563
200	24	2.8035985136011563
201	0	2.8035985136011563
201	1	2.8035985136011563
201	2	2.8035985136011563
201	3	2.8035985136011563
201	4	1.9994324096152576
201	5	2.3501633498872843
201	6	3.8361463959358737
201	7	1.9994324096152576
201	8	2.8035985136011563
202	0	2.8035985136011563
202	1	2.8035985136011563
202	2	2.8035985136011563
202	3	2.8035985136011563
202	4	3.8361463959358737
202	5	1.9994324096152576
202	6	2.3501633498872843
202	7	1.9994324096152576
202	8	2.8035985136011563
203	0	2.8035985136011563
203	1	5.086883775291369
203	2	1.9994324096152576
203	3	2.8035985136011563
203	4	1.9994324096152576
203	5	2.8035985136011563
203	6	2.8035985136011563
203	7	2.8035985136011563
203	8	2.8035985136011563
203	9	2.8035985136011563
203	10	2.8035985136011563
203	11	2.8035985136011563
203	12	2.8035985136011563
203	13	2.8035985136011563
203	14	1.9994324096152576
203	15	1.9994324096152576
203	16	3.8361463959358737
203	17	2.3501633498872843
203	18	1.9994324096152576
204	0	2.8035985136011563
204	1	2.8035985136011563
204	2	2.8035985136011563
204	3	2.8035985136011563
204	4	2.3501633498872843
204	5	1.9994324096152576
204	6	1.9994324096152576
204	7	3.8361463959358737
204	8	2.8035985136011563
205	0	2.8035985136011563
205	1	2.8035985136011563
205	2	2.8035985136011563
205	3	2.8035985136011563
205	4	2.3501633498872843
205	5	1.9994324096152576
205	6	1.9994324096152576
205	7	3.8361463959358737
205	8	2.8035985136011563
206	0	2.8035985136011563
206	1	2.8035985136011563
206	2	2.8035985136011563
206	3	2.8035985136011563
206	4	1.9994324096152576
206	5	2.8035985136011563
206	6	1.9994324096152576
206	7	3.8361463959358737
206	8	2.3501633498872843
207	0	2.7511983389392514
207	1	2.7511983389392514
207	2	2.2832852616902137
207	3	2.7511983389392514
207	4	2.7511983389392514
207	5	2.8035985136011563
207	6	2.7511983389392514
207	7	2.2832852616902137
207	8	0.4534351637138729
207	9	1.9994324096152576
207	10	2.2832852616902137
207	11	2.3501633498872843
207	12	2.8035985136011563
207	13	2.8035985136011563
208	0	2.2832852616902137
208	1	1.9994324096152576
208	2	1.9994324096152576
208	3	2.8035985136011563
208	4	2.8035985136011563
208	5	2.8035985136011563
208	6	1.9994324096152576
208	7	2.8035985136011563
208	8	2.8035985136011563
208	9	1.9994324096152576
208	10	3.8361463959358737
208	11	2.3501633498872843
208	12	1.9994324096152576
208	13	2.8035985136011563
208	14	2.7511983389392514
208	15	2.8035985136011563
208	16	2.7511983389392514
208	17	2.7511983389392514
208	18	2.8035985136011563
208	19	0.4534351637138729
208	20	2.7511983389392514
208	21	2.2832852616902137
208	22	2.7511983389392514
208	23	3.3827112322220003
208	24	3.3827112322220003
208	25	4.6547904134569364
208	26	4.6547904134569364
208	27	4.186877336207898
208	28	2.2832852616902137
208	29	2.2832852616902137
208	30	2.8035985136011563
208	31	2.8035985136011563
208	32	2.8035985136011563
208	33	2.8035985136011563
208	34	1.9994324096152576
208	35	2.8035985136011563
208	36	2.8035985136011563
208	37	1.9994324096152576
208	38	3.5553644429251516
209	0	0.4534351637138729
209	1	3.3827112322220003
209	2	2.2832852616902137
209	3	2.7511983389392514
209	4	2.7511983389392514
209	5	2.7511983389392514
209	6	1.9994324096152576
209	7	2.7511983389392514
209	8	2.8035985136011563
209	9	2.7511983389392514
209	10	2.3501633498872843
209	11	2.8035985136011563
209	12	2.8035985136011563
209	13	2.8035985136011563
210	0	2.8035985136011563
210	1	2.8035985136011563
210	2	2.2832852616902137
210	3	3.5553644429251516
210	4	1.9994324096152576
210	5	4.6547904134569364
210	6	4.633448611577497
210	7	2.2832852616902137
210	8	2.8035985136011563
211	0	2.8035985136011563
211	1	2.2832852616902137
211	2	2.2832852616902137
211	3	2.976085082242639
211	4	2.2832852616902137
211	5	2.2832852616902137
211	6	2.7511983389392514
211	7	2.2832852616902137
211	8	3.3827112322220003
211	9	2.2832852616902137
211	10	2.7511983389392514
212	0	2.8035985136011563
212	1	2.2832852616902137
212	2	2.2832852616902137
212	3	2.2832852616902137
212	4	2.2832852616902137
212	5	2.7511983389392514
212	6	2.2832852616902137
212	7	2.976085082242639
212	8	2.7511983389392514
212	9	2.7511983389392514
212	10	1.9994324096152576
212	11	2.2832852616902137
212	12	3.3827112322220003
213	0	3.5553644429251516
213	1	2.8035985136011563
213	2	2.8035985136011563
213	3	2.8035985136011563
213	4	2.8035985136011563
213	5	1.545997245901385
214	0	1.9994324096152576
214	1	2.8035985136011563
214	2	2.8035985136011563
214	3	2.8035985136011563
214	4	2.8035985136011563
214	5	2.8035985136011563
214	6	2.8035985136011563
214	7	2.8035985136011563
214	8	2.8035985136011563
214	9	1.099425970531786
215	0	2.8035985136011563
215	1	2.8035985136011563
215	2	1.9994324096152576
215	3	2.8035985136011563
215	4	2.8035985136011563
215	5	1.9994324096152576
215	6	2.3501633498872843
215	7	2.8035985136011563
215	8	1.9994324096152576
215	9	3.8361463959358737
215	10	4.186877336207898
215	11	0.4534351637138729
215	12	2.2832852616902137
215	13	2.2832852616902137
215	14	4.6547904134569364
215	15	4.6547904134569364
215	16	3.3827112322220003
215	17	2.8035985136011563
215	18	2.7511983389392514
215	19	2.7511983389392514
215	20	2.2832852616902137
215	21	2.7511983389392514
215	22	2.7511983389392514
215	23	2.8035985136011563
215	24	2.7511983389392514
215	25	3.3827112322220003
216	0	2.8035985136011563
216	1	1.9994324096152576
216	2	2.8035985136011563
216	3	2.8035985136011563
216	4	2.8035985136011563
216	5	2.8035985136011563
216	6	2.8035985136011563
216	7	2.8035985136011563
216	8	2.8035985136011563
217	0	2.8035985136011563
217	1	1.9994324096152576
217	2	2.8035985136011563
217	3	2.8035985136011563
217	4	2.8035985136011563
217	5	2.8035985136011563
217	6	2.8035985136011563
217	7	2.8035985136011563
217	8	1.9994324096152576
217	9	2.8035985136011563
217	10	2.3501633498872843
217	11	3.8361463959358737
217	12	1.9994324096152576
218	0	2.2832852616902137
218	1	0.4534351637138729
218	2	2.8035985136011563
218	3	2.7511983389392514
218	4	2.7511983389392514
218	5	2.8035985136011563
218	6	2.7511983389392514
218	7	2.8035985136011563
218	8	2.7511983389392514
218	9	2.7511983389392514
218	10	1.9994324096152576
218	11	2.2832852616902137
218	12	2.3501633498872843
219	0	2.8035985136011563
219	1	2.8035985136011563
219	2	1.9994324096152576
219	3	2.8035985136011563
219	4	2.8035985136011563
219	5	2.8035985136011563
219	6	2.8035985136011563
219	7	2.8035985136011563
219	8	2.8035985136011563
219	9	1.9994324096152576
219	10	1.9994324096152576
219	11	2.3501633498872843
219	12	3.8361463959358737
219	13	2.8035985136011563
219	14	0.4534351637138729
219	15	1.903592074517686
219	16	2.7511983389392514
219	17	2.2832852616902137
219	18	2.8035985136011563
219	19	2.7511983389392514
219	20	2.8035985136011563
219	21	2.7511983389392514
219	22	2.7511983389392514
219	23	2.7511983389392514
219	24	4.6547904134569364
219	25	4.633448611577497
219	26	2.8035985136011563
219	27	2.7511983389392514
219	28	2.2832852616902137
219	29	2.2832852616902137
219	30	2.717092851312647
220	0	2.8035985136011563
220	1	2.8035985136011563
220	2	2.8035985136011563
220	3	2.8035985136011563
220	4	2.8035985136011563
220	5	1.9994324096152576
220	6	1.9994324096152576
220	7	3.8361463959358737
220	8	2.3501633498872843
221	0	5.086883775291369
221	1	2.8035985136011563
221	2	2.8035985136011563
221	3	1.9994324096152576
221	4	2.8035985136011563
221	5	2.8035985136011563
221	6	2.8035985136011563
221	7	2.8035985136011563
221	8	2.8035985136011563
221	9	1.9994324096152576
221	10	2.3501633498872843
221	11	3.8361463959358737
221	12	1.9994324096152576
221	13	2.8035985136011563
221	14	4.633448611577497
221	15	4.186877336207898
221	16	2.8035985136011563
222	0	2.8035985136011563
222	1	5.086883775291369
222	2	1.9994324096152576
222	3	2.8035985136011563
222	4	2.8035985136011563
222	5	2.8035985136011563
222	6	1.9994324096152576
222	7	3.3827112322220003
222	8	2.7511983389392514
222	9	1.903592074517686
222	10	4.186877336207898
222	11	4.186877336207898
222	12	3.087451365676113
222	13	3.3827112322220003
222	14	4.186877336207898
222	15	3.087451365676113
222	16	1.9994324096152576
222	17	1.9994324096152576
222	18	4.186877336207898
222	19	4.186877336207898
222	20	4.186877336207898
222	21	4.186877336207898
223	0	5.086883775291369
223	1	2.8035985136011563
223	2	2.8035985136011563
223	3	2.8035985136011563
223	4	2.8035985136011563
223	5	2.7511983389392514
223	6	1.9994324096152576
224	0	2.8035985136011563
224	1	2.8035985136011563
224	2	1.9994324096152576
224	3	2.8035985136011563
224	4	2.8035985136011563
224	5	2.8035985136011563
224	6	2.8035985136011563
224	7	2.8035985136011563
224	8	2.8035985136011563
