8	0	0.5106837743006634
8	1	0.5106080126851197
8	2	0.5107440402059741
8	3	0.5108049737003294
8	4	0.5109057976969745
8	5	0.5109462647342532
9	0	0.5101919347485719
9	1	0.5101374278407895
9	2	0.5102667667202878
9	3	0.5106657642440756
9	4	0.5103145530107445
9	5	0.5102409551628098
9	6	0.5104563228621251
9	7	0.5104933493126299
9	8	0.5101450316107047
9	9	0.5104774050312506
9	10	0.510202235095059
9	11	0.5102416241707808
9	12	0.5103265406196251
9	13	0.5107205255119348
9	14	0.5105954415086582
10	0	0.5103110371527197
10	1	0.510187515984221
10	2	0.5106636024872592
10	3	0.5101888552206211
10	4	0.510777362234596
10	5	0.5104786646117537
10	6	0.5101396285211294
10	7	0.5104892711293157
10	8	0.5103231208858298
10	9	0.510263059922044
10	10	0.5101978374516853
10	11	0.5102374107893497
10	12	0.5101324709846351
10	13	0.5107145196373104
10	14	0.5105933936898442
11	0	0.5106075753959624
11	1	0.5108099009917756
11	2	0.5107420824139058
11	3	0.5109447101136568
11	4	0.5108639742262767
11	5	0.5107670708665318
12	0	0.5106828553659467
12	1	0.5107558281110836
12	2	0.5106083342938561
12	3	0.5108193446407163
12	4	0.510817540032951
12	5	0.5109185688613508
12	6	0.510945401611883
13	0	0.5102538785569197
13	1	0.5107027647887161
13	2	0.5106153263208483
13	3	0.5105952290813733
13	4	0.5100642980424409
13	5	0.5101902343379907
14	0	0.5106176346869956
14	1	0.510743828382038
14	2	0.5108063583951317
14	3	0.5106080974795315
14	4	0.5109450467611245
14	5	0.5108671031025971
14	6	0.5107698385347194
15	0	0.5107447127539548
15	1	0.5106080481201732
15	2	0.510809282529461
15	3	0.5106709874036635
15	4	0.5109181843177665
15	5	0.510816894712471
15	6	0.5109454358783467
16	0	0.5101408885427671
16	1	0.5103933895607208
16	2	0.5101386114499834
16	3	0.5107821365210574
16	4	0.5106620939122007
16	5	0.5100401422620061
16	6	0.5103501727486077
16	7	0.5100505027683764
16	8	0.5103106974233503
16	9	0.5102095917606233
16	10	0.5099757133651446
16	11	0.5101888304734958
16	12	0.510101172733599
16	13	0.5107209056166298
16	14	0.5105956688815382
16	15	0.5109464728665158
16	16	0.5108982826791653
16	17	0.5107982374737373
17	0	0.510269314819993
17	1	0.5101897937952661
17	2	0.5104961397029051
17	3	0.5104790511225947
17	4	0.5103169936344895
17	5	0.5101407612608297
17	6	0.5102443175642626
17	7	0.5101950016328808
17	8	0.5101490915548785
17	9	0.510782822604619
17	10	0.5106639020426788
17	11	0.5103286063819777
17	12	0.5101477545482538
17	13	0.5102052831175209
18	0	0.5108727512450455
18	1	0.5107746651437693
18	2	0.5101528591308155
18	3	0.5104814380172754
18	4	0.5104958954537298
18	5	0.5107820569749353
18	6	0.5102487502649237
18	7	0.5101998576726846
18	8	0.5102731991464865
18	9	0.510145980614831
18	10	0.5101460325946717
18	11	0.5105004922747954
18	12	0.5106661747601913
18	13	0.5103324397146443
18	14	0.5102101928669927
18	15	0.5101905543391065
18	16	0.5106943359614305
18	17	0.5105835317614953
18	18	0.5109455612706062
19	0	0.5106791529420535
19	1	0.5108074001750105
19	2	0.5106077663675176
19	3	0.5107435128278451
19	4	0.5109123592332415
19	5	0.5108110245496956
19	6	0.5109459002780179
20	0	0.5106830438214379
20	1	0.5108074412347039
20	2	0.5107430604618934
20	3	0.5106071542291339
20	4	0.5108151721000763
20	5	0.5109167955851096
20	6	0.510945544150868
21	0	0.5106841064845534
21	1	0.5106080152187753
21	2	0.5107445481892362
21	3	0.5108091651908696
21	4	0.5109454324585542
21	5	0.5109180545134802
21	6	0.5108172101366131
22	0	0.510606741827457
22	1	0.5108052891029256
22	2	0.5107415436244356
22	3	0.5109456875411329
22	4	0.5108113589548754
22	5	0.5109128981530009
22	6	0.5106794491066343
22	7	0.5104419986466605
22	8	0.5102320572381169
23	0	0.5102052324311157
23	1	0.5108093162898487
23	2	0.5106080218578379
23	3	0.510744687306524
23	4	0.5109454367220533
23	5	0.5106842749286551
23	6	0.5108166599385934
23	7	0.5109181618455755
24	0	0.5108087808827275
24	1	0.5106078008271143
24	2	0.5109454703454553
24	3	0.5107442558626251
24	4	0.5102531129656657
24	5	0.5104881235002462
24	6	0.5106840026681573
24	7	0.5109178207844396
24	8	0.5108166078119366
25	0	0.5106631497900979
25	1	0.5100779180567073
25	2	0.5100654480747904
25	3	0.510073012915274
25	4	0.510377833868816
25	5	0.5102030969394766
25	6	0.5102764558061229
25	7	0.5102111789797845
25	8	0.5101625139985392
25	9	0.5104421101250096
25	10	0.5101802459549737
25	11	0.5104910746690062
25	12	0.5107774655092023
25	13	0.5101803791682773
25	14	0.5101251081113621
25	15	0.5105195759310479
25	16	0.5109498775374598
25	17	0.5104314025193748
25	18	0.5105936955018718
25	19	0.5107169948111348
25	20	0.5109464947160242
25	21	0.5107948692619044
25	22	0.5108949770401958
25	23	0.5104139207304575
25	24	0.5104133087713696
26	0	0.5109454414644712
26	1	0.510808934286248
26	2	0.5107445842438678
26	3	0.5106079265220492
26	4	0.5102533750505702
26	5	0.5105243387036119
27	0	0.5101770470436257
27	1	0.5107433039650763
27	2	0.5108073351101815
27	3	0.5106077179417933
27	4	0.5105106789989908
27	5	0.5109425236969398
27	6	0.5104228611872054
27	7	0.5102110970434534
28	0	0.5108079647020426
28	1	0.5106079512250022
28	2	0.5107436343388924
28	3	0.5109463472963182
28	4	0.5106682911987178
28	5	0.510900630603892
28	6	0.5107990889465372
29	0	0.5107435598639394
29	1	0.5106074037511623
29	2	0.5108079923714225
29	3	0.5106833782960208
29	4	0.5108155810247063
29	5	0.5109172281222293
29	6	0.5109455091785311
30	0	0.5108085249089723
30	1	0.5107441342339062
30	2	0.5106076985011497
30	3	0.5109454747796914
30	4	0.5106839803764387
30	5	0.5108161416617871
30	6	0.5109175953178314
31	0	0.5106079701035238
31	1	0.5108091535234675
31	2	0.5107445921280521
31	3	0.5109454296550441
31	4	0.5106840137195361
31	5	0.5109180973688143
31	6	0.5108163311821612
32	0	0.510529253796024
32	1	0.5106836840985814
32	2	0.5108082998866972
32	3	0.5106075836290938
32	4	0.5107438195337017
32	5	0.5108159682005325
32	6	0.510917402338739
32	7	0.5109454935916566
33	0	0.510683517945332
33	1	0.5105347073209944
33	2	0.5106075282837685
33	3	0.5108082433424813
33	4	0.5107437852893812
33	5	0.5109455053892625
33	6	0.5108157518516532
33	7	0.5109174108911834
34	0	0.5104148189839692
34	1	0.5107636746803489
34	2	0.5107447638564725
34	3	0.5108090625326716
34	4	0.5106083209599827
34	5	0.5102357830126502
34	6	0.510744928546203
34	7	0.5102797399974512
35	0	0.5102625997078828
35	1	0.5107455664323609
35	2	0.5107196268799465
35	3	0.5107857521102508
35	4	0.5105955256137108
35	5	0.5102624080784519
35	6	0.510511840627488
35	7	0.5104233745717827
35	8	0.5105145441680206
35	9	0.5104136955320638
35	10	0.5102958145814486
35	11	0.5106364514381867
35	12	0.5106572134112582
35	13	0.5105333875048639
35	14	0.5100176573885224
35	15	0.510747301624188
35	16	0.5106013237089104
35	17	0.5101679099094286
35	18	0.5104714573499939
35	19	0.5106640659049034
35	20	0.5102271501081476
36	0	0.5107636314684875
36	1	0.5106936279882163
36	2	0.5106087427810844
36	3	0.5108141287984973
36	4	0.5107446847701896
36	5	0.5108674097946503
36	6	0.5107700557429169
36	7	0.5109450747633905
37	0	0.5104348753174455
37	1	0.5108119593045825
37	2	0.5107329645979881
37	3	0.5104362527467969
37	4	0.5104420692884996
37	5	0.5107382626307935
37	6	0.5106083686334651
37	7	0.5104348752954817
37	8	0.5107447450227811
37	9	0.5109458272610924
37	10	0.5108139617431069
37	11	0.5104361297821108
38	0	0.5107607614111082
38	1	0.5106855422546922
38	2	0.5106647746245772
38	3	0.5106072465004392
38	4	0.5109097868109628
38	5	0.5107434273500653
38	6	0.5108143974396574
38	7	0.5108129264695064
38	8	0.5109455215746809
38	9	0.5105143060585625
39	0	0.5107637733624065
39	1	0.5107447183188049
39	2	0.510814371499856
39	3	0.5106080018931701
39	4	0.5109454238081244
39	5	0.5108167327225837
39	6	0.5109181417950293
39	7	0.5106937145742965
40	0	0.510763033606633
40	1	0.5107437568517038
40	2	0.5106080780104661
40	3	0.5108130999212238
40	4	0.5108718484184308
40	5	0.5109458894692473
40	6	0.510692663896079
40	7	0.5108108594463312
40	8	0.5109123434539566
41	0	0.5106918922457092
41	1	0.5107622295453264
41	2	0.5107424052413552
41	3	0.5108118628760994
41	4	0.5106067713299851
41	5	0.5108714026795141
41	6	0.5106547720451518
41	7	0.5109162725498403
41	8	0.5105119913857735
41	9	0.5108146444982022
41	10	0.5109456052884844
42	0	0.5104378194346005
42	1	0.5104348749590882
42	2	0.5108605670392239
42	3	0.5106277584728824
42	4	0.5104353760711752
42	5	0.5106457009711279
42	6	0.510435348122272
42	7	0.5104379043214488
42	8	0.5104348749581016
42	9	0.5107631506730078
42	10	0.5106110550200087
43	0	0.510765432262829
43	1	0.5107438756371849
43	2	0.5106903493775117
43	3	0.5108131783610175
43	4	0.5104348749588393
43	5	0.5104401097391112
43	6	0.5104403857819064
43	7	0.5104353917208521
44	0	0.5104604841701788
44	1	0.5108498934144429
44	2	0.5106719302031524
44	3	0.5106931501270059
44	4	0.510729626023915
44	5	0.5106438865701439
44	6	0.5107051025529
44	7	0.5107927740745976
44	8	0.5105868268019881
44	9	0.5106203691093515
44	10	0.5109928551949677
44	11	0.5107759973419398
44	12	0.5110762532911084
44	13	0.5108455393116762
44	14	0.5104655519477606
44	15	0.5107886490823226
44	16	0.5106074865549811
45	0	0.5107562699505164
45	1	0.5105532056682051
45	2	0.5108704366318332
45	3	0.5108022650987205
45	4	0.5107105852607633
45	5	0.5106829526511385
46	0	0.5108523511161839
46	1	0.510462007064088
46	2	0.510762699916024
46	3	0.5107495143198766
46	4	0.5103967114709222
46	5	0.51070688400247
46	6	0.510869059136507
46	7	0.5107917145822993
46	8	0.5106776661504309
46	9	0.5108472404099849
46	10	0.5107912176083536
47	0	0.5107637300993464
47	1	0.5102122140645338
47	2	0.5107289401625721
47	3	0.5108716208658541
47	4	0.5108148179011944
47	5	0.5106912268754731
48	0	0.5107637433287338
48	1	0.5106105306040608
48	2	0.5107287927863219
48	3	0.5106915052298915
48	4	0.5108148782473056
48	5	0.5108716267131937
49	0	0.5098928154704007
49	1	0.5107602187476022
49	2	0.5106901906685338
49	3	0.5108125731444291
49	4	0.5107093090243708
49	5	0.5108711149182728
49	6	0.510240211918241
49	7	0.5105918940352984
49	8	0.5108019628217151
49	9	0.5107645837545517
49	10	0.5106351724627957
50	0	0.5107144366611609
50	1	0.5108072749523496
50	2	0.510760830411756
50	3	0.5106855202923315
50	4	0.5106494269699116
50	5	0.5107588752567308
50	6	0.5103246867548765
51	0	0.5108672583952746
51	1	0.510812677142424
51	2	0.5106900401208111
51	3	0.5106691307304183
51	4	0.5107797573133196
51	5	0.5105780828133937
51	6	0.510764649324274
51	7	0.5106839067458677
51	8	0.5106236879352928
51	9	0.5108535178346378
52	0	0.5105537080564412
52	1	0.5106848605361435
52	2	0.5104391882464476
52	3	0.5104333556358832
52	4	0.5104348749657586
52	5	0.5104375055217395
52	6	0.5104348749680768
52	7	0.5106259387022378
52	8	0.5108037907595089
52	9	0.5108882232580989
52	10	0.5107350651074917
52	11	0.5104351477947495
52	12	0.510856903839126
52	13	0.510755939982143
52	14	0.5107732717959811
52	15	0.5107600061542507
52	16	0.5108060592853694
52	17	0.5107121229178562
52	18	0.5107581486146584
52	19	0.5098444650722015
52	20	0.5100106329439322
52	21	0.5103143017415147
52	22	0.5103392510964397
52	23	0.5102265224320778
52	24	0.5106393892986433
52	25	0.5108707657280419
52	26	0.5105446082357753
52	27	0.5109085658901915
52	28	0.5104351403727243
52	29	0.5104574607494505
52	30	0.5108278327710276
52	31	0.5110025440220947
52	32	0.5106868785812865
52	33	0.5101262326628
52	34	0.5101924918807931
52	35	0.510875341696922
52	36	0.5105441245907123
52	37	0.5107132692953844
52	38	0.5104962967740448
52	39	0.5096248941419357
52	40	0.5094472070981414
52	41	0.5106081094865433
52	42	0.5106317149013384
52	43	0.5104547606761216
52	44	0.5094326694634986
52	45	0.5094821991886974
52	46	0.510565273317351
52	47	0.5107745514294723
52	48	0.5107299013867624
52	49	0.5109326303997153
52	50	0.5104170315689655
52	51	0.5105514344608046
52	52	0.5108280852882988
52	53	0.5105664464140022
52	54	0.5106946821753336
52	55	0.5103179110900077
52	56	0.51075297576902
52	57	0.5104830376706093
52	58	0.5107858759979625
52	59	0.5107320159850834
53	0	0.5108681786125648
53	1	0.5106682309278363
53	2	0.5106886673553985
53	3	0.510779509567405
53	4	0.510812332899189
53	5	0.510589259055379
53	6	0.5107644088242019
53	7	0.5108619841246381
53	8	0.5106279375280307
53	9	0.5106916255320931
54	0	0.5107800953340177
54	1	0.5103194564493436
54	2	0.5108682540138658
54	3	0.5106901431146808
54	4	0.5108132457484564
54	5	0.5106693309570413
54	6	0.5103194260794834
54	7	0.5109414559458775
54	8	0.5105928467454508
54	9	0.5105106172084647
54	10	0.5104387446157832
54	11	0.5106609489602386
54	12	0.5105624102457237
54	13	0.5106897222806431
54	14	0.5108597230624149
54	15	0.5106275925845394
54	16	0.5107624271857781
55	0	0.5108105646914549
55	1	0.5106669990254796
55	2	0.5107783883820229
55	3	0.510687659392666
55	4	0.5108680394062212
55	5	0.5106904803020125
55	6	0.5108605855872733
55	7	0.5106280552361439
55	8	0.5107631797871622
55	9	0.5108559879899897
56	0	0.5107804654811268
56	1	0.5108510446964227
56	2	0.5108682816737902
56	3	0.5106697067784516
56	4	0.5106898539399564
56	5	0.5108139244294905
56	6	0.510765481636951
56	7	0.5108632661643675
56	8	0.5106301628650566
56	9	0.5106930533203983
57	0	0.5107790446786223
57	1	0.5109094838299979
57	2	0.5106686530360717
57	3	0.510740629434668
57	4	0.510615369717666
57	5	0.5107574814326378
57	6	0.5108226888449097
57	7	0.5102581115592525
57	8	0.5105611491624884
57	9	0.51091924065829
57	10	0.5108641025585658
57	11	0.5104839332250222
57	12	0.5105134234253803
57	13	0.5102581208217175
57	14	0.5105617556738936
57	15	0.5103926188723906
57	16	0.5106668485766815
57	17	0.5106119777337222
57	18	0.510835427104454
57	19	0.510540320014815
57	20	0.5103132146316162
58	0	0.5106894637655973
58	1	0.5108132365897933
58	2	0.5107650575017828
58	3	0.5109488316484162
58	4	0.5107984278903088
58	5	0.5105168657957868
58	6	0.5104497164077737
58	7	0.5105743498251402
58	8	0.5106720475067525
58	9	0.5108682528636926
58	10	0.5103342275495497
58	11	0.5106583967476545
58	12	0.5103341932540246
58	13	0.5109470713230413
58	14	0.510600194100684
58	15	0.5108548786193299
58	16	0.5106922076632517
58	17	0.5108627494940557
58	18	0.5106298667129561
59	0	0.5108094949758497
59	1	0.510762422571659
59	2	0.5106869835261745
59	3	0.5109496029465744
59	4	0.5105697295982997
59	5	0.5107961845567729
59	6	0.5106676562117974
59	7	0.5103283483872053
59	8	0.5105144224533783
59	9	0.5105972870311694
59	10	0.5109448163789293
59	11	0.5108509799957673
59	12	0.5108679516006689
59	13	0.5104453195877358
59	14	0.5106528026128836
59	15	0.5103282808945874
60	0	0.5106131458550286
60	1	0.5107490673512692
60	2	0.5107905951693023
60	3	0.5106764056626841
60	4	0.5109381289522911
60	5	0.5106451148074573
60	6	0.5107845325487687
60	7	0.5102983199435895
60	8	0.5105016802673492
60	9	0.510865912900197
60	10	0.5104230500175968
60	11	0.5102982308404156
60	12	0.5105821380443567
60	13	0.5109335438433004
60	14	0.5106242289077676
60	15	0.5105453941222535
60	16	0.5108308435696756
61	0	0.5107544315692787
61	1	0.510774322012078
61	2	0.5108041965190943
61	3	0.5104348749638157
61	4	0.5106122936385522
61	5	0.5104368251474446
61	6	0.5104352062403168
61	7	0.5106524103454576
61	8	0.5107866478712106
61	9	0.5107410463176995
61	10	0.5107795940207561
61	11	0.510668966411731
61	12	0.5109229762645064
61	13	0.5107773468378433
61	14	0.5104938264154854
61	15	0.5108642285192666
61	16	0.5108189994665016
61	17	0.5106316239863335
61	18	0.5102801646092232
61	19	0.5104094714834926
61	20	0.5105311432312728
61	21	0.5109269954619393
61	22	0.5105727622585796
61	23	0.5106074310152622
61	24	0.510280154791209
61	25	0.5104351876079615
61	26	0.510434874965197
61	27	0.5104380517365495
61	28	0.5104357269892721
61	29	0.510451996462689
61	30	0.5109725778065474
61	31	0.5106966441623723
61	32	0.510395586744518
61	33	0.5094113685309837
61	34	0.5103636463272304
61	35	0.5095703894304865
61	36	0.5094357245731543
61	37	0.5096143449703231
61	38	0.5106565621159385
61	39	0.5095137572943353
61	40	0.5106384250442403
61	41	0.5107569083429053
61	42	0.510623106988214
61	43	0.510793139992672
61	44	0.510361314545606
61	45	0.5108019612065984
61	46	0.5105150157883054
61	47	0.5106521400071881
61	48	0.5105351548236334
61	49	0.5106928567980679
61	50	0.5103946571774611
61	51	0.5104860570926207
61	52	0.5108915271525633
61	53	0.5110374300504584
61	54	0.5104562607964117
61	55	0.5101413639036653
61	56	0.510715381668452
61	57	0.5105351285076356
61	58	0.5104019154821107
61	59	0.5105816336376022
61	60	0.510652558061539
61	61	0.5105993101556838
61	62	0.5108374702633453
61	63	0.5099794304841654
61	64	0.5106499117490537
61	65	0.510429025022589
61	66	0.5102268993043607
61	67	0.5102406081562658
61	68	0.5107833222534415
62	0	0.510813359131721
62	1	0.5106894260915339
62	2	0.5107651424114521
62	3	0.5109487593287069
62	4	0.5107985213415229
62	5	0.51085506250139
62	6	0.510449859448675
62	7	0.5108682464755699
62	8	0.5103344416252409
62	9	0.5106586501279771
62	10	0.5105169058856726
62	11	0.5106722037195252
62	12	0.5103344610180378
62	13	0.510574365196264
62	14	0.5106003024149337
62	15	0.5109471221212969
63	0	0.5107657421228953
63	1	0.5108142159859893
63	2	0.5106907648822967
63	3	0.5109561188234039
63	4	0.5106731217152944
63	5	0.5106010757150962
63	6	0.5109477682864006
63	7	0.5107990132784416
63	8	0.5108683023066249
63	9	0.5104508081637421
63	10	0.5105175290209917
63	11	0.5106599575773274
63	12	0.5103357197970857
63	13	0.5108558905224716
63	14	0.5103356777718886
63	15	0.5105754292895559
64	0	0.5106901706498538
64	1	0.5104348749676676
64	2	0.5108650757535685
64	3	0.5107651070492292
64	4	0.5104353818635939
64	5	0.5104400148537993
64	6	0.5104415076458448
64	7	0.5109439967248264
64	8	0.5108133693113657
64	9	0.5108970745746018
65	0	0.5108709624177628
65	1	0.5107644989378852
65	2	0.5106889228286936
65	3	0.5104348749681605
65	4	0.5104353964395587
65	5	0.5104401624409313
65	6	0.5104418317677324
65	7	0.510812407843717
65	8	0.510954695125842
65	9	0.5109032446965981
66	0	0.5104353984518671
66	1	0.5104348749682682
66	2	0.5107651916813012
66	3	0.5108717450352604
66	4	0.5106895247853823
66	5	0.5104401830956866
66	6	0.5104418779935392
66	7	0.5109054358285993
66	8	0.5108134465196732
66	9	0.5109593334810691
67	0	0.510435378766335
67	1	0.5107579767692838
67	2	0.5106830511208131
67	3	0.5104348749675555
67	4	0.5107660964968286
67	5	0.5108967825336375
67	6	0.5106109164701219
67	7	0.5104348749702589
67	8	0.5107274704127308
67	9	0.5104353638122157
67	10	0.5109409861957338
67	11	0.510803115986412
68	0	0.5108105019257956
68	1	0.5107655323904909
68	2	0.5106899285923906
68	3	0.5109533235210588
68	4	0.510631862730518
68	5	0.5102806041486123
68	6	0.5107775048628715
68	7	0.5105730111969186
68	8	0.510927218522109
68	9	0.5108191954983563
68	10	0.5108642580284474
68	11	0.5104939957093504
68	12	0.5104096570689406
68	13	0.5102805140407533
68	14	0.5106076580912021
68	15	0.5105313224858095
69	0	0.5108068929408568
69	1	0.5107629248616322
69	2	0.5109433714184045
69	3	0.5106591890092741
69	4	0.5106644746479911
69	5	0.510867732920274
69	6	0.5107946175021619
69	7	0.5104423634611182
69	8	0.5108481785599464
69	9	0.510324241285208
69	10	0.5105127215782567
69	11	0.5105952981545017
69	12	0.5109432398886763
69	13	0.5106488870332585
69	14	0.51032415279868
69	15	0.5105663138668969
70	0	0.5106587474000716
70	1	0.5107655247332639
70	2	0.5108139742816649
70	3	0.510957851088595
70	4	0.5107988581094283
70	5	0.5109475429666945
70	6	0.5106007867872898
70	7	0.5103353653218419
70	8	0.5105752925831712
70	9	0.510335320724776
70	10	0.510659513061377
70	11	0.510517318106893
70	12	0.5106727385757848
70	13	0.5108682983338318
70	14	0.5104504407852807
70	15	0.5108556183659654
71	0	0.5107830688700412
71	1	0.5107697378535594
71	2	0.5106987689279032
71	3	0.5104374714267729
71	4	0.5107357051770958
71	5	0.5104353764037517
71	6	0.5104394931266604
71	7	0.510755069971217
72	0	0.5106834675574571
72	1	0.5107940006778442
72	2	0.5108058320592552
72	3	0.5109499786212339
72	4	0.5106539815116621
72	5	0.5108676406099276
73	0	0.5107825063336437
73	1	0.5103877153772884
73	2	0.51093062915479
73	3	0.5106438217934239
73	4	0.5108654679269196
73	5	0.5107874399138623
74	0	0.5107770723581552
74	1	0.5104533744819644
74	2	0.5102632477432477
74	3	0.5106284985803112
74	4	0.5106116290414774
74	5	0.5106772167306171
75	0	0.5107878447811055
75	1	0.5105941915993021
75	2	0.5106403098037059
75	3	0.5108665901730386
75	4	0.5107958541635184
75	5	0.5109450919381987
75	6	0.5100284053199844
75	7	0.5105880075717952
76	0	0.5106926488703709
76	1	0.5107988054335008
76	2	0.5109475807574041
76	3	0.5108682801473068
76	4	0.5108138882421936
76	5	0.51064226469216
77	0	0.5107006848833717
77	1	0.5106971669200734
77	2	0.5104348749663249
77	3	0.5104374165446455
77	4	0.5105821819957121
77	5	0.5104352652350117
77	6	0.5104348749635138
77	7	0.5106404569230224
77	8	0.5104390182262949
77	9	0.5104371207127836
77	10	0.51070902631928
77	11	0.5108108734317713
77	12	0.510946202505127
77	13	0.5104352827750401
77	14	0.5107782314032583
77	15	0.5108062635570154
78	0	0.5106752761774733
78	1	0.5104353630755859
78	2	0.5104348749702559
78	3	0.5106106893162261
78	4	0.5104377427742789
78	5	0.5106224588727817
78	6	0.5107402170305767
78	7	0.5107784050079909
78	8	0.5109213557950887
78	9	0.5107713598044303
78	10	0.5102869964641333
78	11	0.510485930858526
78	12	0.5108755807667624
78	13	0.5105411747101523
78	14	0.5107177587619894
78	15	0.5104048232372214
78	16	0.5101255634996315
78	17	0.5105142482655632
78	18	0.5101255663031081
78	19	0.5104197289311321
78	20	0.5108626103019628
78	21	0.5106614697015123
78	22	0.5106932801458284
78	23	0.5101535347535213
78	24	0.5100809070898978
78	25	0.5099882774809645
78	26	0.5103917508402107
78	27	0.5106604514807741
78	28	0.510473538677426
78	29	0.5098622018760178
78	30	0.5100138921934193
78	31	0.5106750540209327
78	32	0.5104353355152519
78	33	0.5104348749660681
78	34	0.510807518553446
78	35	0.5104404133816857
78	36	0.510439545002098
78	37	0.5106166299942029
78	38	0.5107890244498935
78	39	0.5108069920770819
78	40	0.510373618396974
79	0	0.510945267767981
79	1	0.5106386387718259
79	2	0.5107621759487753
79	3	0.510809105243672
79	4	0.5106672418587572
79	5	0.5105141658175396
79	6	0.5107959735055986
79	7	0.5105690705165249
79	8	0.5108505870023026
79	9	0.5105970016855642
79	10	0.5109445598558839
79	11	0.510444907514304
79	12	0.5106880216124433
79	13	0.5103277596727795
79	14	0.5103277754537898
79	15	0.5108679246666762
80	0	0.5107583388003152
80	1	0.5107394023444831
80	2	0.5104348749670364
80	3	0.5106252416773097
80	4	0.5105585182770148
80	5	0.5104353630208517
80	6	0.5104410767051255
80	7	0.5104398222614689
80	8	0.5109461115643903
80	9	0.5108036469951704
80	10	0.5108918231906115
81	0	0.5104418420996223
81	1	0.510440165058021
81	2	0.5104348749682455
81	3	0.5106244612387901
81	4	0.510435396775124
81	5	0.5109485628601492
81	6	0.5108126397398304
81	7	0.5107645892559162
82	0	0.5106246935354284
82	1	0.5104348749683423
82	2	0.510440170970293
82	3	0.5104418479633998
82	4	0.510764825859374
82	5	0.5108129229766191
82	6	0.5109519567859238
82	7	0.5104353973794021
83	0	0.5107642860821547
83	1	0.5107449154021215
83	2	0.5105404079878714
83	3	0.51043539583078
83	4	0.5104348749682717
83	5	0.5106241728144576
83	6	0.5104401544967215
83	7	0.510441812857548
83	8	0.5109484084131908
83	9	0.5108120817026092
83	10	0.5108973223685487
84	0	0.5104353969029041
84	1	0.5106245851647065
84	2	0.5107539343657721
84	3	0.5107646646528118
84	4	0.5104348749681855
84	5	0.5105527137471749
84	6	0.5109037320273543
84	7	0.5109559121665592
84	8	0.5108127220508991
84	9	0.5104401661005327
84	10	0.5104418436068132
85	0	0.5107413264747368
85	1	0.5107536489424903
85	2	0.5104348749671723
85	3	0.5105692053479824
85	4	0.5105353465570542
85	5	0.5104353674984013
85	6	0.510893866379527
85	7	0.510935516994157
85	8	0.5107969768588865
85	9	0.510439867161501
85	10	0.5104411764298058
86	0	0.5107546316757796
86	1	0.5107652542886899
86	2	0.510434874968245
86	3	0.5104353986437182
86	4	0.5105688783024862
86	5	0.5105536528832775
87	0	0.5107619976527502
87	1	0.5107508108758769
87	2	0.5105484783044465
87	3	0.5105669097025876
87	4	0.5104353898057147
87	5	0.5104348749680707
87	6	0.510804379057484
87	7	0.5109478671773011
87	8	0.5108982126479262
87	9	0.5104400063617969
87	10	0.5104414848946207
88	0	0.5104416876827192
88	1	0.5104400941537196
88	2	0.5105662637335477
88	3	0.5104348749679449
88	4	0.5107620805931402
88	5	0.5108089918543428
88	6	0.5109435491600606
88	7	0.5104353898013471
89	0	0.5105651777949164
89	1	0.5104401644111606
89	2	0.5104418398671703
89	3	0.5104348749683165
89	4	0.5109486485187048
89	5	0.5108127050635939
89	6	0.5107646860808476
89	7	0.5104353969111298
90	0	0.5107449356076609
90	1	0.5107644805101557
90	2	0.5104353964000433
90	3	0.5105363642987532
90	4	0.5104348749682943
90	5	0.5105650334502148
90	6	0.5108947445388461
90	7	0.5104401601611788
90	8	0.5104418247194277
90	9	0.5109486282621815
90	10	0.5108123654899996
91	0	0.510765347253666
91	1	0.5107576628775606
91	2	0.5104348749682719
91	3	0.5104353989419151
91	4	0.5105655507307333
91	5	0.5105537674357938
92	0	0.5107611457809466
92	1	0.5107611457809466
92	2	0.5107642633757948
92	3	0.5104353839344702
92	4	0.5104348749682686
92	5	0.5105648951916566
92	6	0.5105520981934445
92	7	0.5109443953893831
92	8	0.5108078195567998
92	9	0.5104416338838478
92	10	0.5104400690569436
92	11	0.51090112027986
93	0	0.5107566833610238
93	1	0.5104348749681604
93	2	0.5107566575492755
93	3	0.5105651374275809
93	4	0.5104353843854734
93	5	0.5107645035189783
93	6	0.510812449963832
93	7	0.5109473456478921
93	8	0.510441831954547
93	9	0.5104401676330517
93	10	0.5109038623406491
93	11	0.5105523899813993
94	0	0.5109702478372355
94	1	0.5104348749679286
94	2	0.5105635888098361
94	3	0.5104353774851956
94	4	0.5109689709290659
94	5	0.5107619929226308
94	6	0.5105484655951071
94	7	0.510441677013359
94	8	0.5104400897503647
94	9	0.5109017613241547
94	10	0.5109490174670275
94	11	0.5108088054705736
95	0	0.5104348749681744
95	1	0.5104401610743288
95	2	0.510441838487269
95	3	0.5105650794574864
95	4	0.5104353846004637
95	5	0.5107645467857838
95	6	0.5108125271280451
95	7	0.510950984845788
96	0	0.5105979867262606
96	1	0.5104373704135009
96	2	0.5104348749679058
96	3	0.510435299055633
96	4	0.5104398812144053
96	5	0.5105640223269203
96	6	0.5104348749681028
96	7	0.5104417142396968
96	8	0.51043534029385
96	9	0.5107626557525928
96	10	0.5109522427876
96	11	0.510809809023681
96	12	0.5105145506691126
96	13	0.5106339372810316
96	14	0.5106838426121035
96	15	0.510465927970997
96	16	0.5107193352603562
96	17	0.5104484815815882
96	18	0.5107929556583942
96	19	0.5105672685023157
96	20	0.510418232029798
96	21	0.5107184821570081
96	22	0.5107700118865102
96	23	0.5102917582686668
96	24	0.5107454904636247
96	25	0.5099311171950188
96	26	0.5102698696182043
96	27	0.5103349350749341
96	28	0.5101310679376594
96	29	0.5106422291736699
96	30	0.5101597536932367
96	31	0.5105201474162756
96	32	0.5107123973416411
96	33	0.5106432011957608
96	34	0.5104348193733474
96	35	0.5104984676935848
96	36	0.5104595929158582
97	0	0.5109599875172673
97	1	0.5107651428425081
97	2	0.5109600189005574
97	3	0.5104348749682189
97	4	0.5105653684128431
97	5	0.5104353463950811
97	6	0.510538167261619
98	0	0.5107655058129201
98	1	0.510969657490589
98	2	0.5109696697075923
98	3	0.5104348749684349
98	4	0.5104353474825084
98	5	0.5105655683976495
98	6	0.5105540408443314
99	0	0.5102999834740903
99	1	0.510569668173453
99	2	0.5109437818260866
99	3	0.5108225701944453
99	4	0.5108041753291461
99	5	0.5105652222503179
99	6	0.5106785096297746
100	0	0.5101656303772554
100	1	0.510782587676214
100	2	0.5103398570777296
100	3	0.5107875929094866
100	4	0.5104002063388703
100	5	0.509984968012243
100	6	0.5103945748813884
100	7	0.5108327862386902
100	8	0.5104019315927206
100	9	0.5106728933288796
100	10	0.5099967487287551
100	11	0.5097731177874384
100	12	0.5100643093946843
100	13	0.5099708797300289
100	14	0.5099848699023437
100	15	0.510135388361572
100	16	0.5102824970576894
100	17	0.5103574487075548
100	18	0.510621182615843
100	19	0.5107010246732515
100	20	0.5098453414114533
101	0	0.5105541808337697
101	1	0.5109264413679567
101	2	0.5108134533797979
101	3	0.5107984583513884
101	4	0.5108647001422877
101	5	0.5106928411958196
101	6	0.5106056090175466
101	7	0.5108266770455127
101	8	0.5107392491922117
102	0	0.5108681854149979
102	1	0.5107979996908387
102	2	0.5108125169737485
102	3	0.5109462791479129
102	4	0.5105651079097805
102	5	0.5108621321202271
102	6	0.5106290544862346
102	7	0.5107645087039023
102	8	0.5106916486082094
103	0	0.5106882096150922
103	1	0.5108584398024042
103	2	0.5107952560131224
103	3	0.5108882520517981
103	4	0.5108678358204991
103	5	0.5105632642266394
103	6	0.5106542038801049
103	7	0.5105791292530515
103	8	0.5106269610337801
103	9	0.5104728584937209
103	10	0.5108078665742674
103	11	0.5107612987763719
104	0	0.5105733474324934
104	1	0.5106917413930535
104	2	0.5108681927319011
104	3	0.5105651554359152
104	4	0.5108805188528133
104	5	0.5107980648631124
104	6	0.5108126333554972
105	0	0.5108682039940523
105	1	0.5108125446595543
105	2	0.5105656184060293
105	3	0.510884181267218
105	4	0.5106916167213847
105	5	0.5107980234462184
105	6	0.5108577641476252
105	7	0.5106262700808789
105	8	0.5107607773314295
106	0	0.5105668633275691
106	1	0.5103075571900699
106	2	0.5105317201235828
106	3	0.510797887018746
106	4	0.5105650590346212
106	5	0.5108681857145829
106	6	0.5108849222505115
106	7	0.5106915290534407
106	8	0.5108123046553311
106	9	0.5107643993985478
106	10	0.5106293166164784
106	11	0.5108619682742138
107	0	0.5103573230068061
107	1	0.5101905026682152
107	2	0.5108770007296887
107	3	0.5106915925144995
107	4	0.5108681953328413
107	5	0.5107979497384498
107	6	0.5105651090108292
107	7	0.5108124178861421
107	8	0.5106290233750002
107	9	0.5108620652781362
107	10	0.5107644696576941
107	11	0.5105733159040167
108	0	0.5105733422343753
108	1	0.5108200946268904
108	2	0.5108681895384076
108	3	0.5102526600652155
108	4	0.5103962374602383
108	5	0.5108794290983003
108	6	0.5103571763459434
108	7	0.5108123588610292
108	8	0.510691546255154
108	9	0.5105649966980389
108	10	0.5108619946923496
108	11	0.5106289830775405
108	12	0.5107643965502634
109	0	0.5108723711482401
109	1	0.5108681845663527
109	2	0.5102501185217505
109	3	0.5108125203634897
109	4	0.5104487980440907
109	5	0.5102528744093783
109	6	0.510250154797036
109	7	0.5108758943522294
109	8	0.5106916151510529
109	9	0.5105650699283124
109	10	0.5103573743951496
109	11	0.5107645132302085
109	12	0.5108620932804231
109	13	0.5106293357336565
109	14	0.5105734105274446
110	0	0.5106920126408848
110	1	0.5108726019006071
110	2	0.5102535989123465
110	3	0.5108682140797182
110	4	0.5103581131766401
110	5	0.5103337453718955
110	6	0.5103337066506297
110	7	0.5105652779011425
110	8	0.5108129013679308
110	9	0.5108801972325587
110	10	0.5104493360347139
110	11	0.5105741291308836
110	12	0.5107648127780218
110	13	0.5108624785971612
110	14	0.510629634155307
111	0	0.5103107765419006
111	1	0.5108726880830322
111	2	0.5104494377960748
111	3	0.5103339536199529
111	4	0.5103339521502753
111	5	0.5108682393258317
111	6	0.5102537776860799
111	7	0.5108801393104002
111	8	0.5105652819103973
111	9	0.5106920174771938
111	10	0.5108130263460396
111	11	0.5103582291269851
112	0	0.5108703869371536
112	1	0.5103932445025611
112	2	0.510689065590501
112	3	0.5103278456585032
112	4	0.5105641193270979
112	5	0.5108679437831837
112	6	0.5108747937131239
112	7	0.5108091505704151
112	8	0.5103524873767686
112	9	0.5104448603666774
112	10	0.5102475957288338
112	11	0.5103277973014039
113	0	0.5108559201709066
113	1	0.5104306543310934
113	2	0.510498694575518
113	3	0.5108823048460396
113	4	0.5102100552535805
113	5	0.5104914582266528
113	6	0.5103167729441056
113	7	0.5102904782180593
113	8	0.5104171395118836
113	9	0.5102904194246104
113	10	0.51091007411871
113	11	0.5106190270326543
113	12	0.5103614794266352
113	13	0.5104331196762539
113	14	0.5106715508513323
113	15	0.5101555586422842
113	16	0.5105399994406964
113	17	0.5107857626037734
113	18	0.5103247470289644
113	19	0.5105641680086808
113	20	0.5103805445583799
113	21	0.5105195318988541
113	22	0.5107316583330849
113	23	0.5108567816947204
113	24	0.5105553602856755
113	25	0.5108652093947897
113	26	0.5108291736968713
113	27	0.5107346575402832
113	28	0.5106081725561259
114	0	0.5109122984741268
114	1	0.5103518738962669
114	2	0.5106888479496232
114	3	0.5108679173299694
114	4	0.5108087870302365
114	5	0.51088726622934
114	6	0.5103272099552913
114	7	0.5102469736020692
114	8	0.5104445552763063
114	9	0.51087011941208
114	10	0.510327180672867
114	11	0.510563619991198
114	12	0.510523368537114
115	0	0.5109060377960224
115	1	0.5104391660561585
115	2	0.5108746093428523
115	3	0.5105623079188276
115	4	0.5102395225103776
115	5	0.5103447714682479
115	6	0.51031980202503
115	7	0.5106851651163938
115	8	0.5108673477909594
115	9	0.5108674839825973
115	10	0.5108040286473726
115	11	0.510319780324388
116	0	0.5106433142165122
116	1	0.5108682022776093
116	2	0.5106917616860501
116	3	0.5105656624843168
116	4	0.5108433729836688
116	5	0.5108725263033187
116	6	0.5108891160302571
116	7	0.5108127009980145
116	8	0.5109117843341394
116	9	0.5104490957883916
116	10	0.5102532024957329
116	11	0.5103577240187187
116	12	0.5103333940719177
116	13	0.5103333562478916
116	14	0.5106172772249553
116	15	0.5107479020831079
117	0	0.5109120011848194
117	1	0.5102537042219304
117	2	0.5108808047549157
117	3	0.5106919966270473
117	4	0.5108726489918083
117	5	0.5108682323226179
117	6	0.5108129721344462
117	7	0.5103338554889212
117	8	0.5103338149498152
117	9	0.5104493512624968
117	10	0.5103581380782379
117	11	0.5105652601861564
118	0	0.5108787038886752
118	1	0.5104484487512437
118	2	0.5102524364945433
118	3	0.5103326058643406
118	4	0.5108121922334927
118	5	0.5103570066812764
118	6	0.5108721890456077
118	7	0.5103325889265038
118	8	0.5105655545436281
118	9	0.5108681617160726
118	10	0.5109114064041499
118	11	0.510691336092671
118	12	0.5107607964046834
118	13	0.510528279511636
118	14	0.5108577644295033
118	15	0.5106268570239254
118	16	0.510657847155823
118	17	0.5106859017668751
119	0	0.5109117390130251
119	1	0.5105651598414359
119	2	0.5104489287180114
119	3	0.5103331088166413
119	4	0.5108723948262742
119	5	0.5102529565563791
119	6	0.510882267489265
119	7	0.510333104843635
119	8	0.5108125408952071
119	9	0.5103574545886895
119	10	0.510868186836516
119	11	0.5106917286607437
120	0	0.5108808892240029
120	1	0.510761166927317
120	2	0.5108131825397866
120	3	0.5105658296557075
120	4	0.5108682471571144
120	5	0.5102539132715035
120	6	0.5108727647050236
120	7	0.5103340372718915
120	8	0.5106920785784683
120	9	0.5104495859907429
120	10	0.5109120924839249
120	11	0.5103340333192538
120	12	0.510358368390821
120	13	0.5106450722019851
120	14	0.5104837790656257
120	15	0.5105672100058817
120	16	0.5108042099468116
120	17	0.510560856898404
120	18	0.510918956657779
120	19	0.5106522409264923
121	0	0.5108128537124469
121	1	0.510565849024625
121	2	0.5107647478958504
121	3	0.510881581296774
121	4	0.5109468938805617
121	5	0.5106000418783905
121	6	0.5108726014075932
121	7	0.5106715454367708
121	8	0.5105739223249232
121	9	0.5105167121822388
121	10	0.5108545333874399
121	11	0.5103335733438861
121	12	0.5103579555450041
121	13	0.510253373238412
121	14	0.5106918691136556
121	15	0.5108682204619411
121	16	0.5104492868962227
121	17	0.5103335203543911
121	18	0.5109118979903319
121	19	0.5106758535086908
122	0	0.5108858069559237
122	1	0.5105656930713629
122	2	0.5107644741683826
122	3	0.5108124085464447
122	4	0.5105163695609428
122	5	0.5108723424402353
122	6	0.5106916212709021
122	7	0.5103573829279485
122	8	0.5102528700775788
122	9	0.5108681826898808
122	10	0.5103329935322731
122	11	0.5103330096137767
122	12	0.5109116467597566
122	13	0.5104488281054873
122	14	0.5105996217185397
122	15	0.5109465740516065
122	16	0.5106754609073023
122	17	0.5105732840978576
122	18	0.5106709632112089
122	19	0.5108540402907706
123	0	0.5105658583250493
123	1	0.5107649893217868
123	2	0.5108131570967179
123	3	0.510889289370257
123	4	0.5108727626862798
123	5	0.5109121182611648
123	6	0.5102539674321527
123	7	0.5108682322215817
123	8	0.510334103666638
123	9	0.510334118872295
123	10	0.5103584124142951
123	11	0.5106920737589584
123	12	0.5104496077105883
123	13	0.5109470410809145
123	14	0.5106001889030952
123	15	0.5106718861681542
123	16	0.510574178139661
123	17	0.5106763500698518
123	18	0.510516759879549
123	19	0.5108548323096835
124	0	0.5108127129236684
124	1	0.5107646670686902
124	2	0.510565690558261
124	3	0.5108785778831689
124	4	0.510872503787452
124	5	0.510675854111143
124	6	0.5105165318951395
124	7	0.5109118127871617
124	8	0.5102532536691414
124	9	0.5103334209281787
124	10	0.5104491488747152
124	11	0.510868199939149
124	12	0.5103577597649505
124	13	0.5103334037741454
124	14	0.5106917801334293
124	15	0.5105998184922312
124	16	0.5109467675875905
124	17	0.5105736967349492
124	18	0.5106713516242083
124	19	0.5108543767936046
125	0	0.5107646471006729
125	1	0.5108126887009559
125	2	0.51056575460173
125	3	0.510887997508379
125	4	0.510675716271962
125	5	0.5108724877959647
125	6	0.5109467748955874
125	7	0.5105998724471041
125	8	0.5109118106734659
125	9	0.5104491217510072
125	10	0.5103576834325867
125	11	0.5106917073495778
125	12	0.510333284910997
125	13	0.5108682103055658
125	14	0.5103332918594209
125	15	0.5102531074220109
125	16	0.5105736416701466
125	17	0.5108542966194332
125	18	0.5106712464715892
125	19	0.5105165783116961
126	0	0.5108125820199342
126	1	0.5107645555471024
126	2	0.5105655032088726
126	3	0.5108793572221142
126	4	0.5105164779277582
126	5	0.5108724169990517
126	6	0.5109466715360536
126	7	0.5105997411920182
126	8	0.5102530667595848
126	9	0.5106917316523891
126	10	0.5103575457886731
126	11	0.5104489109031599
126	12	0.5103331979766397
126	13	0.5109116973118076
126	14	0.5108682052624471
126	15	0.5103331633200701
126	16	0.5105735658923048
126	17	0.5106711931346376
126	18	0.5108542344070162
126	19	0.5106754664306001
126	20	0.5104348749582825
126	21	0.5104370604930748
126	22	0.5104303988033672
126	23	0.5104350838045985
127	0	0.5105651630065483
127	1	0.5104399362375658
127	2	0.5104348749683519
127	3	0.5104418444291975
127	4	0.5104353454382055
127	5	0.5107646747869916
127	6	0.5108126833707418
127	7	0.5108806825591033
128	0	0.5105652179152113
128	1	0.5104399352268499
128	2	0.5104348749683298
128	3	0.5104418415123417
128	4	0.5108127761116795
128	5	0.510878849102777
128	6	0.5107646959425196
128	7	0.5104353454558256
129	0	0.5104348749683325
129	1	0.5104399353147427
129	2	0.5104418396038304
129	3	0.5105651669360524
129	4	0.5104353453706986
129	5	0.5107646736344895
129	6	0.5108126910759562
129	7	0.5108838309705639
130	0	0.5104348749683603
130	1	0.5104418555368787
130	2	0.5104399353940215
130	3	0.5105652798568346
130	4	0.5108130139067958
130	5	0.5108782306238153
130	6	0.5107648852851693
130	7	0.5104353458002616
131	0	0.5104348749682958
131	1	0.5104399330627971
131	2	0.5105651493199629
131	3	0.5104418335739074
131	4	0.5104353451982018
131	5	0.5108762452047322
131	6	0.5108125942038435
131	7	0.510764578103155
132	0	0.5104348749682819
132	1	0.5105648770226204
132	2	0.5104418078882175
132	3	0.5104399207397776
132	4	0.5108800087890835
132	5	0.5108119689602656
132	6	0.5107641630765869
132	7	0.5104353445224413
133	0	0.5105432449757883
133	1	0.5104399498280217
133	2	0.5104418764387191
133	3	0.5105655363139402
133	4	0.5104348749684291
133	5	0.5104360416724886
133	6	0.5105909684898112
133	7	0.5104348749584393
134	0	0.5105651063441621
134	1	0.5104399284499478
134	2	0.5104418405619098
134	3	0.5104348749681645
134	4	0.5109081430212848
134	5	0.5107615017380958
134	6	0.5108081397925652
134	7	0.5104353377088239
135	0	0.5104399430810728
135	1	0.5104418596040223
135	2	0.510434874968386
135	3	0.5105653813449448
135	4	0.5104353462588497
135	5	0.5108131291041436
135	6	0.5107649703303178
135	7	0.5108818224704283
136	0	0.5105654660400473
136	1	0.510434874968366
136	2	0.5104418693969692
136	3	0.510439947551571
136	4	0.5108765518746913
136	5	0.5107651318161031
136	6	0.5108133460593997
136	7	0.5104353464579516
137	0	0.510564277647843
137	1	0.5104348749637336
137	2	0.5104417447607642
137	3	0.5104398888371919
137	4	0.5108757557050165
137	5	0.5107631251080287
137	6	0.5108104842206393
137	7	0.5104353414656718
138	0	0.5107655462779794
138	1	0.5107527643806334
138	2	0.5107527249601062
138	3	0.5105656281095369
138	4	0.5104353475300438
138	5	0.510434874963936
138	6	0.5101044445714437
139	0	0.5104416490478719
139	1	0.5104398484261357
139	2	0.5104348749638432
139	3	0.5105650895075713
139	4	0.5104353448457665
139	5	0.5108729010110518
139	6	0.510764424801027
139	7	0.5108082609539454
140	0	0.5104399312128163
140	1	0.5104418420130357
140	2	0.5105651556424206
140	3	0.5104348749626172
140	4	0.5108870336076935
140	5	0.5108126650700235
140	6	0.5107646543003829
140	7	0.5104353456426381
141	0	0.5104398667644882
141	1	0.510563742452314
141	2	0.5104416856711459
141	3	0.5104348749627392
141	4	0.5104353392430808
141	5	0.5107622048401919
141	6	0.5108779602724159
141	7	0.5108091314156437
142	0	0.5108434401514641
142	1	0.5105635236318856
142	2	0.510325247255743
142	3	0.5101724283517911
142	4	0.5108484214820173
142	5	0.5108758858013052
142	6	0.5101724247564033
142	7	0.5100927450306226
142	8	0.5108068244112469
142	9	0.5102028749544611
142	10	0.5106221540393819
142	11	0.5108086923929579
142	12	0.5107618777736923
142	13	0.5104435681650971
142	14	0.5106020815343137
142	15	0.510750166607741
143	0	0.5109118928499369
143	1	0.5103579811589873
143	2	0.5103335714028524
143	3	0.5102612850543637
143	4	0.5104492252535316
143	5	0.5102534533136108
143	6	0.5103335840033159
143	7	0.5105652005163365
143	8	0.510872551509647
143	9	0.5108682066060181
143	10	0.5108841677970973
143	11	0.5106919364609047
143	12	0.510812839554541
143	13	0.5105738784946587
144	0	0.5105657382599447
144	1	0.510441216064454
144	2	0.5104348749640508
144	3	0.5104396639364519
144	4	0.5104353204069837
144	5	0.5108127108230359
144	6	0.5108805195242343
144	7	0.5107610523776803
145	0	0.5108813241058179
145	1	0.5109084469345603
145	2	0.5108130165554872
145	3	0.5102453655259381
145	4	0.5106879714440433
145	5	0.5108695459448117
145	6	0.5105652421432356
145	7	0.5103255737536023
145	8	0.5108678230917282
145	9	0.5104433387107045
145	10	0.510325518309225
145	11	0.5103502532315671
145	12	0.5107648774022836
145	13	0.5105673176246857
145	14	0.5108540573348309
145	15	0.510624042327407
146	0	0.5105653602609971
146	1	0.5104348749643755
146	2	0.5104416397073405
146	3	0.5104398435588823
146	4	0.5108784779402952
146	5	0.5108130496228391
146	6	0.5107649506557571
146	7	0.5104353372326539
147	0	0.5104418578438931
147	1	0.5105652718392273
147	2	0.5104348749649301
147	3	0.5104399374158699
147	4	0.5104353459207609
147	5	0.5107648653012918
147	6	0.5108129694802378
147	7	0.5108767123352462
148	0	0.5104348749649076
148	1	0.5105652119199567
148	2	0.5104418473030448
148	3	0.5104399374100731
148	4	0.5104353455083923
148	5	0.5108823664644327
148	6	0.5108128338912641
148	7	0.5107647523311282
149	0	0.5104348749649386
149	1	0.5105653902238771
149	2	0.5104418590988186
149	3	0.5104399426216024
149	4	0.510878747262608
149	5	0.5108131539594001
149	6	0.5107649608932343
149	7	0.5104353461290375
150	0	0.5104394216859777
150	1	0.5104348749620435
150	2	0.5104406170387699
150	3	0.5105600967760685
150	4	0.5108537780123745
150	5	0.5107833923034506
150	6	0.5107438381632345
150	7	0.5104352974549806
151	0	0.5104348749621878
151	1	0.5104398488911228
151	2	0.5105823889284862
151	3	0.5104416485150055
151	4	0.5104353376251443
151	5	0.5108770927248935
151	6	0.5108082597566689
151	7	0.5107615913905216
152	0	0.510581474230913
152	1	0.5104399402060942
152	2	0.5104348749624198
152	3	0.5104418517350242
152	4	0.5104353457259667
152	5	0.510764856197832
152	6	0.5108129664182101
152	7	0.5108914680290704
153	0	0.5107876155787737
153	1	0.5108865683758461
153	2	0.5107643394648997
153	3	0.5105810918413126
153	4	0.5104348749623856
153	5	0.5104353443757512
153	6	0.5104063975302797
153	7	0.5108121907701495
153	8	0.510879671428926
153	9	0.5106224980169559
153	10	0.510594130373953
153	11	0.5103839235550908
153	12	0.5104349875264742
153	13	0.5104348749632337
154	0	0.5104460748286525
154	1	0.510276845242934
154	2	0.5107249412778136
154	3	0.5104354016245575
154	4	0.5104348749722138
154	5	0.5107511568707556
154	6	0.5106278037069286
154	7	0.5104366670086965
154	8	0.5108734515956768
154	9	0.5105807669220511
154	10	0.5104353435982304
154	11	0.5104348749622672
154	12	0.5105396262474649
154	13	0.5107638206417315
154	14	0.510968040810999
154	15	0.5108115187589555
154	16	0.5108825621717701
154	17	0.5109035534425128
155	0	0.5104348749617785
155	1	0.5106221389660704
155	2	0.5104395012235565
155	3	0.5104408108864221
155	4	0.510801002689378
155	5	0.510756439208136
155	6	0.5108750357871884
155	7	0.5104353251148576
156	0	0.5105822314619153
156	1	0.5107112725286005
156	2	0.5094973682573999
156	3	0.5108177938127846
156	4	0.5106439936492124
156	5	0.5104396683549575
157	0	0.510758270273504
157	1	0.5108591585292394
157	2	0.510950975847968
157	3	0.5104348749619905
157	4	0.5104353294549995
157	5	0.5106157693759364
157	6	0.5105134279875687
157	7	0.5108035009191134
157	8	0.510877307702145
157	9	0.5104397658503528
157	10	0.5104414444346316
157	11	0.5108841573823313
157	12	0.5108247393000839
158	0	0.5105833706852536
158	1	0.5097782845279276
158	2	0.5108951494485235
158	3	0.5107924847199942
158	4	0.5108197697034402
158	5	0.5104375103659188
158	6	0.5104348749688951
158	7	0.5107544634199143
158	8	0.5107192547448592
158	9	0.5106053029369612
158	10	0.5104353230430521
158	11	0.5108008280984915
158	12	0.5108695979250814
158	13	0.5104353239210724
158	14	0.5104397063745013
158	15	0.5104601082488406
159	0	0.5107526494577986
159	1	0.510957369676446
159	2	0.5108659994696294
159	3	0.5105234004689514
159	4	0.5106251280072478
159	5	0.5104353469555265
159	6	0.5104348749615629
160	0	0.5107277894347146
160	1	0.5102886616850999
160	2	0.5096268257572504
160	3	0.5101878088895803
160	4	0.5107550990339923
160	5	0.5095463971414644
160	6	0.5102094795691132
160	7	0.5101527963196828
160	8	0.5101610222233603
160	9	0.5105574266762599
160	10	0.5101834766647722
160	11	0.5108778004926965
160	12	0.5100388895136283
160	13	0.5102506008505175
160	14	0.5100050316826628
160	15	0.5099290396479987
160	16	0.5100050503991235
160	17	0.5107633316009982
160	18	0.5103006927468978
160	19	0.5104153072399465
160	20	0.5097784397387546
160	21	0.5101065131227149
160	22	0.5096732172331577
161	0	0.510419933632501
161	1	0.5102939411054856
161	2	0.5102135292743774
161	3	0.510895007214797
161	4	0.5104998321272253
161	5	0.51029394219167
161	6	0.5103200423964463
161	7	0.5108572685597327
161	8	0.5104732185905126
161	9	0.5107181450480817
161	10	0.5103032385562953
161	11	0.510403091704717
161	12	0.5105019638317061
161	13	0.5103651405535821
161	14	0.5106487506955473
161	15	0.5105420957883909
161	16	0.5108279978637786
161	17	0.5105709192782628
161	18	0.5106737028849555
161	19	0.5107880855643334
161	20	0.5106424376457682
161	21	0.5105798993462461
161	22	0.5109319642383019
162	0	0.5104388552940468
162	1	0.5104383051227421
162	2	0.5104348749583644
162	3	0.5105961375879483
162	4	0.5104352509792652
162	5	0.5107182061977051
162	6	0.5108249024527227
162	7	0.5108128424750235
163	0	0.5106271002806474
163	1	0.5104399403927581
163	2	0.5104348749600461
163	3	0.5104418521763474
163	4	0.5107648820913832
163	5	0.5108807867154339
163	6	0.5108129938368118
163	7	0.5104353459816393
164	0	0.5106271556545627
164	1	0.5108750525081067
164	2	0.5107649361375926
164	3	0.5108130756251154
164	4	0.5108664510429234
164	5	0.5106672343202758
164	6	0.5105610171178342
164	7	0.5108437231598485
164	8	0.5106601970822792
164	9	0.5105116296576098
164	10	0.5107683971130426
164	11	0.5103174210574498
164	12	0.5106846028252067
164	13	0.5109049760575456
164	14	0.5104374245632163
164	15	0.5102370723155805
164	16	0.5103424981049202
164	17	0.5103173549894543
164	18	0.5109408199469472
164	19	0.5105920055291759
165	0	0.5107649581307565
165	1	0.5106278125353064
165	2	0.5108131322770136
165	3	0.510878903710461
165	4	0.5106718290760623
165	5	0.5105742149096936
165	6	0.5108727492546569
165	7	0.510854798825706
165	8	0.5106002344551729
165	9	0.5109470469026379
165	10	0.5106762003569079
165	11	0.5109121220750237
165	12	0.5104496332676155
165	13	0.5102538992061981
165	14	0.5103583822259735
165	15	0.5106920705778557
165	16	0.5103340293893387
165	17	0.510333983438179
165	18	0.5108682411761621
165	19	0.5105168318007672
166	0	0.5108769318160312
166	1	0.5108124445313739
166	2	0.5107644631467063
166	3	0.5106491670891261
166	4	0.5106754187429363
166	5	0.5108723371667565
166	6	0.5103330470233236
166	7	0.5103330320868436
166	8	0.5104487742542159
166	9	0.5102528313202083
166	10	0.5103573738867022
166	11	0.5108681821478758
166	12	0.510691534757338
166	13	0.5109116056261844
166	14	0.5105163403465206
166	15	0.5106709585303832
166	16	0.5105995631809083
166	17	0.5109465794954743
166	18	0.5105731826128307
166	19	0.5108539993409646
166	20	0.5109118617378267
166	21	0.5108133793153404
166	22	0.5104504584450945
166	23	0.5104353277200856
166	24	0.510434874959665
167	0	0.5104395774240736
167	1	0.5106461992247294
167	2	0.5104348749508556
167	3	0.5104409954959724
167	4	0.5104353380864544
167	5	0.5108740386142849
167	6	0.5107617370717499
167	7	0.5108084681630333
168	0	0.51044189071659
168	1	0.510439960790858
168	2	0.5106492831168938
168	3	0.510434874950868
168	4	0.5104353473147072
168	5	0.5108784305951866
168	6	0.5107654448331798
168	7	0.5108138218360617
169	0	0.5104414802887546
169	1	0.5104348749508457
169	2	0.5104416380044846
169	3	0.510618351319891
169	4	0.5104353309736899
169	5	0.5108719304721215
169	6	0.5107588200726773
169	7	0.5108043380694529
170	0	0.5107626344295534
170	1	0.5109481408306324
170	2	0.5108516101353128
170	3	0.5106159307046371
170	4	0.5104353399736489
170	5	0.5104348749508586
170	6	0.5105089799348249
171	0	0.5104348749508645
171	1	0.5106173658318132
171	2	0.5104414871495716
171	3	0.5104348901329101
171	4	0.5104353453295565
171	5	0.5108820218924987
171	6	0.5108044012050911
171	7	0.5107646588323437
172	0	0.5104348908234999
172	1	0.5104348749502843
172	2	0.5104413124827875
172	3	0.5106110690087762
172	4	0.5104353239818564
172	5	0.5108656695797773
172	6	0.5108003516041861
172	7	0.510756020581541
173	0	0.5104418344520796
173	1	0.5104348749502792
173	2	0.5106173540260123
173	3	0.5104348924482678
173	4	0.5108884603596159
173	5	0.510764567464732
173	6	0.5108125509492258
173	7	0.5104353449603276
174	0	0.5106174419572846
174	1	0.5104348749502754
174	2	0.5104418378793861
174	3	0.5104348927653894
174	4	0.5104353452947872
174	5	0.5108791853257102
174	6	0.5108126251606507
174	7	0.5107646205452178
175	0	0.5108459770058968
175	1	0.5104353384810036
175	2	0.5105008627751286
175	3	0.5106153994645662
175	4	0.5104348749502727
175	5	0.5109428443071
175	6	0.5107619358049984
175	7	0.510808761162166
175	8	0.5108760816789416
175	9	0.5107846204053914
175	10	0.5104348749706299
175	11	0.5106332289889101
175	12	0.5105532296963374
175	13	0.5104351609796987
176	0	0.5104348749502725
176	1	0.5104414481083689
176	2	0.5104348922204812
176	3	0.5106174904663124
176	4	0.5104353454399607
176	5	0.5108869100883103
176	6	0.5107647696975125
176	7	0.5108128699604886
177	0	0.5107673740211597
177	1	0.5105445623697278
177	2	0.5107320890139876
177	3	0.510850159647422
177	4	0.5107662042854252
177	5	0.5106893978017885
177	6	0.510493450277595
177	7	0.5108049417988869
177	8	0.5102512252630949
177	9	0.5100830242529861
177	10	0.5101157209031799
177	11	0.5100830285172169
177	12	0.5108289520923793
177	13	0.510688900334959
177	14	0.5100050883366007
177	15	0.5104807899138917
177	16	0.5103969705067715
177	17	0.5108624157319948
177	18	0.5104596455923155
177	19	0.5103687170685272
178	0	0.5105441611940572
178	1	0.5107646608723565
178	2	0.5108826152107198
178	3	0.5108127179778452
178	4	0.5106713875928295
178	5	0.5105165398693148
178	6	0.5108724917177379
178	7	0.5106757103248968
178	8	0.510449073962297
178	9	0.5108682166209406
178	10	0.5106986081455253
178	11	0.5102532700237284
178	12	0.5103577404035661
178	13	0.5103333820296274
178	14	0.5109117925124358
178	15	0.5103333577572999
178	16	0.5105998710278598
178	17	0.5109467691578046
178	18	0.5105736952691641
178	19	0.5108543016047219
179	0	0.5107307468867242
179	1	0.5107742949218114
179	2	0.5108733863399578
179	3	0.5105187402283913
179	4	0.5104348749502594
179	5	0.5104351993321222
179	6	0.5104312332955996
179	7	0.5108271523392461
179	8	0.5108478528909228
179	9	0.5107655080820097
179	10	0.5104375296687315
179	11	0.5104348871057879
179	12	0.5104348749651183
179	13	0.5105772045889965
179	14	0.5106754012316155
179	15	0.5104352326094728
180	0	0.5108522031809206
180	1	0.5109487829193381
180	2	0.51076401419357
180	3	0.5104348749502723
180	4	0.5105181755595208
180	5	0.5104353434662628
180	6	0.5105407056366813
180	7	0.5108771034820746
180	8	0.5108117615406392
180	9	0.510903084338633
180	10	0.5104348927575455
180	11	0.5104418025069697
180	12	0.5106277255041155
180	13	0.5104354015270431
180	14	0.5107512567384753
180	15	0.5104348749722057
181	0	0.5105184525637053
181	1	0.5104418434801016
181	2	0.5104348749502724
181	3	0.5104348927810434
181	4	0.5104353449767683
181	5	0.5108125943201172
181	6	0.5108812353681598
181	7	0.5107645643986887
182	0	0.5104348928308413
182	1	0.5104348749502726
182	2	0.5105183552501674
182	3	0.5104418241242946
182	4	0.5108799137309951
182	5	0.5107644332760524
182	6	0.5108123527206774
182	7	0.5104353445418449
183	0	0.510441830731464
183	1	0.5104348749502728
183	2	0.5105183934816363
183	3	0.5104348927996798
183	4	0.5104353447967701
183	5	0.5108845244529603
183	6	0.5108124353613647
183	7	0.5107644942487326
184	0	0.510937487324501
184	1	0.5108400701590061
184	2	0.5107643912166978
184	3	0.510435344673291
184	4	0.5105183681016912
184	5	0.510434874950273
184	6	0.5105254025035064
184	7	0.5108907415039152
184	8	0.5106190954281065
184	9	0.5107391983786114
184	10	0.510435370754415
184	11	0.5104348749709718
184	12	0.5108122155602586
184	13	0.5108772495021471
185	0	0.5104353444487839
185	1	0.5105411859260143
185	2	0.510949114590779
185	3	0.5108525769415604
185	4	0.5107643437769195
185	5	0.5105182936008177
185	6	0.5104348749502724
185	7	0.5108850133777888
185	8	0.5108122550992739
185	9	0.5109022486777027
185	10	0.510628089243896
185	11	0.5107516005671676
185	12	0.5104354024678222
185	13	0.5104348749722426
186	0	0.5108771716035074
186	1	0.5105178114482273
186	2	0.510762078757854
186	3	0.5108090099068511
186	4	0.5105122203278191
186	5	0.5108058387484063
186	6	0.5108896985059715
186	7	0.5107469380208024
186	8	0.5105484406960575
186	9	0.5104423182533044
186	10	0.5104416481813541
186	11	0.5108424685586016
186	12	0.5101699812170805
186	13	0.5106288473176982
186	14	0.5102005258231601
186	15	0.5101699251511972
186	16	0.510090332948522
186	17	0.5108479265748023
186	18	0.5103231509908427
186	19	0.51055505828107
187	0	0.5106425151958011
187	1	0.5108558810202103
187	2	0.5103601154484333
187	3	0.5098435425723564
187	4	0.5096981864528531
187	5	0.5105391245985067
187	6	0.5102690228983011
187	7	0.5107856838442822
187	8	0.5108255968740387
187	9	0.5106391518069364
187	10	0.5109306252492675
187	11	0.5105779988701108
187	12	0.5099587196465754
187	13	0.5104981830801594
187	14	0.510290294286577
187	15	0.5108934500291965
187	16	0.510290304633639
187	17	0.5103165791365325
187	18	0.5099694433959795
187	19	0.5102098589197708
187	20	0.5104170759240837
187	21	0.5097901906569955
187	22	0.5106786004086534
187	23	0.5108651891177539
187	24	0.5105102814232285
187	25	0.5108561678294362
187	26	0.5108261974711564
187	27	0.5109243984633679
187	28	0.5107454505219157
187	29	0.5104348749502672
187	30	0.5104352867556301
187	31	0.5105072324052338
187	32	0.5104398221689542
187	33	0.5104348899227663
187	34	0.5108774597506965
188	0	0.5109066014070643
188	1	0.5108067213734532
188	2	0.5107622552193499
188	3	0.5105160414697733
188	4	0.5104353392132878
188	5	0.510434874950272
188	6	0.510586836920893
189	0	0.5105611480501102
189	1	0.510827204604268
189	2	0.5104969287444531
189	3	0.510465754039549
189	4	0.5103352166985196
189	5	0.5108387794171461
189	6	0.5103616973357872
189	7	0.5103351985540597
189	8	0.5105115847023333
189	9	0.5105443663069478
189	10	0.5102470707445752
189	11	0.5106447726208336
189	12	0.5106478342067025
189	13	0.5105733506355408
189	14	0.5106733983523983
189	15	0.5107374852777256
189	16	0.5108993410009478
189	17	0.5105124517893418
189	18	0.5107847590118706
189	19	0.5105922328012199
189	20	0.5105927054070529
189	21	0.5105931048632867
189	22	0.510529783157054
189	23	0.5103349366108251
189	24	0.5105029378296766
189	25	0.5108564875473053
189	26	0.510826739807677
189	27	0.5107650935139985
189	28	0.5108630873916463
189	29	0.5107219238204102
189	30	0.5104352569227073
189	31	0.5104348749502647
189	32	0.5105578618185025
190	0	0.510871788750047
190	1	0.5108568698792638
190	2	0.5106721294494546
190	3	0.5107002410802652
190	4	0.5108681213744032
190	5	0.5104639136281387
190	6	0.510516707354964
190	7	0.5108790221727686
190	8	0.510591658299262
190	9	0.5104418941434404
190	10	0.5108978035928016
190	11	0.5106329457340824
190	12	0.5104419001531919
190	13	0.5103508769367345
190	14	0.510749131542279
190	15	0.5106703015046302
190	16	0.510575512583396
190	17	0.5104419925254904
190	18	0.510798647893696
191	0	0.5107503028845427
191	1	0.510872396761241
191	2	0.5106336030596001
191	3	0.5105927364629689
191	4	0.5104435237074927
191	5	0.5108952272441252
191	6	0.5108681889357045
191	7	0.5103524335383487
191	8	0.5105173382502455
191	9	0.5107011475234478
191	10	0.5104653514365758
191	11	0.5104434903233832
191	12	0.5109012509001796
192	0	0.5104559482082026
192	1	0.5106730573929585
192	2	0.5104970520560561
192	3	0.5108370114509707
192	4	0.5107930957436967
192	5	0.5101776960269369
192	6	0.5105847924268622
192	7	0.5106000601623362
192	8	0.5104786784812485
192	9	0.510530301263089
192	10	0.5106450400061315
192	11	0.5106020465470739
192	12	0.5105929374747961
192	13	0.5103478463250131
192	14	0.5106539708385466
192	15	0.5102690741999825
192	16	0.5105288935620057
192	17	0.510357844026062
192	18	0.5103579025177288
192	19	0.510544492310905
192	20	0.5108486585465621
192	21	0.510383494095432
192	22	0.5108994781168827
192	23	0.5107444796527151
192	24	0.5108598541126885
192	25	0.5105039927861654
192	26	0.510854891448261
193	0	0.5108723278080566
193	1	0.5106625852301684
193	2	0.5107011278052815
193	3	0.5104652818110826
193	4	0.5104433201429037
193	5	0.5105928005750163
193	6	0.5104433271226934
193	7	0.5103522326661211
193	8	0.5109049531196928
193	9	0.5108681979871947
193	10	0.5108951440735868
193	11	0.5105176254517318
193	12	0.5106335840483879
193	13	0.5106455754387234
194	0	0.5104337721374175
194	1	0.5104348841731144
194	2	0.5104348749502716
194	3	0.5105100757844759
194	4	0.5104351943245584
194	5	0.5108762379046959
194	6	0.5107272021939251
194	7	0.5106774729660661
194	8	0.5106758927187363
195	0	0.5104348924505522
195	1	0.5105143919075623
195	2	0.5104414280178163
195	3	0.5104348749502703
195	4	0.5109598506886327
195	5	0.5108884201432867
195	6	0.5107579641877316
195	7	0.5106927938168575
195	8	0.510435328681226
196	0	0.5110530048614651
196	1	0.5107573937331393
196	2	0.5106920174305295
196	3	0.5105246986090803
196	4	0.5108959299681161
196	5	0.5106445291227405
196	6	0.5108317982674085
196	7	0.5105297022867128
196	8	0.5105926215322699
196	9	0.5107846499686305
196	10	0.5105931876437131
196	11	0.5108992738078194
196	12	0.5107373634744279
196	13	0.5102569981328292
196	14	0.5103454200306073
196	15	0.5105195743241738
196	16	0.5108423454282535
196	17	0.5108581106128456
196	18	0.5105957222061999
196	19	0.5103714726235297
196	20	0.5103453501111883
197	0	0.5105265070369094
197	1	0.5104348749503163
197	2	0.5104348912222251
197	3	0.5104409770681656
197	4	0.510761592079487
197	5	0.5108990236079426
197	6	0.5106973005745215
197	7	0.5109924784911457
197	8	0.5104353111165322
197	9	0.5108698765216745
197	10	0.5108534083749863
197	11	0.5105559068495392
197	12	0.5107022653610893
197	13	0.5107952819671058
197	14	0.5105141126197118
197	15	0.5105436810034438
198	0	0.5107908200988021
198	1	0.5109347222099969
198	2	0.5108724097951417
198	3	0.5104290219157511
198	4	0.5103382313488688
198	5	0.5108869361077533
198	6	0.5104289602710067
198	7	0.5109085627300597
198	8	0.5106273222761619
198	9	0.5105278228428397
198	10	0.510701172243192
198	11	0.510582177036777
198	12	0.5108673611710912
198	13	0.5104515477535713
199	0	0.50969167475318
199	1	0.5107060014854741
199	2	0.5105057629531433
199	3	0.510862707160359
199	4	0.5110288739190753
199	5	0.5106514305167655
199	6	0.5105127379489078
199	7	0.5107177091643064
199	8	0.5108348055416017
199	9	0.5105862428137085
199	10	0.5105856183147496
199	11	0.5107896746119251
199	12	0.5106364336384356
199	13	0.510846066860202
199	14	0.5102641065293357
199	15	0.5108591492858746
199	16	0.5105982675458716
199	17	0.5103527245886496
199	18	0.5105250440622621
199	19	0.5103786058294385
199	20	0.510352734498927
199	21	0.5107472169911009
199	22	0.5109056447754284
199	23	0.5105206290007313
199	24	0.5101622954472272
199	25	0.5103419936700082
199	26	0.5104523965379747
199	27	0.5104637885296253
199	28	0.5105803548896444
199	29	0.5099756510851544
199	30	0.51033913079192
199	31	0.5104348749503016
199	32	0.509166034361157
199	33	0.5091061542039376
199	34	0.5092334449113365
200	0	0.5107588200937073
200	1	0.5105253759928684
200	2	0.5108967168306479
200	3	0.5109961654043527
200	4	0.5106938733875762
200	5	0.510717708463528
200	6	0.5108675000688813
200	7	0.5108493041532101
200	8	0.5106475984131275
200	9	0.5107922716383229
200	10	0.5109356942798152
200	11	0.5106089128800547
200	12	0.5106623969611963
200	13	0.5104312091871198
200	14	0.5103404421062483
200	15	0.5106283149942176
200	16	0.5104312617878674
200	17	0.5105839271305223
200	18	0.5108881956554895
200	19	0.5108674926705723
200	20	0.5104536712220916
200	21	0.5104386475700874
200	22	0.5104348749503465
200	23	0.5104348880462669
200	24	0.5104352310597223
201	0	0.5104348920234493
201	1	0.5104416695655603
201	2	0.5105266327447013
201	3	0.5104348749503492
201	4	0.5109041905975352
201	5	0.5106976791041239
201	6	0.510761842943212
201	7	0.5110640422473393
201	8	0.5104353397709268
202	0	0.5104348919352228
202	1	0.5104348749503489
202	2	0.5104416487719622
202	3	0.5105265610191878
202	4	0.510761553507717
202	5	0.5108944648462136
202	6	0.5106972659229088
202	7	0.5110823305039616
202	8	0.5104353375908349
203	0	0.5105740928489179
203	1	0.510874276645241
203	2	0.5099008406838466
203	3	0.5104005389085324
203	4	0.5106078836952501
203	5	0.5104351217335767
203	6	0.5104348749558709
203	7	0.5104350084683934
203	8	0.5107389676307976
203	9	0.5104353349093279
203	10	0.5104348749503481
203	11	0.5105260490105111
203	12	0.5104348918589107
203	13	0.5104415787723879
203	14	0.5109009271882963
203	15	0.5110821640803174
203	16	0.5107604154731372
203	17	0.5106958626554348
203	18	0.5104336563622466
204	0	0.5104348749503484
204	1	0.5104348921648317
204	2	0.5105268356896298
204	3	0.5104416985690656
204	4	0.5106983122190637
204	5	0.5110794051452539
204	6	0.5108955782288075
204	7	0.5107623529456625
204	8	0.5104353392761402
205	0	0.5104348919388344
205	1	0.510526639192379
205	2	0.5104348749503493
205	3	0.510441660997294
205	4	0.5106976218108933
205	5	0.5110667975673968
205	6	0.510897320544515
205	7	0.510761783073812
205	8	0.5104353381115629
206	0	0.5104348749503486
206	1	0.5104348918560011
206	2	0.5105262974404376
206	3	0.5104416245416582
206	4	0.5110842505983395
206	5	0.5104353367052514
206	6	0.5108951936462856
206	7	0.5107612000592852
206	8	0.5106967893891858
207	0	0.5102745370783478
207	1	0.510274488977093
207	2	0.5101650217647271
207	3	0.5104638121376166
207	4	0.5101882700562129
207	5	0.5108071412021488
207	6	0.5103029921143375
207	7	0.5104806366354381
207	8	0.5108002690425799
207	9	0.5108709416093833
207	10	0.5108455579671053
207	11	0.5106695165304472
207	12	0.5105229090116998
207	13	0.5105726676529135
208	0	0.5107153598725582
208	1	0.5106994008963806
208	2	0.5105714708740573
208	3	0.5104368763652568
208	4	0.5104348749644416
208	5	0.5104352152516728
208	6	0.510719887878899
208	7	0.5103668442024437
208	8	0.5107953468055716
208	9	0.5110311508387095
208	10	0.5106914573279034
208	11	0.5106574024520385
208	12	0.5108674037839391
208	13	0.510509343420968
208	14	0.5105341434132877
208	15	0.5106024500090075
208	16	0.5103645323492646
208	17	0.5103645148590047
208	18	0.5108521421673974
208	19	0.5108398677269911
208	20	0.5103899028851401
208	21	0.5108608201113296
208	22	0.5102755075790982
208	23	0.5105114780726238
208	24	0.5106665741832322
208	25	0.5106395398958354
208	26	0.5108397777646179
208	27	0.5104714089684756
208	28	0.5104837983884964
208	29	0.5105538108981738
208	30	0.510435211894421
208	31	0.5104348749503179
208	32	0.5104348873244564
208	33	0.5104379797011014
208	34	0.5104607270081887
208	35	0.5107299332382108
208	36	0.5106463367295572
208	37	0.5104701125396515
208	38	0.5090708585270068
209	0	0.5108693550268176
209	1	0.5101885799048622
209	2	0.5108677824912299
209	3	0.5105872442134696
209	4	0.510458131205969
209	5	0.5103449604959435
209	6	0.5109062198268566
209	7	0.5104358313798967
209	8	0.5106302118789895
209	9	0.5104358134567212
209	10	0.5106964687577226
209	11	0.5108908068083031
209	12	0.5105204184821011
209	13	0.5104348749717942
210	0	0.5105333552662266
210	1	0.5107286006329849
210	2	0.5090581359844356
210	3	0.5105559284409433
210	4	0.5100855012961446
210	5	0.5091342343805958
210	6	0.5093099848189135
210	7	0.5107926848604621
210	8	0.5107991197373624
211	0	0.5108219556773878
211	1	0.5089566617202963
211	2	0.5108345392877374
211	3	0.5091461503005489
211	4	0.509033394830521
211	5	0.5089880120751633
211	6	0.5088871237912818
211	7	0.5090641950269275
211	8	0.5090467086101912
211	9	0.5090667005827314
211	10	0.5090265611745238
212	0	0.510821362568934
212	1	0.510679964678628
212	2	0.5107479933231566
212	3	0.5107844904062666
212	4	0.5107276085432578
212	5	0.5106082141675592
212	6	0.5108324764638911
212	7	0.5106531954746206
212	8	0.5104082319785058
212	9	0.5089258316403361
212	10	0.5091379574892895
212	11	0.5106191542804723
212	12	0.5106012444210294
213	0	0.5105543783404661
213	1	0.5105570028806049
213	2	0.5104374806215486
213	3	0.5104348894712966
213	4	0.5104348749503306
213	5	0.5106105672124522
214	0	0.5106280491611618
214	1	0.5104348749723145
214	2	0.5104354032504059
214	3	0.5104379815505922
214	4	0.5104352548688844
214	5	0.5104348749503491
214	6	0.5104393989637611
214	7	0.5105098340216371
214	8	0.510434892030329
214	9	0.5106403143636382
215	0	0.5106998062366952
215	1	0.5104348749716624
215	2	0.5106238782977635
215	3	0.5104353877467954
215	4	0.5104378884493094
215	5	0.5109964498541218
215	6	0.5106468759877538
215	7	0.5105213489245543
215	8	0.5108594632229657
215	9	0.5107087212407188
215	10	0.5105856916987903
215	11	0.5108308083789673
215	12	0.5105858942613827
215	13	0.5105201577670868
215	14	0.5108951088447722
215	15	0.5107309365667257
215	16	0.5106359564474243
215	17	0.5105950968864856
215	18	0.5103696162706386
215	19	0.5105180441393579
215	20	0.5108577645916329
215	21	0.5103434635988858
215	22	0.5102550626101222
215	23	0.510841374298877
215	24	0.5103434130979176
215	25	0.5107769374622567
216	0	0.5104379272920724
216	1	0.5106292384882821
216	2	0.5104348749719237
216	3	0.5104353946792624
216	4	0.5104348749503452
216	5	0.5104353229044812
216	6	0.5104348914457301
216	7	0.5105206273075269
216	8	0.5104412827136133
217	0	0.5104379005276083
217	1	0.5106243082388121
217	2	0.5104348749717005
217	3	0.5104353896503363
217	4	0.5104348915531782
217	5	0.5105187804054923
217	6	0.5104413332604705
217	7	0.5104348749503447
217	8	0.5109734918838835
217	9	0.5104353247678854
217	10	0.5106816129030455
217	11	0.5107489037221489
217	12	0.5108950423337161
218	0	0.5106289122106142
218	1	0.5108540829942493
218	2	0.510615022434809
218	3	0.5104224444675555
218	4	0.5103984976519051
218	5	0.510521459433244
218	6	0.5103085394320188
218	7	0.510870128305852
218	8	0.5105596872787599
218	9	0.51039849675173
218	10	0.5109042257528998
218	11	0.5108647626309788
218	12	0.5106996937559638
219	0	0.5105352298156453
219	1	0.5104377336820114
219	2	0.5106163598882472
219	3	0.5104348749704763
219	4	0.5104353612531862
219	5	0.5105182859984082
219	6	0.5104348749503403
219	7	0.5104348908808571
219	8	0.5104408869617145
219	9	0.5110514639969592
219	10	0.5108989561113672
219	11	0.510687711707861
219	12	0.5107486203448596
219	13	0.5104353074800264
219	14	0.5108632162364832
219	15	0.5103496078451637
219	16	0.5105761541695398
219	17	0.5108667534414197
219	18	0.5108822766995157
219	19	0.5104436460855011
219	20	0.5106238195071634
219	21	0.5104207054686241
219	22	0.5104206404066458
219	23	0.5103301211387216
219	24	0.5107299887650791
219	25	0.5107657616420311
219	26	0.5104888206103819
219	27	0.5104971521502627
219	28	0.5106370699623366
219	29	0.5105937698258036
219	30	0.5107778247557773
220	0	0.5104348749503468
220	1	0.5104348917288615
220	2	0.5105198980634431
220	3	0.5104415323084694
220	4	0.5104353327642198
220	5	0.5110998173718481
220	6	0.5109054744658005
220	7	0.5107596877393762
220	8	0.5106948863404667
221	0	0.5107623087583985
221	1	0.5104348749698069
221	2	0.5104376257565191
221	3	0.5106112442319076
221	4	0.510435343310782
221	5	0.5104348749503422
221	6	0.5104409849107703
221	7	0.5104348908753009
221	8	0.5105163616100682
221	9	0.5110244143424048
221	10	0.5106834897991835
221	11	0.510750364713777
221	12	0.5108943793375706
221	13	0.510435311390923
221	14	0.5108511565961885
221	15	0.5106928421887013
221	16	0.5107231234627192
222	0	0.5105058318445708
222	1	0.5107620060772606
222	2	0.5105624481949786
222	3	0.5106523563689521
222	4	0.5104348749664827
222	5	0.5104348749503186
222	6	0.5104450309051985
222	7	0.5103865143412585
222	8	0.5103184518714129
222	9	0.5105829993872425
222	10	0.5103769252491325
222	11	0.5098142720025269
222	12	0.5097456841897573
222	13	0.5100235360492181
222	14	0.5089108085360142
222	15	0.508789785167041
222	16	0.5091483427342928
222	17	0.510857845417341
222	18	0.510040760519116
222	19	0.5100406109491555
222	20	0.5105284553910865
222	21	0.5107613948514907
223	0	0.5108112209969634
223	1	0.5104348749695902
223	2	0.5104352644233209
223	3	0.5104352215473209
223	4	0.5104348749503355
223	5	0.5101492252183878
223	6	0.5109662291420591
224	0	0.5104353752232185
224	1	0.5104348749698874
224	2	0.5105867336064642
224	3	0.5104371545583146
224	4	0.5104353204465814
224	5	0.5104348749503369
224	6	0.5104348875537793
224	7	0.5104382690477942
224	8	0.5105007112665053
