## RankNet
## Epochs = 50
## No. of features = 48
## No. of hidden layers = 2
## Layer 1: 10 neurons
## Layer 2: 10 neurons
1 2 3 4 5 6 7 8 9 10 11 12 13 14 15 16 17 18 19 20 21 22 23 24 25 26 27 28 29 30 31 32 33 34 35 36 37 38 39 40 41 42 43 44 45 46 47 48
2
10
10
0 0 -2.3520643266487705E-4 -0.01643608806310556 -0.03840669649037119 -0.0943071483245344 -0.03469583463473227 -0.020330659294144744 0.021970434786630046 -0.03207538526245869 -0.05120235168147944 -0.09499979185877996
0 1 -0.0150954844430089 0.061448365449905396 0.09897224605083466 0.09126191586256027 0.04037507623434067 -0.0025777160190045834 0.027358287945389748 -0.050824008882045746 0.0988490879535675 0.02139362134039402
0 2 -0.09620297860600292 -0.05872713103505571 -0.020814793514533123 -0.06322579026516063 -0.06883225715007898 -0.0283412273109266 0.04383787833992868 0.07838437615444892 -0.04163463018818314 0.07216270799515495
0 3 0.07808533310890198 -0.010300219058990479 -0.0064521851018071175 -0.08500751852989197 -0.08078393340110779 0.03293038532137871 -0.047283388674259186 -0.044700611382722855 0.037735432386398315 0.08259160071611404
0 4 0.044447410851716995 -0.0010999500518664718 -0.041695673018693924 0.028387194499373436 -0.0965760350227356 0.08101919293403625 -0.0649440735578537 0.06489294767379761 0.07363526523113251 0.08400465548038483
0 5 -0.04652005434036255 0.09096455574035645 -0.08263109624385834 0.08189158886671066 0.05336971953511238 0.05932500958442688 0.06173748895525932 -0.06368405371904373 0.029041003435850143 -0.04301648214459419
0 6 0.018293983410689645 -0.08653747413510116 0.013588728427181253 0.06684960024891037 -0.09143388588211149 -0.0035108675872376144 0.003966009360051675 -0.09468088738125098 -0.0511232768363457 -0.03914646061600402
0 7 0.02556031465817144 -0.04655937848247203 -0.04184755669370455 -0.07528473869916998 0.0021686275610247325 0.04393317966277942 0.041569966120492505 -0.0908583869865239 -0.04462835138338398 0.045292810707392786
0 8 -0.03420332666822016 0.07227541866971504 0.0260036077222607 -0.0401881265084141 -0.08750129088275331 -0.07354594212930114 -0.07542993488511443 -0.015158068816974492 -0.08725255087395646 0.05912999632424317
0 9 -0.0017274863678984822 0.09143277618361961 0.00328793789845027 -0.006796102281927342 0.05324215472228598 0.06163834217031106 0.05337137741246849 -0.08240563279004365 -0.030828491900167405 -0.020064907049474955
0 10 0.08671138960532605 0.024266129241123324 -0.09714899846699049 -0.08962822729748454 0.03077112541086745 0.09065578687031357 0.0674535223583281 -0.09742220347733765 0.03178855299571985 -0.03089834926062608
0 11 0.024547135373762904 -0.04029400885995488 0.07277809541366709 0.0378095155467956 -0.07359644436567744 0.01224012098163777 -0.07081345154099407 0.027197712684051398 0.041431830352225536 0.036015156919169566
0 12 -0.03970368700636807 0.06875743034111875 0.029266535220312546 0.05285448614292214 0.05379614223651253 -0.062047035554670345 -0.0478329616754798 0.0762535708001449 -0.06407513857991164 0.010878852997293636
0 13 -0.09944221516610086 -0.008490295370738003 -0.09845629490185884 -2.0574069132042215E-4 0.023000156045296666 0.05172412871422884 -0.025003849698515178 -0.02040916394013542 -0.08470162786007387 -0.01958829211620783
0 14 0.06898708379447971 -0.01596298617024643 -0.07963739009332545 0.06962938737541485 -0.05221232389651572 -0.05741931522881378 -0.00777123044860611 0.032226837433100126 -0.06693789922657488 -0.04918374409416139
0 15 -0.0017388261832122802 0.007316153572385577 0.005603784830249051 -0.08833744383021398 0.01257433044813449 0.03676717347925618 -0.042090148175132645 0.08517721873657173 -0.005542808267512861 -0.03719705337509304
0 16 9.947026561417966E-4 -0.03966414331813949 0.07797902645714043 -0.09584917396461219 0.05690417220168228 -0.04465247659413425 0.08777373579323312 0.09024903424749671 0.07768604656110577 0.051978523710445874
0 17 0.07311901860791127 0.09161289103201871 0.06252670682836264 -0.09496868815480955 0.05101780946711945 0.05087821466251113 0.0287011119523145 -0.007642990820318784 -0.006299383702366324 -0.047499359817705526
0 18 -0.06948889869206039 0.019297693293501884 0.02035733724040068 -6.016190160117268E-4 -0.0391935039233039 -0.031607615802221344 -0.04432363421384781 0.004583430056077885 0.021686093007032933 0.004748251146351955
0 19 0.091137153263618 -0.052758403227597235 0.004302786151362084 -0.08885389900332279 0.004176811635262693 0.05713732225297337 0.005993199974766548 0.03566585770464708 -0.0705835308971396 0.04901578055924207
0 20 0.019553658719589043 0.02608151350829017 -0.04427489200565467 0.07895104998225384 0.057767133082962864 -0.0055206645146168975 -0.007739000979342882 0.09902274525380911 0.07094258702373595 -0.03425785003000468
0 21 -0.007933784412858276 -0.09274149600569777 -0.0407997861466928 0.07618482101866329 -0.017598712869001686 -0.004634742527811114 0.06267833327395937 0.03127323217608222 -0.09240188866467147 0.06658540941372112
0 22 -0.01846291505668745 0.06184414847071732 0.04849194408117534 0.07699264133269738 0.05664207294861641 -0.0789626549091007 -0.050351111949961905 0.035319170519491384 0.03636320381065894 0.001253774393072729
0 23 -0.04926962939792938 -0.049222132529144695 0.020903253408744212 -0.09907226987233368 -0.0501670839845245 -0.09207133518717663 -0.09047220256797267 0.052055007270442086 0.03193191278492664 0.05277927378768079
0 24 -0.004902350716292858 0.04944087192416191 0.04094716161489487 0.08191046863794327 -0.048741716891527176 -0.029401570558547974 0.03751556947827339 0.08046863973140717 -0.09276033937931061 0.06663362681865692
0 25 -0.007666847909796059 0.0015203723711160943 -0.04672870376285091 0.05203372577611094 0.05233984683313123 -0.09333985129380876 -0.09398113129972012 0.09132261140766303 0.012030096060574697 0.09216220238004616
0 26 -0.08069670581195916 0.08971294461067257 -0.03320898815335034 0.013843181672643968 -0.08041086539347819 0.03384329647758955 0.049361539272982355 0.06660101057567239 0.06343470959564775 0.01356105471840358
0 27 -0.03269871686512343 0.02000802029053695 -0.08157038077051611 0.04739933225880826 -0.0723947338683341 0.019959933970206404 -0.0228103899189342 -0.09244935909861272 -0.04132327977160132 -0.043903575474331935
0 28 -0.08513343671471832 -0.007136792040302011 0.06410895929579287 -0.010962752672265125 -0.051588468523474394 -0.09506896895578143 0.07658776523588519 -0.03405523880628479 0.03154091180205746 -0.04233420438331431
0 29 0.02389691098224784 -0.08733067070402413 0.03879824676889988 0.0701111861400253 -0.01460195019213366 0.003079677562541943 0.03903707293677385 -0.01326416091732256 0.007652798937181299 0.07797590445641077
0 30 0.0558354068902459 -0.06470254413472255 0.08461561227976774 0.05468909730577506 0.07341890426374119 -0.05670145132617089 0.0856190978454287 0.04496986009758214 0.04093836315764582 0.04892778217770459
0 31 0.024812646446628384 -0.070113176600232 0.03316898618664402 0.015481268391556804 0.08708886575786917 -0.06830496064685794 -0.06990684020428224 0.011881087871294802 0.008348429733748199 0.09865895262042479
0 32 -0.028898122317940655 -0.01746728831940821 0.09912833702410041 -0.0851941877260441 -0.02115357611842626 0.055040131718549726 0.05010224875027624 0.08832115719202296 0.01622679732904336 -0.07329358475891906
0 33 0.017551158852237497 0.06982261443196372 0.03643844120260638 0.05101429372941456 0.06840744829296899 -0.06893364919160797 0.09272279646303584 0.09528108362187349 0.09136689043529767 0.004001705394595913
0 34 -0.04313471214062334 0.02186076894804453 -0.05517564577999054 -0.029784936483393427 0.02037453183025937 9.587936541520668E-4 0.0945549655181301 0.05124325589712791 -0.030031706227920126 0.07611309646096612
0 35 -0.04321917668779834 0.049084835578998794 0.06718353264460518 0.05796353276861914 -0.0862983945419402 -0.069343057172739 0.02405306656198446 -0.052668790464129214 0.0714149109536141 -0.04588636414595102
0 36 -0.07432414574397536 0.08539358954206142 -0.03847559065804893 -0.01665342112025115 -0.04118048540617072 0.03431283718695976 3.6267485503867282E-6 0.025749063774676718 -0.03471512062079466 -0.09034790902227215
0 37 0.03710346874766366 -0.012634978357205222 0.06393479162569397 0.009232249269224222 0.05893403100733893 -0.028781174754848777 0.0010511901895094962 -0.09364023976450929 0.05086602054898008 0.04036188525460576
0 38 0.060311039775489884 -0.007616832968356969 -0.06867468582246382 -0.060805713455512514 0.03929410628899798 0.06060738074012421 0.07731234892401011 0.011994862386719197 0.03270953001186412 0.02253256361423024
0 39 0.005666239984213341 -0.07613934727809094 -0.005643980966544998 0.011397440288827264 0.08160616956576607 -0.007409810513478165 0.03320708735975534 0.028025251270965487 9.057387752662302E-4 0.02613771330056676
0 40 0.0461899157934433 0.07571731096618217 -0.06991779990311804 0.01412729265153884 0.07821767117892031 0.009572696318482145 0.08321145347598567 0.011562808996496468 -0.017037292044883832 -0.06232920771478407
0 41 0.022010218268445788 0.05371086432639499 0.035262127329332135 -0.08570229803419445 -0.007873902482089742 0.06531820430308981 -0.020684572515415323 -0.0356002639736967 0.004249571444520095 -0.045405909156393864
0 42 0.027450525281153392 0.002470425064847874 0.03580807314576541 -0.034394393714780355 0.04434432740173334 -0.05338765584457005 -0.08746068503181956 0.055056637803779056 -0.011985951682192601 0.011437422283387642
0 43 -0.05218204728336112 -0.057691294648177224 0.024016933043813492 -0.04368248384093464 -0.01988431135410238 -0.08009154351858679 -0.015986738755517937 -0.06775629206758937 0.038635631491380475 0.05416574221168347
0 44 -0.07895674924763908 -0.014837731672780305 -0.0330275320014203 0.051460758783921666 -0.037939426547628864 -0.010234316163597412 0.03873451933347604 -0.06560975680230496 0.08945521892503001 -0.027415724308452637
0 45 0.08573053408947716 -0.05928207754190417 -0.046723301013394634 0.007357839495942214 0.08260699635114073 0.018531231857003883 -0.007762183490312112 -0.07061002025483487 0.060319917215854606 -0.027645148174128564
0 46 0.042495599597987245 0.08888864064532964 0.05614317391642833 -0.00707058966508054 -0.030319071841684832 -0.02019581426219289 -0.08910578794545089 0.09953079304063105 -0.04607502139968366 0.08060012295849062
0 47 -0.03212548682517832 -0.09473475451853869 0.07477359911468386 -0.08397888726120777 -0.05348805818357385 -0.007608638969824484 0.05254246804164936 0.030083482252724596 0.009954590154946609 -0.0073210581927892066
0 48 0.02572768918257123 -0.004658270226381835 0.08611481349609507 -0.06460709666109417 -0.05731564426153643 -0.09084267930239039 -0.03258449642114537 0.019123321050779227 0.03949426216451191 -0.0318836343641995 -0.04258977405187912 -0.06455634036039808 0.08282206109105056 0.04444653931737305 -0.0769735228657973 0.08530848074447886 0.0014717054360252413 -0.097022749151052 -0.02559814269618595 -0.09983329654781023 -0.024784268986638287
1 0 0.025220143298288252 0.04235610246934763 -0.09026519460105485 0.03648770906640238 0.054460993739607264 0.08909921226698116 -0.007179576194617495 0.05192356927991724 0.055989710658076654 0.048958071574222495
1 1 0.009135667125942616 -0.012056806735078175 0.007392058562862406 -0.06562699873336923 0.018149786723293117 0.07857370050650002 0.03765562386141638 0.05394780552785686 -0.08494764734125106 0.06177601905689363
1 2 0.021552560474843475 0.09666269070976477 0.03689732552750798 0.09460558930108344 -0.0852368730378169 0.0558876582214739 -0.09887657447063325 -0.03779543828796688 -0.08210963705071586 0.08623560949093419
1 3 0.08968526585613831 -0.06891831032312311 0.011445251729229909 -0.0030317939851452415 0.028645619203256048 -0.0997650074492298 -0.03370703176583971 -0.004719046397790419 0.04116385534747798 0.0019210857099526814
1 4 -0.08272866829481851 0.09193790764196373 0.017870429444063758 0.09261494670467807 0.08842454575721535 -0.0572167793637645 0.06351002935854662 -0.04848491772222776 -0.09903183124425985 -0.03991679806202766
1 5 0.0732739406719125 -0.07037193885437634 0.039073661062657146 -0.05801044370923959 0.08244874106341901 0.014526713813369601 0.04309305060342378 0.027073789999181808 0.07030179406658386 0.04955167175217469
1 6 0.08651721650521198 -0.07357150982279723 -0.04090995587242913 -0.06654868777324989 -0.06871886415284574 -0.03574871294417854 0.06492369847033286 0.09420470820068026 -0.01405344947009189 -0.017789302917771223
1 7 0.042883934852478794 0.02582228252729535 -0.02600712951433444 -0.031248244978843837 -0.04236461740054039 -0.06495233564855478 0.06725000195861357 0.01364717552243663 0.06869484874924808 -0.03603244728066508
1 8 0.041755949342546526 -0.06198772333506893 0.05246370236549082 -0.08598779595510526 -0.022322250256398547 -0.055941041267362525 0.07514799631207268 0.024287766940433702 0.0026234753919279295 0.07567526703976055
1 9 0.009461627148021597 0.010126623952292076 0.051195853403478556 -0.03670222743744073 -0.02022050539289833 0.09685955350688473 0.010591679005561445 -0.07567079214407757 0.057817935986606804 0.08760688101627258
2 0 0.016393451014529038
2 1 -0.01992634794465952
2 2 0.07699729339625498
2 3 0.03825537216040241
2 4 0.0072023405737267196
2 5 -0.06687366333532821
2 6 0.03143700753712669
2 7 0.06801397816438562
2 8 0.05496257278128302
2 9 -0.0773099583033682
