## RankNet
## Epochs = 50
## No. of features = 48
## No. of hidden layers = 2
## Layer 1: 10 neurons
## Layer 2: 10 neurons
1 2 3 4 5 6 7 8 9 10 11 12 13 14 15 16 17 18 19 20 21 22 23 24 25 26 27 28 29 30 31 32 33 34 35 36 37 38 39 40 41 42 43 44 45 46 47 48
2
10
10
0 0 -0.028818963402454694 0.08948246846752413 0.01033235059112382 -0.018142107220909906 0.08257905986333501 0.04453349752636837 0.0235380848322227 0.06936497631338698 -0.0789489118632308 -0.047056823119614885
0 1 -0.0629965290427208 -0.044597793370485306 0.05833946540951729 -0.02819729410111904 -0.0841231495141983 0.05578267574310303 -0.07729320228099823 0.057140570133924484 -0.08730041980743408 -0.08107329905033112
0 2 -0.08879867196083069 -0.09597057104110718 0.0831747055053711 -0.049325425177812576 0.08339675515890121 0.04385756328701973 0.004298472311347723 0.020446812734007835 0.09884588420391083 -0.057954560965299606
0 3 -0.04768844693899155 0.09677188098430634 0.0772014856338501 0.06394325196743011 0.02343217097222805 -0.05315013974905014 -0.09432103484869003 0.08068712055683136 -0.09905527532100677 0.0696260929107666
0 4 0.09550131857395172 0.08725415170192719 -0.058756716549396515 0.08701387792825699 -0.045661550015211105 -0.05480970814824104 -0.04163845628499985 0.0827207863330841 -0.04281823709607124 0.050743408501148224
0 5 -0.08370070159435272 -0.08184962719678879 0.04955436661839485 -0.09788234531879425 -0.06464337557554245 0.07691051810979843 0.06876783818006516 0.03775584697723389 0.05240906402468681 -0.028398673981428146
0 6 0.027145919780576077 0.003532422690629314 0.04586643749005621 -0.05806790073410467 0.032984595122435956 -0.05627642308741361 -0.039582090960774814 -0.026706003637391444 -0.04230844214639631 0.07383968941258631
0 7 -0.07216250480885006 -0.009800476873623854 0.0034519380574502883 -0.014978582030258739 0.07604770676068948 -0.044132790965191085 -0.04735868086816041 0.09459990990734096 0.014935579638308542 0.022960232682044206
0 8 0.058493995107561154 0.02084391971828502 -0.08115804871205408 -0.05767813426705526 -0.09058344537460897 0.04252171091428293 -0.02699836955216995 -0.008669559440651915 0.08893399208061273 -0.04730872615731461
0 9 -0.020433413796276508 -0.011386202296595187 -0.04293510248545841 0.03307745876458956 0.048394931609986494 0.08834984846106038 -0.020206807710205228 0.046529180773457225 0.038859954916163335 -0.04313929557359917
0 10 0.027259371257491137 0.04676915404233037 0.03670595081433284 0.07771820884901187 -8.395219423620257E-4 -0.004926699976451849 0.04785009431897669 -0.061570384378756816 -0.058486819906858924 0.09484377820998631
0 11 0.06100970150434913 -0.007603235854769559 0.027601310961013203 -0.0655223272960429 -0.06730179747384206 0.07767906632265273 -0.02775917097351962 0.010481468924891673 -0.023885914226177488 0.04904705456916063
0 12 -0.0032492502880952148 0.06595364456780733 -0.050022188185801224 -0.021566007789720704 0.0888217116567785 0.07732358248271859 -9.798713630910017E-4 -0.035346474286199525 -0.04709139964552204 -0.06684134384007237
0 13 0.039923956463627834 -0.09910510503965796 0.02993886934777579 0.031142229297961028 0.012860726986461232 -0.09865940472705877 0.0055794334750157186 -0.0665489495734588 -0.042108422803839314 -0.06906573196993473
0 14 0.03908451618072659 0.09621080730183938 0.06753925278280817 0.06332366563266785 0.03075462786357356 -0.030981180534875224 0.005130128973080872 -0.04498151206664816 0.09679827809843025 -0.043394429960607564
0 15 -0.04018767923116684 0.06441649049520493 -0.025644075125455856 -0.08224447071552277 0.04365706443786621 -0.052853263914585114 0.05260050296783447 0.07867394387722015 0.07683251053094864 0.08287958800792694
0 16 0.07466599786025191 -0.02314735003379224 0.053553881830742146 -0.09869514092379487 0.07152897662698642 0.0030441055541852963 0.03901798388905733 -0.015949230414237143 0.006307929591559864 0.09513657021915413
0 17 -0.09504623337157793 0.027038602522320824 -0.05557887085210654 2.806384422594323E-4 0.027024243820047103 0.0246952089893454 0.057806024440194906 -0.09414634132771335 -0.04731289256269959 0.07468842093415017
0 18 0.0754645788695504 -0.04212884502270608 0.047131465288136526 -0.02657840481381631 0.03829378471663814 -0.09228432238763845 -0.060810260429368254 0.05013398306327662 -0.07047873421128961 -0.020215963483951858
0 19 -0.012907613665207006 -0.026587853338851556 0.009934039853021092 -0.04048294030731745 -0.05982962950450902 -0.09356095789560528 0.0990562062630565 0.04399677953876013 -0.08915482592493695 -0.09705624633152286
0 20 0.03722795039381166 0.04694674337254549 0.06867176021586223 0.0979057753770957 0.04597474307435031 -0.060160578774302434 0.035862139976969847 0.07145137555159116 -0.0640884129396121 0.07000766790788372
0 21 -0.07686098726060019 0.09530831637696269 -0.032257743891261376 -0.08976947757121063 -0.08311416987792986 -0.08101150237982706 0.029587922124947548 -0.03957984729463279 -0.03833863311266086 0.04292667629931311
0 22 -0.05599090052931466 0.08014595304552312 0.06884927489383906 -0.06804136811054035 -0.02909719552002002 0.031605558607358815 0.008741252749848811 0.04853775438816472 -0.09242089728855474 -0.02519651972885966
0 23 0.0163000220056932 -0.06500626927269883 -0.08252858643283086 -0.046550961366353706 -0.03820814892036443 -0.04410047231802268 0.013556748248091685 0.09907955146587873 -0.015623064159456848 0.08942694313209255
0 24 -0.05368087813258171 -0.044815875589847565 -0.0680936649441719 0.0826074555516243 0.09405125677585602 -0.0993092805147171 -0.05677241086959839 0.04085390642285347 -0.05442432686686516 -0.07943131029605865
0 25 0.03725841184060966 -0.005466833196612687 0.053413668724883616 0.011092432887425964 0.019153919167144914 0.05102597500583715 -0.01420611138061463 -0.09489599095231842 0.050151807824504804 -0.031577446011609576
0 26 -0.0048067569732666016 0.020864957943558693 -0.02056151069700718 -0.04989622160792351 -0.09178821742534637 -0.09998538345098495 -0.09137236326932907 0.0468398854136467 0.03717770054936409 0.049938540905714035
0 27 0.06804313535853641 0.05980970599477342 -0.08416808863330516 0.03196900031752415 0.0823338780396661 7.986267468324864E-4 -0.05130891824403442 -0.08843510902719155 -0.08032657859607231 0.004502695529873967
0 28 0.02274963047947533 -0.07484874634793377 0.00522027203355539 -0.04178244397279111 0.014137834275829557 0.04513624626546733 0.06341431692326635 0.10168141506976909 0.03200830881609718 -0.0324765671020281
0 29 0.08204074347952794 0.02781883039675002 -0.018085575107002733 0.04077455836599762 -0.03866135321615218 0.08018249508534524 -0.04359997639118465 0.061046021426331296 -0.07166593293215193 0.055168565304661375
0 30 0.01640101291257808 0.01745729586975389 -0.04900236020621364 0.07123453404444904 0.09535980058071244 -0.05713430225951583 0.08138383243851376 0.0935711647579371 -0.07348439815045438 -0.07746347714407195
0 31 -0.02520872959274037 -0.0037103324080069644 -0.03542244299606076 -0.06586834071137423 0.0046707662977782515 0.08366367302315555 -0.009570759645468361 0.022123712340039427 -0.041678912104156085 0.09775553235962536
0 32 -0.015403209359951394 -0.09451629916589076 0.03130623400240892 0.08684936101317742 0.02461909404347751 0.0943928598252742 -0.06321074680051907 -0.07669030073993219 0.014730681278409822 0.09654786042983739
0 33 -0.03201879001809096 -0.05742095314766649 -0.052249371974982466 -0.006894520237773124 0.041145338383220625 -0.05813338344848622 -0.0814610147861166 0.06338477761146341 0.04856387687329142 0.07247725323810825
0 34 -0.06602875168098087 0.002353419892017398 0.08745720072662262 0.052307253565067074 0.05920937168553111 0.09820963100394155 0.07726871854314764 0.04955407456921451 -0.046208000525869576 -0.04345811289422917
0 35 0.042621440586163004 -0.09705381447282173 0.0928398404779243 0.0425063520398295 -0.05843697200177499 0.07666356774859007 0.05301690135492925 -0.07036382269551665 -0.09228744213197779 -0.0940545188064024
0 36 -0.07568911189974349 0.092561856524552 0.014350440881048941 0.07474509888344048 -0.09874247529868047 0.06294538580583608 -0.031730034282179076 0.0539111720247265 0.04821934836344175 0.04374961678908684
0 37 -0.09451426898626128 0.061004969816930814 -0.019379827112132923 -0.09663081433562062 0.029870842236334398 -0.08064427068347366 -0.07048414158690805 0.001299813090819029 -0.031618499672913296 0.07480001458055882
0 38 -0.02711287057567619 0.054766443564414326 0.050707458967494366 -0.006862562319842714 -0.04639729977250614 -0.07243825796296417 0.06632299848121208 0.08043480214918057 0.07197381049996589 0.05883122963582062
0 39 -0.08574205367435019 -0.06456418614196771 -0.021838915085269 0.088609727395119 0.07153218492269094 -0.0896481678192836 0.018755537795243752 0.09049613324249188 -0.014833449789822168 0.08947896195326661
0 40 -0.03758389501742888 0.0018273698256640596 -4.8393276667555015E-4 -0.042828785373095646 -0.036816082925501634 -0.00727394064108928 -0.06508836621435297 0.008542980300619214 0.08819678947297559 0.01320360100621622
0 41 0.016032792790769235 -0.018294879081661334 -0.028532002143497104 0.04811957923362096 0.0584143746848763 0.006740100551305948 -0.03792498900912205 0.09376232005805943 0.08116605774581113 -0.014203336243594376
0 42 -0.08985838744911626 -0.07094431702678276 -0.06141759758707574 0.09271873848731048 -0.02934285676142522 -0.003598657993031308 0.07893011804187314 0.08262071065817506 0.009605842781049536 -0.08251542147609049
0 43 0.07711782694240428 0.0033915768841923754 0.056957027554706434 0.02997652161540547 -0.06638857204305663 0.02180272354198648 -0.041616996708424864 -0.04810287091111191 -0.043078738469794264 -0.016137420867138447
0 44 9.81019971372481E-4 -0.09606787722048522 -0.09007304908182209 -0.05715253063743905 -0.006847626241946738 0.08998486267106093 -0.023853805146248203 -0.060954140943317844 0.04682170560475033 0.0038855422208020247
0 45 -0.008304138040689852 -0.06419880102810623 -0.00832333882745071 0.012764111633542774 0.01793847122127374 -0.05185590071900359 0.01942123077151074 0.04088324450251536 -0.012160745841604256 0.012121575131447064
0 46 0.06647773623766694 -0.020524864610892285 0.005010780750486705 0.07365950169328997 0.030650041140406384 -0.01971946635631934 -0.031680348810336684 -0.049686311504622445 -0.020837080436672397 -0.09337709434071019
0 47 0.02070094771649051 -0.005599777344896562 0.013744123346611447 0.061056049385608956 0.057916235631875944 0.02688719929567098 0.02260260618423537 -0.07748958998166537 0.021439694420393358 -0.04902947225291646
0 48 0.06986797989809228 -0.08301120887976343 -0.045906536303396195 -0.0903711535256152 -0.044540102386885785 0.007824816144912072 -0.0159647770913642 -0.07041892729549434 -0.04668861730873907 0.0678662749332539 -0.0675369352591643 0.0821563532594497 0.029270254767076256 -0.0726593968135306 -0.09522366068580679 0.044152604671887724 0.06634043478336162 -0.06818381721866809 -0.062067593613466115 -0.0035379073480693935 -0.053384823190783075
1 0 -0.06762045364918035 0.048259740442982264 0.03871474630516358 0.04689107141629656 -0.04238597312880681 0.06691098806539342 0.07400131333988635 -0.01851440924888502 0.06291883556663512 0.07309996348968104
1 1 -0.023387095114595507 -0.00877501076749972 0.08043680540112941 0.0850663056081332 -0.0064389114523742364 -0.0855181196295477 -0.08612958273972632 -0.09497901229486494 0.05076740850265572 0.04228158744818118
1 2 0.0055565740779050955 0.03333671501000379 -0.06997735717511155 0.08915561626433305 0.001433404250704646 0.050679124024991744 0.019404998294227815 -0.08089883152219815 0.09557400929659109 0.018569420806096706
1 3 -0.022872408107953938 -0.08055529310390655 0.06068835423620112 -0.01590722508382921 -0.08233170671835138 -0.012916850722754017 0.06101371392985458 7.922698521913007E-4 -0.03409080741404799 -0.027064434622139047
1 4 0.010821905603334831 -0.07397076841045425 -0.04460364336961054 -0.09266386785864426 0.04685208908950836 -0.01045698064020276 0.050363085025485414 0.01431097270862164 0.057413880404672914 0.06233370424382866
1 5 -0.07159592996247369 -0.0301273965443162 -0.06205993483633004 -0.04680550267517076 0.0026816263923295468 0.01979391429178792 -0.09766371429061871 0.00970488946360338 -0.03000388162736954 -0.07425023332540799
1 6 0.08695889869410689 -0.03389131101350605 -0.01965504696463734 0.05118623264412351 0.019063589212169073 0.05951686944995439 -0.013238741544078118 0.049298774850429605 -0.03895680088099045 0.00271712123441367
1 7 0.08325861534382988 -0.052008265643797645 0.036921556537016606 -0.06907034363167891 0.03113417504091551 0.027804225969801408 -0.012423810079258262 0.040188419875872114 0.0532743004610331 0.03874235877708172
1 8 0.02032487802975588 -0.008175541226315102 -0.06301446681015824 -0.043069226105076214 0.0200556310676328 -5.578553366003012E-4 -0.031279573752742144 0.021935908018274775 0.01286784421825982 -0.009030595504760285
1 9 0.00262583676635629 0.06837453108240713 -0.09622066285231382 -0.0881614492959004 -0.05034239234987369 -0.011014322554789666 -0.06345478326099173 -0.04247030874232555 0.04932108487895502 -0.024657770233469826
2 0 -0.045107056856133254
2 1 -0.045823593458485704
2 2 -0.005185814163116106
2 3 0.014599452316964266
2 4 -0.020356402680829354
2 5 -0.010323328209845953
2 6 0.008336160707421873
2 7 -0.08895956717481057
2 8 0.04073157750335286
2 9 0.022687713030851216
