166	0	-2.597672462463379
166	1	0.253383070230484
166	2	3.148711681365967
166	3	-1.4642778635025024
166	4	-1.023604393005371
166	5	3.2933509349823
166	6	2.2693586349487305
166	7	2.2693586349487305
166	8	-2.7217886447906494
166	9	2.516986846923828
166	10	2.0593979358673096
166	11	2.958479881286621
166	12	-1.9656180143356323
166	13	3.398343086242676
166	14	-0.7751835584640503
166	15	-2.043246269226074
166	16	-0.9070870280265808
166	17	-2.734225273132324
166	18	-2.043246269226074
166	19	1.226002812385559
166	20	-2.197629690170288
166	21	-2.197629690170288
166	22	-1.8775397539138794
166	23	-2.197629690170288
166	24	-2.0182642936706543
167	0	-2.197629690170288
167	1	-1.4642778635025024
167	2	-2.0182642936706543
167	3	-2.197629690170288
167	4	-2.197629690170288
167	5	-2.597672462463379
167	6	3.2955007553100586
167	7	0.253383070230484
168	0	-2.197629690170288
168	1	-2.197629690170288
168	2	-1.4642778635025024
168	3	-2.0182642936706543
168	4	-2.197629690170288
168	5	-2.597672462463379
168	6	3.148711681365967
168	7	0.253383070230484
169	0	-2.197629690170288
169	1	-2.0182642936706543
169	2	-2.197629690170288
169	3	-1.4642778635025024
169	4	-2.197629690170288
169	5	-2.597672462463379
169	6	3.148711681365967
169	7	0.253383070230484
170	0	3.2955007553100586
170	1	-2.197629690170288
170	2	-2.197629690170288
170	3	-1.4642778635025024
170	4	-2.197629690170288
170	5	-2.0182642936706543
170	6	-1.8775397539138794
171	0	-2.0182642936706543
171	1	-1.4642778635025024
171	2	-2.197629690170288
171	3	-2.197629690170288
171	4	-2.197629690170288
171	5	-2.597672462463379
171	6	0.253383070230484
171	7	3.2955007553100586
172	0	-2.4613442420959473
172	1	-2.0182642936706543
172	2	-2.197629690170288
172	3	-1.4642778635025024
172	4	-2.197629690170288
172	5	-2.597672462463379
172	6	0.253383070230484
172	7	3.2955007553100586
173	0	-2.197629690170288
173	1	-2.0182642936706543
173	2	-1.4642778635025024
173	3	-2.4613442420959473
173	4	-2.597672462463379
173	5	3.148711681365967
173	6	0.253383070230484
173	7	-2.197629690170288
174	0	-1.4642778635025024
174	1	-2.0182642936706543
174	2	-2.197629690170288
174	3	-2.4613442420959473
174	4	-2.197629690170288
174	5	-2.597672462463379
174	6	0.253383070230484
174	7	3.2955007553100586
175	0	-2.197629690170288
175	1	-2.197629690170288
175	2	-1.8775397539138794
175	3	-1.4642778635025024
175	4	-2.0182642936706543
175	5	-2.197629690170288
175	6	3.2955007553100586
175	7	0.253383070230484
175	8	-2.597672462463379
175	9	-1.969688892364502
175	10	-2.0182642936706543
175	11	-2.197629690170288
175	12	-2.2620809078216553
175	13	-2.197629690170288
176	0	-2.0182642936706543
176	1	-2.197629690170288
176	2	-2.4613442420959473
176	3	-1.4642778635025024
176	4	-2.197629690170288
176	5	-2.597672462463379
176	6	3.148711681365967
176	7	0.253383070230484
177	0	0.253383070230484
177	1	-1.4642778635025024
177	2	3.2955007553100586
177	3	-2.597672462463379
177	4	3.146561861038208
177	5	1.226002812385559
177	6	-1.023604393005371
177	7	3.398343086242676
177	8	-2.302716016769409
177	9	2.516986846923828
177	10	2.414315700531006
177	11	2.2693586349487305
177	12	3.105268955230713
177	13	-1.9656180143356323
177	14	2.2693586349487305
177	15	-1.768142819404602
177	16	-0.8677680492401123
177	17	-2.478940010070801
177	18	-1.2899625301361084
177	19	-1.768142819404602
178	0	-1.4642778635025024
178	1	3.148711681365967
178	2	-2.597672462463379
178	3	0.253383070230484
178	4	-0.3837718367576599
178	5	-0.7751835584640503
178	6	3.2933509349823
178	7	-1.023604393005371
178	8	-2.7217886447906494
178	9	3.105268955230713
178	10	-1.0151599645614624
178	11	2.516986846923828
178	12	2.414315700531006
178	13	2.516986846923828
178	14	3.398343086242676
178	15	2.516986846923828
178	16	-0.9070870280265808
178	17	-2.734225273132324
178	18	-2.043246269226074
178	19	1.226002812385559
179	0	3.148711681365967
179	1	-2.197629690170288
179	2	-2.197629690170288
179	3	-1.70608651638031
179	4	-2.0182642936706543
179	5	-2.197629690170288
179	6	-1.8775397539138794
179	7	-1.969688892364502
179	8	-2.597672462463379
179	9	0.253383070230484
179	10	-2.197629690170288
179	11	-2.4613442420959473
179	12	-2.0182642936706543
179	13	-2.2620809078216553
179	14	-2.197629690170288
179	15	-2.197629690170288
180	0	-1.2471715211868286
180	1	-2.197629690170288
180	2	3.2955007553100586
180	3	-2.0182642936706543
180	4	-1.70608651638031
180	5	-2.197629690170288
180	6	-1.8775397539138794
180	7	-2.597672462463379
180	8	0.253383070230484
180	9	-1.969688892364502
180	10	-2.4613442420959473
180	11	-2.197629690170288
180	12	-2.2620809078216553
180	13	-2.197629690170288
180	14	-2.197629690170288
180	15	-2.0182642936706543
181	0	-1.70608651638031
181	1	-2.197629690170288
181	2	-2.0182642936706543
181	3	-2.4613442420959473
181	4	-2.197629690170288
181	5	0.253383070230484
181	6	-2.597672462463379
181	7	3.2955007553100586
182	0	-2.4613442420959473
182	1	-2.0182642936706543
182	2	-1.70608651638031
182	3	-2.197629690170288
182	4	-2.597672462463379
182	5	3.148711681365967
182	6	0.253383070230484
182	7	-2.197629690170288
183	0	-2.197629690170288
183	1	-2.0182642936706543
183	2	-1.70608651638031
183	3	-2.4613442420959473
183	4	-2.197629690170288
183	5	-2.597672462463379
183	6	0.7897424101829529
183	7	3.2955007553100586
184	0	-2.197629690170288
184	1	-2.197629690170288
184	2	3.148711681365967
184	3	-2.197629690170288
184	4	-1.70608651638031
184	5	-2.0182642936706543
184	6	-1.8775397539138794
184	7	-1.969688892364502
184	8	-2.2620809078216553
184	9	-2.197629690170288
184	10	-2.197629690170288
184	11	-2.0182642936706543
184	12	0.7897424101829529
184	13	-2.597672462463379
185	0	-2.197629690170288
185	1	-1.8775397539138794
185	2	-2.197629690170288
185	3	-2.197629690170288
185	4	3.2955007553100586
185	5	-1.70608651638031
185	6	-2.0182642936706543
185	7	-2.597672462463379
185	8	0.7897424101829529
185	9	-1.969688892364502
185	10	-2.2620809078216553
185	11	-2.197629690170288
185	12	-2.197629690170288
185	13	-2.0182642936706543
186	0	-2.597672462463379
186	1	-1.70608651638031
186	2	3.148711681365967
186	3	0.253383070230484
186	4	-1.2899625301361084
186	5	3.2933509349823
186	6	-3.02101731300354
186	7	1.226002812385559
186	8	-2.0593888759613037
186	9	-0.9909209609031677
186	10	-2.0593888759613037
186	11	3.398343086242676
186	12	2.2693586349487305
186	13	-1.9656180143356323
186	14	2.0593979358673096
186	15	2.516986846923828
186	16	2.516986846923828
186	17	2.958479881286621
186	18	-2.8016767501831055
186	19	-1.023604393005371
187	0	-1.023604393005371
187	1	3.2933509349823
187	2	-1.5986775159835815
187	3	-1.162561297416687
187	4	2.516986846923828
187	5	-2.031853437423706
187	6	0.4163215458393097
187	7	0.253383070230484
187	8	1.0913408994674683
187	9	-2.031853437423706
187	10	-2.9867329597473145
187	11	-1.2930469512939453
187	12	-0.8452310562133789
187	13	-0.9744690656661987
187	14	2.2693586349487305
187	15	3.398343086242676
187	16	2.2693586349487305
187	17	2.414315700531006
187	18	0.4681379199028015
187	19	2.2693586349487305
187	20	-2.764307975769043
187	21	-0.6314644813537598
187	22	-1.9656180143356323
187	23	2.958479881286621
187	24	-1.70608651638031
187	25	-2.597672462463379
187	26	-2.197629690170288
187	27	-2.197629690170288
187	28	3.2955007553100586
187	29	-2.0182642936706543
187	30	-2.197629690170288
187	31	-1.8775397539138794
187	32	-2.197629690170288
187	33	-2.4613442420959473
187	34	-1.969688892364502
188	0	-2.197629690170288
188	1	-2.197629690170288
188	2	3.2955007553100586
188	3	-1.70608651638031
188	4	-2.197629690170288
188	5	-2.0182642936706543
188	6	-2.301270008087158
189	0	0.6830377578735352
189	1	3.146561861038208
189	2	-2.4601597785949707
189	3	-0.7310771346092224
189	4	1.6413874626159668
189	5	-1.855423927307129
189	6	-0.0010857682209461927
189	7	1.6413874626159668
189	8	-0.7460197806358337
189	9	-0.3236718773841858
189	10	1.0683175325393677
189	11	0.2943270802497864
189	12	-2.0347893238067627
189	13	-0.7083132863044739
189	14	-0.7888438105583191
189	15	-2.5031533241271973
189	16	-3.02101731300354
189	17	-2.106520652770996
189	18	-1.0328717231750488
189	19	-2.0347893238067627
189	20	-0.5814035534858704
189	21	-1.023604393005371
189	22	-2.4601597785949707
189	23	1.6413874626159668
189	24	-1.70608651638031
189	25	3.105268955230713
189	26	-2.597672462463379
189	27	-2.197629690170288
189	28	-2.197629690170288
189	29	3.148711681365967
189	30	-2.197629690170288
189	31	-2.0182642936706543
189	32	-2.301270008087158
190	0	3.2933509349823
190	1	-1.0328717231750488
190	2	-0.6921705603599548
190	3	-2.0347893238067627
190	4	2.958479881286621
190	5	1.6115208864212036
190	6	-1.70608651638031
190	7	-2.597672462463379
190	8	-0.7298771142959595
190	9	0.19412022829055786
190	10	-1.855423927307129
190	11	-2.0347893238067627
190	12	0.19412022829055786
190	13	0.03029710054397583
190	14	-1.3252030611038208
190	15	-1.023604393005371
190	16	-2.444017171859741
190	17	1.6115208864212036
190	18	-2.4756178855895996
191	0	-1.3252030611038208
191	1	3.146561861038208
191	2	-2.0347893238067627
191	3	-0.7298771142959595
191	4	0.19412022829055786
191	5	0.2419779896736145
191	6	2.958479881286621
191	7	1.038451075553894
191	8	-1.70608651638031
191	9	-2.0347893238067627
191	10	1.6115208864212036
191	11	0.19412022829055786
191	12	-2.597672462463379
192	0	0.6830377578735352
192	1	-1.5670117139816284
192	2	-2.4601597785949707
192	3	3.2933509349823
192	4	-1.0328717231750488
192	5	-2.106520652770996
192	6	-2.2337591648101807
192	7	-2.0347893238067627
192	8	-2.4601597785949707
192	9	-2.4601597785949707
192	10	0.2943270802497864
192	11	-1.023604393005371
192	12	1.3031187057495117
192	13	-0.0010857682209461927
192	14	-2.0347893238067627
192	15	1.0683175325393677
192	16	0.6954201459884644
192	17	-0.0010857682209461927
192	18	-0.0010857682209461927
192	19	-0.3236718773841858
192	20	1.0201458930969238
192	21	-0.0010857682209461927
192	22	-3.02101731300354
192	23	-2.5031533241271973
192	24	2.958479881286621
192	25	-1.70608651638031
192	26	-2.597672462463379
193	0	3.2933509349823
193	1	-0.2442212551832199
193	2	-2.0347893238067627
193	3	0.19412022829055786
193	4	1.6115208864212036
193	5	-0.7298771142959595
193	6	0.19412022829055786
193	7	0.03029710054397583
193	8	-2.597672462463379
193	9	3.105268955230713
193	10	0.2419779896736145
193	11	-1.70608651638031
193	12	-2.0347893238067627
193	13	-0.5624064207077026
194	0	-2.197629690170288
194	1	-2.4613442420959473
194	2	-2.0182642936706543
194	3	-1.70608651638031
194	4	-2.197629690170288
194	5	-2.597672462463379
194	6	-2.597672462463379
194	7	3.148711681365967
194	8	-2.0347893238067627
195	0	-2.4613442420959473
195	1	-1.70608651638031
195	2	-2.197629690170288
195	3	-2.0182642936706543
195	4	-2.4613442420959473
195	5	-2.597672462463379
195	6	3.2955007553100586
195	7	-2.0347893238067627
195	8	-2.197629690170288
196	0	-2.4613442420959473
196	1	3.2955007553100586
196	2	-2.0347893238067627
196	3	-1.4642778635025024
196	4	-2.597672462463379
196	5	0.2943270802497864
196	6	3.2933509349823
196	7	-2.4601597785949707
196	8	-0.5814035534858704
196	9	-1.0328717231750488
196	10	-1.023604393005371
196	11	-3.02101731300354
196	12	-2.5031533241271973
196	13	1.0683175325393677
196	14	-0.0010857682209461927
196	15	-0.7460197806358337
196	16	0.2419779896736145
196	17	3.105268955230713
196	18	-1.0843311548233032
196	19	-0.0010857682209461927
196	20	-0.0010857682209461927
197	0	-1.4642778635025024
197	1	-2.0182642936706543
197	2	-2.4613442420959473
197	3	-2.197629690170288
197	4	3.2955007553100586
197	5	-2.597672462463379
197	6	-2.0347893238067627
197	7	-2.4613442420959473
197	8	-2.197629690170288
197	9	3.2933509349823
197	10	-1.0328717231750488
197	11	-2.2337591648101807
197	12	-2.197629690170288
197	13	-2.197629690170288
197	14	-2.301270008087158
197	15	-2.197629690170288
198	0	-2.4756178855895996
198	1	-2.9952785968780518
198	2	3.146561861038208
198	3	8.605880429968238E-5
198	4	-0.15726938843727112
198	5	0.2419779896736145
198	6	8.605880429968238E-5
198	7	-2.597672462463379
198	8	-2.0347893238067627
198	9	-1.4642778635025024
198	10	-2.0347893238067627
198	11	-0.7298771142959595
198	12	3.105268955230713
198	13	8.605880429968238E-5
199	0	1.59390127658844
199	1	-1.969688892364502
199	2	-2.2620809078216553
199	3	-2.597672462463379
199	4	-2.4613442420959473
199	5	-1.0843311548233032
199	6	-1.4642778635025024
199	7	3.2955007553100586
199	8	3.146561861038208
199	9	-0.5814035534858704
199	10	-1.023604393005371
199	11	-1.0328717231750488
199	12	0.2943270802497864
199	13	0.2419779896736145
199	14	1.0683175325393677
199	15	2.958479881286621
199	16	-2.0347893238067627
199	17	1.6413874626159668
199	18	-0.7460197806358337
199	19	1.6413874626159668
199	20	-0.0010857682209461927
199	21	-2.5031533241271973
199	22	-3.011183977127075
199	23	-2.4601597785949707
199	24	-2.106520652770996
199	25	-1.982466220855713
199	26	-0.29869577288627625
199	27	-0.8338184356689453
199	28	-2.106632709503174
199	29	-2.4281747341156006
199	30	-3.3650527000427246
199	31	-2.0182642936706543
199	32	-3.137761116027832
199	33	-1.721281886100769
199	34	-3.4042418003082275
200	0	3.2955007553100586
200	1	-1.4642778635025024
200	2	-2.597672462463379
200	3	-2.4613442420959473
200	4	-2.0347893238067627
200	5	0.2943270802497864
200	6	3.2933509349823
200	7	-1.0328717231750488
200	8	-0.5538681149482727
200	9	-2.4756178855895996
200	10	-2.9952785968780518
200	11	-2.444017171859741
200	12	-1.023604393005371
200	13	1.6413874626159668
200	14	-0.15726938843727112
200	15	-2.0347893238067627
200	16	8.605880429968238E-5
200	17	-0.7298771142959595
200	18	0.2419779896736145
200	19	2.958479881286621
200	20	1.6413874626159668
200	21	-2.197629690170288
200	22	-2.0182642936706543
200	23	-2.4613442420959473
200	24	-2.197629690170288
201	0	-2.4613442420959473
201	1	-2.197629690170288
201	2	-1.4642778635025024
201	3	-2.0182642936706543
201	4	-2.597672462463379
201	5	-2.0347893238067627
201	6	3.2955007553100586
201	7	-2.4613442420959473
201	8	-2.197629690170288
202	0	-2.4613442420959473
202	1	-2.0182642936706543
202	2	-2.197629690170288
202	3	-1.4642778635025024
202	4	3.148711681365967
202	5	-2.597672462463379
202	6	-2.0347893238067627
202	7	-2.4613442420959473
202	8	-2.197629690170288
203	0	-2.2620809078216553
203	1	-1.969688892364502
203	2	-3.3006014823913574
203	3	-3.2248764038085938
203	4	-2.2620809078216553
203	5	-3.3006014823913574
203	6	-2.0182642936706543
203	7	-2.197629690170288
203	8	-2.197629690170288
203	9	-2.197629690170288
203	10	-2.0182642936706543
203	11	-1.4642778635025024
203	12	-2.4613442420959473
203	13	-2.197629690170288
203	14	-2.597672462463379
203	15	-2.4613442420959473
203	16	3.2955007553100586
203	17	-2.0347893238067627
203	18	-3.3006014823913574
204	0	-2.0182642936706543
204	1	-2.4613442420959473
204	2	-1.4642778635025024
204	3	-2.197629690170288
204	4	-2.0347893238067627
204	5	-2.4613442420959473
204	6	-2.597672462463379
204	7	3.2955007553100586
204	8	-2.197629690170288
205	0	-2.4613442420959473
205	1	-1.4642778635025024
205	2	-2.0182642936706543
205	3	-2.197629690170288
205	4	-2.0347893238067627
205	5	-2.4613442420959473
205	6	-2.597672462463379
205	7	3.148711681365967
205	8	-2.197629690170288
206	0	-2.0182642936706543
206	1	-2.4613442420959473
206	2	-1.4642778635025024
206	3	-2.197629690170288
206	4	-2.4613442420959473
206	5	-2.197629690170288
206	6	-2.597672462463379
206	7	3.2955007553100586
206	8	-2.0347893238067627
207	0	-0.0010857682209461927
207	1	1.6413874626159668
207	2	-1.3714237213134766
207	3	-0.4547737240791321
207	4	1.0683175325393677
207	5	0.2419779896736145
207	6	1.6413874626159668
207	7	-2.1689138412475586
207	8	3.146561861038208
207	9	-2.597672462463379
207	10	3.105268955230713
207	11	-2.0347893238067627
207	12	-1.4642778635025024
207	13	-2.0347893238067627
208	0	2.8371944427490234
208	1	-2.197629690170288
208	2	-2.2620809078216553
208	3	-2.197629690170288
208	4	-2.0182642936706543
208	5	-2.197629690170288
208	6	-1.3252030611038208
208	7	-2.197629690170288
208	8	-2.197629690170288
208	9	-2.4613442420959473
208	10	3.148711681365967
208	11	-2.0347893238067627
208	12	-2.597672462463379
208	13	-1.4642778635025024
208	14	-0.7460197806358337
208	15	-2.0347893238067627
208	16	-0.0010857682209461927
208	17	-0.0010857682209461927
208	18	0.2419779896736145
208	19	3.2933509349823
208	20	-0.0010857682209461927
208	21	3.105268955230713
208	22	1.0683175325393677
208	23	0.48077473044395447
208	24	-1.0328717231750488
208	25	-2.1687910556793213
208	26	-2.478940010070801
208	27	-1.023604393005371
208	28	-0.10370978713035583
208	29	-2.4601597785949707
208	30	-2.197629690170288
208	31	-2.0182642936706543
208	32	-2.4613442420959473
208	33	-2.197629690170288
208	34	-2.197629690170288
208	35	-2.197629690170288
208	36	-2.197629690170288
208	37	-2.301270008087158
208	38	-1.4836560487747192
209	0	3.146561861038208
209	1	-1.7560654878616333
209	2	2.958479881286621
209	3	-0.7298771142959595
209	4	1.6413874626159668
209	5	1.0683175325393677
209	6	-2.597672462463379
209	7	8.605880429968238E-5
209	8	-2.0347893238067627
209	9	8.605880429968238E-5
209	10	-1.0843311548233032
209	11	0.2419779896736145
209	12	-1.4642778635025024
209	13	-2.0182642936706543
210	0	-2.2620809078216553
210	1	-2.1219046115875244
210	2	1.4036058187484741
210	3	-0.9349425435066223
210	4	-3.548304557800293
210	5	-0.8084084987640381
210	6	-2.6698715686798096
210	7	0.01168639026582241
210	8	-2.197629690170288
211	0	-2.197629690170288
211	1	-1.0897172689437866
211	2	0.01168639026582241
211	3	1.5328549146652222
211	4	1.1037365198135376
211	5	0.8562440276145935
211	6	0.5636085271835327
211	7	1.7292217016220093
211	8	-2.406747341156006
211	9	0.45688751339912415
211	10	0.8512688279151917
212	0	-2.197629690170288
212	1	2.825725555419922
212	2	2.318500280380249
212	3	1.190032958984375
212	4	0.015214528888463974
212	5	0.4681379199028015
212	6	0.01168639026582241
212	7	2.8944077491760254
212	8	1.6107004880905151
212	9	-2.2229669094085693
212	10	-3.137761116027832
212	11	1.3753718137741089
212	12	-1.7519739866256714
213	0	-0.9349425435066223
213	1	-2.2620809078216553
213	2	-2.197629690170288
213	3	-2.4613442420959473
213	4	-2.0182642936706543
213	5	-2.0347893238067627
214	0	-2.2620809078216553
214	1	-2.0182642936706543
214	2	-2.197629690170288
214	3	-2.197629690170288
214	4	-2.197629690170288
214	5	-2.0182642936706543
214	6	-2.197629690170288
214	7	-1.4642778635025024
214	8	-2.4613442420959473
214	9	-1.5670117139816284
215	0	-2.197629690170288
215	1	-2.0182642936706543
215	2	-2.2620809078216553
215	3	-2.197629690170288
215	4	-2.197629690170288
215	5	-2.4613442420959473
215	6	-2.0347893238067627
215	7	-1.4642778635025024
215	8	-2.597672462463379
215	9	3.2955007553100586
215	10	-1.023604393005371
215	11	3.2933509349823
215	12	-0.5814035534858704
215	13	-2.4601597785949707
215	14	-3.02101731300354
215	15	-2.5031533241271973
215	16	0.2943270802497864
215	17	-2.0347893238067627
215	18	-0.0010857682209461927
215	19	-0.7460197806358337
215	20	2.958479881286621
215	21	-0.0010857682209461927
215	22	-0.1576366126537323
215	23	0.2419779896736145
215	24	1.6413874626159668
215	25	-1.0328717231750488
216	0	-2.197629690170288
216	1	-2.2620809078216553
216	2	-2.0182642936706543
216	3	-2.197629690170288
216	4	-2.0182642936706543
216	5	-2.197629690170288
216	6	-2.4613442420959473
216	7	-1.4642778635025024
216	8	-2.197629690170288
217	0	-2.197629690170288
217	1	-2.2620809078216553
217	2	-2.0182642936706543
217	3	-2.197629690170288
217	4	-2.4613442420959473
217	5	-1.4642778635025024
217	6	-2.197629690170288
217	7	-2.0182642936706543
217	8	-2.4613442420959473
217	9	-2.197629690170288
217	10	-1.0843311548233032
217	11	3.2955007553100586
217	12	-2.597672462463379
218	0	-0.5538681149482727
218	1	3.2933509349823
218	2	-2.0347893238067627
218	3	1.6413874626159668
218	4	1.6413874626159668
218	5	-1.4642778635025024
218	6	1.0683175325393677
218	7	0.2419779896736145
218	8	-0.7184844017028809
218	9	-0.0010857682209461927
218	10	-2.597672462463379
218	11	2.958479881286621
218	12	-2.0347893238067627
219	0	-2.2620809078216553
219	1	-2.197629690170288
219	2	-2.2620809078216553
219	3	-2.0182642936706543
219	4	-2.197629690170288
219	5	-1.4642778635025024
219	6	-2.0182642936706543
219	7	-2.4613442420959473
219	8	-2.197629690170288
219	9	-2.4613442420959473
219	10	-2.597672462463379
219	11	-2.0347893238067627
219	12	3.148711681365967
219	13	-2.197629690170288
219	14	3.2933509349823
219	15	-2.106632709503174
219	16	-0.7298771142959595
219	17	2.958479881286621
219	18	0.2419779896736145
219	19	-7.18544062692672E-4
219	20	-1.0843311548233032
219	21	-7.18544062692672E-4
219	22	1.6413874626159668
219	23	1.0683175325393677
219	24	-0.6255804896354675
219	25	-1.5668996572494507
219	26	-1.5670117139816284
219	27	0.4681379199028015
219	28	0.48460066318511963
219	29	2.697559118270874
219	30	-0.6631472110748291
220	0	-2.0182642936706543
220	1	-2.4613442420959473
220	2	-1.4642778635025024
220	3	-1.2471715211868286
220	4	-2.197629690170288
220	5	-2.4613442420959473
220	6	-2.597672462463379
220	7	3.2955007553100586
220	8	-2.0347893238067627
221	0	-1.969688892364502
221	1	-2.0182642936706543
221	2	-2.197629690170288
221	3	-2.2620809078216553
221	4	-2.197629690170288
221	5	-2.0182642936706543
221	6	-2.197629690170288
221	7	-2.4613442420959473
221	8	-1.4642778635025024
221	9	-2.4613442420959473
221	10	-2.0347893238067627
221	11	3.148711681365967
221	12	-2.597672462463379
221	13	-2.197629690170288
221	14	-0.7888438105583191
221	15	-0.03894812613725662
221	16	-2.197629690170288
222	0	-2.2620809078216553
222	1	-1.9820739030838013
222	2	-2.197629690170288
222	3	-2.1219046115875244
222	4	-2.0182642936706543
222	5	-2.0182642936706543
222	6	-2.197629690170288
222	7	-1.2396994829177856
222	8	-1.982466220855713
222	9	-1.5670117139816284
222	10	-0.538798987865448
222	11	-0.8816018104553223
222	12	-1.5816950798034668
222	13	-0.9892446398735046
222	14	-2.0566394329071045
222	15	-1.2388930320739746
222	16	-2.2990949153900146
222	17	-2.187411308288574
222	18	-0.398184210062027
222	19	-0.398184210062027
222	20	-0.28064480423927307
222	21	-1.5668996572494507
223	0	-1.7619479894638062
223	1	-2.0182642936706543
223	2	-2.197629690170288
223	3	-2.197629690170288
223	4	-2.0182642936706543
223	5	1.0683175325393677
223	6	-2.0347893238067627
224	0	-2.197629690170288
224	1	-2.0182642936706543
224	2	-2.2620809078216553
224	3	-2.197629690170288
224	4	-2.197629690170288
224	5	-2.0182642936706543
224	6	-2.4613442420959473
224	7	-2.197629690170288
224	8	-1.4642778635025024
