166	0	26.9348201751709
166	1	997.546142578125
166	2	1000.0767822265625
166	3	865.2442016601562
166	4	939.6515502929688
166	5	999.3013305664062
166	6	999.9153442382812
166	7	999.9153442382812
166	8	991.90771484375
166	9	1000.708984375
166	10	999.9232177734375
166	11	999.69970703125
166	12	982.266845703125
166	13	996.5587158203125
166	14	992.5693969726562
166	15	994.5717163085938
166	16	996.4968872070312
166	17	990.9133911132812
166	18	986.6284790039062
166	19	998.3812866210938
166	20	1005.164306640625
166	21	994.7159423828125
166	22	1017.5635986328125
166	23	962.2071533203125
166	24	736.98095703125
167	0	974.3558349609375
167	1	921.9149780273438
167	2	741.7160034179688
167	3	998.3626098632812
167	4	974.5982666015625
167	5	25.583539962768555
167	6	998.5687255859375
167	7	996.3565673828125
168	0	989.3207397460938
168	1	1979.051513671875
168	2	865.2442016601562
168	3	783.9464721679688
168	4	967.5230712890625
168	5	26.9348201751709
168	6	1000.0767822265625
168	7	997.546142578125
169	0	987.9534912109375
169	1	760.46044921875
169	2	967.940185546875
169	3	866.419189453125
169	4	978.6795654296875
169	5	25.56601905822754
169	6	998.1988525390625
169	7	995.6887817382812
170	0	998.5687255859375
170	1	992.438232421875
170	2	977.304443359375
170	3	922.9955444335938
170	4	974.5982666015625
170	5	741.7160034179688
170	6	1011.595947265625
171	0	783.9464721679688
171	1	866.419189453125
171	2	987.9534912109375
171	3	960.0245971679688
171	4	967.5230712890625
171	5	26.805156707763672
171	6	995.6887817382812
171	7	999.50830078125
172	0	443.95367431640625
172	1	806.0180053710938
172	2	993.4380493164062
172	3	892.5158081054688
172	4	971.92431640625
172	5	28.960796356201172
172	6	998.6429443359375
172	7	1001.053466796875
173	0	989.3207397460938
173	1	854.8695068359375
173	2	866.419189453125
173	3	458.8769836425781
173	4	27.305225372314453
173	5	1000.0767822265625
173	6	997.546142578125
173	7	967.5230712890625
174	0	866.419189453125
174	1	854.8695068359375
174	2	989.3207397460938
174	3	448.4793701171875
174	4	967.5230712890625
174	5	24.912792205810547
174	6	997.546142578125
174	7	999.50830078125
175	0	955.3333740234375
175	1	974.5982666015625
175	2	979.0416259765625
175	3	922.9955444335938
175	4	854.8695068359375
175	5	969.652587890625
175	6	998.5687255859375
175	7	996.3565673828125
175	8	25.583539962768555
175	9	429.70758056640625
175	10	834.757568359375
175	11	994.1008911132812
175	12	916.3524169921875
175	13	961.5291748046875
176	0	854.8695068359375
176	1	987.51123046875
176	2	448.0687255859375
176	3	866.419189453125
176	4	967.5230712890625
176	5	27.305225372314453
176	6	1000.0767822265625
176	7	997.546142578125
177	0	992.5413208007812
177	1	868.7710571289062
177	2	1000.0376586914062
177	3	24.54535675048828
177	4	985.6888427734375
177	5	986.3418579101562
177	6	881.0444946289062
177	7	981.281005859375
177	8	978.5997314453125
177	9	991.9041748046875
177	10	991.6879272460938
177	11	991.335693359375
177	12	989.1834716796875
177	13	979.3180541992188
177	14	991.9729614257812
177	15	991.8359375
177	16	986.01123046875
177	17	969.9605712890625
177	18	1002.6250610351562
177	19	987.8651733398438
178	0	868.7710571289062
178	1	1000.0767822265625
178	2	24.912792205810547
178	3	997.546142578125
178	4	995.1401977539062
178	5	992.5693969726562
178	6	999.3013305664062
178	7	939.6515502929688
178	8	991.90771484375
178	9	999.1312255859375
178	10	980.6612548828125
178	11	1000.708984375
178	12	1000.49169921875
178	13	1000.4838256835938
178	14	996.5587158203125
178	15	1000.4838256835938
178	16	996.4968872070312
178	17	990.9133911132812
178	18	986.6284790039062
178	19	998.3812866210938
179	0	1003.9571533203125
179	1	989.7045288085938
179	2	998.1679077148438
179	3	868.7710571289062
179	4	851.8291015625
179	5	982.7496948242188
179	6	1038.145263671875
179	7	443.46820068359375
179	8	42.05854797363281
179	9	995.5787353515625
179	10	995.4854736328125
179	11	569.4520874023438
179	12	862.9514770507812
179	13	932.6959838867188
179	14	999.9684448242188
179	15	976.6419067382812
180	0	984.681884765625
180	1	992.1051025390625
180	2	999.50830078125
180	3	854.8695068359375
180	4	868.7710571289062
180	5	967.5230712890625
180	6	1031.95458984375
180	7	26.9348201751709
180	8	997.546142578125
180	9	396.6099548339844
180	10	448.4793701171875
180	11	989.3207397460938
180	12	809.6072998046875
180	13	961.5059814453125
180	14	994.741943359375
180	15	790.7081909179688
181	0	868.7710571289062
181	1	989.3207397460938
181	2	854.8695068359375
181	3	448.4793701171875
181	4	967.5230712890625
181	5	997.546142578125
181	6	24.912792205810547
181	7	999.50830078125
182	0	448.4793701171875
182	1	854.8695068359375
182	2	868.7710571289062
182	3	989.3207397460938
182	4	24.912792205810547
182	5	1000.0767822265625
182	6	997.546142578125
182	7	967.5230712890625
183	0	989.3207397460938
183	1	854.8695068359375
183	2	868.7710571289062
183	3	448.4793701171875
183	4	967.5230712890625
183	5	23.49532699584961
183	6	998.1146240234375
183	7	999.50830078125
184	0	990.7857666015625
184	1	981.9620971679688
184	2	1000.0767822265625
184	3	967.5230712890625
184	4	868.7710571289062
184	5	854.8695068359375
184	6	1032.15576171875
184	7	355.63702392578125
184	8	800.3894653320312
184	9	993.9115600585938
184	10	960.6755981445312
184	11	809.15478515625
184	12	998.1146240234375
184	13	26.9348201751709
185	0	967.5230712890625
185	1	1031.95458984375
185	2	992.1051025390625
185	3	984.3864135742188
185	4	999.50830078125
185	5	868.7710571289062
185	6	854.8695068359375
185	7	23.49532699584961
185	8	998.1146240234375
185	9	396.6099548339844
185	10	809.6072998046875
185	11	994.741943359375
185	12	961.5059814453125
185	13	790.7081909179688
186	0	23.561511993408203
186	1	868.7710571289062
186	2	999.13720703125
186	3	996.3565673828125
186	4	1007.94873046875
186	5	997.1766357421875
186	6	999.7243041992188
186	7	993.6181030273438
186	8	990.4918823242188
186	9	988.2233276367188
186	10	993.6288452148438
186	11	990.8868408203125
186	12	1000.8616943359375
186	13	972.6614379882812
186	14	1000.6454467773438
186	15	1001.43017578125
186	16	1002.0674438476562
186	17	996.0126342773438
186	18	991.5968017578125
186	19	915.27099609375
187	0	867.4517211914062
187	1	1006.958984375
187	2	-60.863216400146484
187	3	818.7152709960938
187	4	808.7274780273438
187	5	996.2469482421875
187	6	822.8523559570312
187	7	999.1187133789062
187	8	1007.2777709960938
187	9	998.1007080078125
187	10	1007.0620727539062
187	11	1001.5830688476562
187	12	814.1514892578125
187	13	987.2440185546875
187	14	1005.6146850585938
187	15	1009.7985229492188
187	16	1005.6146850585938
187	17	1005.9669189453125
187	18	813.6507568359375
187	19	1005.7339477539062
187	20	996.9056396484375
187	21	800.8283081054688
187	22	978.5947875976562
187	23	1005.9994506835938
187	24	956.02490234375
187	25	16.948022842407227
187	26	975.1663818359375
187	27	986.2832641601562
187	28	1002.2461547851562
187	29	802.4757690429688
187	30	969.28173828125
187	31	1031.67236328125
187	32	995.7859497070312
187	33	424.7406921386719
187	34	369.0989074707031
188	0	984.848876953125
188	1	983.066162109375
188	2	998.5687255859375
188	3	925.347412109375
188	4	974.5982666015625
188	5	812.4631958007812
188	6	977.0645751953125
189	0	982.5198974609375
189	1	990.5864868164062
189	2	989.4130249023438
189	3	942.984619140625
189	4	987.26318359375
189	5	923.554931640625
189	6	986.6947021484375
189	7	987.26318359375
189	8	976.9176025390625
189	9	939.0240478515625
189	10	982.6726684570312
189	11	874.4076538085938
189	12	975.2391357421875
189	13	928.9343872070312
189	14	984.8270263671875
189	15	854.1266479492188
189	16	990.4553833007812
189	17	87.59927368164062
189	18	992.311767578125
189	19	958.4776000976562
189	20	1019.5374145507812
189	21	1037.989013671875
189	22	941.9702758789062
189	23	987.26318359375
189	24	941.3389282226562
189	25	988.5545654296875
189	26	16.025663375854492
189	27	995.4678955078125
189	28	997.7617797851562
189	29	1006.327880859375
189	30	990.9179077148438
189	31	853.5023803710938
189	32	983.2391357421875
190	0	999.3013305664062
190	1	995.755615234375
190	2	935.8240966796875
190	3	972.3246459960938
190	4	999.69970703125
190	5	987.7882690429688
190	6	868.7710571289062
190	7	24.912792205810547
190	8	977.8355712890625
190	9	987.2197875976562
190	10	924.1152954101562
190	11	969.935302734375
190	12	987.2197875976562
190	13	983.4031372070312
190	14	983.1485595703125
190	15	1041.9111328125
190	16	949.5928955078125
190	17	987.7882690429688
190	18	854.6044311523438
191	0	983.1485595703125
191	1	999.8698120117188
191	2	969.935302734375
191	3	977.8355712890625
191	4	987.2197875976562
191	5	999.3324584960938
191	6	999.69970703125
191	7	983.9716186523438
191	8	868.7710571289062
191	9	972.3246459960938
191	10	987.7882690429688
191	11	987.2197875976562
191	12	22.089000701904297
192	0	989.7288208007812
192	1	1003.22412109375
192	2	989.4130249023438
192	3	1000.2838745117188
192	4	1004.58935546875
192	5	131.0673370361328
192	6	930.6217651367188
192	7	979.3553466796875
192	8	944.6719970703125
192	9	941.9702758789062
192	10	874.4076538085938
192	11	1052.31298828125
192	12	1020.1058959960938
192	13	988.9505615234375
192	14	987.5810546875
192	15	986.15283203125
192	16	980.9662475585938
192	17	990.1748657226562
192	18	990.1748657226562
192	19	939.0240478515625
192	20	1008.608154296875
192	21	990.1748657226562
192	22	990.4553833007812
192	23	857.7605590820312
192	24	997.7554931640625
192	25	946.5638427734375
192	26	26.521602630615234
193	0	999.3013305664062
193	1	807.4696655273438
193	2	972.3246459960938
193	3	987.2197875976562
193	4	987.7882690429688
193	5	977.8355712890625
193	6	987.2197875976562
193	7	983.4031372070312
193	8	20.67153549194336
193	9	999.1312255859375
193	10	999.3324584960938
193	11	868.7710571289062
193	12	969.935302734375
193	13	974.8326416015625
194	0	982.5292358398438
194	1	562.3713989257812
194	2	854.8695068359375
194	3	956.02490234375
194	4	979.3816528320312
194	5	13.00173282623291
194	6	-9.968720436096191
194	7	1004.400390625
194	8	976.1528930664062
195	0	48.46363830566406
195	1	888.8622436523438
195	2	987.51123046875
195	3	820.248046875
195	4	218.3096466064453
195	5	21.132526397705078
195	6	998.0617065429688
195	7	970.8303833007812
195	8	962.2071533203125
196	0	199.91184997558594
196	1	998.0617065429688
196	2	970.8303833007812
196	3	888.8622436523438
196	4	18.575634002685547
196	5	874.4076538085938
196	6	995.5371704101562
196	7	941.9702758789062
196	8	1019.5374145507812
196	9	992.311767578125
196	10	1037.989013671875
196	11	990.4553833007812
196	12	854.1266479492188
196	13	984.39013671875
196	14	988.4121704101562
196	15	978.6350708007812
196	16	996.30615234375
196	17	993.3284301757812
196	18	967.5004272460938
196	19	988.4121704101562
196	20	988.4121704101562
197	0	925.347412109375
197	1	838.2656860351562
197	2	24.092742919921875
197	3	998.3626098632812
197	4	998.5687255859375
197	5	18.69532585144043
197	6	970.9546508789062
197	7	-11.154772758483887
197	8	992.1864013671875
197	9	998.5849609375
197	10	994.606201171875
197	11	944.312744140625
197	12	981.2128295898438
197	13	982.4207153320312
197	14	974.5062255859375
197	15	742.2703857421875
198	0	853.7021484375
198	1	986.9515991210938
198	2	999.8698120117188
198	3	987.7539672851562
198	4	983.8660888671875
198	5	990.6363525390625
198	6	987.7539672851562
198	7	21.31728744506836
198	8	963.6239624023438
198	9	868.7710571289062
198	10	972.3246459960938
198	11	977.5867919921875
198	12	998.1207275390625
198	13	987.7539672851562
199	0	1007.5596923828125
199	1	431.0767517089844
199	2	919.24365234375
199	3	42.40192413330078
199	4	226.88174438476562
199	5	982.8921508789062
199	6	941.3389282226562
199	7	1004.066162109375
199	8	999.533447265625
199	9	998.8504638671875
199	10	1023.6964721679688
199	11	998.2291870117188
199	12	852.4568481445312
199	13	1002.6663208007812
199	14	984.9285278320312
199	15	996.5311889648438
199	16	974.5219116210938
199	17	989.51904296875
199	18	979.1734619140625
199	19	989.51904296875
199	20	988.9505615234375
199	21	857.7605590820312
199	22	1009.3037109375
199	23	926.9852294921875
199	24	148.09109497070312
199	25	970.7484130859375
199	26	988.7978515625
199	27	693.3587036132812
199	28	697.8831176757812
199	29	1007.5951538085938
199	30	996.7958984375
199	31	873.022216796875
199	32	886.00537109375
199	33	879.6397094726562
199	34	888.8770751953125
200	0	997.63037109375
200	1	920.0383911132812
200	2	19.48259925842285
200	3	200.18104553222656
200	4	971.3601684570312
200	5	886.4713745117188
200	6	997.883544921875
200	7	996.5107421875
200	8	1019.482666015625
200	9	853.4034423828125
200	10	987.978271484375
200	11	945.2626342773438
200	12	1038.7265625
200	13	986.82421875
200	14	982.4390869140625
200	15	967.27880859375
200	16	986.2557373046875
200	17	976.9679565429688
200	18	992.0147094726562
200	19	998.3436889648438
200	20	986.82421875
200	21	997.1847534179688
200	22	846.3043212890625
200	23	177.67884826660156
200	24	989.6353759765625
201	0	56.400638580322266
201	1	990.0944213867188
201	2	925.347412109375
201	3	830.4447631835938
201	4	19.327207565307617
201	5	970.9546508789062
201	6	998.5687255859375
201	7	218.3096466064453
201	8	974.5982666015625
202	0	56.400638580322266
202	1	830.4447631835938
202	2	990.0944213867188
202	3	925.347412109375
202	4	999.13720703125
202	5	22.13481903076172
202	6	970.9546508789062
202	7	218.3096466064453
202	8	974.5982666015625
203	0	931.9356689453125
203	1	331.226318359375
203	2	961.553955078125
203	3	962.4462890625
203	4	795.4554443359375
203	5	984.1853637695312
203	6	817.4588012695312
203	7	973.9371948242188
203	8	717.1251220703125
203	9	978.6795654296875
203	10	846.3043212890625
203	11	920.0383911132812
203	12	60.055606842041016
203	13	987.9534912109375
203	14	19.48259925842285
203	15	200.18104553222656
203	16	997.63037109375
203	17	971.3601684570312
203	18	975.4577026367188
204	0	830.4447631835938
204	1	56.400638580322266
204	2	925.347412109375
204	3	990.0944213867188
204	4	970.9546508789062
204	5	218.3096466064453
204	6	22.13481903076172
204	7	998.5687255859375
204	8	974.5982666015625
205	0	56.400638580322266
205	1	925.347412109375
205	2	830.4447631835938
205	3	990.0944213867188
205	4	970.9546508789062
205	5	218.3096466064453
205	6	20.112791061401367
205	7	999.13720703125
205	8	974.5982666015625
206	0	830.4447631835938
206	1	56.400638580322266
206	2	925.347412109375
206	3	990.0944213867188
206	4	218.3096466064453
206	5	974.5982666015625
206	6	20.112791061401367
206	7	998.5687255859375
206	8	970.9546508789062
207	0	998.8713989257812
207	1	999.4398803710938
207	2	956.4725341796875
207	3	991.3935546875
207	4	994.849365234375
207	5	1001.060791015625
207	6	999.4398803710938
207	7	956.6571044921875
207	8	1005.9642333984375
207	9	0.896614670753479
207	10	1003.3453979492188
207	11	967.1367797851562
207	12	868.7710571289062
207	13	974.7210083007812
208	0	1003.0521240234375
208	1	976.4188232421875
208	2	904.8533935546875
208	3	960.6846923828125
208	4	849.010498046875
208	5	962.4215698242188
208	6	1000.8908081054688
208	7	1006.6472778320312
208	8	692.892822265625
208	9	401.6558532714844
208	10	1002.66162109375
208	11	911.4105834960938
208	12	-20.375246047973633
208	13	864.5661010742188
208	14	974.9666137695312
208	15	916.5330810546875
208	16	984.7437133789062
208	17	984.7437133789062
208	18	946.010009765625
208	19	979.5164794921875
208	20	984.7437133789062
208	21	978.8735961914062
208	22	980.7216796875
208	23	836.1090698242188
208	24	1007.11767578125
208	25	838.80224609375
208	26	1006.4268188476562
208	27	1023.00048828125
208	28	1032.7286376953125
208	29	940.1138916015625
208	30	985.6179809570312
208	31	875.2528686523438
208	32	172.20814514160156
208	33	992.62548828125
208	34	986.367919921875
208	35	940.823486328125
208	36	939.884521484375
208	37	937.2749633789062
208	38	911.408447265625
209	0	998.4520263671875
209	1	911.542236328125
209	2	998.3436889648438
209	3	976.9679565429688
209	4	986.82421875
209	5	983.007568359375
209	6	20.11448097229004
209	7	986.2557373046875
209	8	967.27880859375
209	9	986.2557373046875
209	10	971.6556396484375
209	11	992.0147094726562
209	12	920.0383911132812
209	13	826.7457275390625
210	0	905.6458129882812
210	1	867.864990234375
210	2	886.4029541015625
210	3	985.6427001953125
210	4	960.0712890625
210	5	921.2807006835938
210	6	874.7445678710938
210	7	914.1760864257812
210	8	700.7006225585938
211	0	706.8146362304688
211	1	894.4660034179688
211	2	966.7828369140625
211	3	912.1842651367188
211	4	896.749755859375
211	5	893.3134155273438
211	6	904.424072265625
211	7	918.26025390625
211	8	905.4293823242188
211	9	912.9136962890625
211	10	876.6830444335938
212	0	706.8146362304688
212	1	920.9143676757812
212	2	998.701904296875
212	3	998.6818237304688
212	4	999.5145263671875
212	5	919.2933349609375
212	6	966.7828369140625
212	7	1002.524658203125
212	8	954.9959106445312
212	9	866.162109375
212	10	801.7391357421875
212	11	975.0810546875
212	12	994.7530517578125
213	0	989.8190307617188
213	1	974.1830444335938
213	2	975.2008666992188
213	3	29.243032455444336
213	4	847.1259765625
213	5	913.4498901367188
214	0	809.6072998046875
214	1	790.7081909179688
214	2	961.5059814453125
214	3	962.2103271484375
214	4	990.9179077148438
214	5	830.4447631835938
214	6	1003.9564208984375
214	7	951.5620727539062
214	8	56.400638580322266
214	9	983.9265747070312
215	0	967.5795288085938
215	1	826.7457275390625
215	2	847.0637817382812
215	3	973.2874145507812
215	4	973.6614990234375
215	5	226.7180938720703
215	6	974.542724609375
215	7	925.347412109375
215	8	34.1968994140625
215	9	978.0722045898438
215	10	1023.6964721679688
215	11	995.5371704101562
215	12	998.8504638671875
215	13	926.9852294921875
215	14	975.6544189453125
215	15	837.0099487304688
215	16	852.4568481445312
215	17	966.9319458007812
215	18	988.4121704101562
215	19	978.6350708007812
215	20	993.8969116210938
215	21	988.4121704101562
215	22	983.8216552734375
215	23	996.30615234375
215	24	988.9806518554688
215	25	970.8075561523438
216	0	969.7943725585938
216	1	809.6072998046875
216	2	819.9508666992188
216	3	969.2061157226562
216	4	844.8997802734375
216	5	971.92431640625
216	6	47.125938415527344
216	7	925.347412109375
216	8	993.4380493164062
217	0	973.6614990234375
217	1	847.0637817382812
217	2	826.7457275390625
217	3	973.2874145507812
217	4	48.46363830566406
217	5	888.8622436523438
217	6	987.51123046875
217	7	838.2656860351562
217	8	201.0507049560547
217	9	962.2071533203125
217	10	974.2047729492188
217	11	1002.2078857421875
217	12	20.01970863342285
218	0	1018.8407592773438
218	1	1006.958984375
218	2	965.9210205078125
218	3	987.0913696289062
218	4	987.0913696289062
218	5	925.347412109375
218	6	981.771240234375
218	7	999.5023803710938
218	8	977.1253051757812
218	9	986.5228881835938
218	10	18.69532585144043
218	11	1005.9994506835938
218	12	970.9546508789062
219	0	983.2237548828125
219	1	985.330810546875
219	2	852.919921875
219	3	834.757568359375
219	4	986.7942504882812
219	5	895.64404296875
219	6	851.5238647460938
219	7	41.270572662353516
219	8	998.3626098632812
219	9	201.0507049560547
219	10	23.861305236816406
219	11	975.1564331054688
219	12	1002.7763671875
219	13	992.1864013671875
219	14	1001.3045043945312
219	15	554.918212890625
219	16	977.3123168945312
219	17	1000.6814575195312
219	18	993.9637451171875
219	19	987.4794921875
219	20	968.3710327148438
219	21	987.4794921875
219	22	988.0479736328125
219	23	984.1600952148438
219	24	999.6118774414062
219	25	1002.3059692382812
219	26	989.4869384765625
219	27	996.3353271484375
219	28	948.0285034179688
219	29	969.0797119140625
219	30	921.229736328125
220	0	846.3043212890625
220	1	60.055606842041016
220	2	920.0383911132812
220	3	987.6804809570312
220	4	978.6795654296875
220	5	200.18104553222656
220	6	20.11448097229004
220	7	997.63037109375
220	8	971.3601684570312
221	0	397.56494140625
221	1	824.3116455078125
221	2	971.656494140625
221	3	875.6688232421875
221	4	969.49267578125
221	5	851.5238647460938
221	6	998.3626098632812
221	7	438.0687561035156
221	8	931.0516357421875
221	9	201.0507049560547
221	10	974.2160034179688
221	11	1002.7763671875
221	12	20.01970863342285
221	13	992.1864013671875
221	14	1005.7747802734375
221	15	997.2559814453125
221	16	724.8365478515625
222	0	977.6605224609375
222	1	401.5274353027344
222	2	918.6282958984375
222	3	932.1304321289062
222	4	915.8540649414062
222	5	862.8817749023438
222	6	941.0865478515625
222	7	873.7689819335938
222	8	925.6419677734375
222	9	1050.6561279296875
222	10	771.0177612304688
222	11	842.9376831054688
222	12	959.6185913085938
222	13	150.5045928955078
222	14	749.9231567382812
222	15	877.4364013671875
222	16	903.3838500976562
222	17	964.6044311523438
222	18	1001.2587280273438
222	19	1001.2587280273438
222	20	997.4657592773438
222	21	982.0004272460938
223	0	415.4377746582031
223	1	882.2699584960938
223	2	948.1422729492188
223	3	953.2426147460938
223	4	846.3043212890625
223	5	980.9613037109375
223	6	988.0899047851562
224	0	969.2061157226562
224	1	873.18408203125
224	2	937.0936279296875
224	3	976.334228515625
224	4	975.8840942382812
224	5	830.4447631835938
224	6	172.20814514160156
224	7	992.62548828125
224	8	960.3380126953125
