123	0	913.9149780273438
123	1	998.4592895507812
123	2	996.8062133789062
123	3	29.235963821411133
123	4	998.2567749023438
123	5	995.6723022460938
123	6	1000.8634033203125
123	7	999.9889526367188
123	8	1000.7697143554688
123	9	999.3179931640625
123	10	999.7119140625
123	11	977.7612915039062
123	12	993.2251586914062
123	13	990.2570190429688
123	14	997.3944091796875
123	15	993.3989868164062
123	16	985.5282592773438
123	17	933.3009033203125
123	18	994.1339111328125
123	19	998.0352783203125
124	0	996.8062133789062
124	1	998.381103515625
124	2	913.9149780273438
124	3	29.501991271972656
124	4	998.2567749023438
124	5	933.3009033203125
124	6	994.1339111328125
124	7	995.6723022460938
124	8	1000.8634033203125
124	9	999.3179931640625
124	10	993.2251586914062
124	11	999.9889526367188
124	12	1001.1636352539062
124	13	999.3179931640625
124	14	977.7612915039062
124	15	997.3944091796875
124	16	990.2570190429688
124	17	985.5282592773438
124	18	993.3989868164062
124	19	998.0352783203125
125	0	998.4592895507812
125	1	996.8062133789062
125	2	913.9149780273438
125	3	29.235963821411133
125	4	933.3009033203125
125	5	998.2567749023438
125	6	990.2570190429688
125	7	997.3944091796875
125	8	995.6723022460938
125	9	993.2251586914062
125	10	999.7119140625
125	11	977.7612915039062
125	12	997.6929931640625
125	13	1000.1218872070312
125	14	999.3179931640625
125	15	998.6122436523438
125	16	985.5282592773438
125	17	998.0352783203125
125	18	994.0185546875
125	19	993.677978515625
126	0	996.438232421875
126	1	1000.0780639648438
126	2	932.4658203125
126	3	22.36719512939453
126	4	993.677978515625
126	5	999.1782836914062
126	6	993.8438720703125
126	7	996.5803833007812
126	8	999.6777954101562
126	9	977.7854614257812
126	10	998.0869140625
126	11	991.4655151367188
126	12	997.6929931640625
126	13	996.8803100585938
126	14	999.8381958007812
126	15	997.6929931640625
126	16	983.122802734375
126	17	991.8634643554688
126	18	997.3544921875
126	19	932.4564208984375
126	20	947.5684204101562
126	21	977.0789184570312
126	22	997.794677734375
126	23	994.6881713867188
127	0	913.9149780273438
127	1	954.2427368164062
127	2	814.1051025390625
127	3	984.5034790039062
127	4	970.2245483398438
127	5	998.4592895507812
127	6	996.8062133789062
127	7	24.523395538330078
128	0	913.9149780273438
128	1	954.2427368164062
128	2	814.1051025390625
128	3	981.3308715820312
128	4	996.8062133789062
128	5	29.501991271972656
128	6	998.381103515625
128	7	970.2245483398438
129	0	814.1051025390625
129	1	954.2427368164062
129	2	981.3308715820312
129	3	913.9149780273438
129	4	970.2245483398438
129	5	998.4592895507812
129	6	996.8062133789062
129	7	23.350576400756836
130	0	814.1051025390625
130	1	984.5034790039062
130	2	954.2427368164062
130	3	913.9149780273438
130	4	996.8062133789062
130	5	29.501991271972656
130	6	998.4592895507812
130	7	970.2245483398438
131	0	891.4096069335938
131	1	967.0337524414062
131	2	932.4658203125
131	3	987.10986328125
131	4	983.2865600585938
131	5	27.34579086303711
131	6	996.438232421875
131	7	999.9998779296875
132	0	891.4096069335938
132	1	932.4658203125
132	2	987.10986328125
132	3	967.0337524414062
132	4	22.36719512939453
132	5	996.438232421875
132	6	1000.0780639648438
132	7	983.2865600585938
133	0	937.712158203125
133	1	954.2427368164062
133	2	984.5034790039062
133	3	913.9149780273438
133	4	814.1051025390625
133	5	970.1229858398438
133	6	880.1153564453125
133	7	939.817138671875
134	0	913.9149780273438
134	1	954.2427368164062
134	2	984.5034790039062
134	3	814.1051025390625
134	4	67.3325424194336
134	5	998.273681640625
134	6	996.855224609375
134	7	978.2362670898438
135	0	954.2427368164062
135	1	984.5034790039062
135	2	814.1051025390625
135	3	913.9149780273438
135	4	970.2245483398438
135	5	996.8062133789062
135	6	998.4592895507812
135	7	24.523395538330078
136	0	913.9149780273438
136	1	814.1051025390625
136	2	984.5034790039062
136	3	954.2427368164062
136	4	29.501991271972656
136	5	998.4592895507812
136	6	996.8062133789062
136	7	970.2245483398438
137	0	932.4658203125
137	1	812.6481323242188
137	2	987.10986328125
137	3	967.0337524414062
137	4	27.34579086303711
137	5	999.9998779296875
137	6	996.438232421875
137	7	983.2865600585938
138	0	998.4592895507812
138	1	928.2461547851562
138	2	928.2461547851562
138	3	913.9149780273438
138	4	970.2245483398438
138	5	738.6982421875
138	6	877.3077392578125
139	0	985.150634765625
139	1	962.9830322265625
139	2	812.6481323242188
139	3	932.4658203125
139	4	983.2865600585938
139	5	27.6967830657959
139	6	1000.0780639648438
139	7	996.855224609375
140	0	954.2427368164062
140	1	984.5034790039062
140	2	913.9149780273438
140	3	759.61865234375
140	4	29.235963821411133
140	5	996.8318481445312
140	6	998.4592895507812
140	7	970.2245483398438
141	0	962.9830322265625
141	1	908.8212280273438
141	2	985.150634765625
141	3	762.7156982421875
141	4	978.2362670898438
141	5	998.273681640625
141	6	22.71818733215332
141	7	996.855224609375
142	0	998.1708984375
142	1	908.8212280273438
142	2	996.0980224609375
142	3	1005.7943725585938
142	4	998.4893798828125
142	5	27.6967830657959
142	6	1005.7943725585938
142	7	1009.1829223632812
142	8	1002.0036010742188
142	9	1005.9283447265625
142	10	982.8043212890625
142	11	996.855224609375
142	12	998.273681640625
142	13	997.5825805664062
142	14	820.1128540039062
142	15	949.6529541015625
143	0	995.6723022460938
143	1	999.7119140625
143	2	1000.7697143554688
143	3	998.1223754882812
143	4	993.2251586914062
143	5	999.7978515625
143	6	999.3179931640625
143	7	913.9149780273438
143	8	998.3828735351562
143	9	999.9889526367188
143	10	23.350576400756836
143	11	977.7612915039062
143	12	996.8062133789062
143	13	985.5282592773438
144	0	913.9149780273438
144	1	983.3992309570312
144	2	860.9332275390625
144	3	957.420654296875
144	4	975.9746704101562
144	5	996.8318481445312
144	6	24.523395538330078
144	7	998.3102416992188
145	0	24.523395538330078
145	1	996.4057006835938
145	2	996.8062133789062
145	3	1000.0675659179688
145	4	980.5667114257812
145	5	999.6980590820312
145	6	913.9149780273438
145	7	999.3873291015625
145	8	999.876220703125
145	9	992.6546630859375
145	10	1000.8390502929688
145	11	999.78125
145	12	998.4592895507812
145	13	985.4234008789062
145	14	992.7586059570312
145	15	790.2223510742188
146	0	913.9149780273438
146	1	840.4054565429688
146	2	985.150634765625
146	3	962.9830322265625
146	4	29.501991271972656
146	5	996.8318481445312
146	6	998.4592895507812
146	7	978.2362670898438
147	0	984.5034790039062
147	1	913.9149780273438
147	2	724.332275390625
147	3	954.2427368164062
147	4	970.2245483398438
147	5	998.381103515625
147	6	996.8318481445312
147	7	29.501991271972656
148	0	724.332275390625
148	1	913.9149780273438
148	2	984.5034790039062
148	3	954.2427368164062
148	4	970.2245483398438
148	5	24.523395538330078
148	6	996.8062133789062
148	7	998.4592895507812
149	0	724.332275390625
149	1	913.9149780273438
149	2	984.5034790039062
149	3	954.2427368164062
149	4	29.501991271972656
149	5	996.8062133789062
149	6	998.4592895507812
149	7	970.2245483398438
150	0	998.5658569335938
150	1	772.123291015625
150	2	1003.1371459960938
150	3	851.0921020507812
150	4	35.68570327758789
150	5	1002.956298828125
150	6	1008.3084716796875
150	7	1017.5835571289062
151	0	846.942138671875
151	1	962.9830322265625
151	2	841.6555786132812
151	3	985.150634765625
151	4	978.2362670898438
151	5	22.71818733215332
151	6	996.880859375
151	7	998.273681640625
152	0	818.955810546875
152	1	954.2427368164062
152	2	772.123291015625
152	3	984.5034790039062
152	4	970.2245483398438
152	5	998.381103515625
152	6	996.8062133789062
152	7	24.334766387939453
153	0	882.8052368164062
153	1	985.1011352539062
153	2	1000.0780639648438
153	3	841.6555786132812
153	4	846.0731811523438
153	5	983.2865600585938
153	6	934.2083129882812
153	7	996.438232421875
153	8	22.36719512939453
153	9	456.7755432128906
153	10	812.267822265625
153	11	980.347412109375
153	12	958.4388427734375
153	13	934.6187744140625
154	0	975.5204467773438
154	1	979.4488525390625
154	2	964.1288452148438
154	3	966.1278076171875
154	4	832.36376953125
154	5	994.554931640625
154	6	810.5984497070312
154	7	974.7365112304688
154	8	887.2190551757812
154	9	841.6555786132812
154	10	983.2865600585938
154	11	846.0731811523438
154	12	968.059814453125
154	13	999.9998779296875
154	14	999.1953735351562
154	15	996.438232421875
154	16	20.886505126953125
154	17	378.4258728027344
155	0	836.0944213867188
155	1	817.927001953125
155	2	938.5067749023438
155	3	981.9161376953125
155	4	997.5109252929688
155	5	997.9093017578125
155	6	16.68781089782715
155	7	963.6539916992188
156	0	986.5616455078125
156	1	1013.9387817382812
156	2	975.7705078125
156	3	952.5407104492188
156	4	746.9850463867188
156	5	983.2199096679688
157	0	997.56640625
157	1	878.3319702148438
157	2	975.1553344726562
157	3	842.1212768554688
157	4	970.9082641601562
157	5	822.67236328125
157	6	957.4439697265625
157	7	996.5548706054688
157	8	18.987228393554688
157	9	953.3582153320312
157	10	980.7218017578125
157	11	352.7577209472656
157	12	989.7841186523438
158	0	963.3170776367188
158	1	950.0247802734375
158	2	374.80377197265625
158	3	955.987060546875
158	4	929.8828125
158	5	941.9964599609375
158	6	871.8604125976562
158	7	978.2767333984375
158	8	988.785400390625
158	9	816.7010498046875
158	10	953.9195556640625
158	11	700.3612060546875
158	12	14.991483688354492
158	13	963.6539916992188
158	14	945.6650390625
158	15	971.947265625
159	0	997.5813598632812
159	1	994.8587036132812
159	2	882.0604858398438
159	3	968.4205322265625
159	4	848.4736328125
159	5	970.2245483398438
159	6	825.3270263671875
160	0	1022.0305786132812
160	1	-65.47479248046875
160	2	991.0411376953125
160	3	1020.4647827148438
160	4	1006.7578735351562
160	5	999.0263671875
160	6	910.75146484375
160	7	1012.1613159179688
160	8	998.6776123046875
160	9	1003.8654174804688
160	10	980.4012451171875
160	11	990.5540161132812
160	12	1005.2168579101562
160	13	939.2745361328125
160	14	1005.4999389648438
160	15	1002.880615234375
160	16	1002.4114379882812
160	17	996.5379028320312
160	18	988.6351318359375
160	19	995.0001220703125
160	20	1004.1826782226562
160	21	983.6470947265625
160	22	1010.2549438476562
161	0	992.3956909179688
161	1	1002.8094482421875
161	2	1001.2711791992188
161	3	996.920654296875
161	4	1000.0632934570312
161	5	1000.7239379882812
161	6	1003.203369140625
161	7	998.881591796875
161	8	1006.6674194335938
161	9	1008.6827392578125
161	10	1003.4124755859375
161	11	3.0583720207214355
161	12	993.5479736328125
161	13	992.1747436523438
161	14	886.0577392578125
161	15	988.8035888671875
161	16	998.8839111328125
161	17	1000.1546020507812
161	18	975.0305786132812
161	19	994.511962890625
161	20	994.43798828125
161	21	996.4666137695312
161	22	986.2125854492188
162	0	963.71142578125
162	1	1008.98095703125
162	2	928.6376342773438
162	3	836.86962890625
162	4	974.1307983398438
162	5	988.1256713867188
162	6	37.40959930419922
162	7	996.8062133789062
163	0	817.927001953125
163	1	954.2427368164062
163	2	772.123291015625
163	3	984.5034790039062
163	4	998.4592895507812
163	5	24.523395538330078
163	6	996.8062133789062
163	7	970.2245483398438
164	0	817.927001953125
164	1	30.86731719970703
164	2	998.4592895507812
164	3	996.8062133789062
164	4	998.6361083984375
164	5	910.3554077148438
164	6	986.9822387695312
164	7	999.265380859375
164	8	993.41064453125
164	9	993.864990234375
164	10	1062.453369140625
164	11	1001.6131591796875
164	12	979.0247192382812
164	13	995.21533203125
164	14	992.1314697265625
164	15	1001.963623046875
164	16	1002.007080078125
164	17	1001.6131591796875
164	18	988.857666015625
164	19	996.4730224609375
165	0	998.4592895507812
165	1	817.927001953125
165	2	996.8062133789062
165	3	29.501991271972656
165	4	993.3989868164062
165	5	985.5282592773438
165	6	998.2567749023438
165	7	998.0352783203125
165	8	997.3944091796875
165	9	990.2570190429688
165	10	933.3009033203125
165	11	995.6723022460938
165	12	993.2251586914062
165	13	999.7978515625
165	14	999.7119140625
165	15	977.7612915039062
165	16	999.3179931640625
165	17	999.3179931640625
165	18	1000.1218872070312
165	19	994.1339111328125
166	0	27.34579086303711
166	1	996.438232421875
166	2	999.9998779296875
166	3	840.0769653320312
166	4	932.4564208984375
166	5	999.1782836914062
166	6	997.6929931640625
166	7	997.6929931640625
166	8	991.4655151367188
166	9	999.6777954101562
166	10	998.0869140625
166	11	999.7052612304688
166	12	977.7854614257812
166	13	996.8803100585938
166	14	993.677978515625
166	15	991.8634643554688
166	16	996.5803833007812
166	17	993.8438720703125
166	18	983.122802734375
166	19	997.3544921875
166	20	1016.945556640625
166	21	911.0567626953125
166	22	983.923583984375
166	23	970.9082641601562
166	24	842.1212768554688
167	0	968.895263671875
167	1	847.4776611328125
167	2	857.8294067382812
167	3	997.0089721679688
167	4	978.2362670898438
167	5	27.6967830657959
167	6	998.273681640625
167	7	996.855224609375
168	0	984.5034790039062
168	1	1990.3194580078125
168	2	817.377197265625
168	3	779.13671875
168	4	970.2245483398438
168	5	29.501991271972656
168	6	998.381103515625
168	7	996.8062133789062
169	0	980.7218017578125
169	1	873.6465454101562
169	2	906.3045654296875
169	3	842.2085571289062
169	4	970.9082641601562
169	5	21.465906143188477
169	6	997.56640625
169	7	996.5548706054688
170	0	998.273681640625
170	1	983.6054077148438
170	2	871.7108764648438
170	3	849.810791015625
170	4	978.2362670898438
170	5	857.8294067382812
170	6	968.8690795898438
171	0	779.13671875
171	1	819.5087890625
171	2	980.7218017578125
171	3	938.04833984375
171	4	970.2245483398438
171	5	24.246667861938477
171	6	996.5548706054688
171	7	998.4592895507812
172	0	569.377685546875
172	1	890.904296875
172	2	978.4391479492188
172	3	808.7813110351562
172	4	963.6539916992188
172	5	16.623050689697266
172	6	997.5109252929688
172	7	997.9093017578125
173	0	987.10986328125
173	1	888.2319946289062
173	2	842.2085571289062
173	3	600.5110473632812
173	4	26.771894454956055
173	5	999.9998779296875
173	6	996.438232421875
173	7	983.2865600585938
174	0	819.5087890625
174	1	818.2662963867188
174	2	987.10986328125
174	3	586.9712524414062
174	4	970.2245483398438
174	5	24.523395538330078
174	6	996.8062133789062
174	7	1000.0780639648438
175	0	872.8063354492188
175	1	978.2362670898438
175	2	955.8649291992188
175	3	849.810791015625
175	4	888.2319946289062
175	5	983.7404174804688
175	6	998.273681640625
175	7	996.855224609375
175	8	22.71818733215332
175	9	490.7499694824219
175	10	849.9275512695312
175	11	1025.292724609375
175	12	935.83203125
175	13	986.8365478515625
176	0	818.2662963867188
176	1	980.7218017578125
176	2	579.4425659179688
176	3	819.5087890625
176	4	970.2245483398438
176	5	29.235963821411133
176	6	998.381103515625
176	7	996.8062133789062
177	0	991.1117553710938
177	1	820.40576171875
177	2	995.6294555664062
177	3	18.788036346435547
177	4	966.7869873046875
177	5	965.5628051757812
177	6	959.4247436523438
177	7	970.5814819335938
177	8	982.056396484375
177	9	988.2199096679688
177	10	989.91015625
177	11	985.1314086914062
177	12	963.1311645507812
177	13	978.2816162109375
177	14	983.1508178710938
177	15	991.35400390625
177	16	1003.87353515625
177	17	962.2180786132812
177	18	998.9947509765625
177	19	991.4812622070312
178	0	820.40576171875
178	1	998.381103515625
178	2	23.350576400756836
178	3	996.8062133789062
178	4	994.0185546875
178	5	994.1339111328125
178	6	998.2567749023438
178	7	933.3009033203125
178	8	993.2251586914062
178	9	1000.1218872070312
178	10	973.2911987304688
178	11	1000.8634033203125
178	12	1001.1636352539062
178	13	1000.7697143554688
178	14	995.6723022460938
178	15	1000.7697143554688
178	16	997.3944091796875
178	17	990.2570190429688
178	18	985.5282592773438
178	19	998.0352783203125
179	0	997.2102661132812
179	1	892.9105834960938
179	2	908.9612426757812
179	3	843.1055297851562
179	4	999.8131103515625
179	5	983.8491821289062
179	6	920.7279663085938
179	7	451.7280578613281
179	8	18.788036346435547
179	9	991.1117553710938
179	10	995.1370849609375
179	11	679.2929077148438
179	12	917.259765625
179	13	913.6575927734375
179	14	1000.9666137695312
179	15	966.4286499023438
180	0	877.4149169921875
180	1	894.0211181640625
180	2	1000.0780639648438
180	3	888.2319946289062
180	4	843.1055297851562
180	5	983.2865600585938
180	6	919.5269165039062
180	7	27.34579086303711
180	8	996.438232421875
180	9	378.4258728027344
180	10	596.275634765625
180	11	987.10986328125
180	12	810.5984497070312
180	13	966.1278076171875
180	14	994.554931640625
180	15	832.36376953125
181	0	843.1055297851562
181	1	984.5034790039062
181	2	888.2319946289062
181	3	596.275634765625
181	4	983.2865600585938
181	5	996.438232421875
181	6	22.36719512939453
181	7	1000.0780639648438
182	0	596.275634765625
182	1	888.2319946289062
182	2	843.1055297851562
182	3	987.10986328125
182	4	22.36719512939453
182	5	999.9998779296875
182	6	996.438232421875
182	7	983.2865600585938
183	0	987.10986328125
183	1	888.2319946289062
183	2	843.1055297851562
183	3	596.275634765625
183	4	983.2865600585938
183	5	20.886505126953125
183	6	996.4638671875
183	7	1000.0780639648438
184	0	890.123046875
184	1	874.4141235351562
184	2	999.9998779296875
184	3	983.2865600585938
184	4	843.1055297851562
184	5	888.2319946289062
184	6	921.6175537109375
184	7	333.3898620605469
184	8	783.8919677734375
184	9	993.1650390625
184	10	957.4622192382812
184	11	835.5248413085938
184	12	996.4638671875
184	13	27.34579086303711
185	0	983.2865600585938
185	1	919.5269165039062
185	2	894.0211181640625
185	3	880.036865234375
185	4	1000.0780639648438
185	5	843.1055297851562
185	6	888.2319946289062
185	7	20.886505126953125
185	8	996.4638671875
185	9	378.4258728027344
185	10	810.5984497070312
185	11	994.554931640625
185	12	966.1278076171875
185	13	832.36376953125
186	0	22.71818733215332
186	1	820.40576171875
186	2	998.3102416992188
186	3	996.855224609375
186	4	1005.5829467773438
186	5	1002.0036010742188
186	6	1009.9769897460938
186	7	1001.0432739257812
186	8	991.187255859375
186	9	999.6091918945312
186	10	997.5825805664062
186	11	998.1708984375
186	12	1005.7943725585938
186	13	981.3372192382812
186	14	1005.9283447265625
186	15	1005.1857299804688
186	16	1009.1829223632812
186	17	995.1058349609375
186	18	996.0980224609375
186	19	981.2713623046875
187	0	957.7490234375
187	1	996.8070068359375
187	2	-249.2700958251953
187	3	932.0543212890625
187	4	916.270751953125
187	5	985.1689453125
187	6	906.3909912109375
187	7	986.8960571289062
187	8	991.8114013671875
187	9	987.0857543945312
187	10	973.4969482421875
187	11	989.517578125
187	12	925.9820556640625
187	13	988.1810913085938
187	14	996.6138305664062
187	15	988.3077392578125
187	16	996.6138305664062
187	17	999.361572265625
187	18	921.071044921875
187	19	996.6658935546875
187	20	987.0469360351562
187	21	908.2855224609375
187	22	961.3617553710938
187	23	996.5848999023438
187	24	865.0364990234375
187	25	-8.432852745056152
187	26	862.5657958984375
187	27	880.3568725585938
187	28	990.1548461914062
187	29	946.0819091796875
187	30	962.73095703125
187	31	908.7181396484375
187	32	991.3840942382812
187	33	551.8341674804688
187	34	331.7063903808594
188	0	904.7579956054688
188	1	953.5701293945312
188	2	998.273681640625
188	3	850.707763671875
188	4	978.2362670898438
188	5	890.904296875
188	6	864.1868896484375
189	0	974.859619140625
189	1	995.2028198242188
189	2	952.2749633789062
189	3	937.7445678710938
189	4	981.320068359375
189	5	978.2272338867188
189	6	976.9154052734375
189	7	981.320068359375
189	8	967.2369384765625
189	9	936.750244140625
189	10	987.8487548828125
189	11	924.3406372070312
189	12	981.4537353515625
189	13	929.1746215820312
189	14	979.365478515625
189	15	821.1597900390625
189	16	989.0698852539062
189	17	123.01545715332031
189	18	982.438232421875
189	19	980.4801635742188
189	20	919.8765258789062
189	21	1013.6611938476562
189	22	929.3319702148438
189	23	981.320068359375
189	24	832.5225830078125
189	25	986.2939453125
189	26	37.40959930419922
189	27	975.7330932617188
189	28	929.4359741210938
189	29	998.31982421875
189	30	993.0979614257812
189	31	999.9501953125
189	32	876.6353759765625
190	0	999.1782836914062
190	1	983.44287109375
190	2	936.3612670898438
190	3	978.130126953125
190	4	999.7052612304688
190	5	982.3047485351562
190	6	843.1055297851562
190	7	22.36719512939453
190	8	974.6830444335938
190	9	980.85302734375
190	10	970.4976806640625
190	11	979.3067016601562
190	12	980.85302734375
190	13	987.9563598632812
190	14	979.6924438476562
190	15	1008.0870971679688
190	16	942.9531860351562
190	17	982.3047485351562
190	18	817.9519653320312
191	0	979.6924438476562
191	1	999.3043823242188
191	2	979.3067016601562
191	3	974.6830444335938
191	4	980.85302734375
191	5	993.8729858398438
191	6	999.7052612304688
191	7	989.4080810546875
191	8	843.1055297851562
191	9	978.130126953125
191	10	982.3047485351562
191	11	980.85302734375
191	12	131.73902893066406
192	0	972.3306274414062
192	1	1018.1896362304688
192	2	952.2749633789062
192	3	1023.0791625976562
192	4	1024.427001953125
192	5	123.14051055908203
192	6	946.24267578125
192	7	1017.0790405273438
192	8	952.14794921875
192	9	929.3319702148438
192	10	924.3406372070312
192	11	1061.9727783203125
192	12	924.29345703125
192	13	996.0293579101562
192	14	1014.2135620117188
192	15	1000.8897705078125
192	16	988.8076171875
192	17	994.2665405273438
192	18	994.2665405273438
192	19	936.750244140625
192	20	1018.50830078125
192	21	994.2665405273438
192	22	989.0698852539062
192	23	845.1433715820312
192	24	1021.0496826171875
192	25	864.7446899414062
192	26	155.3795623779297
193	0	999.1782836914062
193	1	785.5802612304688
193	2	978.130126953125
193	3	980.85302734375
193	4	982.3047485351562
193	5	974.6830444335938
193	6	980.85302734375
193	7	987.9563598632812
193	8	130.25836181640625
193	9	999.8381958007812
193	10	993.8729858398438
193	11	843.1055297851562
193	12	979.3067016601562
193	13	975.15869140625
194	0	990.173583984375
194	1	634.7525024414062
194	2	888.2319946289062
194	3	907.7459106445312
194	4	982.8469848632812
194	5	144.13668823242188
194	6	127.73725891113281
194	7	997.341552734375
194	8	999.3299560546875
195	0	174.80018615722656
195	1	822.3326416015625
195	2	980.7218017578125
195	3	902.2549438476562
195	4	137.47337341308594
195	5	130.50918579101562
195	6	996.9532470703125
195	7	981.4812622070312
195	8	970.9082641601562
196	0	141.55104064941406
196	1	996.9532470703125
196	2	981.4812622070312
196	3	822.3326416015625
196	4	128.03045654296875
196	5	924.3406372070312
196	6	1043.10009765625
196	7	929.3319702148438
196	8	919.8765258789062
196	9	982.438232421875
196	10	1013.6611938476562
196	11	989.0698852539062
196	12	821.1597900390625
196	13	1001.9593505859375
196	14	996.0293579101562
196	15	989.6630249023438
196	16	1044.6685791015625
196	17	1029.0096435546875
196	18	1033.1767578125
196	19	996.0293579101562
196	20	996.0293579101562
197	0	850.707763671875
197	1	897.875732421875
197	2	173.44593811035156
197	3	997.0089721679688
197	4	998.273681640625
197	5	131.02906799316406
197	6	980.7664184570312
197	7	137.51539611816406
197	8	987.112060546875
197	9	999.6980590820312
197	10	983.3010864257812
197	11	956.1818237304688
197	12	988.9072875976562
197	13	942.6101684570312
197	14	890.29931640625
197	15	729.2265014648438
198	0	818.5896606445312
198	1	988.857666015625
198	2	999.3043823242188
198	3	983.1026000976562
198	4	989.873291015625
198	5	990.8004760742188
198	6	983.1026000976562
198	7	131.40402221679688
198	8	980.4164428710938
198	9	843.1055297851562
198	10	978.130126953125
198	11	975.9000244140625
198	12	998.9970703125
198	13	983.1026000976562
199	0	986.8232421875
199	1	399.135986328125
199	2	904.4935302734375
199	3	128.34716796875
199	4	171.61813354492188
199	5	982.428955078125
199	6	832.5225830078125
199	7	988.1256713867188
199	8	1000.5728759765625
199	9	928.3073120117188
199	10	1019.3923950195312
199	11	974.3442993164062
199	12	931.7953491210938
199	13	990.6646728515625
199	14	985.6582641601562
199	15	996.4814453125
199	16	987.887939453125
199	17	979.1295776367188
199	18	970.4591064453125
199	19	979.1295776367188
199	20	979.0350341796875
199	21	823.338134765625
199	22	1000.9973754882812
199	23	938.9187622070312
199	24	123.40972137451172
199	25	962.2883911132812
199	26	993.4534912109375
199	27	831.2893676757812
199	28	758.421875
199	29	999.9570922851562
199	30	989.857666015625
199	31	998.8342895507812
199	32	956.8185424804688
199	33	981.2924194335938
199	34	938.1538696289062
200	0	996.9532470703125
200	1	822.3326416015625
200	2	128.03045654296875
200	3	141.55104064941406
200	4	981.4812622070312
200	5	931.8090209960938
200	6	998.6361083984375
200	7	985.3212890625
200	8	923.97998046875
200	9	818.5896606445312
200	10	988.857666015625
200	11	927.9710693359375
200	12	1013.2298583984375
200	13	985.1881103515625
200	14	989.873291015625
200	15	980.4164428710938
200	16	983.1026000976562
200	17	975.9000244140625
200	18	990.8004760742188
200	19	999.4407348632812
200	20	985.1881103515625
200	21	1004.2179565429688
200	22	905.72412109375
200	23	265.6050720214844
200	24	986.4694213867188
201	0	184.3667449951172
201	1	985.150634765625
201	2	850.707763671875
201	3	894.3734741210938
201	4	131.54873657226562
201	5	980.7664184570312
201	6	998.273681640625
201	7	137.51539611816406
201	8	978.2362670898438
202	0	184.3667449951172
202	1	894.3734741210938
202	2	985.150634765625
202	3	850.707763671875
202	4	998.3102416992188
202	5	136.9537811279297
202	6	980.7664184570312
202	7	137.51539611816406
202	8	978.2362670898438
203	0	911.4373779296875
203	1	268.7142028808594
203	2	975.7705078125
203	3	952.0493774414062
203	4	766.6619262695312
203	5	967.528564453125
203	6	936.19140625
203	7	972.2943725585938
203	8	725.0848999023438
203	9	1001.5652465820312
203	10	921.7659912109375
203	11	897.3794555664062
203	12	201.70156860351562
203	13	987.8131713867188
203	14	136.1275634765625
203	15	144.65451049804688
203	16	998.8350219726562
203	17	981.0725708007812
203	18	997.55712890625
204	0	894.3734741210938
204	1	184.3667449951172
204	2	850.707763671875
204	3	985.150634765625
204	4	980.7664184570312
204	5	137.51539611816406
204	6	136.9537811279297
204	7	998.273681640625
204	8	978.2362670898438
205	0	184.3667449951172
205	1	850.707763671875
205	2	894.3734741210938
205	3	985.150634765625
205	4	980.7664184570312
205	5	137.51539611816406
205	6	131.97520446777344
205	7	998.3102416992188
205	8	978.2362670898438
206	0	894.3734741210938
206	1	184.3667449951172
206	2	850.707763671875
206	3	985.150634765625
206	4	137.51539611816406
206	5	978.2362670898438
206	6	131.97520446777344
206	7	998.273681640625
206	8	980.7664184570312
207	0	1007.4637451171875
207	1	999.65234375
207	2	968.9814453125
207	3	997.5709228515625
207	4	1005.2845458984375
207	5	1014.39892578125
207	6	999.65234375
207	7	952.1199340820312
207	8	1006.8248291015625
207	9	107.04234313964844
207	10	1013.6572265625
207	11	972.66357421875
207	12	843.1055297851562
207	13	1010.0921630859375
208	0	1009.593994140625
208	1	973.2476196289062
208	2	909.3146362304688
208	3	962.5250244140625
208	4	911.787353515625
208	5	961.2634887695312
208	6	1031.91650390625
208	7	980.347412109375
208	8	693.10693359375
208	9	388.20068359375
208	10	1002.0294189453125
208	11	983.178955078125
208	12	118.71166229248047
208	13	815.7122192382812
208	14	972.3973999023438
208	15	983.2503662109375
208	16	981.0086059570312
208	17	981.0086059570312
208	18	989.3609619140625
208	19	1000.2110595703125
208	20	981.0086059570312
208	21	999.8174438476562
208	22	990.7903442382812
208	23	863.5935668945312
208	24	1007.6819458007812
208	25	823.9790649414062
208	26	1016.1524047851562
208	27	1013.7782592773438
208	28	928.7305908203125
208	29	930.3992919921875
208	30	984.0189819335938
208	31	1009.1738891601562
208	32	260.4587707519531
208	33	998.5762939453125
208	34	973.1756591796875
208	35	943.1665649414062
208	36	989.73095703125
208	37	880.358154296875
208	38	983.1768798828125
209	0	999.8241577148438
209	1	936.9435424804688
209	2	999.7432861328125
209	3	975.9544677734375
209	4	984.0813598632812
209	5	991.1846923828125
209	6	126.64761352539062
209	7	982.629638671875
209	8	980.8568115234375
209	9	982.629638671875
209	10	979.6828002929688
209	11	991.330078125
209	12	850.707763671875
209	13	838.0730590820312
210	0	996.6293334960938
210	1	960.7442016601562
210	2	990.7926635742188
210	3	982.5653076171875
210	4	992.70947265625
210	5	991.7953491210938
210	6	976.3955078125
210	7	937.3060302734375
210	8	721.7132568359375
211	0	712.0735473632812
211	1	997.7761840820312
211	2	964.3776245117188
211	3	1005.1640625
211	4	1018.5364990234375
211	5	1015.9439086914062
211	6	993.9497680664062
211	7	995.1049194335938
211	8	1030.9443359375
211	9	993.7345581054688
211	10	968.6646728515625
212	0	712.0735473632812
212	1	952.0328369140625
212	2	999.3922729492188
212	3	996.6979370117188
212	4	999.76220703125
212	5	911.0778198242188
212	6	964.3776245117188
212	7	1012.1663818359375
212	8	944.409912109375
212	9	947.781494140625
212	10	868.9600219726562
212	11	965.4664306640625
212	12	985.5833129882812
213	0	980.794189453125
213	1	963.2356567382812
213	2	949.090087890625
213	3	139.4185028076172
213	4	978.5775146484375
213	5	962.8129272460938
214	0	810.5984497070312
214	1	832.36376953125
214	2	966.1278076171875
214	3	960.725830078125
214	4	1009.2445678710938
214	5	894.3734741210938
214	6	1025.7890625
214	7	815.7122192382812
214	8	184.3667449951172
214	9	995.0476684570312
215	0	954.4310913085938
215	1	863.7413330078125
215	2	790.2223510742188
215	3	984.406494140625
215	4	978.3889770507812
215	5	172.3688507080078
215	6	973.4041748046875
215	7	850.707763671875
215	8	121.517822265625
215	9	968.1934814453125
215	10	996.0923461914062
215	11	982.9692993164062
215	12	907.1054077148438
215	13	920.4097900390625
215	14	957.8761596679688
215	15	801.0928955078125
215	16	907.0646362304688
215	17	973.27587890625
215	18	974.4563598632812
215	19	962.9388427734375
215	20	985.7325439453125
215	21	974.4563598632812
215	22	980.9850463867188
215	23	974.5383911132812
215	24	979.1461181640625
215	25	959.740234375
216	0	957.0582275390625
216	1	810.5984497070312
216	2	838.0730590820312
216	3	961.0775146484375
216	4	897.875732421875
216	5	963.6539916992188
216	6	171.0210418701172
216	7	850.707763671875
216	8	978.4391479492188
217	0	978.3889770507812
217	1	866.966796875
217	2	863.7413330078125
217	3	984.406494140625
217	4	171.0210418701172
217	5	809.766845703125
217	6	978.4391479492188
217	7	897.875732421875
217	8	140.8759765625
217	9	963.6539916992188
217	10	978.911865234375
217	11	997.1300659179688
217	12	123.056884765625
218	0	930.5475463867188
218	1	1008.5770263671875
218	2	993.7320556640625
218	3	991.5543823242188
218	4	991.5543823242188
218	5	843.1055297851562
218	6	998.0830688476562
218	7	996.7072143554688
218	8	980.9364624023438
218	9	989.2175903320312
218	10	131.40402221679688
218	11	1007.3052368164062
218	12	978.130126953125
219	0	989.1844482421875
219	1	932.9824829101562
219	2	778.8836059570312
219	3	828.4091796875
219	4	945.5989379882812
219	5	815.4210815429688
219	6	897.9570922851562
219	7	168.2659454345703
219	8	981.9161376953125
219	9	140.8759765625
219	10	124.747802734375
219	11	984.3333129882812
219	12	997.7432250976562
219	13	962.7576904296875
219	14	1001.954833984375
219	15	638.870361328125
219	16	978.9097290039062
219	17	1004.0994873046875
219	18	997.2278442382812
219	19	984.5601196289062
219	20	984.7875366210938
219	21	984.5601196289062
219	22	986.6456298828125
219	23	993.4163208007812
219	24	988.7560424804688
219	25	987.5042724609375
219	26	1023.8522338867188
219	27	996.1290283203125
219	28	957.2548828125
219	29	1004.7484130859375
219	30	962.7522583007812
220	0	921.7659912109375
220	1	201.70156860351562
220	2	897.3794555664062
220	3	985.1487426757812
220	4	1001.5652465820312
220	5	144.65451049804688
220	6	131.4362030029297
220	7	998.8350219726562
220	8	981.0725708007812
221	0	490.7499694824219
221	1	851.4591064453125
221	2	954.7464599609375
221	3	863.3265380859375
221	4	963.7802124023438
221	5	911.4985961914062
221	6	997.0089721679688
221	7	582.1820068359375
221	8	863.673095703125
221	9	153.6890869140625
221	10	995.1234741210938
221	11	1015.7774658203125
221	12	150.35028076171875
221	13	987.112060546875
221	14	981.3494262695312
221	15	992.5040893554688
221	16	717.4689331054688
222	0	976.2369995117188
222	1	337.1961975097656
222	2	981.7390747070312
222	3	960.1749267578125
222	4	921.0678100585938
222	5	1009.8826293945312
222	6	959.6096801757812
222	7	880.6365966796875
222	8	932.3377685546875
222	9	1012.5035400390625
222	10	852.257080078125
222	11	866.3927001953125
222	12	981.8206787109375
222	13	-4.924623966217041
222	14	847.7853393554688
222	15	998.7903442382812
222	16	952.295166015625
222	17	980.8829956054688
222	18	972.1727905273438
222	19	972.1727905273438
222	20	991.6026611328125
222	21	966.2020263671875
223	0	420.073486328125
223	1	880.6285400390625
223	2	977.3517456054688
223	3	998.0311279296875
223	4	921.7659912109375
223	5	952.4094848632812
223	6	937.7804565429688
224	0	969.1925659179688
224	1	846.4033203125
224	2	923.3485107421875
224	3	975.8070068359375
224	4	989.1119384765625
224	5	891.701171875
224	6	272.83245849609375
224	7	1008.98095703125
224	8	895.2953491210938
