123	0	0.6456400609171283
123	1	0.831172560872185
123	2	0.7707626355503757
123	3	0.0
123	4	0.810954090315237
123	5	0.6456400609171283
123	6	1.5725205189380138
123	7	1.4401741963107515
123	8	1.5725205189380138
123	9	1.5725205189380138
123	10	1.5725205189380138
123	11	0.14549569740080118
123	12	0.831172560872185
123	13	0.9562951355054323
123	14	1.339202593504756
123	15	0.831172560872185
123	16	0.831172560872185
123	17	0.6456400609171283
123	18	0.831172560872185
123	19	0.6456400609171283
124	0	0.7707626355503757
124	1	0.831172560872185
124	2	0.6456400609171283
124	3	0.0
124	4	0.810954090315237
124	5	0.6456400609171283
124	6	0.831172560872185
124	7	0.6456400609171283
124	8	1.5725205189380138
124	9	1.5725205189380138
124	10	0.831172560872185
124	11	1.4401741963107515
124	12	1.5725205189380138
124	13	1.5725205189380138
124	14	0.14549569740080118
124	15	1.339202593504756
124	16	0.9562951355054323
124	17	0.831172560872185
124	18	0.831172560872185
124	19	0.6456400609171283
125	0	0.831172560872185
125	1	0.7707626355503757
125	2	0.6456400609171283
125	3	0.0
125	4	0.6456400609171283
125	5	0.810954090315237
125	6	0.9562951355054323
125	7	1.339202593504756
125	8	0.6456400609171283
125	9	0.831172560872185
125	10	1.5725205189380138
125	11	0.14549569740080118
125	12	1.5725205189380138
125	13	1.4401741963107515
125	14	1.5725205189380138
125	15	1.5725205189380138
125	16	0.831172560872185
125	17	0.6456400609171283
125	18	0.831172560872185
125	19	0.831172560872185
126	0	0.7707626355503757
126	1	0.831172560872185
126	2	0.6456400609171283
126	3	0.0
126	4	0.831172560872185
126	5	0.810954090315237
126	6	0.9562951355054323
126	7	1.339202593504756
126	8	1.5725205189380138
126	9	0.14549569740080118
126	10	1.5725205189380138
126	11	0.831172560872185
126	12	1.5725205189380138
126	13	0.6456400609171283
126	14	1.4401741963107515
126	15	1.5725205189380138
126	16	0.831172560872185
126	17	0.831172560872185
126	18	0.6456400609171283
126	19	0.6456400609171283
126	20	0.14494090663055476
126	21	0.27006348126380203
126	22	0.7891649703077047
126	23	0.2191770279535728
127	0	0.6456400609171283
127	1	0.27006348126380203
127	2	0.14494090663055476
127	3	0.7891649703077047
127	4	0.2191770279535728
127	5	0.831172560872185
127	6	0.7707626355503757
127	7	0.0
128	0	0.6456400609171283
128	1	0.27006348126380203
128	2	0.14494090663055476
128	3	0.7891649703077047
128	4	0.7707626355503757
128	5	0.0
128	6	0.831172560872185
128	7	0.2191770279535728
129	0	0.14494090663055476
129	1	0.27006348126380203
129	2	0.7891649703077047
129	3	0.6456400609171283
129	4	0.2191770279535728
129	5	0.831172560872185
129	6	0.7707626355503757
129	7	0.0
130	0	0.14494090663055476
130	1	0.7891649703077047
130	2	0.27006348126380203
130	3	0.6456400609171283
130	4	0.7707626355503757
130	5	0.0
130	6	0.831172560872185
130	7	0.2191770279535728
131	0	0.14494090663055476
131	1	0.27006348126380203
131	2	0.6456400609171283
131	3	0.7891649703077047
131	4	0.2191770279535728
131	5	0.0
131	6	0.7707626355503757
131	7	0.831172560872185
132	0	0.14494090663055476
132	1	0.6456400609171283
132	2	0.7891649703077047
132	3	0.27006348126380203
132	4	0.0
132	5	0.7707626355503757
132	6	0.831172560872185
132	7	0.2191770279535728
133	0	0.14549569740080118
133	1	0.27006348126380203
133	2	0.7891649703077047
133	3	0.6456400609171283
133	4	0.14494090663055476
133	5	0.27006348126380203
133	6	0.6456400609171283
133	7	0.14494090663055476
134	0	0.6456400609171283
134	1	0.27006348126380203
134	2	0.7891649703077047
134	3	0.14494090663055476
134	4	0.0
134	5	0.831172560872185
134	6	0.7707626355503757
134	7	0.2191770279535728
135	0	0.27006348126380203
135	1	0.7891649703077047
135	2	0.14494090663055476
135	3	0.6456400609171283
135	4	0.2191770279535728
135	5	0.7707626355503757
135	6	0.831172560872185
135	7	0.0
136	0	0.6456400609171283
136	1	0.14494090663055476
136	2	0.7891649703077047
136	3	0.27006348126380203
136	4	0.0
136	5	0.831172560872185
136	6	0.7707626355503757
136	7	0.2191770279535728
137	0	0.6456400609171283
137	1	0.14494090663055476
137	2	0.7891649703077047
137	3	0.27006348126380203
137	4	0.0
137	5	0.831172560872185
137	6	0.7707626355503757
137	7	0.2191770279535728
138	0	0.831172560872185
138	1	0.9196567100268691
138	2	0.9196567100268691
138	3	0.6456400609171283
138	4	0.2191770279535728
138	5	0.14494090663055476
138	6	0.6456400609171283
139	0	0.7891649703077047
139	1	0.27006348126380203
139	2	0.14494090663055476
139	3	0.6456400609171283
139	4	0.2191770279535728
139	5	0.0
139	6	0.831172560872185
139	7	0.7707626355503757
140	0	0.27006348126380203
140	1	0.7891649703077047
140	2	0.6456400609171283
140	3	0.14494090663055476
140	4	0.0
140	5	0.7707626355503757
140	6	0.831172560872185
140	7	0.2191770279535728
141	0	0.27006348126380203
141	1	0.6456400609171283
141	2	0.7891649703077047
141	3	0.14494090663055476
141	4	0.2191770279535728
141	5	0.831172560872185
141	6	0.0
141	7	0.7707626355503757
142	0	0.6456400609171283
142	1	0.6456400609171283
142	2	0.831172560872185
142	3	1.5725205189380138
142	4	1.4401741963107515
142	5	0.0
142	6	1.5725205189380138
142	7	1.5725205189380138
142	8	0.810954090315237
142	9	1.5725205189380138
142	10	0.14549569740080118
142	11	0.7707626355503757
142	12	0.831172560872185
142	13	0.831172560872185
142	14	0.6456400609171283
142	15	0.6456400609171283
143	0	0.6456400609171283
143	1	1.5725205189380138
143	2	1.5725205189380138
143	3	0.831172560872185
143	4	0.831172560872185
143	5	1.5725205189380138
143	6	1.5725205189380138
143	7	0.6456400609171283
143	8	0.810954090315237
143	9	1.4401741963107515
143	10	0.0
143	11	0.14549569740080118
143	12	0.7707626355503757
143	13	0.831172560872185
144	0	0.6456400609171283
144	1	0.7891649703077047
144	2	0.14494090663055476
144	3	0.27006348126380203
144	4	0.2191770279535728
144	5	0.7707626355503757
144	6	0.0
144	7	0.831172560872185
145	0	0.0
145	1	0.6456400609171283
145	2	0.7707626355503757
145	3	1.5725205189380138
145	4	0.14549569740080118
145	5	0.810954090315237
145	6	0.6456400609171283
145	7	1.5725205189380138
145	8	1.4401741963107515
145	9	0.831172560872185
145	10	1.5725205189380138
145	11	1.5725205189380138
145	12	0.831172560872185
145	13	0.831172560872185
145	14	0.6456400609171283
145	15	0.6456400609171283
146	0	0.6456400609171283
146	1	0.14494090663055476
146	2	0.7891649703077047
146	3	0.27006348126380203
146	4	0.0
146	5	0.7707626355503757
146	6	0.831172560872185
146	7	0.2191770279535728
147	0	0.7891649703077047
147	1	0.6456400609171283
147	2	0.14494090663055476
147	3	0.27006348126380203
147	4	0.2191770279535728
147	5	0.831172560872185
147	6	0.7707626355503757
147	7	0.0
148	0	0.14494090663055476
148	1	0.6456400609171283
148	2	0.7891649703077047
148	3	0.27006348126380203
148	4	0.2191770279535728
148	5	0.0
148	6	0.7707626355503757
148	7	0.831172560872185
149	0	0.14494090663055476
149	1	0.6456400609171283
149	2	0.7891649703077047
149	3	0.27006348126380203
149	4	0.0
149	5	0.7707626355503757
149	6	0.831172560872185
149	7	0.2191770279535728
150	0	0.27006348126380203
150	1	0.14494090663055476
150	2	0.7891649703077047
150	3	0.6456400609171283
150	4	0.0
150	5	0.7707626355503757
150	6	0.831172560872185
150	7	0.2191770279535728
151	0	0.14494090663055476
151	1	0.27006348126380203
151	2	0.7707626355503757
151	3	0.7891649703077047
151	4	0.2191770279535728
151	5	0.0
151	6	0.7707626355503757
151	7	0.831172560872185
152	0	0.7707626355503757
152	1	0.27006348126380203
152	2	0.14494090663055476
152	3	0.7891649703077047
152	4	0.2191770279535728
152	5	0.831172560872185
152	6	0.7707626355503757
152	7	0.0
153	0	0.914287544940952
153	1	0.9196567100268691
153	2	0.831172560872185
153	3	0.7707626355503757
153	4	0.14494090663055476
153	5	0.2191770279535728
153	6	0.6456400609171283
153	7	0.7707626355503757
153	8	0.0
153	9	0.7707626355503757
153	10	0.6456400609171283
153	11	0.12512257463324716
153	12	0.2191770279535728
153	13	0.14494090663055476
154	0	0.12512257463324716
154	1	1.4401741963107515
154	2	0.14549569740080118
154	3	0.2191770279535728
154	4	0.14494090663055476
154	5	0.12512257463324716
154	6	0.6456400609171283
154	7	0.27006348126380203
154	8	0.914287544940952
154	9	0.7707626355503757
154	10	0.2191770279535728
154	11	0.14494090663055476
154	12	0.6456400609171283
154	13	0.831172560872185
154	14	0.9196567100268691
154	15	0.7707626355503757
154	16	0.0
154	17	0.7707626355503757
155	0	0.14494090663055476
155	1	0.7707626355503757
155	2	0.27006348126380203
155	3	0.7891649703077047
155	4	0.7707626355503757
155	5	0.831172560872185
155	6	0.0
155	7	0.2191770279535728
156	0	0.12512257463324716
156	1	1.4401741963107515
156	2	0.0
156	3	0.14549569740080118
156	4	0.27006348126380203
156	5	0.14494090663055476
157	0	0.831172560872185
157	1	0.914287544940952
157	2	0.9196567100268691
157	3	0.14494090663055476
157	4	0.2191770279535728
157	5	0.7707626355503757
157	6	0.6456400609171283
157	7	0.7707626355503757
157	8	0.0
157	9	0.27006348126380203
157	10	0.7891649703077047
157	11	0.7707626355503757
157	12	0.6456400609171283
158	0	0.12512257463324716
158	1	0.0
158	2	0.7707626355503757
158	3	0.0
158	4	0.14549569740080118
158	5	0.27006348126380203
158	6	0.14494090663055476
158	7	0.6456400609171283
158	8	0.12512257463324716
158	9	0.6456400609171283
158	10	0.2191770279535728
158	11	0.27006348126380203
158	12	0.0
158	13	0.2191770279535728
158	14	0.27006348126380203
158	15	0.14494090663055476
159	0	0.831172560872185
159	1	0.9196567100268691
159	2	0.914287544940952
159	3	0.6456400609171283
159	4	0.7707626355503757
159	5	0.2191770279535728
159	6	0.14494090663055476
160	0	0.810954090315237
160	1	0.831172560872185
160	2	1.339202593504756
160	3	1.339202593504756
160	4	0.9562951355054323
160	5	1.5725205189380138
160	6	0.6456400609171283
160	7	0.831172560872185
160	8	0.831172560872185
160	9	0.14549569740080118
160	10	0.831172560872185
160	11	0.6456400609171283
160	12	1.5725205189380138
160	13	0.831172560872185
160	14	1.5725205189380138
160	15	1.5725205189380138
160	16	1.5725205189380138
160	17	0.7707626355503757
160	18	0.831172560872185
160	19	0.6456400609171283
160	20	0.831172560872185
160	21	0.6456400609171283
160	22	0.831172560872185
161	0	0.831172560872185
161	1	1.5725205189380138
161	2	1.5725205189380138
161	3	0.6456400609171283
161	4	0.831172560872185
161	5	1.5725205189380138
161	6	1.5725205189380138
161	7	0.810954090315237
161	8	0.831172560872185
161	9	0.6456400609171283
161	10	1.5725205189380138
161	11	0.831172560872185
161	12	0.831172560872185
161	13	1.339202593504756
161	14	0.6456400609171283
161	15	0.831172560872185
161	16	0.6456400609171283
161	17	0.831172560872185
161	18	0.14549569740080118
161	19	0.7707626355503757
161	20	0.831172560872185
161	21	1.339202593504756
161	22	0.9562951355054323
162	0	0.27006348126380203
162	1	0.7891649703077047
162	2	0.14494090663055476
162	3	0.7707626355503757
162	4	0.2191770279535728
162	5	0.831172560872185
162	6	0.0
162	7	0.7707626355503757
163	0	0.7707626355503757
163	1	0.27006348126380203
163	2	0.14494090663055476
163	3	0.7891649703077047
163	4	0.831172560872185
163	5	0.0
163	6	0.7707626355503757
163	7	0.2191770279535728
164	0	0.7707626355503757
164	1	0.0
164	2	0.831172560872185
164	3	0.7707626355503757
164	4	0.810954090315237
164	5	0.6456400609171283
164	6	0.831172560872185
164	7	0.6456400609171283
164	8	0.831172560872185
164	9	0.831172560872185
164	10	1.4401741963107515
164	11	1.5725205189380138
164	12	0.14549569740080118
164	13	0.6456400609171283
164	14	0.831172560872185
164	15	1.5725205189380138
164	16	1.5725205189380138
164	17	1.5725205189380138
164	18	0.9562951355054323
164	19	1.339202593504756
165	0	0.831172560872185
165	1	0.7707626355503757
165	2	0.7707626355503757
165	3	0.0
165	4	0.831172560872185
165	5	0.831172560872185
165	6	0.810954090315237
165	7	0.6456400609171283
165	8	1.339202593504756
165	9	0.9562951355054323
165	10	0.6456400609171283
165	11	0.6456400609171283
165	12	0.831172560872185
165	13	1.5725205189380138
165	14	1.5725205189380138
165	15	0.14549569740080118
165	16	1.5725205189380138
165	17	1.5725205189380138
165	18	1.4401741963107515
165	19	0.831172560872185
166	0	0.0
166	1	0.7707626355503757
166	2	0.831172560872185
166	3	0.7707626355503757
166	4	0.6456400609171283
166	5	0.810954090315237
166	6	1.5725205189380138
166	7	1.5725205189380138
166	8	0.831172560872185
166	9	1.5725205189380138
166	10	1.5725205189380138
166	11	1.4401741963107515
166	12	0.14549569740080118
166	13	0.6456400609171283
166	14	0.831172560872185
166	15	0.831172560872185
166	16	1.339202593504756
166	17	0.9562951355054323
166	18	0.831172560872185
166	19	0.6456400609171283
166	20	0.9196567100268691
166	21	0.914287544940952
166	22	0.6456400609171283
166	23	0.2191770279535728
166	24	0.14494090663055476
167	0	0.27006348126380203
167	1	0.7707626355503757
167	2	0.14494090663055476
167	3	0.7891649703077047
167	4	0.2191770279535728
167	5	0.0
167	6	0.831172560872185
167	7	0.7707626355503757
168	0	0.7891649703077047
168	1	0.27006348126380203
168	2	0.7707626355503757
168	3	0.14494090663055476
168	4	0.2191770279535728
168	5	0.0
168	6	0.831172560872185
168	7	0.7707626355503757
169	0	0.7891649703077047
169	1	0.14494090663055476
169	2	0.27006348126380203
169	3	0.7707626355503757
169	4	0.2191770279535728
169	5	0.0
169	6	0.831172560872185
169	7	0.7707626355503757
170	0	0.831172560872185
170	1	0.9196567100268691
170	2	0.914287544940952
170	3	0.7707626355503757
170	4	0.2191770279535728
170	5	0.14494090663055476
170	6	0.6456400609171283
171	0	0.14494090663055476
171	1	0.7707626355503757
171	2	0.7891649703077047
171	3	0.27006348126380203
171	4	0.2191770279535728
171	5	0.0
171	6	0.7707626355503757
171	7	0.831172560872185
172	0	0.27006348126380203
172	1	0.0
172	2	0.7891649703077047
172	3	0.7707626355503757
172	4	0.2191770279535728
172	5	0.0
172	6	0.7707626355503757
172	7	0.831172560872185
173	0	0.7891649703077047
173	1	0.0
173	2	0.7707626355503757
173	3	0.27006348126380203
173	4	0.0
173	5	0.831172560872185
173	6	0.7707626355503757
173	7	0.2191770279535728
174	0	0.7707626355503757
174	1	0.0
174	2	0.7891649703077047
174	3	0.27006348126380203
174	4	0.2191770279535728
174	5	0.0
174	6	0.7707626355503757
174	7	0.831172560872185
175	0	0.914287544940952
175	1	0.2191770279535728
175	2	0.6456400609171283
175	3	0.7707626355503757
175	4	0.0
175	5	0.9196567100268691
175	6	0.831172560872185
175	7	0.7707626355503757
175	8	0.0
175	9	0.7707626355503757
175	10	0.14494090663055476
175	11	0.12512257463324716
175	12	0.6456400609171283
175	13	0.2191770279535728
176	0	0.0
176	1	0.7891649703077047
176	2	0.27006348126380203
176	3	0.7707626355503757
176	4	0.2191770279535728
176	5	0.0
176	6	0.831172560872185
176	7	0.7707626355503757
177	0	0.7707626355503757
177	1	0.7707626355503757
177	2	0.831172560872185
177	3	0.0
177	4	0.810954090315237
177	5	0.6456400609171283
177	6	0.6456400609171283
177	7	0.6456400609171283
177	8	0.831172560872185
177	9	1.5725205189380138
177	10	1.5725205189380138
177	11	1.5725205189380138
177	12	1.4401741963107515
177	13	0.7911357583179298
177	14	1.5725205189380138
177	15	0.831172560872185
177	16	0.831172560872185
177	17	0.9562951355054323
177	18	1.339202593504756
177	19	0.831172560872185
178	0	0.7707626355503757
178	1	0.831172560872185
178	2	0.0
178	3	0.7707626355503757
178	4	0.831172560872185
178	5	0.831172560872185
178	6	0.810954090315237
178	7	0.6456400609171283
178	8	0.831172560872185
178	9	1.4401741963107515
178	10	0.7911357583179298
178	11	1.5725205189380138
178	12	1.5725205189380138
178	13	1.5725205189380138
178	14	0.6456400609171283
178	15	1.5725205189380138
178	16	1.339202593504756
178	17	0.9562951355054323
178	18	0.831172560872185
178	19	0.6456400609171283
179	0	0.831172560872185
179	1	0.914287544940952
179	2	0.9196567100268691
179	3	0.7707626355503757
179	4	0.0
179	5	0.2191770279535728
179	6	0.6456400609171283
179	7	0.7707626355503757
179	8	0.0
179	9	0.7707626355503757
179	10	0.7891649703077047
179	11	0.27006348126380203
179	12	0.14494090663055476
179	13	0.6456400609171283
179	14	0.12512257463324716
179	15	0.2191770279535728
180	0	0.914287544940952
180	1	0.9196567100268691
180	2	0.831172560872185
180	3	0.0
180	4	0.7707626355503757
180	5	0.2191770279535728
180	6	0.6456400609171283
180	7	0.0
180	8	0.7707626355503757
180	9	0.7707626355503757
180	10	0.27006348126380203
180	11	0.7891649703077047
180	12	0.6456400609171283
180	13	0.2191770279535728
180	14	0.12512257463324716
180	15	0.14494090663055476
181	0	0.7707626355503757
181	1	0.7891649703077047
181	2	0.0
181	3	0.27006348126380203
181	4	0.2191770279535728
181	5	0.7707626355503757
181	6	0.0
181	7	0.831172560872185
182	0	0.27006348126380203
182	1	0.0
182	2	0.7707626355503757
182	3	0.7891649703077047
182	4	0.0
182	5	0.831172560872185
182	6	0.7707626355503757
182	7	0.2191770279535728
183	0	0.7891649703077047
183	1	0.0
183	2	0.7707626355503757
183	3	0.27006348126380203
183	4	0.2191770279535728
183	5	0.0
183	6	0.7707626355503757
183	7	0.831172560872185
184	0	0.9196567100268691
184	1	0.914287544940952
184	2	0.831172560872185
184	3	0.2191770279535728
184	4	0.7707626355503757
184	5	0.0
184	6	0.6456400609171283
184	7	0.7707626355503757
184	8	0.6456400609171283
184	9	0.12512257463324716
184	10	0.2191770279535728
184	11	0.14494090663055476
184	12	0.7707626355503757
184	13	0.0
185	0	0.2191770279535728
185	1	0.6456400609171283
185	2	0.9196567100268691
185	3	0.914287544940952
185	4	0.831172560872185
185	5	0.7707626355503757
185	6	0.0
185	7	0.0
185	8	0.7707626355503757
185	9	0.7707626355503757
185	10	0.6456400609171283
185	11	0.12512257463324716
185	12	0.2191770279535728
185	13	0.14494090663055476
186	0	0.0
186	1	0.7707626355503757
186	2	0.831172560872185
186	3	0.7707626355503757
186	4	1.339202593504756
186	5	0.810954090315237
186	6	0.9562951355054323
186	7	0.6456400609171283
186	8	0.831172560872185
186	9	0.831172560872185
186	10	0.831172560872185
186	11	0.6456400609171283
186	12	1.5725205189380138
186	13	0.7911357583179298
186	14	1.5725205189380138
186	15	1.5725205189380138
186	16	1.5725205189380138
186	17	1.4401741963107515
186	18	0.831172560872185
186	19	0.6456400609171283
187	0	0.6456400609171283
187	1	0.810954090315237
187	2	0.831172560872185
187	3	0.831172560872185
187	4	1.5725205189380138
187	5	0.831172560872185
187	6	0.6456400609171283
187	7	0.7707626355503757
187	8	0.6456400609171283
187	9	0.831172560872185
187	10	0.9562951355054323
187	11	1.339202593504756
187	12	0.831172560872185
187	13	0.831172560872185
187	14	1.5725205189380138
187	15	0.6456400609171283
187	16	1.5725205189380138
187	17	1.5725205189380138
187	18	0.831172560872185
187	19	1.5725205189380138
187	20	0.831172560872185
187	21	1.339202593504756
187	22	0.7911357583179298
187	23	1.4401741963107515
187	24	0.7707626355503757
187	25	0.0
187	26	0.914287544940952
187	27	0.9196567100268691
187	28	0.831172560872185
187	29	0.0
187	30	0.2191770279535728
187	31	0.6456400609171283
187	32	0.7891649703077047
187	33	0.27006348126380203
187	34	0.7707626355503757
188	0	0.914287544940952
188	1	0.914287544940952
188	2	0.831172560872185
188	3	0.7707626355503757
188	4	0.2191770279535728
188	5	0.0
188	6	0.0
189	0	0.831172560872185
189	1	0.810954090315237
189	2	0.831172560872185
189	3	0.831172560872185
189	4	1.339202593504756
189	5	0.6456400609171283
189	6	1.339202593504756
189	7	1.339202593504756
189	8	0.831172560872185
189	9	0.831172560872185
189	10	1.5725205189380138
189	11	0.831172560872185
189	12	0.7707626355503757
189	13	0.831172560872185
189	14	0.6456400609171283
189	15	0.9562951355054323
189	16	0.9562951355054323
189	17	0.6456400609171283
189	18	0.6456400609171283
189	19	0.14549569740080118
189	20	0.831172560872185
189	21	0.6456400609171283
189	22	0.831172560872185
189	23	1.339202593504756
189	24	0.7707626355503757
189	25	1.4401741963107515
189	26	0.0
189	27	0.914287544940952
189	28	0.914287544940952
189	29	0.831172560872185
189	30	0.2191770279535728
189	31	0.0
189	32	0.0
190	0	0.810954090315237
190	1	0.6456400609171283
190	2	0.831172560872185
190	3	0.7707626355503757
190	4	1.4401741963107515
190	5	1.339202593504756
190	6	0.7707626355503757
190	7	0.0
190	8	0.831172560872185
190	9	1.339202593504756
190	10	0.6456400609171283
190	11	0.14549569740080118
190	12	1.339202593504756
190	13	1.5725205189380138
190	14	0.6456400609171283
190	15	0.6456400609171283
190	16	0.831172560872185
190	17	1.339202593504756
190	18	0.9562951355054323
191	0	0.6456400609171283
191	1	0.810954090315237
191	2	0.14549569740080118
191	3	0.831172560872185
191	4	1.339202593504756
191	5	0.6456400609171283
191	6	1.4401741963107515
191	7	1.5725205189380138
191	8	0.7707626355503757
191	9	0.7707626355503757
191	10	1.339202593504756
191	11	1.339202593504756
191	12	0.0
192	0	0.831172560872185
192	1	0.7707626355503757
192	2	0.831172560872185
192	3	0.810954090315237
192	4	0.6456400609171283
192	5	0.6456400609171283
192	6	0.831172560872185
192	7	0.14549569740080118
192	8	0.831172560872185
192	9	0.831172560872185
192	10	0.831172560872185
192	11	0.6456400609171283
192	12	0.831172560872185
192	13	1.339202593504756
192	14	0.7707626355503757
192	15	1.5725205189380138
192	16	0.831172560872185
192	17	1.339202593504756
192	18	1.339202593504756
192	19	0.831172560872185
192	20	0.6456400609171283
192	21	1.339202593504756
192	22	0.9562951355054323
192	23	0.9562951355054323
192	24	1.4401741963107515
192	25	0.7707626355503757
192	26	0.0
193	0	0.810954090315237
193	1	0.831172560872185
193	2	0.7707626355503757
193	3	1.339202593504756
193	4	1.339202593504756
193	5	0.831172560872185
193	6	1.339202593504756
193	7	1.5725205189380138
193	8	0.0
193	9	1.4401741963107515
193	10	0.6456400609171283
193	11	0.7707626355503757
193	12	0.14549569740080118
193	13	0.831172560872185
194	0	0.7891649703077047
194	1	0.27006348126380203
194	2	0.0
194	3	0.7707626355503757
194	4	0.2191770279535728
194	5	0.0
194	6	0.0
194	7	0.831172560872185
194	8	0.7707626355503757
195	0	0.27006348126380203
195	1	0.7707626355503757
195	2	0.7891649703077047
195	3	0.0
195	4	0.0
195	5	0.0
195	6	0.831172560872185
195	7	0.7707626355503757
195	8	0.2191770279535728
196	0	0.0
196	1	0.831172560872185
196	2	0.7707626355503757
196	3	0.7707626355503757
196	4	0.0
196	5	0.831172560872185
196	6	0.810954090315237
196	7	0.831172560872185
196	8	0.831172560872185
196	9	0.6456400609171283
196	10	0.6456400609171283
196	11	0.9562951355054323
196	12	0.9562951355054323
196	13	1.5725205189380138
196	14	1.339202593504756
196	15	0.831172560872185
196	16	0.6456400609171283
196	17	1.4401741963107515
196	18	0.14549569740080118
196	19	1.339202593504756
196	20	1.339202593504756
197	0	0.7707626355503757
197	1	0.0
197	2	0.27006348126380203
197	3	0.7891649703077047
197	4	0.831172560872185
197	5	0.0
197	6	0.7707626355503757
197	7	0.0
197	8	0.2191770279535728
197	9	0.810954090315237
197	10	0.6456400609171283
197	11	0.831172560872185
197	12	0.914287544940952
197	13	0.914287544940952
197	14	0.0
197	15	0.27006348126380203
198	0	0.9562951355054323
198	1	0.9562951355054323
198	2	0.810954090315237
198	3	1.339202593504756
198	4	1.5725205189380138
198	5	0.6456400609171283
198	6	1.339202593504756
198	7	0.0
198	8	0.14549569740080118
198	9	0.7707626355503757
198	10	0.7707626355503757
198	11	0.831172560872185
198	12	1.4401741963107515
198	13	1.339202593504756
199	0	1.4401741963107515
199	1	0.7707626355503757
199	2	0.6456400609171283
199	3	0.0
199	4	0.0
199	5	0.7707626355503757
199	6	0.7707626355503757
199	7	0.831172560872185
199	8	0.810954090315237
199	9	0.831172560872185
199	10	0.6456400609171283
199	11	0.6456400609171283
199	12	0.831172560872185
199	13	0.6456400609171283
199	14	1.5725205189380138
199	15	1.4401741963107515
199	16	0.14549569740080118
199	17	1.339202593504756
199	18	0.831172560872185
199	19	1.339202593504756
199	20	1.339202593504756
199	21	0.9562951355054323
199	22	0.9562951355054323
199	23	0.831172560872185
199	24	0.6456400609171283
199	25	0.831172560872185
199	26	0.831172560872185
199	27	0.831172560872185
199	28	0.7707626355503757
199	29	0.6456400609171283
199	30	0.12512257463324716
199	31	0.0
199	32	0.6660131836846824
199	33	0.851545683639739
199	34	0.6456400609171283
200	0	0.831172560872185
200	1	0.7707626355503757
200	2	0.0
200	3	0.0
200	4	0.7707626355503757
200	5	0.831172560872185
200	6	0.810954090315237
200	7	0.6456400609171283
200	8	0.831172560872185
200	9	0.9562951355054323
200	10	0.9562951355054323
200	11	0.831172560872185
200	12	0.6456400609171283
200	13	1.339202593504756
200	14	1.5725205189380138
200	15	0.14549569740080118
200	16	1.339202593504756
200	17	0.831172560872185
200	18	0.6456400609171283
200	19	1.4401741963107515
200	20	1.339202593504756
200	21	0.7891649703077047
200	22	0.0
200	23	0.27006348126380203
200	24	0.2191770279535728
201	0	0.27006348126380203
201	1	0.7891649703077047
201	2	0.7707626355503757
201	3	0.0
201	4	0.0
201	5	0.7707626355503757
201	6	0.831172560872185
201	7	0.0
201	8	0.2191770279535728
202	0	0.27006348126380203
202	1	0.0
202	2	0.7891649703077047
202	3	0.7707626355503757
202	4	0.831172560872185
202	5	0.0
202	6	0.7707626355503757
202	7	0.0
202	8	0.2191770279535728
203	0	0.12512257463324716
203	1	0.7707626355503757
203	2	0.0
203	3	0.14549569740080118
203	4	0.6456400609171283
203	5	0.27006348126380203
203	6	0.14494090663055476
203	7	0.2191770279535728
203	8	0.27006348126380203
203	9	0.2191770279535728
203	10	0.0
203	11	0.7707626355503757
203	12	0.27006348126380203
203	13	0.7891649703077047
203	14	0.0
203	15	0.0
203	16	0.831172560872185
203	17	0.7707626355503757
203	18	0.14494090663055476
204	0	0.0
204	1	0.27006348126380203
204	2	0.7707626355503757
204	3	0.7891649703077047
204	4	0.7707626355503757
204	5	0.0
204	6	0.0
204	7	0.831172560872185
204	8	0.2191770279535728
205	0	0.27006348126380203
205	1	0.7707626355503757
205	2	0.0
205	3	0.7891649703077047
205	4	0.7707626355503757
205	5	0.0
205	6	0.0
205	7	0.831172560872185
205	8	0.2191770279535728
206	0	0.0
206	1	0.27006348126380203
206	2	0.7707626355503757
206	3	0.7891649703077047
206	4	0.0
206	5	0.2191770279535728
206	6	0.0
206	7	0.831172560872185
206	8	0.7707626355503757
207	0	1.339202593504756
207	1	1.339202593504756
207	2	0.831172560872185
207	3	0.831172560872185
207	4	1.5725205189380138
207	5	0.6456400609171283
207	6	1.339202593504756
207	7	0.831172560872185
207	8	0.810954090315237
207	9	0.0
207	10	1.4401741963107515
207	11	0.7707626355503757
207	12	0.7707626355503757
207	13	0.14549569740080118
208	0	1.4401741963107515
208	1	0.0
208	2	0.6456400609171283
208	3	0.27006348126380203
208	4	0.14494090663055476
208	5	0.2191770279535728
208	6	0.6456400609171283
208	7	0.12512257463324716
208	8	0.27006348126380203
208	9	0.0
208	10	0.831172560872185
208	11	0.7707626355503757
208	12	0.0
208	13	0.7707626355503757
208	14	0.831172560872185
208	15	0.14549569740080118
208	16	1.339202593504756
208	17	1.339202593504756
208	18	0.6456400609171283
208	19	0.810954090315237
208	20	1.339202593504756
208	21	1.4401741963107515
208	22	1.5725205189380138
208	23	0.831172560872185
208	24	0.6456400609171283
208	25	0.9562951355054323
208	26	0.9562951355054323
208	27	0.6456400609171283
208	28	0.831172560872185
208	29	0.831172560872185
208	30	0.2191770279535728
208	31	0.0
208	32	0.27006348126380203
208	33	0.7891649703077047
208	34	0.14494090663055476
208	35	0.914287544940952
208	36	0.914287544940952
208	37	0.0
208	38	1.5928936417055677
209	0	0.810954090315237
209	1	0.831172560872185
209	2	1.4401741963107515
209	3	0.831172560872185
209	4	1.339202593504756
209	5	1.5725205189380138
209	6	0.0
209	7	1.339202593504756
209	8	0.14549569740080118
209	9	1.339202593504756
209	10	0.7707626355503757
209	11	0.6456400609171283
209	12	0.7707626355503757
209	13	0.14494090663055476
210	0	0.12512257463324716
210	1	0.14549569740080118
210	2	0.6456400609171283
210	3	1.5928936417055677
210	4	0.6660131836846824
210	5	0.851545683639739
210	6	0.6660131836846824
210	7	0.6456400609171283
210	8	0.27006348126380203
211	0	0.27006348126380203
211	1	0.831172560872185
211	2	0.6456400609171283
211	3	1.4401741963107515
211	4	0.831172560872185
211	5	0.831172560872185
211	6	0.831172560872185
211	7	0.831172560872185
211	8	0.831172560872185
211	9	0.831172560872185
211	10	0.831172560872185
212	0	0.27006348126380203
212	1	0.831172560872185
212	2	0.831172560872185
212	3	0.831172560872185
212	4	0.831172560872185
212	5	0.831172560872185
212	6	0.6456400609171283
212	7	1.4401741963107515
212	8	0.831172560872185
212	9	0.831172560872185
212	10	0.0
212	11	0.831172560872185
212	12	0.831172560872185
213	0	1.5928936417055677
213	1	0.12512257463324716
213	2	0.27006348126380203
213	3	0.27006348126380203
213	4	0.0
213	5	0.6660131836846824
214	0	0.6456400609171283
214	1	0.14494090663055476
214	2	0.2191770279535728
214	3	0.27006348126380203
214	4	0.2191770279535728
214	5	0.0
214	6	0.7891649703077047
214	7	0.7707626355503757
214	8	0.27006348126380203
214	9	0.6660131836846824
215	0	0.12512257463324716
215	1	0.14494090663055476
215	2	0.6456400609171283
215	3	0.2191770279535728
215	4	0.27006348126380203
215	5	0.0
215	6	0.7707626355503757
215	7	0.7707626355503757
215	8	0.0
215	9	0.831172560872185
215	10	0.6456400609171283
215	11	0.810954090315237
215	12	0.831172560872185
215	13	0.831172560872185
215	14	0.9562951355054323
215	15	0.9562951355054323
215	16	0.831172560872185
215	17	0.14549569740080118
215	18	1.339202593504756
215	19	0.831172560872185
215	20	1.4401741963107515
215	21	1.339202593504756
215	22	1.5725205189380138
215	23	0.6456400609171283
215	24	1.339202593504756
215	25	0.6456400609171283
216	0	0.27006348126380203
216	1	0.6456400609171283
216	2	0.14494090663055476
216	3	0.2191770279535728
216	4	0.0
216	5	0.2191770279535728
216	6	0.27006348126380203
216	7	0.7707626355503757
216	8	0.7891649703077047
217	0	0.27006348126380203
217	1	0.6456400609171283
217	2	0.14494090663055476
217	3	0.2191770279535728
217	4	0.27006348126380203
217	5	0.7707626355503757
217	6	0.7891649703077047
217	7	0.0
217	8	0.0
217	9	0.2191770279535728
217	10	0.7707626355503757
217	11	0.831172560872185
217	12	0.0
218	0	0.831172560872185
218	1	0.810954090315237
218	2	0.14549569740080118
218	3	1.339202593504756
218	4	1.339202593504756
218	5	0.7707626355503757
218	6	1.5725205189380138
218	7	0.6456400609171283
218	8	0.831172560872185
218	9	1.339202593504756
218	10	0.0
218	11	1.4401741963107515
218	12	0.7707626355503757
219	0	0.12512257463324716
219	1	0.27006348126380203
219	2	0.6456400609171283
219	3	0.14494090663055476
219	4	0.2191770279535728
219	5	0.7707626355503757
219	6	0.0
219	7	0.27006348126380203
219	8	0.7891649703077047
219	9	0.0
219	10	0.0
219	11	0.7707626355503757
219	12	0.831172560872185
219	13	0.2191770279535728
219	14	0.810954090315237
219	15	0.7707626355503757
219	16	0.831172560872185
219	17	1.4401741963107515
219	18	0.6456400609171283
219	19	1.339202593504756
219	20	0.14549569740080118
219	21	1.339202593504756
219	22	1.339202593504756
219	23	1.5725205189380138
219	24	0.851545683639739
219	25	0.6660131836846824
219	26	0.6456400609171283
219	27	0.851545683639739
219	28	0.851545683639739
219	29	0.831172560872185
219	30	1.6460798190333619
220	0	0.0
220	1	0.27006348126380203
220	2	0.7707626355503757
220	3	0.7891649703077047
220	4	0.2191770279535728
220	5	0.0
220	6	0.0
220	7	0.831172560872185
220	8	0.7707626355503757
221	0	0.7707626355503757
221	1	0.14494090663055476
221	2	0.27006348126380203
221	3	0.6456400609171283
221	4	0.2191770279535728
221	5	0.0
221	6	0.7891649703077047
221	7	0.27006348126380203
221	8	0.7707626355503757
221	9	0.0
221	10	0.7707626355503757
221	11	0.831172560872185
221	12	0.0
221	13	0.2191770279535728
221	14	0.6660131836846824
221	15	0.6660131836846824
221	16	0.27006348126380203
222	0	0.12512257463324716
222	1	0.9562951355054323
222	2	0.0
222	3	0.14549569740080118
222	4	0.14494090663055476
222	5	0.0
222	6	0.14494090663055476
222	7	0.831172560872185
222	8	0.831172560872185
222	9	0.7707626355503757
222	10	0.6456400609171283
222	11	0.831172560872185
222	12	0.831172560872185
222	13	0.831172560872185
222	14	0.6456400609171283
222	15	0.851545683639739
222	16	0.0
222	17	0.6660131836846824
222	18	0.851545683639739
222	19	0.851545683639739
222	20	0.6660131836846824
222	21	0.6660131836846824
223	0	0.9562951355054323
223	1	0.14494090663055476
223	2	0.2191770279535728
223	3	0.2191770279535728
223	4	0.0
223	5	1.5725205189380138
223	6	0.0
224	0	0.2191770279535728
224	1	0.14494090663055476
224	2	0.6456400609171283
224	3	0.27006348126380203
224	4	0.2191770279535728
224	5	0.0
224	6	0.27006348126380203
224	7	0.7891649703077047
224	8	0.7707626355503757
