123	0	0.49866177361415287
123	1	0.4986617736142581
123	2	0.4986617736165236
123	3	0.49866177361415287
123	4	0.49866177361416525
123	5	0.4986617736141995
123	6	0.49866314641260545
123	7	0.4986617736218806
123	8	0.4986626490023214
123	9	0.4986626489854097
123	10	0.49866238083738834
123	11	0.4986617736141532
123	12	0.4986618994080545
123	13	0.4986617736143904
123	14	0.4986618018757251
123	15	0.4986617797833178
123	16	0.49866179534750177
123	17	0.4986617738268798
123	18	0.498661786816148
123	19	0.498661773705666
124	0	0.49866177361652136
124	1	0.498661773614258
124	2	0.49866177361415287
124	3	0.49866177361415287
124	4	0.49866177361416525
124	5	0.4986617738267184
124	6	0.49866178680708906
124	7	0.4986617736141995
124	8	0.4986631451222322
124	9	0.4986626481567381
124	10	0.4986618992854682
124	11	0.49866177362187275
124	12	0.49866238029687676
124	13	0.49866264813640254
124	14	0.4986617736141532
124	15	0.4986618018498437
124	16	0.49866177361439007
124	17	0.49866179532404076
124	18	0.4986617797771439
124	19	0.4986617737055793
125	0	0.498661773614258
125	1	0.4986617736165209
125	2	0.49866177361415287
125	3	0.49866177361415287
125	4	0.4986617738266665
125	5	0.49866177361416525
125	6	0.49866177361439007
125	7	0.4986618018446488
125	8	0.4986617736141995
125	9	0.49866189925354154
125	10	0.4986623802049686
125	11	0.4986617736141532
125	12	0.498662647995536
125	13	0.4986617736218714
125	14	0.4986626480037687
125	15	0.4986631448052999
125	16	0.498661795318508
125	17	0.49866177370556075
125	18	0.4986617797761894
125	19	0.49866178679931056
126	0	0.49866177361652025
126	1	0.498661773614258
126	2	0.49866177361415287
126	3	0.49866177361415287
126	4	0.4986617868025024
126	5	0.49866177361416525
126	6	0.49866177361439007
126	7	0.4986618018379584
126	8	0.49866314478494456
126	9	0.4986617736141532
126	10	0.4986623800857998
126	11	0.4986618992413555
126	12	0.4986626478925548
126	13	0.4986617736141995
126	14	0.4986617736218703
126	15	0.4986626478515118
126	16	0.49866179531477683
126	17	0.49866177977531684
126	18	0.49866177370554243
126	19	0.4986617738266225
126	20	0.49866177361415287
126	21	0.49866177361415287
126	22	0.49866177361415287
126	23	0.49866177361415287
127	0	0.49866177361415287
127	1	0.49866177361415287
127	2	0.49866177361415287
127	3	0.49866177361415287
127	4	0.49866177361415287
127	5	0.498661773614258
127	6	0.49866177361652136
127	7	0.49866177361415287
128	0	0.49866177361415287
128	1	0.49866177361415287
128	2	0.49866177361415287
128	3	0.49866177361415287
128	4	0.4986617736165216
128	5	0.49866177361415287
128	6	0.498661773614258
128	7	0.49866177361415287
129	0	0.49866177361415287
129	1	0.49866177361415287
129	2	0.49866177361415287
129	3	0.49866177361415287
129	4	0.49866177361415287
129	5	0.498661773614258
129	6	0.49866177361652125
129	7	0.49866177361415287
130	0	0.49866177361415287
130	1	0.49866177361415287
130	2	0.49866177361415287
130	3	0.49866177361415287
130	4	0.49866177361652303
130	5	0.49866177361415287
130	6	0.4986617736142581
130	7	0.49866177361415287
131	0	0.49866177361415287
131	1	0.49866177361415287
131	2	0.49866177361415287
131	3	0.49866177361415287
131	4	0.49866177361415287
131	5	0.49866177361415287
131	6	0.4986617736165205
131	7	0.498661773614258
132	0	0.49866177361415287
132	1	0.49866177361415287
132	2	0.49866177361415287
132	3	0.49866177361415287
132	4	0.49866177361415287
132	5	0.4986617736165175
132	6	0.4986617736142578
132	7	0.49866177361415287
133	0	0.49866177361415287
133	1	0.49866177361415287
133	2	0.49866177361415287
133	3	0.49866177361415287
133	4	0.49866177361415287
133	5	0.49866177361415287
133	6	0.49866177361415287
133	7	0.49866177361415287
134	0	0.49866177361415287
134	1	0.49866177361415287
134	2	0.49866177361415287
134	3	0.49866177361415287
134	4	0.49866177361415287
134	5	0.4986617736142569
134	6	0.4986617736164977
134	7	0.49866177361415287
135	0	0.49866177361415287
135	1	0.49866177361415287
135	2	0.49866177361415287
135	3	0.49866177361415287
135	4	0.49866177361415287
135	5	0.4986617736165236
135	6	0.4986617736142581
135	7	0.49866177361415287
136	0	0.49866177361415287
136	1	0.49866177361415287
136	2	0.49866177361415287
136	3	0.49866177361415287
136	4	0.49866177361415287
136	5	0.49866177361425823
136	6	0.49866177361652464
136	7	0.49866177361415287
137	0	0.49866177361415287
137	1	0.49866177361415287
137	2	0.49866177361415287
137	3	0.49866177361415287
137	4	0.49866177361415287
137	5	0.49866177361425756
137	6	0.49866177361651
137	7	0.49866177361415287
138	0	0.49866177361425823
138	1	0.49866177361415287
138	2	0.49866177361415287
138	3	0.49866177361415287
138	4	0.49866177361415287
138	5	0.49866177361415287
138	6	0.49866177364237096
139	0	0.49866177361415287
139	1	0.49866177361415287
139	2	0.49866177361415287
139	3	0.49866177361415287
139	4	0.49866177361415287
139	5	0.49866177361415287
139	6	0.498661773614258
139	7	0.4986617736164986
140	0	0.49866177361415287
140	1	0.49866177361415287
140	2	0.49866177361415287
140	3	0.49866177361415287
140	4	0.49866177361415287
140	5	0.49866177361652125
140	6	0.498661773614258
140	7	0.49866177361415287
141	0	0.49866177361415287
141	1	0.49866177361415287
141	2	0.49866177361415287
141	3	0.49866177361415287
141	4	0.49866177361415287
141	5	0.49866177361425723
141	6	0.49866177361415287
141	7	0.49866177361650305
142	0	0.4986617736141914
142	1	0.49866177361415287
142	2	0.4986618777911073
142	3	0.49866250310262955
142	4	0.4986617736205438
142	5	0.49866177361415287
142	6	0.49866250310010046
142	7	0.4986629220999526
142	8	0.49866177361416314
142	9	0.49866227931826
142	10	0.4986617736141531
142	11	0.4986617736165008
142	12	0.4986617736142571
142	13	0.4986617916053782
142	14	0.49866177361415287
142	15	0.49866177361415287
143	0	0.4986617736141995
143	1	0.49866238046299644
143	2	0.4986626483701158
143	3	0.4986617932443461
143	4	0.4986618993100935
143	5	0.4986631454297337
143	6	0.4986626483501332
143	7	0.49866177361415287
143	8	0.49866177361416525
143	9	0.49866177362187436
143	10	0.49866177361415287
143	11	0.4986617736141532
143	12	0.4986617736165218
143	13	0.49866179532662464
144	0	0.49866177361415287
144	1	0.49866177361415287
144	2	0.49866177361415287
144	3	0.49866177361415287
144	4	0.49866177361415287
144	5	0.4986617736165216
144	6	0.49866177361415287
144	7	0.4986617736142569
145	0	0.49866177361415287
145	1	0.49866177361419906
145	2	0.49866177361652303
145	3	0.4986631310531565
145	4	0.4986617736141532
145	5	0.49866177361416514
145	6	0.49866177361415287
145	7	0.4986626390084577
145	8	0.4986617736217896
145	9	0.4986618979295967
145	10	0.4986626389789265
145	11	0.49866237387949
145	12	0.4986617736142581
145	13	0.49866179509457564
145	14	0.49866177361415287
145	15	0.49866177361415287
146	0	0.49866177361415287
146	1	0.49866177361415287
146	2	0.49866177361415287
146	3	0.49866177361415287
146	4	0.49866177361415287
146	5	0.49866177361652336
146	6	0.4986617736142581
146	7	0.49866177361415287
147	0	0.49866177361415287
147	1	0.49866177361415287
147	2	0.49866177361415287
147	3	0.49866177361415287
147	4	0.49866177361415287
147	5	0.4986617736142581
147	6	0.4986617736165229
147	7	0.49866177361415287
148	0	0.49866177361415287
148	1	0.49866177361415287
148	2	0.49866177361415287
148	3	0.49866177361415287
148	4	0.49866177361415287
148	5	0.49866177361415287
148	6	0.4986617736165218
148	7	0.498661773614258
149	0	0.49866177361415287
149	1	0.49866177361415287
149	2	0.49866177361415287
149	3	0.49866177361415287
149	4	0.49866177361415287
149	5	0.49866177361652325
149	6	0.4986617736142581
149	7	0.49866177361415287
150	0	0.49866177361415287
150	1	0.49866177361415287
150	2	0.49866177361415287
150	3	0.49866177361415287
150	4	0.49866177361415287
150	5	0.4986617736163793
150	6	0.4986617736142517
150	7	0.49866177361415287
151	0	0.49866177361415287
151	1	0.49866177361415287
151	2	0.49866177361415287
151	3	0.49866177361415287
151	4	0.49866177361415287
151	5	0.49866177361415287
151	6	0.4986617736164987
151	7	0.498661773614257
152	0	0.49866177361415287
152	1	0.49866177361415287
152	2	0.49866177361415287
152	3	0.49866177361415287
152	4	0.49866177361415287
152	5	0.498661773614258
152	6	0.4986617736165227
152	7	0.49866177361415287
153	0	0.49866177361415287
153	1	0.49866177361415287
153	2	0.4986617736142579
153	3	0.49866177361415287
153	4	0.49866177361415287
153	5	0.49866177361415287
153	6	0.4986617736309682
153	7	0.4986617736165185
153	8	0.49866177361415287
153	9	0.49866177361415287
153	10	0.49866177361415287
153	11	0.49866177361415287
153	12	0.49866177361415287
153	13	0.49866177361415287
154	0	0.49866177361415287
154	1	0.4986617736145104
154	2	0.49866177361415287
154	3	0.49866177361415287
154	4	0.49866177361415287
154	5	0.49866177361415287
154	6	0.49866177361415287
154	7	0.49866177361415287
154	8	0.49866177361415287
154	9	0.49866177361415287
154	10	0.49866177361415287
154	11	0.49866177361415287
154	12	0.49866177363562153
154	13	0.4986617736142578
154	14	0.49866177361415287
154	15	0.49866177361651526
154	16	0.49866177361415287
154	17	0.49866177361415287
155	0	0.49866177361415287
155	1	0.49866177361415287
155	2	0.49866177361415287
155	3	0.49866177361415287
155	4	0.4986617736164619
155	5	0.49866177361425534
155	6	0.49866177361415287
155	7	0.49866177361415287
156	0	0.49866177361415287
156	1	0.49866177361499037
156	2	0.49866177361415287
156	3	0.49866177361415287
156	4	0.49866177361415287
156	5	0.49866177361415287
157	0	0.498661773614256
157	1	0.49866177361415287
157	2	0.49866177361415287
157	3	0.49866177361415287
157	4	0.49866177361415287
157	5	0.49866177361415287
157	6	0.49866177363448877
157	7	0.49866177361647473
157	8	0.49866177361415287
157	9	0.49866177361415287
157	10	0.49866177361415287
157	11	0.49866177361415287
157	12	0.49866177361418973
158	0	0.49866177361415287
158	1	0.49866177361415287
158	2	0.49866177361415287
158	3	0.49866177361415287
158	4	0.49866177361415287
158	5	0.49866177361415287
158	6	0.49866177361415287
158	7	0.49866177361415287
158	8	0.49866177361415287
158	9	0.49866177361415287
158	10	0.49866177361415287
158	11	0.49866177361415287
158	12	0.49866177361415287
158	13	0.49866177361415287
158	14	0.49866177361415287
158	15	0.49866177361415287
159	0	0.49866177361425423
159	1	0.49866177361415287
159	2	0.49866177361415287
159	3	0.49866177363490577
159	4	0.49866177361415287
159	5	0.49866177361415287
159	6	0.49866177361415287
160	0	0.4986617736141617
160	1	0.49866177363046077
160	2	0.49866197231028514
160	3	0.49866178945372097
160	4	0.4986617736142857
160	5	0.4986621887006842
160	6	0.49866177373324966
160	7	0.49866178104902104
160	8	0.4986617770772136
160	9	0.4986617736141531
160	10	0.4986618629323801
160	11	0.49866177361419495
160	12	0.4986622103379421
160	13	0.49866179304216246
160	14	0.4986624038659219
160	15	0.4986627707505644
160	16	0.4986624038569145
160	17	0.4986617736162923
160	18	0.4986617890255964
160	19	0.49866177366540065
160	20	0.4986617882095502
160	21	0.49866177366348596
160	22	0.49866184493153587
161	0	0.4986618928857987
161	1	0.49866260497921067
161	2	0.4986630785907283
161	3	0.49866177361419706
161	4	0.49866180012255923
161	5	0.49866260494934167
161	6	0.4986623502054929
161	7	0.4986617736141646
161	8	0.4986619145601622
161	9	0.4986617737137283
161	10	0.4986625544970935
161	11	0.49866177364565745
161	12	0.498661786102166
161	13	0.4986621491949673
161	14	0.49866177381303844
161	15	0.49866179421681206
161	16	0.4986617737008948
161	17	0.49866180244751873
161	18	0.4986617736141532
161	19	0.498661773616399
161	20	0.4986617794546218
161	21	0.4986618003975188
161	22	0.4986617736143779
162	0	0.49866177361415287
162	1	0.49866177361415287
162	2	0.49866177361415287
162	3	0.49866177361415287
162	4	0.49866177361415287
162	5	0.4986617736142452
162	6	0.49866177361415287
162	7	0.4986617736165198
163	0	0.49866177361415287
163	1	0.49866177361415287
163	2	0.49866177361415287
163	3	0.49866177361415287
163	4	0.4986617736142581
163	5	0.49866177361415287
163	6	0.4986617736165229
163	7	0.49866177361415287
164	0	0.49866177361415287
164	1	0.49866177361415287
164	2	0.4986617736142581
164	3	0.49866177361652336
164	4	0.498661773614165
164	5	0.4986617738191158
164	6	0.49866179485730283
164	7	0.4986617737036031
164	8	0.49866177963771435
164	9	0.4986617864973941
164	10	0.49866177361911534
164	11	0.49866262985028154
164	12	0.4986617736141532
164	13	0.4986617736141984
164	14	0.4986618965528218
164	15	0.49866311682930486
164	16	0.498662367524988
164	17	0.49866262977703574
164	18	0.498661773614385
164	19	0.498661801235643
165	0	0.4986617736142581
165	1	0.49866177361415287
165	2	0.49866177361652325
165	3	0.49866177361415287
165	4	0.49866177978265747
165	5	0.49866179534112387
165	6	0.49866177361416525
165	7	0.4986617737056497
165	8	0.498661801873657
165	9	0.4986617736143903
165	10	0.498661773826892
165	11	0.4986617736141995
165	12	0.49866189938228506
165	13	0.49866314623599023
165	14	0.49866238078531294
165	15	0.4986617736141532
165	16	0.49866264887902584
165	17	0.498662648824412
165	18	0.4986617736218788
165	19	0.49866178681387135
166	0	0.49866177361415287
166	1	0.4986617736165198
166	2	0.498661773614258
166	3	0.49866177361415287
166	4	0.4986617738266108
166	5	0.49866177361416525
166	6	0.49866264771382934
166	7	0.4986626476961513
166	8	0.49866189921511034
166	9	0.4986631443604453
166	10	0.49866237993707874
166	11	0.49866177362186853
166	12	0.4986617736141532
166	13	0.4986617736141995
166	14	0.4986617867974875
166	15	0.4986617797726155
166	16	0.49866180182944186
166	17	0.49866177361438996
166	18	0.4986617953097336
166	19	0.49866177370550774
166	20	0.49866177361415287
166	21	0.49866177361415287
166	22	0.49866177363223535
166	23	0.49866177361415287
166	24	0.49866177361415287
167	0	0.49866177361415287
167	1	0.49866177361415287
167	2	0.49866177361415287
167	3	0.49866177361415287
167	4	0.49866177361415287
167	5	0.49866177361415287
167	6	0.4986617736142571
167	7	0.4986617736164997
168	0	0.49866177361415287
168	1	0.49866177361415287
168	2	0.49866177361415287
168	3	0.49866177361415287
168	4	0.49866177361415287
168	5	0.49866177361415287
168	6	0.49866177361425823
168	7	0.4986617736165272
169	0	0.49866177361415287
169	1	0.49866177361415287
169	2	0.49866177361415287
169	3	0.49866177361415287
169	4	0.49866177361415287
169	5	0.49866177361415287
169	6	0.4986617736142561
169	7	0.49866177361647895
170	0	0.49866177361425734
170	1	0.49866177361415287
170	2	0.49866177361415287
170	3	0.49866177361415287
170	4	0.49866177361415287
170	5	0.49866177361415287
170	6	0.49866177363430975
171	0	0.49866177361415287
171	1	0.49866177361415287
171	2	0.49866177361415287
171	3	0.49866177361415287
171	4	0.49866177361415287
171	5	0.49866177361415287
171	6	0.4986617736164793
171	7	0.498661773614258
172	0	0.49866177361415287
172	1	0.49866177361415287
172	2	0.49866177361415287
172	3	0.49866177361415287
172	4	0.49866177361415287
172	5	0.49866177361415287
172	6	0.4986617736164593
172	7	0.49866177361425523
173	0	0.49866177361415287
173	1	0.49866177361415287
173	2	0.49866177361415287
173	3	0.49866177361415287
173	4	0.49866177361415287
173	5	0.498661773614258
173	6	0.4986617736165206
173	7	0.49866177361415287
174	0	0.49866177361415287
174	1	0.49866177361415287
174	2	0.49866177361415287
174	3	0.49866177361415287
174	4	0.49866177361415287
174	5	0.49866177361415287
174	6	0.4986617736165209
174	7	0.498661773614258
175	0	0.49866177361415287
175	1	0.49866177361415287
175	2	0.49866177363399095
175	3	0.49866177361415287
175	4	0.49866177361415287
175	5	0.49866177361415287
175	6	0.4986617736142571
175	7	0.49866177361650105
175	8	0.49866177361415287
175	9	0.49866177361415287
175	10	0.49866177361415287
175	11	0.49866177361415287
175	12	0.49866177361415287
175	13	0.49866177361415287
176	0	0.49866177361415287
176	1	0.49866177361415287
176	2	0.49866177361415287
176	3	0.49866177361415287
176	4	0.49866177361415287
176	5	0.49866177361415287
176	6	0.498661773614258
176	7	0.49866177361652203
177	0	0.4986617736163093
177	1	0.49866177361415287
177	2	0.4986617736142486
177	3	0.49866177361415287
177	4	0.49866177361416225
177	5	0.4986617736835894
177	6	0.4986617737755192
177	7	0.49866177361418823
177	8	0.4986618692892021
177	9	0.49866244614681104
177	10	0.49866223974656365
177	11	0.4986624461288845
177	12	0.4986617736200164
177	13	0.4986617736141533
177	14	0.498662835067965
177	15	0.49866177829659114
177	16	0.49866178364551267
177	17	0.498661773614333
177	18	0.49866179506031816
177	19	0.4986617901315478
178	0	0.49866177361415287
178	1	0.498661773614258
178	2	0.49866177361415287
178	3	0.4986617736165209
178	4	0.49866177977781667
178	5	0.4986617868063494
178	6	0.49866177361416525
178	7	0.49866177382673266
178	8	0.49866189928665833
178	9	0.498661773621873
178	10	0.4986617736141533
178	11	0.49866314515175697
178	12	0.4986623802801017
178	13	0.4986626481455363
178	14	0.4986617736141995
178	15	0.4986626481167648
178	16	0.49866180184833936
178	17	0.49866177361439007
178	18	0.4986617953239851
178	19	0.4986617737055651
179	0	0.4986617736142483
179	1	0.49866177361415287
179	2	0.49866177361415287
179	3	0.49866177361415287
179	4	0.49866177361415287
179	5	0.49866177361415287
179	6	0.49866177361947356
179	7	0.49866177361415287
179	8	0.49866177361415287
179	9	0.4986617736163014
179	10	0.49866177361415287
179	11	0.49866177361415287
179	12	0.49866177361415287
179	13	0.49866177361415287
179	14	0.49866177361415287
179	15	0.49866177361415287
180	0	0.49866177361415287
180	1	0.49866177361415287
180	2	0.4986617736142578
180	3	0.49866177361415287
180	4	0.49866177361415287
180	5	0.49866177361415287
180	6	0.498661773620807
180	7	0.49866177361415287
180	8	0.4986617736165165
180	9	0.49866177361415287
180	10	0.49866177361415287
180	11	0.49866177361415287
180	12	0.49866177361415287
180	13	0.49866177361415287
180	14	0.49866177361415287
180	15	0.49866177361415287
181	0	0.49866177361415287
181	1	0.49866177361415287
181	2	0.49866177361415287
181	3	0.49866177361415287
181	4	0.49866177361415287
181	5	0.4986617736165207
181	6	0.49866177361415287
181	7	0.498661773614258
182	0	0.49866177361415287
182	1	0.49866177361415287
182	2	0.49866177361415287
182	3	0.49866177361415287
182	4	0.49866177361415287
182	5	0.498661773614258
182	6	0.4986617736165196
182	7	0.49866177361415287
183	0	0.49866177361415287
183	1	0.49866177361415287
183	2	0.49866177361415287
183	3	0.49866177361415287
183	4	0.49866177361415287
183	5	0.49866177361415287
183	6	0.49866177361652003
183	7	0.498661773614258
184	0	0.49866177361415287
184	1	0.49866177361415287
184	2	0.498661773614258
184	3	0.49866177361415287
184	4	0.49866177361415287
184	5	0.49866177361415287
184	6	0.4986617736205782
184	7	0.49866177361415287
184	8	0.49866177361415287
184	9	0.49866177361415287
184	10	0.49866177361415287
184	11	0.49866177361415287
184	12	0.4986617736165189
184	13	0.49866177361415287
185	0	0.49866177361415287
185	1	0.4986617736208144
185	2	0.49866177361415287
185	3	0.49866177361415287
185	4	0.4986617736142579
185	5	0.49866177361415287
185	6	0.49866177361415287
185	7	0.49866177361415287
185	8	0.49866177361651914
185	9	0.49866177361415287
185	10	0.49866177361415287
185	11	0.49866177361415287
185	12	0.49866177361415287
185	13	0.49866177361415287
186	0	0.49866177361415287
186	1	0.49866177361415287
186	2	0.4986617736142571
186	3	0.4986617736165024
186	4	0.49866179693301244
186	5	0.49866177361416303
186	6	0.49866177361434877
186	7	0.498661773689648
186	8	0.4986617787046382
186	9	0.49866178451436677
186	10	0.49866179156214047
186	11	0.4986617736141913
186	12	0.4986625013863506
186	13	0.4986617736141533
186	14	0.49866227813816244
186	15	0.49866250137056983
186	16	0.49866291947081576
186	17	0.4986617736205275
186	18	0.49866187752775
186	19	0.49866177378967175
187	0	0.49866177381499693
187	1	0.4986617736141646
187	2	0.4986617736484779
187	3	0.4986618550537536
187	4	0.4986622388119073
187	5	0.49866179413012257
187	6	0.49866177367096154
187	7	0.4986617736163899
187	8	0.4986617737005082
187	9	0.49866177943588713
187	10	0.498661773614377
187	11	0.49866180028315243
187	12	0.4986617902761858
187	13	0.4986617860761738
187	14	0.49866260128018164
187	15	0.49866177361419683
187	16	0.49866260129052004
187	17	0.49866234767317574
187	18	0.49866178891708685
187	19	0.4986630729230313
187	20	0.49866189236416636
187	21	0.49866199644506504
187	22	0.4986617736141533
187	23	0.4986617736214448
187	24	0.49866177361415287
187	25	0.49866177361415287
187	26	0.49866177361415287
187	27	0.49866177361415287
187	28	0.4986617736142521
187	29	0.49866177361415287
187	30	0.49866177361415287
187	31	0.4986617736203265
187	32	0.49866177361415287
187	33	0.49866177361415287
187	34	0.49866177361415287
188	0	0.49866177361415287
188	1	0.49866177361415287
188	2	0.49866177361425723
188	3	0.49866177361415287
188	4	0.49866177361415287
188	5	0.49866177361415287
188	6	0.49866177361415287
189	0	0.4986618041355957
189	1	0.4986617736141637
189	2	0.4986618030531085
189	3	0.4986618241075204
189	4	0.4986620696092312
189	5	0.49866177361415365
189	6	0.4986619788708519
189	7	0.49866206960329346
189	8	0.4986618140671044
189	9	0.49866177650559335
189	10	0.4986622377896668
189	11	0.49866177421053687
189	12	0.4986617736143463
189	13	0.4986617793966445
189	14	0.4986617736499681
189	15	0.49866177375981774
189	16	0.498661773614372
189	17	0.49866177361555103
189	18	0.4986617736453552
189	19	0.49866177361415287
189	20	0.49866177467782763
189	21	0.4986617736867139
189	22	0.49866178100992503
189	23	0.4986620695176101
189	24	0.49866177361415287
189	25	0.49866177362087005
189	26	0.49866177361415287
189	27	0.49866177361415287
189	28	0.49866177361415287
189	29	0.4986617736142461
189	30	0.49866177361415287
189	31	0.49866177361415287
189	32	0.49866177361415287
190	0	0.49866177361416525
190	1	0.4986617736499318
190	2	0.49866178024257757
190	3	0.4986617736142071
190	4	0.4986617736218546
190	5	0.498662008382662
190	6	0.49866177361415287
190	7	0.49866177361415287
190	8	0.4986618199548193
190	9	0.4986621120698853
190	10	0.49866177361415376
190	11	0.49866177361415287
190	12	0.49866211207284267
190	13	0.4986623036304954
190	14	0.49866177362605024
190	15	0.4986617736973409
190	16	0.49866183145088466
190	17	0.49866211213168754
190	18	0.49866177378114773
191	0	0.49866177362607894
191	1	0.49866177361416525
191	2	0.49866177361415287
191	3	0.4986618200683022
191	4	0.49866211287493073
191	5	0.4986617736141615
191	6	0.4986617736218702
191	7	0.49866230487440616
191	8	0.49866177361415287
191	9	0.4986617736142072
191	10	0.4986620089007993
191	11	0.49866211285837475
191	12	0.49866177361415287
192	0	0.49866179989086135
192	1	0.4986617736158042
192	2	0.4986618030566562
192	3	0.4986617736141639
192	4	0.49866177364581127
192	5	0.4986617736142673
192	6	0.49866177948067
192	7	0.49866177361415287
192	8	0.4986618248415284
192	9	0.49866178101481284
192	10	0.49866177421072794
192	11	0.4986617736877559
192	12	0.4986617746785284
192	13	0.49866207381536237
192	14	0.49866177361420144
192	15	0.4986622497053775
192	16	0.4986618151373967
192	17	0.49866207727617706
192	18	0.4986620772967632
192	19	0.4986617765061309
192	20	0.4986617736141606
192	21	0.49866198420661856
192	22	0.4986617736143721
192	23	0.49866177376193577
192	24	0.4986617736210487
192	25	0.49866177361415287
192	26	0.49866177361415287
193	0	0.49866177361416525
193	1	0.4986617742825864
193	2	0.4986617736142072
193	3	0.4986620088656955
193	4	0.4986621127874685
193	5	0.4986618200416877
193	6	0.49866211277747824
193	7	0.49866230469352923
193	8	0.49866177361415287
193	9	0.49866177362186853
193	10	0.4986617736141615
193	11	0.49866177361415287
193	12	0.49866177361415287
193	13	0.4986617772539475
194	0	0.49866177361415287
194	1	0.49866177361415287
194	2	0.49866177361415287
194	3	0.49866177361415287
194	4	0.49866177361415287
194	5	0.49866177361415287
194	6	0.49866177361415287
194	7	0.498661773614237
194	8	0.498661773614204
195	0	0.49866177361415287
195	1	0.49866177361415287
195	2	0.49866177361415287
195	3	0.49866177361415287
195	4	0.49866177361415287
195	5	0.49866177361415287
195	6	0.4986617736142558
195	7	0.4986617736142061
195	8	0.49866177361415287
196	0	0.49866177361415287
196	1	0.4986617736142557
196	2	0.498661773614206
196	3	0.49866177361415287
196	4	0.49866177361415287
196	5	0.4986617742104039
196	6	0.4986617736141638
196	7	0.4986617810076176
196	8	0.49866177467748113
196	9	0.49866177364533953
196	10	0.49866177368664455
196	11	0.498661773614372
196	12	0.4986617737597864
196	13	0.49866224305917295
196	14	0.4986620729923347
196	15	0.49866181452866754
196	16	0.49866177361416036
196	17	0.49866177362094943
196	18	0.49866177361415287
196	19	0.4986619812000126
196	20	0.49866207296871207
197	0	0.49866177361415287
197	1	0.49866177361415287
197	2	0.49866177361415287
197	3	0.49866177361415287
197	4	0.498661773614257
197	5	0.49866177361415287
197	6	0.49866177361420677
197	7	0.49866177361415287
197	8	0.49866177361415287
197	9	0.49866177361416514
197	10	0.49866177364967584
197	11	0.4986617792734678
197	12	0.49866177361415287
197	13	0.49866177361415287
197	14	0.49866177361415287
197	15	0.49866177361415287
198	0	0.4986617737780531
198	1	0.49866177361439945
198	2	0.49866177361416525
198	3	0.4986621059226603
198	4	0.49866229403497925
198	5	0.49866177361416125
198	6	0.49866210589408627
198	7	0.49866177361415287
198	8	0.49866177361415287
198	9	0.49866177361415287
198	10	0.4986617736142072
198	11	0.49866181909597856
198	12	0.49866177362170927
198	13	0.49866200406922534
199	0	0.4986617736143651
199	1	0.49866177361415287
199	2	0.49866177361415287
199	3	0.49866177361415287
199	4	0.49866177361415287
199	5	0.4986617736142011
199	6	0.49866177361415287
199	7	0.4986617736142452
199	8	0.4986617736141639
199	9	0.49866177466461464
199	10	0.4986617736857969
199	11	0.498661773645624
199	12	0.49866177420304053
199	13	0.4986617736141605
199	14	0.4986622469387352
199	15	0.4986617736210084
199	16	0.49866177361415287
199	17	0.4986620754997977
199	18	0.4986618148922618
199	19	0.49866198298185715
199	20	0.49866207549325103
199	21	0.49866177376276466
199	22	0.49866177361437647
199	23	0.4986617809175062
199	24	0.4986617736142496
199	25	0.49866179860192833
199	26	0.498661776336916
199	27	0.49866177410232326
199	28	0.4986617736154833
199	29	0.49866177361415287
199	30	0.49866177361415287
199	31	0.49866177361415287
199	32	0.49866177361416836
199	33	0.49866177367651776
199	34	0.4986617736141534
200	0	0.4986617736142561
200	1	0.49866177361415287
200	2	0.49866177361415287
200	3	0.49866177361415287
200	4	0.4986617736142062
200	5	0.4986617742871938
200	6	0.498661773614165
200	7	0.4986617736493674
200	8	0.49866177481457763
200	9	0.49866177377855486
200	10	0.4986617736144002
200	11	0.49866178195997124
200	12	0.49866177369590886
200	13	0.4986621069545098
200	14	0.49866229562867875
200	15	0.49866177361415287
200	16	0.4986621069278319
200	17	0.4986618192372616
200	18	0.49866177361416125
200	19	0.4986617736217336
200	20	0.49866200479905176
200	21	0.49866177361415287
200	22	0.49866177361415287
200	23	0.49866177361415287
200	24	0.49866177361415287
201	0	0.49866177361415287
201	1	0.49866177361415287
201	2	0.49866177361415287
201	3	0.49866177361415287
201	4	0.49866177361415287
201	5	0.49866177361420677
201	6	0.4986617736142571
201	7	0.49866177361415287
201	8	0.49866177361415287
202	0	0.49866177361415287
202	1	0.49866177361415287
202	2	0.49866177361415287
202	3	0.49866177361415287
202	4	0.498661773614257
202	5	0.49866177361415287
202	6	0.49866177361420677
202	7	0.49866177361415287
202	8	0.49866177361415287
203	0	0.49866177361415287
203	1	0.49866177361415287
203	2	0.49866177361415287
203	3	0.49866177361415287
203	4	0.49866177361415287
203	5	0.49866177361415287
203	6	0.49866177361415287
203	7	0.49866177361415287
203	8	0.49866177361415287
203	9	0.49866177361415287
203	10	0.49866177361415287
203	11	0.49866177361415287
203	12	0.49866177361415287
203	13	0.49866177361415287
203	14	0.49866177361415287
203	15	0.49866177361415287
203	16	0.4986617736142567
203	17	0.49866177361420655
203	18	0.49866177361415287
204	0	0.49866177361415287
204	1	0.49866177361415287
204	2	0.49866177361415287
204	3	0.49866177361415287
204	4	0.49866177361420677
204	5	0.49866177361415287
204	6	0.49866177361415287
204	7	0.49866177361425734
204	8	0.49866177361415287
205	0	0.49866177361415287
205	1	0.49866177361415287
205	2	0.49866177361415287
205	3	0.49866177361415287
205	4	0.49866177361420677
205	5	0.49866177361415287
205	6	0.49866177361415287
205	7	0.4986617736142571
205	8	0.49866177361415287
206	0	0.49866177361415287
206	1	0.49866177361415287
206	2	0.49866177361415287
206	3	0.49866177361415287
206	4	0.49866177361415287
206	5	0.49866177361415287
206	6	0.49866177361415287
206	7	0.4986617736142569
206	8	0.49866177361420666
207	0	0.4986620513847162
207	1	0.498662051379715
207	2	0.4986617755388539
207	3	0.4986618115326459
207	4	0.4986622096016383
207	5	0.4986617736141599
207	6	0.49866196621893755
207	7	0.49866178054730737
207	8	0.49866177361416303
207	9	0.49866177361415287
207	10	0.49866177362044894
207	11	0.4986617736142032
207	12	0.49866177361415287
207	13	0.49866177361415287
208	0	0.49866177361499237
208	1	0.49866177361415287
208	2	0.49866177361415287
208	3	0.49866177361415287
208	4	0.49866177361415287
208	5	0.49866177361415287
208	6	0.49866177361415287
208	7	0.49866177361415287
208	8	0.49866177361415287
208	9	0.49866177361415287
208	10	0.4986617736142396
208	11	0.4986617736142018
208	12	0.49866177361415287
208	13	0.49866177361415287
208	14	0.49866181546195737
208	15	0.49866177361415287
208	16	0.49866207965668335
208	17	0.4986620796503872
208	18	0.4986617736141606
208	19	0.49866177361416403
208	20	0.4986619858551533
208	21	0.4986617736211038
208	22	0.49866225335908915
208	23	0.49866177411157125
208	24	0.4986617736401783
208	25	0.4986617737356398
208	26	0.4986617736143356
208	27	0.49866177367464376
208	28	0.4986617745015462
208	29	0.49866178126696287
208	30	0.49866177361415287
208	31	0.49866177361415287
208	32	0.49866177361415287
208	33	0.49866177361415287
208	34	0.49866177361415287
208	35	0.49866177361415287
208	36	0.49866177361415287
208	37	0.49866177361415287
208	38	0.49866177416437324
209	0	0.49866177361416514
209	1	0.49866177758813357
209	2	0.49866177362178493
209	3	0.4986618195442751
209	4	0.4986620063369203
209	5	0.4986622990929164
209	6	0.49866177361415287
209	7	0.4986621091288245
209	8	0.49866177361415287
209	9	0.49866210912025327
209	10	0.49866177361420655
209	11	0.49866177361416136
209	12	0.49866177361415287
209	13	0.49866177361415287
210	0	0.49866177361415287
210	1	0.49866177361415287
210	2	0.49866177371188447
210	3	0.49866177826898506
210	4	0.49866177361415287
210	5	0.49866177361689734
210	6	0.49866177361418557
210	7	0.498661773614524
210	8	0.49866177361415287
211	0	0.49866177361415287
211	1	0.498661777676578
211	2	0.498661773614565
211	3	0.498661773614158
211	4	0.4986617738434435
211	5	0.4986617742731125
211	6	0.4986618280392036
211	7	0.49866177364497377
211	8	0.4986617743977431
211	9	0.49866177380879323
211	10	0.4986623946633349
212	0	0.49866177361415287
212	1	0.4986617736983546
212	2	0.4986617743128048
212	3	0.49866177422050795
212	4	0.49866177718778376
212	5	0.49866179253538595
212	6	0.49866177361456676
212	7	0.498661773614238
212	8	0.49866190591708576
212	9	0.49866182300879797
212	10	0.49866177361415287
212	11	0.4986617742324104
212	12	0.4986617786159327
213	0	0.4986617782333201
213	1	0.49866177361415287
213	2	0.49866177361415287
213	3	0.49866177361415287
213	4	0.49866177361415287
213	5	0.4986617736142408
214	0	0.49866177361415287
214	1	0.49866177361415287
214	2	0.49866177361415287
214	3	0.49866177361415287
214	4	0.49866177361415287
214	5	0.49866177361415287
214	6	0.49866177361415287
214	7	0.49866177361415287
214	8	0.49866177361415287
214	9	0.49866177361579617
215	0	0.49866177361415287
215	1	0.49866177361415287
215	2	0.49866177361415287
215	3	0.49866177361415287
215	4	0.49866177361415287
215	5	0.49866177361415287
215	6	0.49866177361420055
215	7	0.49866177361415287
215	8	0.49866177361415287
215	9	0.4986617736142431
215	10	0.49866177368556014
215	11	0.4986617736141637
215	12	0.4986617746637046
215	13	0.4986617809128411
215	14	0.4986617736143691
215	15	0.49866177375787973
215	16	0.4986617742024928
215	17	0.49866177361415287
215	18	0.49866198076328616
215	19	0.4986618144374734
215	20	0.4986617736209343
215	21	0.49866207233332993
215	22	0.49866224200152387
215	23	0.49866177361416036
215	24	0.498662072326104
215	25	0.4986617736449383
216	0	0.49866177361415287
216	1	0.49866177361415287
216	2	0.49866177361415287
216	3	0.49866177361415287
216	4	0.49866177361415287
216	5	0.49866177361415287
216	6	0.49866177361415287
216	7	0.49866177361415287
216	8	0.49866177361415287
217	0	0.49866177361415287
217	1	0.49866177361415287
217	2	0.49866177361415287
217	3	0.49866177361415287
217	4	0.49866177361415287
217	5	0.49866177361415287
217	6	0.49866177361415287
217	7	0.49866177361415287
217	8	0.49866177361415287
217	9	0.49866177361415287
217	10	0.4986617736142048
217	11	0.4986617736142531
217	12	0.49866177361415287
218	0	0.4986617747623561
218	1	0.4986617736141646
218	2	0.49866177361415287
218	3	0.49866199488736374
218	4	0.49866209267207007
218	5	0.49866177361415287
218	6	0.49866227352341946
218	7	0.4986617736141609
218	8	0.49866181726217673
218	9	0.4986620926602696
218	10	0.49866177361415287
218	11	0.49866177362140385
218	12	0.498661773614207
219	0	0.49866177361415287
219	1	0.49866177361415287
219	2	0.49866177361415287
219	3	0.49866177361415287
219	4	0.49866177361415287
219	5	0.49866177361415287
219	6	0.49866177361415287
219	7	0.49866177361415287
219	8	0.49866177361415287
219	9	0.49866177361415287
219	10	0.49866177361415287
219	11	0.49866177361420544
219	12	0.4986617736142531
219	13	0.49866177361415287
219	14	0.4986617736141648
219	15	0.49866177361510916
219	16	0.4986618185783728
219	17	0.4986617736216234
219	18	0.49866177361416114
219	19	0.49866200145211814
219	20	0.49866177361415287
219	21	0.49866210212517076
219	22	0.4986621021207726
219	23	0.49866228818645997
219	24	0.49866177367410114
219	25	0.49866177361431996
219	26	0.49866177361415287
219	27	0.49866177956038776
219	28	0.4986617744118714
219	29	0.4986617738910572
219	30	0.4986617736141573
220	0	0.49866177361415287
220	1	0.49866177361415287
220	2	0.49866177361415287
220	3	0.49866177361415287
220	4	0.49866177361415287
220	5	0.49866177361415287
220	6	0.49866177361415287
220	7	0.49866177361425645
220	8	0.4986617736142063
221	0	0.49866177361415287
221	1	0.49866177361415287
221	2	0.49866177361415287
221	3	0.49866177361415287
221	4	0.49866177361415287
221	5	0.49866177361415287
221	6	0.49866177361415287
221	7	0.49866177361415287
221	8	0.49866177361415287
221	9	0.49866177361415287
221	10	0.4986617736142049
221	11	0.49866177361425357
221	12	0.49866177361415287
221	13	0.49866177361415287
221	14	0.49866177361434677
221	15	0.498661773635633
221	16	0.49866177361415287
222	0	0.49866177361415287
222	1	0.49866177361415287
222	2	0.49866177361415287
222	3	0.49866177361415287
222	4	0.49866177361415287
222	5	0.49866177361415287
222	6	0.49866177361415287
222	7	0.4986617778560108
222	8	0.4986617856523551
222	9	0.4986617736202545
222	10	0.4986617745683885
222	11	0.49866177417058816
222	12	0.4986617768589552
222	13	0.49866177361509817
222	14	0.4986617739001118
222	15	0.4986617864548459
222	16	0.49866177361415287
222	17	0.49866177361415287
222	18	0.4986617737752104
222	19	0.49866177377468435
222	20	0.4986617737693291
222	21	0.4986617736156294
223	0	0.49866177361415287
223	1	0.49866177361415287
223	2	0.49866177361415287
223	3	0.49866177361415287
223	4	0.49866177361415287
223	5	0.498662193188483
223	6	0.49866177361415287
224	0	0.49866177361415287
224	1	0.49866177361415287
224	2	0.49866177361415287
224	3	0.49866177361415287
224	4	0.49866177361415287
224	5	0.49866177361415287
224	6	0.49866177361415287
224	7	0.49866177361415287
224	8	0.49866177361415287
