121	0	0.5512388327073839
121	1	0.5511664626011947
121	2	0.5511764577995042
121	3	0.5511737870469882
121	4	0.5511664025181386
121	5	0.5511664025175937
122	0	0.5511664025181335
122	1	0.5511734829479632
122	2	0.5511664543003759
122	3	0.5512368780666721
122	4	0.5511765266702969
122	5	0.5511664025175936
123	0	0.5511737284830085
123	1	0.5511664300624493
123	2	0.5511749066589863
123	3	0.5513137999873774
123	4	0.5511743491377646
123	5	0.5511665080967466
123	6	0.55116677965742
123	7	0.5511796172096733
123	8	0.5511673093895897
123	9	0.5511674565218738
123	10	0.5511664025175919
123	11	0.551171183960807
124	0	0.5511699984671088
124	1	0.5511664186055207
124	2	0.5511705972923392
124	3	0.5511729469181926
124	4	0.5511664540147444
124	5	0.5511692550395492
124	6	0.5511664025175917
124	7	0.5511669490412744
124	8	0.551167027174839
124	9	0.5511703080735938
124	10	0.551166625748979
124	11	0.5512773291442923
125	0	0.5511690866678268
125	1	0.5511664191589208
125	2	0.5511708064265681
125	3	0.551306746675754
125	4	0.551166636964988
125	5	0.5513067536734548
125	6	0.5511701788751205
125	7	0.5511783608176966
125	8	0.5511664025182225
125	9	0.5512450456308958
125	10	0.5511664630628135
125	11	0.5511747924064169
125	12	0.5511664025175941
125	13	0.5511732767637979
125	14	0.5511664566109692
125	15	0.5511664025175917
125	16	0.551166976375994
125	17	0.5511693977905944
125	18	0.5511705026841537
125	19	0.5511670623593883
125	20	0.5513348423685275
125	21	0.551248076540405
125	22	0.5511664594203679
126	0	0.5511664205343363
126	1	0.5512607887300273
126	2	0.5511666398707519
126	3	0.5511678331417047
126	4	0.5511708561268105
126	5	0.5512607973526457
126	6	0.5511702241453944
126	7	0.5511733761640165
126	8	0.5511670697248706
126	9	0.551166456375382
126	10	0.5511669746918026
126	11	0.5511694318870319
126	12	0.5511664025175917
126	13	0.5511705516974009
126	14	0.5511739860389047
126	15	0.5511664025175937
126	16	0.5512401076545445
126	17	0.5511664025181541
126	18	0.551177235046143
126	19	0.5511664579927525
126	20	0.551289270794662
126	21	0.5512117582077593
126	22	0.5511664325276877
127	0	0.5511664201574135
127	1	0.5511678451967192
127	2	0.5511708401050355
127	3	0.5512606291847191
127	4	0.5511666391305986
127	5	0.551260622200018
127	6	0.5512890624079082
127	7	0.5511705390131524
127	8	0.5512116348581616
127	9	0.551166980568786
127	10	0.5511664321896974
127	11	0.5511733352971562
127	12	0.55117021235927
127	13	0.5511670733190932
127	14	0.5511664025175917
127	15	0.5511771968061474
127	16	0.5511664025181561
127	17	0.5511664927879872
127	18	0.5512399511751152
127	19	0.5511664025175939
127	20	0.5511739630778345
127	21	0.5511694257608086
127	22	0.5511664562011129
128	0	0.5511705971552964
128	1	0.5512575389689198
128	2	0.551209613951698
128	3	0.5511703094813963
128	4	0.5511666257391064
128	5	0.5512575483150673
128	6	0.5511699996426078
128	7	0.5511664025175917
128	8	0.551172994676557
128	9	0.5511664191796878
128	10	0.5511669442359773
128	11	0.551167035550816
128	12	0.5511664305444307
128	13	0.5512858425564361
129	0	0.5511706010542118
129	1	0.5512575802856288
129	2	0.5511703120659777
129	3	0.5511729614031272
129	4	0.5512575820695915
129	5	0.5512096381639835
129	6	0.5511670311888215
129	7	0.5511664025175917
129	8	0.5511700037734497
129	9	0.5511666259367588
129	10	0.5511664307254279
129	11	0.551166418583846
129	12	0.5512858587504161
129	13	0.5511669443706493
130	0	0.5511705991627631
130	1	0.551257545708694
130	2	0.5512858078621422
130	3	0.551166943742363
130	4	0.5511666257099841
130	5	0.5511670273289987
130	6	0.5512575542705869
130	7	0.5511664025175917
130	8	0.5511700024287935
130	9	0.5512096188173173
130	10	0.5511664303112741
130	11	0.5511703106649538
130	12	0.5511729474599021
130	13	0.5511664185363299
131	0	0.5511706463655308
131	1	0.5511666282935389
131	2	0.55116641864168
131	3	0.5512581494047527
131	4	0.5511680521772309
131	5	0.5512581433055532
131	6	0.5512864697617677
131	7	0.5511664025175941
131	8	0.5512100031427467
132	0	0.5511666356179258
132	1	0.5511671023127929
132	2	0.5511664025175917
132	3	0.5511664192525592
132	4	0.5511707700466082
132	5	0.5512598419908225
132	6	0.5512111179805417
132	7	0.5511737159409874
132	8	0.5511664338650472
132	9	0.5512887020281646
132	10	0.5511670018866814
132	11	0.55125985047153
132	12	0.5511704280606016
132	13	0.5513441755264075
132	14	0.5514483621025725
132	15	0.5511708067687067
132	16	0.5511664707669875
132	17	0.5511702052522388
132	18	0.5511678328301938
132	19	0.5511664025175937
132	20	0.5511664660104508
133	0	0.5511805158099862
133	1	0.5511664025183496
133	2	0.5513173422818242
133	3	0.5512537579450097
133	4	0.5511763345933409
133	5	0.5511665101888715
133	6	0.5511664025175936
133	7	0.5514128839681549
134	0	0.5511764680246242
134	1	0.5511734418573846
134	2	0.5512366009692111
134	3	0.5511664025175937
134	4	0.5511664025181281
134	5	0.5511664540435752
135	0	0.5511764796117897
135	1	0.5511664025181154
135	2	0.5511664025175936
135	3	0.5511734517138137
135	4	0.5511664578379886
135	5	0.5512366616603337
136	0	0.5512365889876413
136	1	0.5511664577691011
136	2	0.5511764671775848
136	3	0.5511734413235283
136	4	0.551166402518122
136	5	0.5511664025175936
137	0	0.5512667252891896
137	1	0.5511665224506546
137	2	0.5512839281018891
137	3	0.5514391526314049
137	4	0.551174356397428
137	5	0.5511670628632885
138	0	0.551172965577004
138	1	0.5511669440191878
138	2	0.5512735547455166
138	3	0.5511984947329885
138	4	0.5511664262125526
138	5	0.5514409183778575
139	0	0.5511729804161505
139	1	0.5511669450095765
139	2	0.5511664255932404
139	3	0.5512736301497588
139	4	0.551439952213393
139	5	0.5511983960085058
140	0	0.5514390782293861
140	1	0.5511729649695319
140	2	0.5511669408112267
140	3	0.5512736397232605
140	4	0.551198238290811
140	5	0.55116642686338
141	0	0.5512872973487878
141	1	0.5512312120127868
141	2	0.5513161679398259
141	3	0.5511725196783956
141	4	0.5511730424542983
141	5	0.5511664025175917
141	6	0.551287298883896
141	7	0.5511734366998334
141	8	0.5511669843709468
141	9	0.5511664300292655
141	10	0.5511664504260821
141	11	0.551167491217605
141	12	0.5511667867481256
141	13	0.5512772802126693
141	14	0.5514401302910329
141	15	0.5511735195526686
141	16	0.5511664025175946
141	17	0.5511687375097032
141	18	0.551166490251279
141	19	0.551171265362669
141	20	0.5511664212183481
142	0	0.5511701568834596
142	1	0.551259834462212
142	2	0.5511664193252143
142	3	0.5512882586730836
142	4	0.5512111247111054
142	5	0.5511670548654453
142	6	0.5511664319553353
142	7	0.5511664025175917
142	8	0.5511704802824337
142	9	0.5512598559807392
142	10	0.5511732441172505
142	11	0.5511669636126263
142	12	0.5511666356415887
142	13	0.5511693789346687
142	14	0.5511664557415348
142	15	0.5514403406671367
142	16	0.5512757729930753
142	17	0.5511664025175937
142	18	0.5511678053488688
142	19	0.5511707769814492
142	20	0.5511664209184884
143	0	0.5511670914737772
143	1	0.551173514248032
143	2	0.5511706477082325
143	3	0.551166992218122
143	4	0.5511664579897684
143	5	0.5511664025175917
143	6	0.5512755771538598
143	7	0.5511664365808323
143	8	0.5511664197851078
143	9	0.5512779099469712
143	10	0.5514398726827062
143	11	0.5511664216998287
143	12	0.5512078257244912
143	13	0.5511678779850124
144	0	0.5511670646721613
144	1	0.5511705435969046
144	2	0.5511733513628506
144	3	0.5511664572852674
144	4	0.5511669700204365
144	5	0.5512765786511467
144	6	0.5511995228960237
144	7	0.5511664211990702
144	8	0.5511664025175917
144	9	0.5511664288222297
144	10	0.5511664208280995
144	11	0.5514394352626177
144	12	0.5512755152867428
144	13	0.5511678325930626
145	0	0.5511678469275619
145	1	0.5511664025175917
145	2	0.5512765400143588
145	3	0.5514402091173825
145	4	0.5512754662392026
145	5	0.5511995931616159
145	6	0.5511664197761542
145	7	0.5511664268202752
145	8	0.5511664211830641
145	9	0.5511664560502494
145	10	0.5511670739741827
145	11	0.5511703128693395
145	12	0.5511705414196416
145	13	0.5511667100463264
145	14	0.5511669723403514
145	15	0.551173383234882
146	0	0.5511733706867427
146	1	0.5511670706734983
146	2	0.551170549661767
146	3	0.5511666396613185
146	4	0.5511694358978123
146	5	0.5511664025175917
146	6	0.551166456284861
146	7	0.5511669774266175
146	8	0.5511664268382267
146	9	0.5512766928193014
146	10	0.5512756333340645
146	11	0.551167857458262
146	12	0.5511664201044884
146	13	0.551166421238507
146	14	0.5512000043928379
146	15	0.5514395015300179
147	0	0.5511666282255784
147	1	0.5512854904152851
147	2	0.5511664190367649
147	3	0.5512855071004573
147	4	0.5511732944652868
147	5	0.5511677630974939
147	6	0.551166402517595
147	7	0.5512297783794119
147	8	0.5513144209657103
148	0	0.551167012414379
148	1	0.5511696517002681
148	2	0.5511664025175917
148	3	0.5511666398354501
148	4	0.5511664608591345
148	5	0.5511708477544197
148	6	0.5511671239586743
148	7	0.551173844120781
148	8	0.5512803662373447
148	9	0.5511664298221609
148	10	0.5514388727159811
148	11	0.5512013988376603
148	12	0.5512793598119559
148	13	0.5511664196359654
148	14	0.5511678484451195
148	15	0.5511664226164322
149	0	0.5516512213232373
149	1	0.5511664025175917
149	2	0.5514397996610054
149	3	0.5512005490203955
149	4	0.5511664206320349
149	5	0.5511679103415712
149	6	0.551278381090765
149	7	0.5512773994903291
149	8	0.5511664218487261
149	9	0.551166428230119
149	10	0.5511736010531044
149	11	0.5511670002211092
149	12	0.5511695324536958
149	13	0.5511706867620803
149	14	0.5511670928765975
149	15	0.5511664583769835
149	16	0.5511666477226481
149	17	0.551187105567975
149	18	0.551190582327762
149	19	0.5511664025187589
149	20	0.5511664025175941
149	21	0.5511666059740222
149	22	0.5513048079262051
150	0	0.5511664208063953
150	1	0.5513821576301552
150	2	0.5511724393542002
150	3	0.5511706909217534
150	4	0.5511736021377205
150	5	0.5511666479624059
150	6	0.5511664561363802
150	7	0.5511670934565824
150	8	0.5511664025175917
150	9	0.5511695384920238
150	10	0.5511669977367762
150	11	0.5511753657405501
150	12	0.5511775831508522
150	13	0.5512416656613158
150	14	0.5511664025182418
150	15	0.55116648666502
150	16	0.5511742368853633
150	17	0.551166402517594
151	0	0.5512863690743005
151	1	0.5514381623595913
151	2	0.5511664205257787
151	3	0.5511664338543502
151	4	0.5512052821429301
151	5	0.5511681572711207
151	6	0.5511664025175917
151	7	0.5511664254483518
151	8	0.5512874862015608
151	9	0.551167114204591
151	10	0.5511666519637812
151	11	0.5511737411122921
151	12	0.5511670048665968
151	13	0.5511695861390485
151	14	0.5511707596351865
151	15	0.5511664599820767
151	16	0.5512870506345954
151	17	0.5513163457954152
151	18	0.5511704146156274
151	19	0.5512310080655559
151	20	0.5511664884885648
151	21	0.5512870613894683
151	22	0.5511710801363923
151	23	0.5511664025175939
151	24	0.5512826215799264
151	25	0.5511743563459572
151	26	0.5511664638071462
151	27	0.5511664025181913
151	28	0.551242422313178
151	29	0.551177754344741
151	30	0.5514895973477757
152	0	0.5511664214018178
152	1	0.5511666329350206
152	2	0.5511678140399773
152	3	0.5512592105214045
152	4	0.5511707277486926
152	5	0.5512592202639153
152	6	0.5511664025175937
152	7	0.5512107099158357
152	8	0.5511701143084363
152	9	0.55116643114299
152	10	0.5511731502919688
152	11	0.5511670511323484
152	12	0.5511704340997687
152	13	0.5511664025175917
152	14	0.5512876168778151
152	15	0.5511669607573595
153	0	0.5511664191533594
153	1	0.5511707309354399
153	2	0.5511678018058018
153	3	0.5512592184699721
153	4	0.5511666329503063
153	5	0.5512592226481917
153	6	0.5511664025175937
153	7	0.5512107144197751
153	8	0.5511701150902695
153	9	0.5511704326941074
153	10	0.5511670520535504
153	11	0.5511669536228203
153	12	0.5511664318278254
153	13	0.5511731636005722
153	14	0.5512876067830815
153	15	0.5511664025175917
154	0	0.551166419046251
154	1	0.5511666331448701
154	2	0.5511664025175937
154	3	0.5511677990286318
154	4	0.5512592744340267
154	5	0.5512107476532163
154	6	0.5511707365407817
154	7	0.5512592797435546
154	8	0.5511701187625407
154	9	0.5511731621005023
154	10	0.5511664316423548
154	11	0.5511704372533168
154	12	0.5511670475426343
154	13	0.5512876567879258
154	14	0.5511664025175917
154	15	0.5511669621494371
155	0	0.5511666392075236
155	1	0.551166976750144
155	2	0.551167069183483
155	3	0.5511703581655994
155	4	0.5511664734711237
155	5	0.5511733511372643
155	6	0.5514386444464447
155	7	0.5511664359646439
155	8	0.5512910938845339
155	9	0.5512074683241922
155	10	0.5511664194241568
155	11	0.5511664270566855
155	12	0.5511678360029446
155	13	0.5511664025175917
155	14	0.5512899071847804
156	0	0.5511664025175917
156	1	0.5511733464164034
156	2	0.5511710534019492
156	3	0.5511666396338674
156	4	0.5511670746674139
156	5	0.551166973560315
156	6	0.5511664569284409
156	7	0.5511694331183824
156	8	0.5512766473697873
156	9	0.5511997025221338
156	10	0.551166427034312
156	11	0.5514402426645882
156	12	0.5511664198759819
156	13	0.5511678413989266
156	14	0.55116642122282
156	15	0.5512755680637959
157	0	0.5511664205859745
157	1	0.5511679161990685
157	2	0.5512754332359765
157	3	0.5512754299823187
157	4	0.5511666474896554
157	5	0.5511721923265791
157	6	0.5511664025175944
157	7	0.5512220517365549
157	8	0.5511735622737944
157	9	0.5511670923992145
157	10	0.5511706833650691
157	11	0.5511664025175917
157	12	0.5511669921396148
157	13	0.5513043778760423
157	14	0.5511664417871429
157	15	0.5511713788608602
157	16	0.5514399290787424
157	17	0.5511664292776225
157	18	0.5512773520715574
157	19	0.551166421891639
157	20	0.5512783670525854
157	21	0.5512002660424129
157	22	0.5511695374959886
157	23	0.5511664588049453
157	24	0.5511664025185669
157	25	0.5511843656128199
158	0	0.5511706941667706
158	1	0.5513116761928449
158	2	0.5511664192622194
158	3	0.5512717662083015
158	4	0.5511664025175937
158	5	0.5511664025181416
158	6	0.5511801492950691
158	7	0.5511665657497119
158	8	0.5511768530416601
158	9	0.551166454325338
158	10	0.5511731072067024
158	11	0.5511666313347098
158	12	0.5511670423233019
158	13	0.55116932397397
158	14	0.5511704050629189
158	15	0.5511664025175917
158	16	0.5511669528996791
158	17	0.5511700883140055
159	0	0.5511670131923494
159	1	0.5511664210717546
159	2	0.5511664025175917
159	3	0.5511704461106309
159	4	0.551268448094303
159	5	0.5511664368149478
159	6	0.5511707939889687
159	7	0.5511671103927841
159	8	0.5511666540585872
159	9	0.5512684537139284
159	10	0.5512972675263345
159	11	0.5512170047275583
159	12	0.5511737581096241
159	13	0.5514392165904625
159	14	0.5511711196520639
159	15	0.5511696166545771
159	16	0.5511664608349948
159	17	0.5511680720559418
159	18	0.5511664025175937
159	19	0.5512841655846535
159	20	0.5511664240851066
159	21	0.5512034428844317
159	22	0.5511664331529164
159	23	0.5512768399071493
159	24	0.5511778470784693
159	25	0.551166402518192
160	0	0.5511664217470927
160	1	0.5511664025175917
160	2	0.5511666463543641
160	3	0.5511706642419124
160	4	0.5512622419868126
160	5	0.551170327318584
160	6	0.5512908185254554
160	7	0.5511735399419132
160	8	0.5511664203612003
160	9	0.5512622513978931
160	10	0.5511669934736214
160	11	0.5511664335670006
160	12	0.5512127426579245
160	13	0.5511670991364871
160	14	0.5511695161903216
160	15	0.5511664581474099
160	16	0.5511709765323469
160	17	0.5511678783714873
160	18	0.5511664025175939
160	19	0.5514400662854845
160	20	0.5512781185341361
160	21	0.5512770568727149
160	22	0.5511664280942555
160	23	0.5512003737246212
160	24	0.5511775138218521
160	25	0.5511664025181772
161	0	0.5511730506007874
161	1	0.5514414812568117
161	2	0.5511669422599604
161	3	0.5512741247081828
161	4	0.5511985193881441
161	5	0.5511664254847268
162	0	0.5512900584307456
162	1	0.5512615308831665
162	2	0.5511666432154392
162	3	0.5511706097635976
162	4	0.5511670757138829
162	5	0.5511664025175917
162	6	0.5511664207107826
162	7	0.5511729819510811
162	8	0.5512122589810702
162	9	0.5512615541800786
162	10	0.5511664325124427
162	11	0.5511702775242302
162	12	0.5511669493946663
163	0	0.5512858866185228
163	1	0.5511664307565175
163	2	0.5512575984227076
163	3	0.5511666260073003
163	4	0.5511703143111715
163	5	0.5511670320895444
163	6	0.5511729760175285
163	7	0.5511664025175917
163	8	0.5511669414191273
163	9	0.5511664185616715
163	10	0.5511700086435033
163	11	0.5512576287423611
163	12	0.551209660642885
164	0	0.5511681277319954
164	1	0.5512108291569707
164	2	0.5511666337691087
164	3	0.5511664025175942
164	4	0.5512594172026882
164	5	0.5512594046417773
164	6	0.5511716497048526
164	7	0.5511664190850218
164	8	0.5511701285574288
164	9	0.5511704482962964
164	10	0.5511664317641994
164	11	0.5511670542772285
164	12	0.5511664025175917
164	13	0.5511669635784845
164	14	0.5511732188173103
164	15	0.5512878402415882
165	0	0.5511707395856342
165	1	0.5511664025175937
165	2	0.551210795027468
165	3	0.5511677988736393
165	4	0.5512593407481354
165	5	0.551166633491222
165	6	0.5512593488265809
165	7	0.5511664191345159
165	8	0.5511664315107346
165	9	0.5511731771226546
165	10	0.5511664025175917
165	11	0.5511701241556678
165	12	0.5512877309770834
165	13	0.5511670578169213
165	14	0.5511669664323516
165	15	0.5511704431539569
166	0	0.5512623273647212
166	1	0.5511664025175939
166	2	0.5511709861286389
166	3	0.5511678851891033
166	4	0.551212795808206
166	5	0.5512623384643652
166	6	0.5511666468203081
166	7	0.5511664025175917
166	8	0.5511664055432485
166	9	0.5511669909775804
166	10	0.551173553556508
166	11	0.5512908896123052
166	12	0.5511664331877663
166	13	0.5511670908091482
166	14	0.5511706711814913
166	15	0.5511703352884351
167	0	0.5511706122294264
167	1	0.5512577239101644
167	2	0.5512577333895935
167	3	0.5511670376582598
167	4	0.5512860078725553
167	5	0.5511669422335528
167	6	0.5511703221264841
167	7	0.5511700147467828
167	8	0.5511666265491987
167	9	0.5512097398970139
167	10	0.5511729881230292
167	11	0.5511664025175917
167	12	0.5511664304580343
167	13	0.5511664057752395
168	0	0.551170616761969
168	1	0.5512577735641404
168	2	0.5511664025175917
168	3	0.5511664308271293
168	4	0.5511669463964594
168	5	0.5511670297454828
168	6	0.5512860761633229
168	7	0.5511664057734924
168	8	0.5511666267316342
168	9	0.5512097650521528
168	10	0.5512577862470951
168	11	0.5511729936038315
168	12	0.5511700191997199
168	13	0.5511703271594899
169	0	0.5511664060204902
169	1	0.5511680343591991
169	2	0.5511708558022252
169	3	0.5512608044032752
169	4	0.5512608158716781
169	5	0.5511666399183586
169	6	0.5511702246374879
169	7	0.5511664025186955
169	8	0.5511664025175941
169	9	0.5512890377180081
169	10	0.551184884860817
169	11	0.5511863582210119
169	12	0.5511665578022924
169	13	0.5511665063255252
169	14	0.5511721839869926
169	15	0.5511669787326066
169	16	0.551170554189247
169	17	0.5511670667132768
169	18	0.5511664025175917
169	19	0.5511733608039072
169	20	0.5511664325168754
169	21	0.5512117887330704
169	22	0.5512893092427602
170	0	0.55116787394613
170	1	0.551261910145016
170	2	0.5511666448599627
170	3	0.5511664061504091
170	4	0.5511709470213878
170	5	0.5512619151784914
170	6	0.5511735138219311
170	7	0.5511703037024551
170	8	0.5512904223871672
170	9	0.5511669820706462
170	10	0.5511664327194334
170	11	0.5511670838624567
170	12	0.5511706379381223
170	13	0.5512125044950544
170	14	0.5511664025175917
170	15	0.5511694974817134
170	16	0.5511664579094094
170	17	0.5511664025175937
170	18	0.5511664810368663
170	19	0.5511774555585003
170	20	0.55117414317545
170	21	0.5511664025181706
170	22	0.5512410975238572
171	0	0.5511706276639055
171	1	0.5512579378443992
171	2	0.5511664309103588
171	3	0.5511670359969102
171	4	0.5511669406783565
171	5	0.5511666274277303
171	6	0.5511700263159315
171	7	0.5512862418152699
171	8	0.5511703373105358
171	9	0.5511730069614045
171	10	0.5511664025175917
171	11	0.5511664059450618
171	12	0.5512579472315476
171	13	0.5512098759175353
172	0	0.5511666294630618
172	1	0.5511678621402366
172	2	0.5511664058313905
172	3	0.5512584141375376
172	4	0.5511706679678487
172	5	0.5512584298936419
172	6	0.5512101831637274
172	7	0.5511664025175939
172	8	0.5512867651479151
173	0	0.5511678171485594
173	1	0.5511666340217193
173	2	0.5511707689900841
173	3	0.5511664025175937
173	4	0.5512594668042707
173	5	0.5512108734630008
173	6	0.5512594683306613
173	7	0.5512882020794198
173	8	0.5511664058872114
174	0	0.5512872545489902
174	1	0.5512584530562264
174	2	0.551170693167749
174	3	0.5511677839014695
174	4	0.5512584597386413
174	5	0.551166629674963
174	6	0.5511664058810548
174	7	0.5512102134288068
174	8	0.5511664025175937
175	0	0.5511664025175917
175	1	0.5511664673327007
175	2	0.5513374124729986
175	3	0.5511678550738219
175	4	0.5513336175192984
175	5	0.5512440814323246
175	6	0.5511664894001636
175	7	0.5514461986859174
175	8	0.5511664060520377
175	9	0.5511672750334308
175	10	0.5511752708400878
175	11	0.5511671439178458
175	12	0.5511664776057557
175	13	0.5511705559268648
175	14	0.5511717202222224
175	15	0.5511666412834006
176	0	0.5511664567879682
176	1	0.5511664060746388
176	2	0.5511694437664811
176	3	0.5511669751811905
176	4	0.5511666405051473
176	5	0.5511733603603934
176	6	0.5511670821156816
176	7	0.5511664213317435
176	8	0.5511705638012676
176	9	0.5512768638357503
176	10	0.5511999302860399
176	11	0.5514393259543193
176	12	0.5511664273802724
176	13	0.5512758291675601
176	14	0.5511664025175917
176	15	0.5511678378760746
177	0	0.5511664025175917
177	1	0.5511664247724061
177	2	0.5511664301635222
177	3	0.5514393549090539
177	4	0.5512817468669705
177	5	0.5512025586023385
177	6	0.5512847045776507
177	7	0.551166406819284
177	8	0.5511681141197665
177	9	0.5511672012103932
177	10	0.5511670806524621
177	11	0.5511699935843654
177	12	0.5511745998132417
177	13	0.551166466817266
177	14	0.5511713122210836
177	15	0.5511666843376478
177	16	0.5511878018010895
177	17	0.5511664025187862
177	18	0.5512776826434568
177	19	0.5511665747813871
177	20	0.5511816292835344
177	21	0.5511664025175949
177	22	0.5514944507352797
178	0	0.5513755135190729
178	1	0.551173812695763
178	2	0.5511664061728168
178	3	0.5511670553858514
178	4	0.5511664025175917
178	5	0.5511664553863007
178	6	0.551173195337471
178	7	0.5511704575937185
178	8	0.5511666343801905
178	9	0.5511669646125452
178	10	0.5511693660661362
178	11	0.5511664598330078
178	12	0.5511664025181481
178	13	0.5512390261249335
178	14	0.551166402517594
178	15	0.5511769973637483
178	16	0.5511738171279511
178	17	0.5511744633898257
179	0	0.5511706138976998
179	1	0.5511664058004331
179	2	0.5511700154351533
179	3	0.5512775716326492
179	4	0.5511664025175917
179	5	0.5511666268294063
179	6	0.5511729716338659
179	7	0.5511692684102316
179	8	0.5511669440300915
179	9	0.5511703278796538
179	10	0.5511664538437628
179	11	0.5511670379894452
180	0	0.5511707297642748
180	1	0.5512788187910446
180	2	0.5511664058544994
180	3	0.5511664555906891
180	4	0.5511669547222326
180	5	0.5511670468936472
180	6	0.5511731533849928
180	7	0.551166632905523
180	8	0.5511704324607081
180	9	0.5511664025175917
180	10	0.5511693476608948
180	11	0.551170115408746
180	12	0.551166488097585
180	13	0.5511775854052476
180	14	0.5511742371806956
180	15	0.551241684197265
180	16	0.5511664025181789
180	17	0.551166402517594
181	0	0.5511664058286244
181	1	0.5511706193248282
181	2	0.551170019310808
181	3	0.5511729942450799
181	4	0.5511664541153519
181	5	0.5511703308507018
181	6	0.5511692724397117
181	7	0.5511670343957696
181	8	0.5511664025175917
181	9	0.5511666270655258
181	10	0.5511669442241851
181	11	0.5512776174344786
182	0	0.5511670785095244
182	1	0.5511664025175917
182	2	0.5511705720322052
182	3	0.5511669827103248
182	4	0.5511734167666098
182	5	0.5511664579310234
182	6	0.5511694480392756
182	7	0.5511666411056985
182	8	0.5511664379968818
182	9	0.551293815190967
182	10	0.5512086430369367
182	11	0.5514377910336089
182	12	0.5511664059800038
182	13	0.5511683712523914
182	14	0.5511664283681809
182	15	0.551292500164253
183	0	0.5511683435746533
183	1	0.551171299349683
183	2	0.5511664060025635
183	3	0.5511664791399001
183	4	0.5511752524877114
183	5	0.5511664025175942
183	6	0.5512477487257187
183	7	0.5511664025182569
183	8	0.5511790081997221
183	9	0.5511666330548028
183	10	0.5511693513941097
183	11	0.551173154491671
183	12	0.5511664025175917
183	13	0.551166454827732
183	14	0.5511670479633664
183	15	0.5511669577386175
183	16	0.5511704365054437
183	17	0.5511706063900108
184	0	0.5511707569835514
184	1	0.5511664059329942
184	2	0.5511681257138641
184	3	0.5511738103324384
184	4	0.5511769848027255
184	5	0.5511664025181422
184	6	0.5512389906251991
184	7	0.5511664603838663
184	8	0.5511664025175937
184	9	0.5511701342709818
184	10	0.5511664025175917
184	11	0.5511693632096256
184	12	0.5511669618770988
184	13	0.5511670601121738
184	14	0.5511731939431394
184	15	0.551166455114927
184	16	0.551170455460578
184	17	0.5511666343088854
185	0	0.5511664025175916
185	1	0.5511664025175916
185	2	0.5511664025175916
185	3	0.5511664025175919
185	4	0.5511675184206399
185	5	0.5511665288194234
185	6	0.5511664050266157
185	7	0.5511664047844017
185	8	0.5511664025175916
185	9	0.5511674731233848
185	10	0.5511665636582966
186	0	0.5511710594340707
186	1	0.551166533974098
186	2	0.5511664062359016
186	3	0.5511703969490489
186	4	0.5511665694438749
186	5	0.5511736578045258
186	6	0.5511666508135031
186	7	0.5511707391196247
186	8	0.5511675647949158
186	9	0.5511671010026133
186	10	0.5511664593105644
186	11	0.5511664025175917
186	12	0.5511872564313218
186	13	0.5511664042851684
186	14	0.5511743257451137
186	15	0.551166402517594
186	16	0.5511777126719312
186	17	0.5511664025175916
186	18	0.5511664048789296
187	0	0.5511664059743332
187	1	0.5511707735824999
187	2	0.5511665336860531
187	3	0.5511664025175937
187	4	0.5511664049447087
187	5	0.5511664025175916
187	6	0.551166404870752
187	7	0.5511738390557253
187	8	0.5511770251447421
187	9	0.5511701511706641
187	10	0.5511670581216025
187	11	0.5511664025175917
187	12	0.5511732477672276
187	13	0.5511664557148294
187	14	0.5511704728441543
187	15	0.551166573203463
187	16	0.5511892282135027
187	17	0.5511666352621051
187	18	0.5511675612206517
188	0	0.5511734256164911
188	1	0.5511664025175916
188	2	0.5511664025175917
188	3	0.5511670815321987
188	4	0.5511665595545291
188	5	0.5511664025175916
188	6	0.551166406159639
188	7	0.5511664025175916
188	8	0.5511666420310884
188	9	0.5511664025175917
188	10	0.5511705900962349
188	11	0.5511665771135411
188	12	0.5511702594941259
188	13	0.5511664025175916
188	14	0.5511664576907023
188	15	0.5511708980233013
188	16	0.5511898307743442
188	17	0.5511664323390153
188	18	0.5511675961545237
188	19	0.5511687140678944
188	20	0.5511675901904434
188	21	0.5513014766150722
188	22	0.5511665376877343
188	23	0.5511664025175939
189	0	0.5511664055278567
189	1	0.5511664050592586
189	2	0.5511744091696554
189	3	0.5511664025175936
189	4	0.5511664025175916
189	5	0.5511778270578443
190	0	0.5511664025175917
190	1	0.5511679456306992
190	2	0.5512804307900732
190	3	0.5513090290109071
190	4	0.5512213172802332
190	5	0.5511664226361276
190	6	0.5511664062700046
190	7	0.5511674169922613
190	8	0.5511664533046935
190	9	0.5511664603779505
190	10	0.5511911516834912
190	11	0.5511665870727838
190	12	0.5511676740493721
190	13	0.5511738618735108
190	14	0.5511671302814082
190	15	0.5511708546708749
190	16	0.5511666575354469
190	17	0.5511664044066518
190	18	0.5511664049797803
190	19	0.5511741727381466
190	20	0.551166402517594
190	21	0.5514006399099259
191	0	0.5512000064790351
191	1	0.5511678338825867
191	2	0.5511664270859332
191	3	0.5512762001464774
191	4	0.5511673551730125
191	5	0.5511664210747816
191	6	0.5511664060679698
191	7	0.5512751937320657
191	8	0.5511664025175917
192	0	0.5511664025175916
192	1	0.5511716610130926
192	2	0.5511665977330332
192	3	0.5511664025175917
192	4	0.5511664428442443
192	5	0.5511664064118937
192	6	0.5511743342740252
192	7	0.5511664025175916
192	8	0.5511664025175916
192	9	0.5511664025175916
192	10	0.551171135322864
192	11	0.5511671614860639
192	12	0.5511666739546518
192	13	0.5511664025175917
192	14	0.5512780222142307
192	15	0.5511673772506751
192	16	0.5511677565620048
192	17	0.5511664654240646
192	18	0.5511925680626036
192	19	0.5511678791368986
192	20	0.5511725283412432
192	21	0.5511664025175943
192	22	0.5511665879087739
192	23	0.5511664217297688
192	24	0.5511804921415232
192	25	0.5511664025175916
192	26	0.5511664046318294
192	27	0.5511750353312409
192	28	0.5511664052677142
192	29	0.5511667237504367
192	30	0.5511935991707506
192	31	0.5513308479339731
192	32	0.551380359624722
192	33	0.5513465810249303
192	34	0.5511664025180935
193	0	0.5512828184702592
193	1	0.5511664363188111
193	2	0.551166702010384
193	3	0.5511674632545072
193	4	0.5512073460299947
193	5	0.5511741840996632
193	6	0.5511665970059045
193	7	0.5511921489877287
193	8	0.5511664025182276
194	0	0.5516263439572907
194	1	0.5512329003855994
194	2	0.5511762398267278
194	3	0.5511664054034389
194	4	0.5511763067220192
194	5	0.5511903585859717
194	6	0.5511664072494518
194	7	0.5511718160574869
194	8	0.5511677689031061
194	9	0.5511735810973584
194	10	0.551166427123727
194	11	0.551167290224799
194	12	0.5511665815716038
194	13	0.5511664623701225
194	14	0.5511666913965735
194	15	0.5511664025175916
194	16	0.5511664025175944
194	17	0.5511664045327299
194	18	0.5511667528602706
194	19	0.5512042939944707
194	20	0.5511664282310073
194	21	0.5511664025175917
194	22	0.5512785481410485
194	23	0.5511683426082756
194	24	0.5511673780847091
194	25	0.5512974367293675
194	26	0.5512007115547125
195	0	0.5511730205166858
195	1	0.5512739188109801
195	2	0.5511885608653142
195	3	0.5511665665698265
195	4	0.551167303206576
195	5	0.5511664138082578
196	0	0.5512740371049302
196	1	0.5511665606608411
196	2	0.5511664041105163
196	3	0.5511673006075742
196	4	0.5511667461849729
196	5	0.5511730340564309
197	0	0.5511666767021572
197	1	0.5511664599109166
197	2	0.551167699214366
197	3	0.5511664041142597
197	4	0.5511673126162386
197	5	0.5512743404649358
197	6	0.551166566529078
197	7	0.5511667258035237
197	8	0.5511730666578287
197	9	0.551190125829453
197	10	0.5511664025183164
197	11	0.5512021591385583
197	12	0.5511664299066112
198	0	0.5511664025175916
198	1	0.5511664025175916
198	2	0.5511735452893411
198	3	0.5511665819242696
198	4	0.5511664042365638
198	5	0.5511666627974131
198	6	0.5511672587864764
198	7	0.5511664025175916
198	8	0.5511664025175917
198	9	0.5511664071734482
198	10	0.5511736087202078
198	11	0.5511664025175916
198	12	0.5511716986668512
198	13	0.5511667538512285
198	14	0.5511664025175917
198	15	0.551173822219106
198	16	0.5511664560229702
198	17	0.5511676329922091
198	18	0.5511682519745602
198	19	0.5511904270433
198	20	0.5511673938293336
198	21	0.5511664265730114
198	22	0.5511666319038034
198	23	0.5511664025175943
198	24	0.5512786972417292
198	25	0.551166428567639
198	26	0.5512009621604028
198	27	0.5512872947826557
198	28	0.5514911602457828
198	29	0.5512507903766525
198	30	0.5511758476095019
198	31	0.5511760444725188
198	32	0.5511664056032682
198	33	0.5512036158487598
198	34	0.5511664025175916
198	35	0.5511664040343707
199	0	0.5511664062095081
199	1	0.5511664025175916
199	2	0.5511665830499675
199	3	0.5511664025175916
199	4	0.551166666111544
199	5	0.5511664025175917
199	6	0.5511664042999687
199	7	0.5511704213317762
199	8	0.5511707649533467
199	9	0.5511736926081389
199	10	0.551166758443065
199	11	0.5511671054567974
199	12	0.5511664025175917
199	13	0.5511664025175916
199	14	0.5511664025175916
199	15	0.5511676488015095
199	16	0.551166457309839
199	17	0.551166422225124
199	18	0.5511907103076163
199	19	0.5511710858499579
199	20	0.551167412605537
199	21	0.551279370103026
199	22	0.5511679164262298
199	23	0.551166402517594
199	24	0.5511665433259566
199	25	0.5512783704469923
199	26	0.551166428860016
199	27	0.5512008766843967
199	28	0.5514844484733684
199	29	0.5512409053543851
199	30	0.551174368681675
199	31	0.5511664025175916
199	32	0.551166403694311
199	33	0.5511744239459971
199	34	0.55116640504604
199	35	0.551197923560241
200	0	0.5511664025175917
200	1	0.5511664025175916
200	2	0.5511664025175916
200	3	0.5511664059551015
200	4	0.5511704865792837
200	5	0.551173231408914
200	6	0.5511664025175916
200	7	0.5511664041623648
200	8	0.5511667352987545
200	9	0.551167060287946
200	10	0.5511664025175916
200	11	0.5511665713838132
200	12	0.5511666490868509
200	13	0.5511664025175917
200	14	0.5511701660247846
200	15	0.551167568431191
200	16	0.5511893037989819
200	17	0.5511664537586614
200	18	0.5511707899106694
200	19	0.5511678199204566
200	20	0.5511664025175937
200	21	0.5511739190673999
200	22	0.5511738713935838
201	0	0.5511735106175403
201	1	0.5511664025175936
201	2	0.5511664050107588
201	3	0.5511664040859015
201	4	0.5511735680649595
201	5	0.5511664025175916
201	6	0.5512776753926908
201	7	0.5514049055220026
201	8	0.5512402473402942
202	0	0.551173502634885
202	1	0.5511734586234669
202	2	0.5511664025175916
202	3	0.5511664025175937
202	4	0.5511664036126523
202	5	0.5511664047465189
203	0	0.5511664035328824
203	1	0.5511664047458436
203	2	0.5511664025175916
203	3	0.5511734599617667
203	4	0.5511664025175936
203	5	0.5511735077051679
204	0	0.5511664047516189
204	1	0.5511664025175916
204	2	0.5511734763083692
204	3	0.5511664036510762
204	4	0.5511664025175936
204	5	0.5511735241693929
204	6	0.5512766888923647
205	0	0.5511664025175916
205	1	0.5511664025175916
205	2	0.5511710905259878
205	3	0.5511666143142313
205	4	0.5511668195172406
205	5	0.5511748904862396
205	6	0.5511664025175917
205	7	0.5511664067986394
205	8	0.5511672198944026
205	9	0.5511664045916382
205	10	0.5511664025175916
205	11	0.5511664025175917
205	12	0.5511714910877092
205	13	0.5511667108881365
205	14	0.5511664025175916
205	15	0.5511676973819386
205	16	0.5512933224917593
205	17	0.551171861139926
205	18	0.5511942992503991
205	19	0.5511664673375994
205	20	0.5511678599954986
205	21	0.5511665853748511
205	22	0.5511664281179443
205	23	0.5511664025175939
205	24	0.5511681704012039
205	25	0.5511741550013164
205	26	0.5511664036518551
205	27	0.5511664025175916
205	28	0.5511741061913171
205	29	0.5511664049585845
205	30	0.5512766045072832
205	31	0.5513663765078375
206	0	0.5511664035688325
206	1	0.5511664025175916
206	2	0.5511735371985798
206	3	0.5511734876266055
206	4	0.551166404756685
206	5	0.5511664025175937
206	6	0.551271934543262
206	7	0.551357806859153
207	0	0.5511664025175916
207	1	0.5511664025175917
207	2	0.5511667616752874
207	3	0.5511664025175917
207	4	0.5511664043044971
207	5	0.5511665858723328
207	6	0.551167111267016
207	7	0.551173766374316
207	8	0.5511664025175916
207	9	0.5511708018348199
207	10	0.5511664062347074
207	11	0.5511666685140167
207	12	0.5511704562490174
207	13	0.5511664025175916
207	14	0.5511664025175916
207	15	0.5511908966984014
207	16	0.5511664578288694
207	17	0.5511676594186384
207	18	0.5511664025175941
207	19	0.5511679473072171
207	20	0.5511711263421247
207	21	0.5511741095592687
207	22	0.5511740605503976
207	23	0.5511664025175916
207	24	0.5511664049427155
207	25	0.5511664036743843
207	26	0.5512762355051466
207	27	0.5513608376966005
208	0	0.5511736549721462
208	1	0.551166403914043
208	2	0.5511664047955491
208	3	0.5511736080925836
208	4	0.5511664025175939
208	5	0.5511664025175916
208	6	0.5512728519785388
208	7	0.5513584573517288
208	8	0.5511730121813533
208	9	0.5512833986352172
208	10	0.5511674819025314
208	11	0.551166565745126
208	12	0.5511664041174421
208	13	0.5511885635316743
209	0	0.5511667740852403
209	1	0.551168155170521
209	2	0.551167399915936
209	3	0.5511664048221253
209	4	0.5511666422656851
209	5	0.5511759456613572
209	6	0.5511664802918685
209	7	0.5511668340526776
209	8	0.551166435822036
209	9	0.5512896781964339
209	10	0.5512071591278023
209	11	0.5511664025175917
209	12	0.5511664076314403
209	13	0.551178978676417
209	14	0.5511665543328811
209	15	0.5511685245851221
209	16	0.5511664331372599
209	17	0.551292843683422
210	0	0.5511664025175917
210	1	0.5511664061172787
210	2	0.5511664251738002
210	3	0.5511664214052605
210	4	0.5511678597433639
210	5	0.5511665250954345
210	6	0.5511667433316202
210	7	0.5512771131124263
210	8	0.5512760289982878
210	9	0.5511786330802291
210	10	0.551200063033531
210	11	0.5511733158511394
210	12	0.5511670760742396
210	13	0.5511675976949219
210	14	0.5511664542893725
210	15	0.5511734172155547
210	16	0.5511666551277847
210	17	0.5511665768773032
210	18	0.5512024434552409
211	0	0.5511665652158659
211	1	0.5511730198110174
211	2	0.5511667226342372
211	3	0.5512738553055717
211	4	0.5511986747900168
211	5	0.5511664234440298
211	6	0.5511665189629736
212	0	0.5511664223981614
212	1	0.5511665242268698
212	2	0.5511667384303017
212	3	0.5512763467644659
212	4	0.5512788596810075
212	5	0.5511998230713893
212	6	0.5511664063132761
212	7	0.5511791108194113
212	8	0.5511679247077353
212	9	0.5511664025175917
212	10	0.5511664237868971
213	0	0.5512755273469466
213	1	0.5511678352873264
213	2	0.5512005301196439
213	3	0.5511664060679308
213	4	0.5511664211846585
213	5	0.5512764927915484
213	6	0.5511665218119844
213	7	0.5511664242877534
213	8	0.5511783915257832
213	9	0.5511664025175917
213	10	0.5511667393763674
214	0	0.5511664064843829
214	1	0.5511664025175917
214	2	0.5511664236505306
214	3	0.5511708570869063
214	4	0.5513805160477854
214	5	0.5512657498181047
214	6	0.5511664025175916
214	7	0.5511770776248308
214	8	0.5511664025175916
214	9	0.5511664025175916
214	10	0.5511664025175916
214	11	0.5511664025175919
214	12	0.5514479965841075
214	13	0.551168234427746
214	14	0.5512821367566993
214	15	0.5514848509607471
214	16	0.551442352606273
214	17	0.5511668405297425
214	18	0.5511667822652835
214	19	0.5511680156976317
214	20	0.5511798842615651
214	21	0.5511735931730909
214	22	0.5511787736887674
214	23	0.5511674081520225
214	24	0.5511664809789383
214	25	0.551541846314984
214	26	0.5511664051379512
214	27	0.5511858337298299
214	28	0.5513970894185595
214	29	0.551166406955596
214	30	0.5511857133312825
214	31	0.5511664025175916
214	32	0.551241314485107
214	33	0.551166402517599
214	34	0.5513179249950952
214	35	0.551166538644469
214	36	0.5511664277028618
214	37	0.551204167331702
214	38	0.5511664025195232
214	39	0.5511761639315896
214	40	0.5511666317039124
214	41	0.5511664054260367
214	42	0.5512013531342788
214	43	0.5511667841757393
214	44	0.551290627258754
215	0	0.5511664025175917
215	1	0.5511666585746092
215	2	0.5511678362838677
215	3	0.5515137685784505
215	4	0.5511664072209937
215	5	0.5511665292038307
215	6	0.5511664276196045
215	7	0.551166630053314
215	8	0.5512763788879894
216	0	0.5512842624748298
216	1	0.551166427997393
216	2	0.55116640742189
216	3	0.5512045579073749
216	4	0.551276296314063
216	5	0.5511665321197421
216	6	0.5511804301745695
216	7	0.5511666375992279
216	8	0.5511664245601766
216	9	0.5511678173154346
216	10	0.5511664025175917
216	11	0.5511945296948924
216	12	0.5511665936998495
216	13	0.551174515659223
216	14	0.5511720224747221
216	15	0.5511671839656535
216	16	0.5511678280368132
216	17	0.5511666582479025
216	18	0.5511664641291482
216	19	0.5511664045074296
217	0	0.551176227455216
217	1	0.5511664033569544
217	2	0.551166404671211
217	3	0.5511664025175916
217	4	0.5511664025175951
217	5	0.5511762952925535
218	0	0.5512032929403422
218	1	0.5511802641778842
218	2	0.5511664025175917
218	3	0.5512835788501076
218	4	0.5511664066037699
218	5	0.5511665375544538
218	6	0.5511664294050638
218	7	0.5511666539610105
218	8	0.5511680237743343
218	9	0.5511664242582401
218	10	0.5512799305231592
219	0	0.5511664025175917
219	1	0.5512763667375556
219	2	0.55116642148672
219	3	0.5512014187010783
219	4	0.5511678068148086
219	5	0.5512758836329361
219	6	0.551166406080464
219	7	0.5511785922722331
219	8	0.5511666354616109
219	9	0.5511665260143732
219	10	0.551166426532886
219	11	0.551175471920147
219	12	0.5511666161809075
220	0	0.5511664025175917
220	1	0.5512754861239885
220	2	0.551166421190022
220	3	0.5511784495886879
220	4	0.5512750424550931
220	5	0.5511666316843384
220	6	0.5512003432757031
220	7	0.5511677909192132
220	8	0.5511665249467305
220	9	0.5511664061851612
220	10	0.5511664260367785
221	0	0.5512775595460934
221	1	0.5511665255372795
221	2	0.5511679057785321
221	3	0.5512012918756871
221	4	0.5511667462637005
221	5	0.5511664258687599
221	6	0.5512766200521747
221	7	0.5511664025175917
221	8	0.5511786394065239
221	9	0.5511664061267776
221	10	0.5511664215935723
222	0	0.5511664211425282
222	1	0.5512764008939315
222	2	0.5512003553716777
222	3	0.5511783971947571
222	4	0.5511678437059158
222	5	0.5511665216801774
222	6	0.5511664060826613
222	7	0.5511664025175917
222	8	0.5511667387076117
222	9	0.5511664239770953
222	10	0.5512754447636957
223	0	0.5512753642680863
223	1	0.5511664211179689
223	2	0.5511664242397111
223	3	0.5512763400454477
223	4	0.5512007011269762
223	5	0.5511664025175917
223	6	0.5511667381184161
223	7	0.5511783575872614
223	8	0.5511664060531142
223	9	0.5511665225117519
223	10	0.551167836046353
224	0	0.5511664251106285
224	1	0.5512764015097985
224	2	0.551166521897977
224	3	0.5512009466746908
224	4	0.5512754332655289
224	5	0.551178406276082
224	6	0.5511667387816008
224	7	0.5511664060060454
224	8	0.5511664211536328
224	9	0.5511678352893774
224	10	0.5511664025175917
225	0	0.5511664211841244
225	1	0.5511667393645984
225	2	0.5512755455665248
225	3	0.5511783354812205
225	4	0.5511678393610634
225	5	0.5511664248084711
225	6	0.5512765243246369
225	7	0.5512011274258791
225	8	0.5511664060793565
225	9	0.5511664025175917
225	10	0.5511665228402579
226	0	0.5511678589659283
226	1	0.5511664213746096
226	2	0.5511665252452526
226	3	0.551166742768724
226	4	0.5512770190606696
226	5	0.5511664061441817
226	6	0.5511664269005494
226	7	0.5511664025175917
226	8	0.5512760570740359
226	9	0.5512008300151401
226	10	0.5511785326913492
226	11	0.5514020855119874
226	12	0.5511786371933898
226	13	0.5512268394078217
226	14	0.5511684287320124
226	15	0.5511667584454895
226	16	0.5511665401884785
226	17	0.5511801281669273
227	0	0.5511664261217929
227	1	0.551201390746773
227	2	0.5511664220839468
227	3	0.551166527536572
227	4	0.5512789755402734
227	5	0.5511664062761785
227	6	0.5511679135509745
227	7	0.5512780111136587
227	8	0.5511664025175917
227	9	0.5511667557577187
227	10	0.5511790102304847
227	11	0.5511671048159685
227	12	0.5513380074083242
227	13	0.5511707325935494
227	14	0.5511665830383534
227	15	0.551166456459833
227	16	0.5511736420870409
227	17	0.551191764596834
227	18	0.5511664025175916
227	19	0.5511664086088742
227	20	0.5511664025175916
227	21	0.5511664025175916
227	22	0.5511673052964513
227	23	0.5511664025175916
227	24	0.5511664025175921
227	25	0.5511835739713895
227	26	0.5511706268363448
227	27	0.5511861877624213
227	28	0.5511670100325915
227	29	0.5511664025175997
227	30	0.5511892082293125
227	31	0.5511664061656543
227	32	0.5511664025175916
227	33	0.5511664103303306
227	34	0.5511893409719829
227	35	0.5514020390701418
228	0	0.551166406202768
228	1	0.5511664025175916
228	2	0.5511664025175944
228	3	0.5511664025175916
228	4	0.5511678767161318
228	5	0.5511664025175917
228	6	0.5511664025175916
228	7	0.5511709820565257
228	8	0.551166660187928
228	9	0.5511735783672924
228	10	0.5511706704155428
228	11	0.5511664025175917
228	12	0.5511670948629431
228	13	0.5511665792164075
228	14	0.5511664042243879
228	15	0.5511667505277069
228	16	0.5511703333458157
228	17	0.5511664025175916
228	18	0.5511665276187324
228	19	0.5512772179097283
228	20	0.5511664217999213
228	21	0.5511664256634109
228	22	0.5512782362419786
228	23	0.5511788222815093
228	24	0.5512005922419645
228	25	0.5511914447036343
228	26	0.551166455718782
228	27	0.5513373657907628
228	28	0.5511665330114558
228	29	0.551167621838943
229	0	0.5511664061136866
229	1	0.5511664025175916
229	2	0.5511670974947629
229	3	0.5511667495826544
229	4	0.5511664025175917
229	5	0.5511703221707919
229	6	0.5511665774882234
229	7	0.5511664025175917
229	8	0.551166659616724
229	9	0.5511735508346187
229	10	0.5511706607049927
229	11	0.5511664042357969
229	12	0.5511664025175916
229	13	0.5511664025175916
229	14	0.5511664025175916
229	15	0.5511678617284165
229	16	0.5511664025175942
229	17	0.5511709756962407
229	18	0.5512007304213069
229	19	0.5511786788847213
229	20	0.5512770949867737
229	21	0.5511665273843689
229	22	0.5511664217460052
229	23	0.5512780740327224
229	24	0.5511664264324165
229	25	0.5511913809448113
229	26	0.5511664562976272
229	27	0.5513372371209115
229	28	0.5511665326888407
229	29	0.5511676186552507
230	0	0.5512779242176945
230	1	0.5511664220454473
230	2	0.5511664255511017
230	3	0.5511664061043825
230	4	0.5511664025175917
230	5	0.5512789039856063
230	6	0.5511667553565327
230	7	0.5511665276838024
230	8	0.5511790078493479
230	9	0.5511678932541896
230	10	0.5512011341166454
230	11	0.551167099984561
230	12	0.5511736661015019
230	13	0.5513379502695921
230	14	0.5511665816665424
230	15	0.5511664560726097
230	16	0.5511707307241654
230	17	0.5511917418369667
230	18	0.5511664025175916
230	19	0.5511664042848125
230	20	0.5511666640210591
230	21	0.5511664025175916
230	22	0.5511703902078237
230	23	0.5511664025175916
230	24	0.5511664025175916
230	25	0.5511664025175917
230	26	0.551167638653797
230	27	0.5511710499951499
230	28	0.5511665348539007
230	29	0.5511664025175942
230	30	0.5511664058882492
230	31	0.5511769630665184
230	32	0.5511664040062353
230	33	0.551176893476221
230	34	0.5511664025175916
230	35	0.5513733719175408
231	0	0.5511665227363926
231	1	0.5511664025175917
231	2	0.5511667427759569
231	3	0.5512760237037182
231	4	0.5512002585608686
231	5	0.5511664060278196
231	6	0.5511664213646547
231	7	0.5511785468327908
231	8	0.5511664242992882
231	9	0.5512770446315177
231	10	0.5511678627291852
231	11	0.5511733981262075
231	12	0.5511665741388815
231	13	0.5513363487866295
231	14	0.551167070175016
231	15	0.5511705785076183
231	16	0.5511909495332415
231	17	0.5511664548547104
232	0	0.5511999918540772
232	1	0.5511664025175917
232	2	0.5511664211558874
232	3	0.5511664250233762
232	4	0.5511667388926534
232	5	0.5511678367917411
232	6	0.5511783799990965
232	7	0.5511664060472382
232	8	0.5511665228313322
232	9	0.5512754747266507
232	10	0.5512764241732515
233	0	0.5512007926949515
233	1	0.5511664060959092
233	2	0.5512755445751988
233	3	0.5511667393984538
233	4	0.5511678478450827
233	5	0.5511784346043653
233	6	0.5511664248290903
233	7	0.5511664211924311
233	8	0.5511664025175917
233	9	0.5512765033887064
233	10	0.5511665232604782
234	0	0.5511667386270837
234	1	0.5511678394213445
234	2	0.5511664025175917
234	3	0.5512763801840517
234	4	0.551166425596246
234	5	0.5511665205471572
234	6	0.5512008359683777
234	7	0.5511783966629523
234	8	0.5512754210648413
234	9	0.5511664062685718
234	10	0.5511664211488972
235	0	0.5512004693322924
235	1	0.5512753351307719
235	2	0.5511784311265489
235	3	0.5511667384467454
235	4	0.5511664060096075
235	5	0.5511664211318622
235	6	0.5511678432888463
235	7	0.5512763691392522
235	8	0.5511665227435563
235	9	0.5511664025175917
235	10	0.551166425316545
236	0	0.5511667388759983
236	1	0.551166421163449
236	2	0.551166406098033
236	3	0.5511678359021598
236	4	0.551276435763101
236	5	0.5511664025175917
236	6	0.5511665223640092
236	7	0.5511664244370997
236	8	0.5512004158273055
236	9	0.5512754817668024
236	10	0.5511784740654178
237	0	0.5511666386859604
237	1	0.5511678000829109
237	2	0.5511664025175917
237	3	0.5511664282391733
237	4	0.5511786913861958
237	5	0.551201588039546
237	6	0.5512766411017876
237	7	0.5511664061250509
237	8	0.5511665286825737
237	9	0.551166421755657
237	10	0.5512771347705406
237	11	0.551207071468811
237	12	0.5511666952671735
237	13	0.5511749959829639
237	14	0.5511787558517293
237	15	0.5511664974612156
237	16	0.5511676202896044
237	17	0.5513645857200578
238	0	0.5511822333442874
238	1	0.5511664060920858
238	2	0.5511664042051809
238	3	0.5511823387348233
238	4	0.5511664025175974
238	5	0.5511664025175916
238	6	0.551271940220114
238	7	0.5513895276411865
239	0	0.5511665711651321
239	1	0.5511664025175916
239	2	0.5511664066009466
239	3	0.5511670130834266
239	4	0.5511666429403869
239	5	0.5511736127042421
239	6	0.551166406289062
239	7	0.551175496372312
239	8	0.5511664025175916
239	9	0.5511664025175919
239	10	0.5511714073044567
239	11	0.5511664025175916
239	12	0.5511664025175916
239	13	0.5511664025175917
239	14	0.5511671013780421
239	15	0.5511769514278742
239	16	0.551166711896245
239	17	0.5511664565616567
239	18	0.5511693371609907
239	19	0.5511664221165155
239	20	0.5511917742318593
239	21	0.5511678455455298
239	22	0.5511664025175943
239	23	0.5512775833179069
239	24	0.551166530396553
240	0	0.5511735824778029
240	1	0.5511664560701626
240	2	0.551191532358734
240	3	0.5511670984230822
240	4	0.551166570703253
240	5	0.5511713566526681
240	6	0.5513450969158483
240	7	0.5511666407172542
240	8	0.5511678117645481
240	9	0.5512056742864497
240	10	0.5512770065680325
240	11	0.5511808882598256
240	12	0.5511664025175917
240	13	0.5511664060768616
240	14	0.5511664218878675
240	15	0.5511664320280757
240	16	0.5511665316885797
240	17	0.5512835802318231
241	0	0.5511756362249529
241	1	0.5511664033852918
241	2	0.5511664025175943
241	3	0.5511664045216225
241	4	0.5511755801078347
241	5	0.5511664025175916
241	6	0.5513680219244919
241	7	0.5512719758384179
242	0	0.5512025027759782
242	1	0.5512783331247741
242	2	0.5511678683812234
242	3	0.5511664025175917
242	4	0.5511665346197047
242	5	0.5511791450286254
242	6	0.5511666465065512
242	7	0.5512762004480943
242	8	0.5511664223939963
242	9	0.5511664063884324
242	10	0.551166428568196
242	11	0.5511921132446
242	12	0.5511714830948639
242	13	0.5511664575041731
242	14	0.5511671170229865
242	15	0.5513387023814628
242	16	0.5511737517519373
242	17	0.5511665728958514
243	0	0.5511664025175917
243	1	0.5511666317135221
243	2	0.5511670732256413
243	3	0.5511665621294166
243	4	0.5511664025175916
243	5	0.5511667506836978
243	6	0.5511716786852513
243	7	0.5511664025175916
243	8	0.5511711798404018
243	9	0.5511664025175917
243	10	0.5511664025175916
243	11	0.5511664048643437
243	12	0.5511664060870575
243	13	0.5511732954244557
243	14	0.5511664025175916
243	15	0.551275088543094
243	16	0.5511665263108229
243	17	0.5511677982650901
243	18	0.5511725471055188
243	19	0.5511664025175946
243	20	0.5511664212041931
243	21	0.5511680834264543
243	22	0.5511907381105939
243	23	0.5511664542193282
243	24	0.5511665788544153
244	0	0.551166636125741
244	1	0.5512826452850762
244	2	0.5512760032707169
244	3	0.5511678031472246
244	4	0.551166528306735
244	5	0.5511664025175917
244	6	0.5511801677394771
244	7	0.5511664317393549
244	8	0.551203826221283
244	9	0.5511664215224222
244	10	0.5511664059976609
244	11	0.5511664555651311
244	12	0.5513420102887852
244	13	0.551191122322632
244	14	0.5511665664943887
244	15	0.5511734367403273
244	16	0.5511670863445531
244	17	0.5511712681882529
245	0	0.5511664060045487
245	1	0.5511666849767892
245	2	0.5511665638907677
245	3	0.551170701563662
245	4	0.5511664025175916
245	5	0.5511664025175916
245	6	0.5511670570973887
245	7	0.5511732406422463
245	8	0.5511664025175917
245	9	0.5511666292214938
245	10	0.5511664025175916
245	11	0.5511711281313675
245	12	0.5511664025175916
245	13	0.5511664025175917
245	14	0.5511664044402302
245	15	0.5511677773227739
245	16	0.5511714140881155
245	17	0.5511664025175944
245	18	0.5511665454569331
246	0	0.5511664025175942
246	1	0.5511664025175916
246	2	0.5511664025175916
246	3	0.5511666499083768
246	4	0.5511664025175917
246	5	0.5511708003211299
246	6	0.5511677818188594
246	7	0.5511664025175916
246	8	0.5511783387572414
246	9	0.5511784108773446
246	10	0.5511732522440895
246	11	0.5511670679413317
246	12	0.5511664041730722
246	13	0.5511664025175916
246	14	0.5511701806559842
246	15	0.5511665632917714
246	16	0.5511664059437498
246	17	0.5511666298637588
246	18	0.5511711367203427
246	19	0.5511664025175917
246	20	0.5511928827376746
246	21	0.5511679215445783
246	22	0.5511664600945287
247	0	0.5512064467520045
247	1	0.551180994291198
247	2	0.5512862242290538
247	3	0.5511664059493532
247	4	0.5511664025175917
247	5	0.5512866657733605
247	6	0.5511664255752748
247	7	0.5511664333344387
247	8	0.5511678029633142
247	9	0.5511666318203825
247	10	0.5511665562175737
248	0	0.5511743050171705
248	1	0.5511664025175916
248	2	0.551166403997809
248	3	0.5511743631322171
248	4	0.5511664025175943
248	5	0.5511664056262854
249	0	0.5511735359058169
249	1	0.5511664025175941
249	2	0.5511664040497595
249	3	0.5511664025175916
249	4	0.5511734914234663
249	5	0.5511664032536505
250	0	0.5511664025175917
250	1	0.5511749433269346
250	2	0.5511672328324436
250	3	0.5511711313712848
250	4	0.5511664025175916
250	5	0.5511664046323174
250	6	0.5511664025175916
250	7	0.5511667136693413
250	8	0.5511664025175916
250	9	0.5511666034191549
250	10	0.5511664025175917
250	11	0.5511666573888149
250	12	0.5511664025175916
250	13	0.551166406409819
250	14	0.5511723255321257
250	15	0.5511719116889262
250	16	0.55116795078383
250	17	0.5511665399449677
250	18	0.5512806716141935
250	19	0.5511664233048861
250	20	0.5511664661387745
250	21	0.5511959038657872
250	22	0.5511679059076254
250	23	0.551166577891165
250	24	0.5511664025175941
251	0	0.5511664063906225
251	1	0.5511666475014582
251	2	0.5511664025175917
251	3	0.5511666810934112
251	4	0.5511664025175916
251	5	0.55116665847335
251	6	0.5511664043886374
251	7	0.5511664025175916
251	8	0.5511664025175916
251	9	0.5511665846828682
251	10	0.5511741092707362
251	11	0.5511671448425995
251	12	0.5511664025175917
251	13	0.5511664025175916
251	14	0.5511717225193091
251	15	0.5511679363878335
251	16	0.5511713493916528
251	17	0.5511664025175944
251	18	0.5511665416307407
251	19	0.551166435561262
251	20	0.551280888773922
251	21	0.5512104655921402
251	22	0.551293011860152
251	23	0.5511827517663511
251	24	0.5511664233560418
251	25	0.5511664609812688
251	26	0.5511932110259774
251	27	0.5511677499893182
251	28	0.5511665435917164
251	29	0.5513724096606722
251	30	0.5511664025175916
251	31	0.5511759455827936
251	32	0.5511664035228915
251	33	0.5511758815954196
251	34	0.5511664045903527
251	35	0.5513986688083364
252	0	0.5511664025175917
252	1	0.5511666304686879
252	2	0.5511671785364253
252	3	0.5511664025175916
252	4	0.5511664060285515
252	5	0.5511664044482707
252	6	0.5511744257881278
252	7	0.5511666562325076
252	8	0.5511664025175916
252	9	0.5511719470297898
252	10	0.5511666697539102
252	11	0.5511664025175916
252	12	0.5511664025175916
252	13	0.5511664025175917
252	14	0.5511665900347529
252	15	0.5511664629901224
252	16	0.5511678084907292
252	17	0.5512831345909761
252	18	0.5511665453132084
252	19	0.5511942137247896
252	20	0.5511664242506465
252	21	0.5511709147855621
252	22	0.5511664025175947
252	23	0.5511680114134088
252	24	0.5511665309998006
252	25	0.5511752150096012
252	26	0.5511664044262
252	27	0.55117516132633
252	28	0.5511664062294974
252	29	0.5511664025175916
253	0	0.5513872794059886
253	1	0.5511664025175916
253	2	0.5511666240362564
253	3	0.5511666509098957
253	4	0.5511708184699738
253	5	0.5511664025175941
253	6	0.5511664025175916
253	7	0.5511664025175916
253	8	0.5511677804571912
253	9	0.5511665627742266
253	10	0.5511732975570189
253	11	0.551167065911258
253	12	0.551166630898751
253	13	0.5511664025175916
253	14	0.5511664059792358
253	15	0.5511664025175917
253	16	0.5511664025175916
253	17	0.5511664041861171
253	18	0.5511711591875954
254	0	0.5511666221842914
254	1	0.5513147023069062
254	2	0.5511664025175917
254	3	0.5511666485973051
254	4	0.5511664025175916
254	5	0.5511664025175916
254	6	0.5511707848057097
254	7	0.5511677743679064
254	8	0.5511664025175941
254	9	0.5511666288914207
254	10	0.5511732394156763
254	11	0.5511670563487763
254	12	0.5511664041675055
254	13	0.5511664025175917
254	14	0.5511664059307512
254	15	0.5511711128696395
254	16	0.5511664025175916
254	17	0.5511664025175916
254	18	0.551166560533496
255	0	0.5511711764792314
255	1	0.5511664059498274
255	2	0.5511664025175917
255	3	0.5511733238894927
255	4	0.5511664025175916
255	5	0.5511666521938074
255	6	0.5511664025175916
255	7	0.5511666321261114
255	8	0.5511670738853213
255	9	0.5511664025175916
255	10	0.5511664041922866
255	11	0.5511664025175916
255	12	0.5511665625798773
255	13	0.5511664025175916
255	14	0.5511666255281645
255	15	0.5511957437282269
255	16	0.5511678973094145
255	17	0.5511664670238419
255	18	0.5511708459482357
255	19	0.5511665590649332
255	20	0.5511664025175942
255	21	0.5511677943152238
255	22	0.5511665567084956
255	23	0.55128644375086
255	24	0.551166425645404
256	0	0.5511666217458895
256	1	0.5511664059238859
256	2	0.5511664025175916
256	3	0.5511666285883366
256	4	0.5511664025175917
256	5	0.5511711157839272
256	6	0.5511732335153754
256	7	0.5511664041704964
256	8	0.5511666486715351
256	9	0.551166561327038
256	10	0.551167064077138
256	11	0.5511664025175916
256	12	0.5511664025175916
256	13	0.5511664025175916
256	14	0.5511664025175916
256	15	0.5511677637456622
256	16	0.5511707813005188
256	17	0.5511664025175941
257	0	0.5511664025175916
257	1	0.5511664025175916
257	2	0.5511664025175916
257	3	0.5511664025175916
257	4	0.5511664025175917
257	5	0.551166659623946
257	6	0.5511678388398021
257	7	0.5511709706630469
257	8	0.5511664025175942
257	9	0.5511735117935486
257	10	0.5511713198476547
257	11	0.5511937205997942
257	12	0.551166639484034
257	13	0.5511664025175917
257	14	0.5511664617348163
257	15	0.5511670845141989
257	16	0.5511677787453579
257	17	0.5511665686043414
257	18	0.5511664042544805
257	19	0.5511666320404899
257	20	0.5511664060752572
257	21	0.551178243718126
257	22	0.5511781706242364
257	23	0.5513284780505172
257	24	0.5511664025674505
257	25	0.5511665442488995
257	26	0.5512820267204154
257	27	0.5511664531711635
257	28	0.551224449597644
258	0	0.5511664248474432
258	1	0.5512727349212133
258	2	0.5511664424309809
258	3	0.5511666220370769
258	4	0.5511992207476651
258	5	0.551173028962982
258	6	0.5511898120794159
258	7	0.5511665563230312
258	8	0.5511664025178399
259	0	0.5511895519975466
259	1	0.5511729670925626
259	2	0.5511664025178369
259	3	0.5511665539781269
259	4	0.5512721486408041
259	5	0.5511994310975452
259	6	0.5511666194075696
259	7	0.5511664253218138
259	8	0.5511664431257001
260	0	0.5511664025175916
260	1	0.551166406143978
260	2	0.5511756914175148
260	3	0.5511664025175947
260	4	0.5511664042283991
260	5	0.5511757567859628
261	0	0.5511666962168386
261	1	0.5512075475285889
261	2	0.5512881988307834
261	3	0.5512023846040769
261	4	0.5511664025175916
261	5	0.5511664561867404
261	6	0.5511664078301027
261	7	0.5511664229049884
261	8	0.5511664332541709
261	9	0.5511666781441095
261	10	0.5513332234396081
261	11	0.5511664025175943
261	12	0.5511664025175916
261	13	0.551166403335552
261	14	0.5511743941450317
261	15	0.5511743428394129
261	16	0.5511664042420831
261	17	0.5512323632820518
261	18	0.551196616205741
261	19	0.5511673841675283
261	20	0.5511666087720195
261	21	0.5511681676848923
261	22	0.5511733364017094
261	23	0.5511667684297866
261	24	0.5511664783135474
261	25	0.5511752100017434
261	26	0.5511664049908854
261	27	0.5511667287019616
261	28	0.5511728488544243
261	29	0.5511666399747129
262	0	0.5511666396389814
262	1	0.5512020423420221
262	2	0.5512768650874864
262	3	0.5511788171089965
262	4	0.5511664270297693
262	5	0.5511664446302403
262	6	0.5511664194111182
262	7	0.5511664059778378
262	8	0.5511664025175916
262	9	0.5511665874591651
262	10	0.5512773243681306
262	11	0.5511664033067116
262	12	0.5511664025175942
262	13	0.5511664025175916
262	14	0.5511742662356032
262	15	0.5511742131526745
262	16	0.5511664042131625
262	17	0.5511667151279765
263	0	0.5511664025175916
263	1	0.5511664044815788
263	2	0.5511664025175916
263	3	0.5511664025175916
263	4	0.5511719577863428
263	5	0.5511665845859496
263	6	0.5511666938277321
263	7	0.5511664025175916
263	8	0.5511744237907654
263	9	0.551166590124012
263	10	0.5511664025175916
263	11	0.5511666327762368
263	12	0.5511671757719061
263	13	0.5511664945458506
263	14	0.5511664059831024
263	15	0.5511664025175917
263	16	0.5511715677968002
263	17	0.5511665499991019
263	18	0.5511664628264367
263	19	0.5511942792092852
263	20	0.5511678115380265
263	21	0.5511664436847413
263	22	0.5511664189173268
263	23	0.5512753199664392
263	24	0.5511664025175941
264	0	0.5511664459384104
264	1	0.5512843406975553
264	2	0.55116643152785
264	3	0.5511666425613636
264	4	0.5512061922604605
264	5	0.5511664025175916
264	6	0.55118042055161
264	7	0.5512774573006992
264	8	0.5511665953660485
264	9	0.5511664060561883
264	10	0.5511664195981124
264	11	0.5511664025175916
264	12	0.5511664044535378
264	13	0.5511664025175943
264	14	0.5511664033754354
264	15	0.5511753394331043
264	16	0.5511752827994696
265	0	0.551166427079105
265	1	0.5511664457886348
265	2	0.5511665939739236
265	3	0.5512778926176617
265	4	0.5511789274462472
265	5	0.551277418628789
265	6	0.5511664061390088
265	7	0.5511664195908847
265	8	0.5512327684642109
265	9	0.5511664025175916
265	10	0.5511666423769288
265	11	0.5511664042310646
265	12	0.5511743496375321
265	13	0.5511664033189615
265	14	0.5511743004262314
265	15	0.5511664025175942
265	16	0.5511664025175916
266	0	0.551166581449645
266	1	0.5511665090111648
266	2	0.55117235675548
266	3	0.5511664059926056
266	4	0.5511665731404003
266	5	0.5511664723636465
266	6	0.5511666195688346
266	7	0.5511667398271985
266	8	0.5511673085576486
266	9	0.5511664025175916
266	10	0.5511756195280361
266	11	0.5511728108370775
266	12	0.5511979980355216
266	13	0.551166626470951
266	14	0.5511680306854044
266	15	0.551166418474507
267	0	0.5511664800506121
267	1	0.5511665835217703
267	2	0.5511665267253533
267	3	0.5511664057936707
267	4	0.5511707720907267
267	5	0.5511675897647145
267	6	0.5511666478855889
267	7	0.5511670548354506
267	8	0.5511664540075341
267	9	0.5511665616633799
267	10	0.5511711031298036
267	11	0.5511732260942035
267	12	0.5511903644263164
267	13	0.55116641862212
267	14	0.5511666284575494
267	15	0.5511664025175916
268	0	0.5511665258638461
268	1	0.5511664057869623
268	2	0.5511665818773696
268	3	0.5511707438424017
268	4	0.5511664795402594
268	5	0.5511675819454914
268	6	0.551173146024026
268	7	0.5511665614120393
268	8	0.5511670560048827
268	9	0.5511664025175916
268	10	0.5511902194301538
268	11	0.5511666266774009
268	12	0.5511666463004707
268	13	0.5511664533215108
268	14	0.5511710707206549
268	15	0.5511664184929751
269	0	0.5511664057706214
269	1	0.5511707440698441
269	2	0.5511665824033762
269	3	0.5511665259243537
269	4	0.5511664795233071
269	5	0.5511670597021591
269	6	0.5511666463013094
269	7	0.5511664025175916
269	8	0.5511664531283287
269	9	0.5511710718995331
269	10	0.5511902325895556
269	11	0.5511731775146231
269	12	0.5511666267886118
269	13	0.5511675823738914
269	14	0.5511665612926316
269	15	0.5511664185000504
270	0	0.5511766424227847
270	1	0.5511664047667867
270	2	0.5511767089019868
270	3	0.5511664035651105
270	4	0.551166402517595
270	5	0.5511664025175916
271	0	0.5511664040565478
271	1	0.551166402517594
271	2	0.551173572019773
271	3	0.5511664025175916
271	4	0.5511735271715927
271	5	0.5511664032614104
271	6	0.5514378007911563
271	7	0.5512949384199377
272	0	0.5511664217718226
272	1	0.5511666176436134
272	2	0.5511664064534932
272	3	0.5511664025175916
272	4	0.5512784412846014
272	5	0.5513036677354785
272	6	0.5511666727991366
272	7	0.5511862270972713
272	8	0.5512570172127064
272	9	0.5511664725424905
272	10	0.5511664426842481
272	11	0.5511743648993012
272	12	0.5511664025175916
272	13	0.5511664042468131
272	14	0.5511664033569428
272	15	0.5511744192811437
272	16	0.5511664025175944
273	0	0.551166428357696
273	1	0.5512325252321776
273	2	0.5512779679131043
273	3	0.5511666428194797
273	4	0.5511789860869079
273	5	0.5512775486788738
273	6	0.5511664196354823
273	7	0.551166445882366
273	8	0.5511664062242528
273	9	0.5511665959668571
273	10	0.5511664025175916
273	11	0.5511664042346806
273	12	0.5511664025175943
273	13	0.551174365350888
273	14	0.5511664033632893
273	15	0.5511664025175916
273	16	0.5511743163112076
274	0	0.5511664025175916
274	1	0.5511664281062558
274	2	0.5511664062995549
274	3	0.5512791012018291
274	4	0.5512338494764196
274	5	0.5511665994254045
274	6	0.5511666477609853
274	7	0.551179178580569
274	8	0.5511664199885218
274	9	0.5511664467031467
274	10	0.5512786188518644
274	11	0.5511664042699479
274	12	0.5511664025175943
274	13	0.5511664033998633
274	14	0.5511745244176995
274	15	0.5511664025175916
274	16	0.5511744731958522
275	0	0.5511677713179187
275	1	0.5511664468892871
275	2	0.5512783735279476
275	3	0.5511791608465847
275	4	0.55116659768942
275	5	0.551278833107247
275	6	0.5511664199106044
275	7	0.5512331958186587
275	8	0.5511666467237795
275	9	0.5511664277953178
275	10	0.5511664025175916
275	11	0.5511664060864888
275	12	0.5512099500362977
275	13	0.5511665063357251
275	14	0.551166900166103
275	15	0.5511797894186242
275	16	0.5511667262212182
275	17	0.551175732858148
275	18	0.5511677411711333
275	19	0.5511687992295093
275	20	0.5511664092779504
275	21	0.5511665599235611
275	22	0.5511666546484087
275	23	0.551175087074456
276	0	0.5511665377801487
276	1	0.5511666022063973
276	2	0.5511664061405144
276	3	0.5511711512624846
276	4	0.5511715114849428
276	5	0.5511666420126272
276	6	0.5511671166388471
276	7	0.5511922525860755
276	8	0.5511676954813847
276	9	0.5511664025175916
276	10	0.5511664575655048
276	11	0.551173789081995
276	12	0.5511666699293174
276	13	0.551166574947653
276	14	0.55117606492033
276	15	0.5511760030807072
276	16	0.551166404618253
276	17	0.5511664063384799
276	18	0.5511664025175916
276	19	0.5511664025175949
276	20	0.5511664869906093
276	21	0.5514874888836223
276	22	0.5512792259551157
276	23	0.5514707942574946
277	0	0.5511667845997973
277	1	0.5511665952935342
277	2	0.5511664231755514
277	3	0.5511664313968181
277	4	0.5512875186416072
277	5	0.5511664060596502
277	6	0.5511664025175916
277	7	0.5511664546098455
277	8	0.551278085911058
277	9	0.5511666436576074
277	10	0.5511809590569071
277	11	0.5512080189586018
278	0	0.5511666090366016
278	1	0.5511664025175916
278	2	0.5511665026384776
278	3	0.5511664025175916
278	4	0.5511664061547197
278	5	0.5511665997288197
278	6	0.5511664025175916
278	7	0.5511724373394964
278	8	0.5511667195707919
278	9	0.5511664025175916
278	10	0.5511672443176657
278	11	0.5511664050924786
278	12	0.5511664025175916
278	13	0.5511750867739635
278	14	0.5511666494140423
278	15	0.5511664025175917
278	16	0.5511664688155252
278	17	0.5511963851718513
278	18	0.5511679355272788
278	19	0.5511664468875563
278	20	0.5511720147799654
278	21	0.5511664201082924
278	22	0.5512789521110665
278	23	0.5511665631417598
278	24	0.5511664025175949
278	25	0.5514964484487561
278	26	0.5512500695184293
278	27	0.5517429099091767
278	28	0.5511792607274061
278	29	0.5512036306128465
278	30	0.5512794786983634
278	31	0.5511664287177123
278	32	0.551383952950977
278	33	0.5511759216772969
278	34	0.5511759840167929
278	35	0.5511664046007008
278	36	0.5511664064149202
278	37	0.5511664025175916
278	38	0.5512591242934837
279	0	0.5511666033515304
279	1	0.5511712563498181
279	2	0.5511664064183674
279	3	0.5511665408904877
279	4	0.5511664889272405
279	5	0.5511665813146248
279	6	0.5511671381738642
279	7	0.5511716277269847
279	8	0.5511664025175916
279	9	0.5511666761026321
279	10	0.5511927705821367
279	11	0.5511677253731668
279	12	0.5511739958244707
279	13	0.5511664591464531
279	14	0.5511666538768116
279	15	0.5511747104041356
279	16	0.551166403395794
279	17	0.5511746561252334
279	18	0.5511664043123952
279	19	0.5511664025175916
279	20	0.5511664025175945
279	21	0.5512514668490147
279	22	0.5512803369358997
279	23	0.5512426889655515
280	0	0.5511666340742677
280	1	0.5511664025175916
280	2	0.5511666540990879
280	3	0.551171217860457
280	4	0.5511664025175917
280	5	0.5511664025175916
280	6	0.5511665663879959
280	7	0.5511664820202291
280	8	0.5511664046030097
280	9	0.5511733835794049
280	10	0.5511667701220943
280	11	0.5511664025175916
280	12	0.5511664025175916
280	13	0.5511670756266811
280	14	0.5511664058910365
280	15	0.5511664025175916
280	16	0.551190912772614
280	17	0.5511665050128667
280	18	0.5511708823773115
280	19	0.5511664546482161
280	20	0.5511676200536955
280	21	0.5512865371406798
280	22	0.5511664025175944
280	23	0.5511664227870815
280	24	0.5511665299750156
281	0	0.5511666574943774
281	1	0.5511665661564659
281	2	0.5511664042434854
281	3	0.5511664025175916
281	4	0.5511664059797424
281	5	0.5511664025175916
281	6	0.5511665904845259
281	7	0.5511666370646358
281	8	0.551166483069901
281	9	0.5511664025175916
281	10	0.5511734709441746
281	11	0.5511664025175916
281	12	0.5511670835437813
281	13	0.5511712846546813
281	14	0.5511664025175917
281	15	0.5511664025175916
281	16	0.5511676359353729
281	17	0.5511664553900738
281	18	0.5511709390521476
281	19	0.551191200298592
281	20	0.551166531587055
281	21	0.5511664025175944
281	22	0.551276200555443
281	23	0.5511664448122383
281	24	0.5511664192055655
281	25	0.5515849052748215
281	26	0.5511664045464659
282	0	0.5511664025175916
282	1	0.5511664183380135
282	2	0.5511758544507134
282	3	0.5511664025175952
282	4	0.551166404217924
282	5	0.5512877617952644
282	6	0.5511664057757332
282	7	0.5511666532800149
282	8	0.5511665921546655
282	9	0.551166575914536
283	0	0.5512219845243252
283	1	0.5511664065578556
283	2	0.5511666730549528
283	3	0.5511880143299779
283	4	0.551166617243922
283	5	0.5512796735110367
283	6	0.5511665000793883
283	7	0.5512837601413275
283	8	0.5511664201989681
283	9	0.5511664463923792
283	10	0.5511664025175916
283	11	0.5511664044143416
283	12	0.5511664025175916
283	13	0.5511664033642206
283	14	0.5511664025175956
283	15	0.5511778644302612
283	16	0.5511745609499773
283	17	0.5511671886136675
283	18	0.5511666821394797
283	19	0.5511664025175916
283	20	0.5511664025175917
283	21	0.5511664025175916
283	22	0.5511666026407778
283	23	0.5511664025175916
283	24	0.5511720197947384
283	25	0.5511664955928502
283	26	0.5511745302840554
283	27	0.5511664044898681
283	28	0.5511664025175916
283	29	0.5511945317459711
283	30	0.5511678261591929
283	31	0.5511664636280834
283	32	0.5511716257181736
283	33	0.5511665516286361
283	34	0.5514680355443216
283	35	0.5512599505524436
283	36	0.5515321348830282
283	37	0.5512168811056335
283	38	0.5513661579011114
284	0	0.5511664061035695
284	1	0.5511665997394756
284	2	0.5511665293884217
284	3	0.5511664817023012
284	4	0.551170861592644
284	5	0.551166662084026
285	0	0.5511666913816198
285	1	0.5511664025175916
285	2	0.5511668428494816
285	3	0.5511664025175917
285	4	0.5511723781198361
285	5	0.551167240926325
285	6	0.5511664911060694
285	7	0.5511666902589788
285	8	0.5511666287238745
285	9	0.5511750541343439
285	10	0.5511664025175916
285	11	0.5511664047270193
285	12	0.5511664025175916
285	13	0.5511664063009529
285	14	0.5511664025175916
285	15	0.5511664025175916
285	16	0.5511664685692165
285	17	0.5511664025175962
285	18	0.5511713345449932
285	19	0.5511961387492139
285	20	0.5511664544881977
285	21	0.5511679197719416
285	22	0.5511665433724124
285	23	0.5511664230998339
285	24	0.5512873043621446
285	25	0.5511758401632668
285	26	0.551166403568016
285	27	0.551166404724796
285	28	0.5511664025175916
285	29	0.5511759001153967
285	30	0.5512882649233609
285	31	0.5512877144457061
285	32	0.5511664326320909
286	0	0.5511664831105811
286	1	0.5511734960792012
286	2	0.5511670892537014
286	3	0.5511664025175916
286	4	0.5511712865883482
286	5	0.5511664025175916
286	6	0.5511664062872595
286	7	0.5511664043640944
286	8	0.5511666666665639
286	9	0.5511664025175916
286	10	0.5511664025175916
286	11	0.5511664025175916
286	12	0.5511665867195974
286	13	0.5511667997744778
286	14	0.5511666375403369
286	15	0.5511664025175917
286	16	0.5511709418060925
286	17	0.5511664025175954
286	18	0.5511664558807807
286	19	0.5511676369528241
286	20	0.551166486731471
286	21	0.5511912189076014
286	22	0.5511665316886544
286	23	0.5512762319939374
286	24	0.5511664192074428
286	25	0.5511741746312432
286	26	0.5511664025175916
286	27	0.5512766686226724
286	28	0.5511664033385386
286	29	0.5511664043082443
286	30	0.5511741260636317
286	31	0.5514391639163059
287	0	0.5511735573673905
287	1	0.5511664025175916
287	2	0.5512720929425862
287	3	0.5511735115946511
287	4	0.5511664025175953
287	5	0.551166404161142
287	6	0.551166403276851
288	0	0.5511715011833859
288	1	0.551166628866468
288	2	0.5511664934013178
288	3	0.5511665480670037
288	4	0.5511664064289822
288	5	0.5511743407415598
288	6	0.5511677927073042
288	7	0.5511664625442169
288	8	0.5511667003245931
288	9	0.5511718922142738
288	10	0.551193954641907
288	11	0.5511666099475753
288	12	0.5511664213191879
288	13	0.5511671703994124
288	14	0.55116666696539
288	15	0.5511664025175916
288	16	0.5511664345702142
288	17	0.551282568105859
288	18	0.5511664509912573
288	19	0.5512609950442104
288	20	0.5511878440161275
288	21	0.5512802606616416
288	22	0.5511664045990502
288	23	0.5511664044334684
288	24	0.5511664025175916
288	25	0.5511746427519915
288	26	0.5511664025175956
288	27	0.5511746964413423
288	28	0.551166403362297
288	29	0.5513657515615508
289	0	0.5511666817791718
289	1	0.5511664025175916
289	2	0.5511715588120957
289	3	0.5511664025175916
289	4	0.5511666503297464
289	5	0.5511664877810761
289	6	0.5511664025175916
289	7	0.5511666155110665
289	8	0.551166594447439
289	9	0.5511664025175917
289	10	0.5511738842808135
289	11	0.5511664061364638
289	12	0.5511664044526254
289	13	0.5511664025175916
289	14	0.5511664025175916
289	15	0.5511671232198921
289	16	0.551171197588919
289	17	0.5512791879989505
289	18	0.5511664474927533
289	19	0.5511924728870743
289	20	0.551167708430631
289	21	0.5511664584600282
289	22	0.5511665391955399
289	23	0.5511664201773512
289	24	0.5511664025175965
289	25	0.5511664067957828
289	26	0.5511745543444702
289	27	0.5511746082938359
289	28	0.5511664025175916
289	29	0.5511664044127718
290	0	0.5511676713583136
290	1	0.5511666438046495
290	2	0.5511736773962195
290	3	0.5511666743362914
290	4	0.5511714238066745
290	5	0.551167108341747
290	6	0.5511664568963053
290	7	0.5511665902276235
290	8	0.551191831122878
290	9	0.5511664025175916
290	10	0.5511666087352269
290	11	0.5512884305828389
290	12	0.5511664196848365
290	13	0.5511815190732748
290	14	0.5511664466780258
290	15	0.55127771915893
290	16	0.5511664061222789
290	17	0.5511664332864538
290	18	0.5512083116528601
290	19	0.5511664044136704
291	0	0.5511664204610461
291	1	0.5511664025175916
291	2	0.5511666865012678
291	3	0.5511664062027527
291	4	0.5511740029948488
291	5	0.5511671343693028
291	6	0.5511664025175916
291	7	0.5511664025175916
291	8	0.5511666546069903
291	9	0.5511665049875111
291	10	0.5511664025175917
291	11	0.5511664045143352
291	12	0.5511716445462715
291	13	0.5511664025175916
291	14	0.5511664025175916
291	15	0.5511666002243667
291	16	0.5511666239780081
291	17	0.5511677304871118
291	18	0.5511664597827438
291	19	0.5511928530980743
291	20	0.5511721374882479
291	21	0.551166566669562
291	22	0.5511664025175965
291	23	0.5512800756070995
291	24	0.5511664926242926
291	25	0.5511761864501187
291	26	0.5511761244132123
291	27	0.551166403557776
291	28	0.5511664025175916
291	29	0.551166404795308
291	30	0.5512339427657822
291	31	0.5511664281722567
291	32	0.5511795549922669
291	33	0.5512805936420315
291	34	0.5513776917616392
292	0	0.5511802443657196
292	1	0.5511664062103222
292	2	0.551205464399217
292	3	0.5511664202528372
292	4	0.5511664304973488
292	5	0.5512835067578968
292	6	0.5511666342871732
292	7	0.551166669449178
292	8	0.5511664960860739
292	9	0.5512830848921915
292	10	0.5511664025175916
292	11	0.5511751510094351
292	12	0.5511664025175963
292	13	0.5511664046432637
292	14	0.5511664025175916
292	15	0.551166404557055
292	16	0.5511752085924235
292	17	0.5511671781939714
292	18	0.5511664943302479
292	19	0.551174438960872
292	20	0.5511667034208432
292	21	0.5511664025175916
292	22	0.5511664025175916
292	23	0.5511664025175916
292	24	0.5511664046248249
292	25	0.5511719479766679
292	26	0.5511664025175917
292	27	0.5511664025175916
292	28	0.5511666105040709
292	29	0.5511715545176968
292	30	0.5511665496593868
292	31	0.5511664632567811
292	32	0.5511678080179387
292	33	0.5511942210917257
293	0	0.5511665835612811
293	1	0.5511670882833025
293	2	0.5511676358136114
293	3	0.551166404344445
293	4	0.5511664557031345
293	5	0.5511734975300359
293	6	0.551166637106659
293	7	0.5511666664609587
293	8	0.55127622860424
293	9	0.5511664278916965
293	10	0.5511664192103894
293	11	0.5511666032554595
293	12	0.5512020455971889
293	13	0.5511664025175916
293	14	0.5511664452743462
293	15	0.5511664057898448
293	16	0.5512767042532989
293	17	0.5511787198354522
294	0	0.5511666734857569
294	1	0.5511666430046629
294	2	0.5511664025175916
294	3	0.5511736445779671
294	4	0.551166456698953
294	5	0.5511721330935843
294	6	0.5511950382384724
294	7	0.5511665909075197
294	8	0.551167669493547
294	9	0.5511671020170289
294	10	0.5511664043922354
294	11	0.551166445720586
294	12	0.5511666099543507
294	13	0.5511789945348894
294	14	0.5512780692082859
294	15	0.5512776043042893
294	16	0.5511664059274182
294	17	0.5511664278237977
294	18	0.5511664196550712
294	19	0.5512026299636464
295	0	0.5511665876930626
295	1	0.5511915328536511
295	2	0.5511735913121221
295	3	0.5511670894408995
295	4	0.5511713564415173
295	5	0.5511664561996511
295	6	0.5511664057835827
295	7	0.551166419456751
295	8	0.5511676558107705
295	9	0.5511666706578311
295	10	0.5511664043694606
295	11	0.5511666405005196
295	12	0.5511664025175916
295	13	0.5512770070702272
295	14	0.5511668106373465
295	15	0.5511664273858204
295	16	0.5512775476779863
295	17	0.5511788693238422
295	18	0.5512311119913352
295	19	0.5511664454970459
296	0	0.551166456894339
296	1	0.5511664025175916
296	2	0.5511736417124207
296	3	0.5511665903411936
296	4	0.551191827394433
296	5	0.5511671091428131
296	6	0.5511676718102617
296	7	0.5511666435756768
296	8	0.5511714209227271
296	9	0.5511666740383853
296	10	0.551166404399132
296	11	0.5511664277719914
296	12	0.5512776788952957
296	13	0.5512322374929988
296	14	0.5511664458688923
296	15	0.5511664196944495
296	16	0.5511664058532249
296	17	0.5511666133592056
296	18	0.5511789542208825
296	19	0.5512782067256019
297	0	0.5511664025175916
297	1	0.5511664550171805
297	2	0.5511734990534348
297	3	0.5511665889188254
297	4	0.5511676384920496
297	5	0.5511670851292726
297	6	0.5511712888426089
297	7	0.5511912351891307
297	8	0.551166637145188
297	9	0.5511666668812658
297	10	0.5511664193022506
297	11	0.5511787058155103
297	12	0.5511664057831203
297	13	0.5512314671041955
297	14	0.5512767746384971
297	15	0.551166427177586
297	16	0.5511666037476258
297	17	0.55116648514783
297	18	0.5512762899625073
297	19	0.5511664043580199
298	0	0.5511734783238484
298	1	0.5511670837917774
298	2	0.5511676355479443
298	3	0.5511911800409328
298	4	0.5511665874180394
298	5	0.5511664025175916
298	6	0.5511666365406788
298	7	0.5511666661890072
298	8	0.5511712790485459
298	9	0.5511664553071897
298	10	0.5511664191921303
298	11	0.55116640434817
298	12	0.5512766326753851
298	13	0.5511664057555796
298	14	0.5512023809611667
298	15	0.5511666064129723
298	16	0.5511664442387519
298	17	0.5511664266030021
298	18	0.5511785937943015
298	19	0.551276160732957
299	0	0.5511664025175917
299	1	0.5511665989618352
299	2	0.5511666591185159
299	3	0.5511664025175916
299	4	0.5511664025176006
299	5	0.5511664025175916
299	6	0.5511769402845033
299	7	0.5511664025175916
299	8	0.5511664025175916
299	9	0.5511840030365753
299	10	0.55118410960122
299	11	0.5511676030503248
299	12	0.551167069782164
299	13	0.5511664025175916
299	14	0.5511733038442039
299	15	0.5511666304095927
299	16	0.5511711514791516
299	17	0.5511664539071286
299	18	0.5511906047944064
299	19	0.5511665784614881
299	20	0.5511664056993762
299	21	0.5511664042989705
299	22	0.5511665955005008
300	0	0.5511741945896954
300	1	0.5511741394047341
300	2	0.5511664560183539
300	3	0.5511666378498559
300	4	0.5511665871450677
300	5	0.5511735002045344
300	6	0.5511670810785976
300	7	0.5511912467455794
300	8	0.5511664025175916
300	9	0.5511676392227346
300	10	0.5511712920697847
300	11	0.5511666672374919
300	12	0.5511664025175916
300	13	0.5511664025175916
300	14	0.5511664057455133
300	15	0.551166404364752
300	16	0.551166483326663
300	17	0.5511664025175916
300	18	0.5511666035386273
300	19	0.5511664025175916
300	20	0.5511664025175916
300	21	0.5511709528179565
300	22	0.5511664025175955
301	0	0.5511664077356652
301	1	0.551173527700965
301	2	0.5511664025175916
301	3	0.5511664025175951
301	4	0.5511664049701306
301	5	0.5511735812399989
302	0	0.5511664025175916
302	1	0.5511664025175951
302	2	0.5511664032791548
302	3	0.5511735532754573
302	4	0.5511735095321144
302	5	0.5511664041614864
303	0	0.5511664025175953
303	1	0.5511736423804378
303	2	0.5511664032918849
303	3	0.5511664025175916
303	4	0.5511736202309581
303	5	0.5511664042188489
303	6	0.5514135576648939
303	7	0.5512928059105785
304	0	0.5512806456776072
304	1	0.5511664306194654
304	2	0.5511862799775634
304	3	0.5511666678105271
304	4	0.5511666546248697
304	5	0.5511664025175916
304	6	0.5511664420679161
304	7	0.5511664108266553
304	8	0.551166473973452
304	9	0.5512182218306236
304	10	0.5513036940148559
304	11	0.55116640444793
304	12	0.551174707485488
304	13	0.5511664025175916
304	14	0.5511664034158091
304	15	0.5511664025175961
304	16	0.5511747593263853
304	17	0.5511667483964651
304	18	0.5511727524838027
304	19	0.5511977641996647
304	20	0.5511664725357325
304	21	0.5511673074011303
304	22	0.5511680169670128
304	23	0.5511755989444627
304	24	0.5511666424440969
304	25	0.5511664049185175
305	0	0.551166404233259
305	1	0.5511665727088818
305	2	0.551166479688972
305	3	0.5512721956529871
305	4	0.551278607531789
305	5	0.5511729817753029
305	6	0.5511666213007957
306	0	0.5512041554334812
306	1	0.5511664213888033
306	2	0.5512772332947742
306	3	0.5511666310313283
306	4	0.5511664064006169
306	5	0.551166429076879
306	6	0.5511664898993907
306	7	0.5511664025175916
306	8	0.5512831899499435
306	9	0.5511801612264305
306	10	0.5511666489908342
306	11	0.5511664025175959
306	12	0.5511751472613764
306	13	0.5511750945108789
306	14	0.5511664034278511
306	15	0.5511664025175916
306	16	0.5511664045437304
306	17	0.5511664044403407
306	18	0.5511737727527509
306	19	0.5511664025175917
306	20	0.5511664025175916
306	21	0.5511665397723272
306	22	0.5511671673719174
306	23	0.5511667011242769
306	24	0.551166591788204
306	25	0.5511664025175916
306	26	0.5511664025175916
306	27	0.5511664025175916
306	28	0.5511719085862976
306	29	0.5512891747255534
306	30	0.5511677977953279
306	31	0.551166463658184
306	32	0.5511940480198181
306	33	0.5511740115497206
306	34	0.5511670973198396
306	35	0.5513740161194874
306	36	0.5513785476242333
306	37	0.5513783826834988
306	38	0.5511664027377209
307	0	0.5511666190697654
307	1	0.55116640603854
307	2	0.5511664025175916
307	3	0.5511666518423515
307	4	0.5511794958083301
307	5	0.5511664204760036
307	6	0.5511664468581955
307	7	0.5511664299229678
307	8	0.551202986700665
307	9	0.551277965300597
307	10	0.5512805782900124
307	11	0.5511746891024542
307	12	0.5511747479536274
307	13	0.5511664044451066
307	14	0.551166402517596
307	15	0.5511664033779133
307	16	0.5511664025175916
307	17	0.5511665938656045
307	18	0.5511664044553053
307	19	0.5511664025175916
307	20	0.5511664025175917
307	21	0.5511666867562025
307	22	0.5511664025175916
307	23	0.5511716482186974
307	24	0.5511664025175916
307	25	0.5511738801120636
307	26	0.551166489293171
307	27	0.5511671358708445
307	28	0.5511664025175916
307	29	0.5511664607160236
307	30	0.5512898461947163
307	31	0.5511677305702212
307	32	0.5511928753961138
307	33	0.5511712792696012
307	34	0.5511665415818322
307	35	0.5513639890571155
307	36	0.55125170813196
307	37	0.5512429054060793
307	38	0.5511664025178772
308	0	0.55116644650328
308	1	0.55116665013719
308	2	0.5511664203513563
308	3	0.5511664025175916
308	4	0.5511664297289979
308	5	0.5512775622022972
308	6	0.5512319341890031
308	7	0.5511664059973733
308	8	0.5512801919800824
308	9	0.5511794600387164
308	10	0.5511666196891886
308	11	0.5511664044314746
308	12	0.5511746906463288
308	13	0.5511664025175961
308	14	0.5511664033456299
308	15	0.5511664025175916
308	16	0.5511746378883673
308	17	0.5511664025175916
308	18	0.5511664025175916
308	19	0.5511712433861153
308	20	0.5511664025175917
308	21	0.5511666847656602
308	22	0.5511671301897704
308	23	0.5511664025175916
308	24	0.5511665979790469
308	25	0.5511738246976471
308	26	0.5511664886569303
308	27	0.5511664044417054
308	28	0.5511664025175916
308	29	0.5511716141121694
308	30	0.5511665405470494
308	31	0.5511664611040938
308	32	0.5516292129918177
308	33	0.5512425461533652
308	34	0.5511677214472729
308	35	0.5511927094322009
308	36	0.5512894611967017
308	37	0.5514809431274242
308	38	0.55135093235532
309	0	0.5511664532721426
309	1	0.5511664025178971
309	2	0.5512825836356284
309	3	0.5511729522378784
309	4	0.5511898423479569
309	5	0.5511665705262695
309	6	0.551166479581054
309	7	0.5512706508598757
309	8	0.5511664255233534
309	9	0.5511666200848561
309	10	0.5511994632735054
310	0	0.5511666367434366
310	1	0.5511668428252555
310	2	0.5511664025175916
310	3	0.5512745962196848
310	4	0.551179686038417
310	5	0.5511664269862954
310	6	0.5512013202296173
310	7	0.5511664062396799
310	8	0.5511664442162361
310	9	0.5512812777413754
310	10	0.5511664207261315
310	11	0.5511664025175916
310	12	0.5511664044716748
310	13	0.5511748533489229
310	14	0.5511664034082671
310	15	0.5511748004640021
310	16	0.5511664025175959
311	0	0.5511744310757981
311	1	0.5511724700657774
311	2	0.551166464990201
311	3	0.5511672593188331
311	4	0.551166405994239
311	5	0.5511679430297811
311	6	0.5511666113976923
311	7	0.55116641917065
311	8	0.5511667327005257
311	9	0.5512937155071578
311	10	0.5511946474334535
311	11	0.5511666339518839
311	12	0.5512015608450574
311	13	0.5511664440532746
311	14	0.5512739297138444
311	15	0.5511664262576856
311	16	0.5511664025175916
311	17	0.5511785823316441
311	18	0.5512766019504585
311	19	0.55116660267558
311	20	0.5511664047547005
312	0	0.5511664451293675
312	1	0.5512752846105584
312	2	0.5511666398967477
312	3	0.5512017328164013
312	4	0.5512779639416954
312	5	0.5511790155845828
312	6	0.551166426445841
312	7	0.5511664058861215
312	8	0.5511666092472145
312	9	0.5511664025175916
312	10	0.5511664196277024
312	11	0.551175481054665
312	12	0.5511754215336659
312	13	0.5511664025175916
312	14	0.5511664034764487
312	15	0.5511664046233556
312	16	0.5511664025175961
312	17	0.5511665211742325
313	0	0.5511725234784166
313	1	0.5511666265923275
313	2	0.5511664025175916
313	3	0.5511750766360456
313	4	0.5511664712891404
313	5	0.5511679575321542
313	6	0.5511666506996508
313	7	0.5512891909846298
313	8	0.5511967584277447
313	9	0.5511667355423104
313	10	0.5511672617205908
313	11	0.551166406047281
313	12	0.5511664283125445
313	13	0.5511666198661497
313	14	0.5511664896878608
313	15	0.5512802991930407
313	16	0.5512039706024914
313	17	0.551179499626783
313	18	0.5511664203997302
313	19	0.5512777055190315
313	20	0.5511664047709498
313	21	0.5511747101726157
313	22	0.5511664025175916
313	23	0.5511746579076202
313	24	0.5511664025175957
313	25	0.5511664033901785
313	26	0.5511664044369846
314	0	0.5512249265155413
314	1	0.551166427540802
314	2	0.5511664025175916
314	3	0.5511664060146584
314	4	0.5511666144688049
314	5	0.5512796772862999
314	6	0.5511664462753904
314	7	0.5511666476840359
314	8	0.5512314540575519
314	9	0.5511664201787975
314	10	0.5511793508090352
314	11	0.5512770330132852
314	12	0.5511715656697421
314	13	0.5511924874514111
314	14	0.5511666821768141
314	15	0.5511664593065637
314	16	0.5511671284897606
314	17	0.551167709524553
314	18	0.5511737503772968
314	19	0.5511665920558437
314	20	0.5512889607607114
314	21	0.5511664044072628
314	22	0.5512807319777736
314	23	0.5515377540355065
314	24	0.5511745615887423
314	25	0.5511664025175916
314	26	0.5511664025175916
314	27	0.5511761526180332
314	28	0.5511664025175956
314	29	0.5511664025175917
314	30	0.5511664025175916
314	31	0.5511664044142504
314	32	0.5511746175654151
314	33	0.5511664033915451
314	34	0.5513746366569091
314	35	0.5512239064022955
315	0	0.5511664058524597
315	1	0.5511664025175917
315	2	0.5511665254602401
315	3	0.5511664025175916
315	4	0.5511666073053081
315	5	0.5511664043501419
315	6	0.5511664025175916
315	7	0.5511734668412811
315	8	0.5511664025175916
315	9	0.5511665861216851
315	10	0.5511666387363103
315	11	0.5511664025175916
315	12	0.5511664025175916
315	13	0.551166681699558
315	14	0.551167097407883
315	15	0.5511713793010344
315	16	0.5511710259962737
315	17	0.5511664025175955
315	18	0.5511664579840454
315	19	0.5511664447510217
315	20	0.551275064602855
315	21	0.5512870266493334
315	22	0.5511676614473825
315	23	0.5511916485565735
315	24	0.5511667359084257
315	25	0.5511664195440437
315	26	0.5511742744483084
315	27	0.5511743225595142
315	28	0.5511664025175916
315	29	0.5511664041004342
315	30	0.5511664043438297
315	31	0.5514031517815947
315	32	0.5512777735070276
316	0	0.5511666441240284
316	1	0.5511664198952132
316	2	0.551166610510755
316	3	0.5511664316121992
316	4	0.5511664059001552
316	5	0.5511664025175916
316	6	0.5512788377605422
316	7	0.5512762045554593
316	8	0.5511813185924357
316	9	0.5511664864195215
316	10	0.5512385670364496
316	11	0.5511664025175916
316	12	0.5511744893704237
316	13	0.5511664043835092
316	14	0.5511664033288758
316	15	0.5511744389364561
316	16	0.551166402517596
316	17	0.5511667798538401
317	0	0.5511664060582911
317	1	0.5511665052571194
317	2	0.5511664025175917
317	3	0.5511664025175916
317	4	0.5511664025175916
317	5	0.5511664025175957
317	6	0.5511667513156562
317	7	0.5511666133272758
317	8	0.5511724243696056
317	9	0.5511664025175916
317	10	0.5511664025175916
317	11	0.5511673571015353
317	12	0.5511666521862902
317	13	0.551176042581778
317	14	0.5511666492950813
317	15	0.5511664025175916
317	16	0.5511664047907107
317	17	0.5511728843660835
317	18	0.5511664463195026
317	19	0.5512032307520693
317	20	0.5512773542378042
317	21	0.5511799615350584
317	22	0.5511664285658306
317	23	0.5511664202928451
317	24	0.5512825579147751
317	25	0.5511750508717967
317	26	0.5511664044246476
317	27	0.5511664025175916
317	28	0.5511664034171952
317	29	0.5511749993752422
317	30	0.5511665671859581
317	31	0.5511970459961889
317	32	0.5512985092526116
317	33	0.5511679747928824
317	34	0.5511664748492594
317	35	0.551166402518896
318	0	0.5511664025175916
318	1	0.5511664025175916
318	2	0.5511664025175916
318	3	0.5511664025175916
318	4	0.5511665309084083
318	5	0.5511666748194194
318	6	0.5511665943803917
318	7	0.551167131347992
318	8	0.5511664585162559
318	9	0.5511664033689344
318	10	0.5511745011602568
318	11	0.5511664042583161
318	12	0.5511744451407871
318	13	0.5511664025175916
318	14	0.5511664025175954
318	15	0.5512628039316689
318	16	0.5511666014853108
318	17	0.5511664042938578
319	0	0.5511664025175916
319	1	0.5511664025175916
319	2	0.5511664025175916
319	3	0.5511664025175916
319	4	0.5511665334277696
319	5	0.5511666800766412
319	6	0.5511665994723608
319	7	0.5511671439942234
319	8	0.551166461212418
319	9	0.5511664033630023
319	10	0.5511746515191611
319	11	0.5511664042918358
319	12	0.5511745942470953
319	13	0.5511664025175916
319	14	0.5511664025175955
319	15	0.5512365704651224
319	16	0.5511666035316128
319	17	0.5511664043947945
320	0	0.5511664243112421
320	1	0.551166705214449
320	2	0.5511664340673946
320	3	0.5512090093485257
320	4	0.5511666047824364
320	5	0.5512883464662306
320	6	0.5512932256748115
320	7	0.5511664025175916
320	8	0.5511664069505782
320	9	0.5511665058261481
320	10	0.5511829271535561
320	11	0.5511664025175916
320	12	0.5511664035401044
320	13	0.5511749543780279
320	14	0.5511748942992226
320	15	0.5511664025175956
320	16	0.5511664033961772
320	17	0.5512997301900452
320	18	0.5511666907657846
320	19	0.5511666109026524
320	20	0.5511668549791768
320	21	0.5511664627011768
320	22	0.5511680122695122
320	23	0.5511664044421493
320	24	0.5511762514267697
320	25	0.5513855991158811
321	0	0.5511664025175916
321	1	0.5512813015212306
321	2	0.551276109474567
321	3	0.551166643478887
321	4	0.5511797143342952
321	5	0.5511664441795913
321	6	0.5512025046866649
321	7	0.5511664058440311
321	8	0.5511664198867434
321	9	0.5511664270179673
321	10	0.5511666027135609
321	11	0.5511750479772547
321	12	0.5511664025175916
321	13	0.551166402517596
321	14	0.551174986691612
321	15	0.5511664033923872
321	16	0.551166403551498
321	17	0.55116646337132
321	18	0.5511666939613058
321	19	0.5512880312779413
321	20	0.551166612299941
321	21	0.5511676870797126
321	22	0.5511664044386848
321	23	0.5511667408016533
321	24	0.5511743079871722
322	0	0.5511676733279232
322	1	0.5511664197179864
322	2	0.5511756741278804
322	3	0.5511667397133141
322	4	0.5511666114875948
322	5	0.5511664626817054
322	6	0.5512081052318
322	7	0.5511664059308661
322	8	0.5512875066058354
322	9	0.5511666910871809
322	10	0.5511742519105038
322	11	0.5511664044100175
322	12	0.5511666412093734
322	13	0.5511664025175916
322	14	0.5511664841205802
322	15	0.5512023345436179
322	16	0.5511664260549051
322	17	0.5512756197282
322	18	0.5511666042221278
322	19	0.5512808455678935
322	20	0.5511795809124655
322	21	0.5515497128819421
322	22	0.5512555952978567
322	23	0.5511749121656271
322	24	0.5511749728511294
322	25	0.5511664033783549
322	26	0.5511664025175916
322	27	0.5511664025175956
322	28	0.5511664035422204
322	29	0.5512403550024161
322	30	0.5511664025175917
322	31	0.5511664025175916
322	32	0.5511664025175916
322	33	0.5511750388604825
322	34	0.5513917902719152
322	35	0.5511664025182785
323	0	0.5511965603349427
323	1	0.5511664025175954
323	2	0.5511745786197001
323	3	0.5511745202248534
323	4	0.5511664034929327
323	5	0.5511664033535428
323	6	0.5511664025175916
323	7	0.5511666300077015
323	8	0.551273027650181
323	9	0.5511664259510657
323	10	0.5512010944923652
323	11	0.5511664419493598
324	0	0.5511717863635308
324	1	0.5511666254314243
324	2	0.5511664062371316
324	3	0.551166653653979
324	4	0.5511665972416167
324	5	0.5511722003344689
324	6	0.551166635953193
324	7	0.5511664025175916
324	8	0.5512926686266627
324	9	0.5511664685240907
324	10	0.5511941620855361
324	11	0.5511678053026023
324	12	0.5511667748295316
324	13	0.5511666329744959
324	14	0.5511750274614025
324	15	0.5511667209810402
324	16	0.5511747913489454
324	17	0.5511664025175916
324	18	0.5511664053824735
324	19	0.5511747316888153
324	20	0.5511664025175955
324	21	0.5511664035199731
