82	0	0.1887637036861483
82	1	0.1887637036861483
82	2	0.0
82	3	0.0
82	4	0.1887637036861483
82	5	0.24293388200310662
82	6	0.43169758568925487
82	7	0.1887637036861483
82	8	0.1887637036861483
82	9	0.1887637036861483
82	10	0.24293388200310662
82	11	0.0
82	12	0.1887637036861483
82	13	0.1887637036861483
82	14	0.0
82	15	0.0
82	16	0.10419641302704365
82	17	0.0
82	18	0.1887637036861483
83	0	0.0
83	1	0.0
83	2	0.1887637036861483
83	3	0.10419641302704365
83	4	0.0
83	5	0.0
83	6	0.1887637036861483
83	7	0.24293388200310662
83	8	0.0
83	9	0.1887637036861483
83	10	0.1887637036861483
83	11	0.24293388200310662
83	12	0.1887637036861483
83	13	0.1887637036861483
83	14	0.0
83	15	0.43169758568925487
83	16	0.1887637036861483
83	17	0.1887637036861483
83	18	0.1887637036861483
83	19	1.7167763820576387
83	20	0.1887637036861483
84	0	0.0
84	1	0.0
84	2	0.1887637036861483
84	3	0.1887637036861483
84	4	0.0
84	5	0.10419641302704365
84	6	0.24293388200310662
84	7	0.24293388200310662
84	8	0.43169758568925487
84	9	0.0
84	10	0.1887637036861483
84	11	0.1887637036861483
84	12	0.1887637036861483
84	13	0.0
84	14	0.1887637036861483
84	15	0.0
84	16	0.1887637036861483
84	17	0.1887637036861483
84	18	0.1887637036861483
84	19	0.1887637036861483
84	20	1.7167763820576387
85	0	0.1887637036861483
85	1	0.0
85	2	0.0
85	3	0.1887637036861483
85	4	0.0
85	5	0.43169758568925487
85	6	0.1887637036861483
85	7	0.1887637036861483
85	8	0.24293388200310662
85	9	0.1887637036861483
85	10	0.0
85	11	0.1887637036861483
85	12	0.24293388200310662
85	13	0.10419641302704365
85	14	0.0
85	15	0.1887637036861483
85	16	0.0
85	17	0.1887637036861483
85	18	0.1887637036861483
85	19	1.7167763820576387
85	20	0.1887637036861483
86	0	0.1887637036861483
86	1	0.0
86	2	0.0
86	3	0.24293388200310662
86	4	0.1887637036861483
86	5	0.1887637036861483
86	6	0.1887637036861483
86	7	0.1887637036861483
86	8	0.0
86	9	0.24293388200310662
86	10	0.1887637036861483
86	11	0.0
86	12	0.10419641302704365
86	13	0.1887637036861483
86	14	0.0
86	15	0.0
86	16	0.43169758568925487
86	17	0.1887637036861483
86	18	0.1887637036861483
86	19	1.7167763820576387
86	20	0.1887637036861483
87	0	0.1887637036861483
87	1	0.1887637036861483
87	2	2.8106844191246476
87	3	0.0
87	4	0.1887637036861483
87	5	0.0
87	6	0.0
87	7	0.0
87	8	0.24293388200310662
87	9	0.1887637036861483
87	10	0.1887637036861483
87	11	0.1887637036861483
87	12	0.1887637036861483
87	13	0.10419641302704365
87	14	0.43169758568925487
87	15	0.1887637036861483
87	16	0.1887637036861483
87	17	0.0
87	18	0.24293388200310662
87	19	0.0
88	0	0.1887637036861483
88	1	0.1887637036861483
88	2	2.2893261810829335
88	3	0.0
88	4	0.24293388200310662
88	5	0.1887637036861483
88	6	0.1887637036861483
88	7	0.1887637036861483
88	8	0.1887637036861483
88	9	0.0
88	10	0.10419641302704365
88	11	0.0
88	12	0.43169758568925487
88	13	0.0
88	14	0.0
88	15	0.1887637036861483
88	16	0.0
88	17	0.1887637036861483
88	18	0.24293388200310662
88	19	0.1887637036861483
89	0	0.1887637036861483
89	1	0.0
89	2	0.1887637036861483
89	3	0.24293388200310662
89	4	0.1887637036861483
89	5	0.1887637036861483
89	6	0.0
89	7	0.1887637036861483
89	8	0.0
89	9	0.1887637036861483
89	10	0.43169758568925487
89	11	0.0
89	12	0.1887637036861483
89	13	0.0
89	14	0.0
89	15	0.24293388200310662
89	16	0.1887637036861483
89	17	0.1887637036861483
89	18	0.10419641302704365
89	19	2.2152001113082913
89	20	0.6871874329368016
90	0	0.1887637036861483
90	1	0.1887637036861483
90	2	0.1887637036861483
90	3	0.1887637036861483
90	4	0.24293388200310662
90	5	0.0
90	6	0.0
90	7	0.43169758568925487
90	8	0.24293388200310662
90	9	0.1887637036861483
90	10	0.0
90	11	0.1887637036861483
90	12	0.0
90	13	0.10419641302704365
90	14	0.1887637036861483
90	15	0.1887637036861483
90	16	0.1887637036861483
90	17	0.0
90	18	0.0
90	19	2.2893261810829335
91	0	0.0
91	1	0.1887637036861483
91	2	0.0
91	3	0.0
91	4	0.1887637036861483
91	5	0.43169758568925487
91	6	0.10419641302704365
91	7	0.1887637036861483
91	8	0.0
91	9	0.1887637036861483
91	10	0.1887637036861483
91	11	0.0
91	12	0.1887637036861483
91	13	0.1887637036861483
91	14	0.24293388200310662
91	15	0.0
91	16	0.1887637036861483
91	17	0.24293388200310662
91	18	0.1887637036861483
91	19	2.2893261810829335
92	0	0.5213582380417141
92	1	0.7101219417278626
92	2	0.5213582380417141
92	3	0.0
92	4	0.0
92	5	0.1887637036861483
92	6	0.1887637036861483
92	7	0.0
92	8	0.5213582380417141
92	9	0.1887637036861483
92	10	0.7101219417278626
92	11	1.6489442822265445
92	12	0.0
92	13	0.1887637036861483
92	14	0.1887637036861483
92	15	0.0
92	16	0.1887637036861483
92	17	0.1887637036861483
92	18	0.1887637036861483
92	19	0.1887637036861483
92	20	0.43169758568925487
92	21	0.24293388200310662
92	22	0.0
92	23	0.10419641302704365
92	24	0.24293388200310662
92	25	2.2893261810829335
93	0	0.0
93	1	0.0
93	2	0.1887637036861483
93	3	0.1887637036861483
93	4	0.0
93	5	0.0
93	6	0.10419641302704365
93	7	0.1887637036861483
93	8	0.1887637036861483
93	9	0.1887637036861483
93	10	0.24293388200310662
93	11	0.0
93	12	0.0
93	13	0.1887637036861483
93	14	0.24293388200310662
93	15	0.1887637036861483
93	16	0.1887637036861483
93	17	0.43169758568925487
93	18	0.1887637036861483
93	19	0.6871874329368016
93	20	2.2152001113082913
93	21	2.2893261810829335
93	22	0.0
94	0	0.0
94	1	0.0
94	2	0.1887637036861483
94	3	0.1887637036861483
94	4	0.1887637036861483
94	5	0.0
94	6	0.0
94	7	0.10419641302704365
94	8	0.0
94	9	0.1887637036861483
94	10	0.1887637036861483
94	11	0.43169758568925487
94	12	0.1887637036861483
94	13	0.1887637036861483
94	14	0.1887637036861483
94	15	0.24293388200310662
94	16	0.1887637036861483
94	17	0.0
94	18	0.24293388200310662
95	0	0.1887637036861483
95	1	0.0
95	2	0.1887637036861483
95	3	0.24293388200310662
95	4	0.1887637036861483
95	5	0.1887637036861483
95	6	0.10419641302704365
95	7	0.0
95	8	0.1887637036861483
95	9	0.1887637036861483
95	10	0.1887637036861483
95	11	0.0
95	12	0.24293388200310662
95	13	0.0
95	14	0.43169758568925487
95	15	0.1887637036861483
95	16	0.0
95	17	0.0
95	18	0.1887637036861483
95	19	1.7167763820576387
95	20	0.1887637036861483
96	0	0.1887637036861483
96	1	0.0
96	2	0.0
96	3	0.1887637036861483
96	4	0.1887637036861483
96	5	0.1887637036861483
96	6	0.1887637036861483
96	7	0.0
96	8	0.0
96	9	0.1887637036861483
96	10	0.43169758568925487
96	11	0.1887637036861483
96	12	0.1887637036861483
96	13	2.2893261810829335
96	14	0.0
96	15	0.1887637036861483
96	16	0.0
96	17	1.7167763820576387
96	18	0.24293388200310662
96	19	0.24293388200310662
96	20	0.10419641302704365
96	21	0.0
97	0	0.24293388200310662
97	1	0.0
97	2	0.43169758568925487
97	3	0.1887637036861483
97	4	0.1887637036861483
97	5	0.0
97	6	0.1887637036861483
97	7	0.10419641302704365
97	8	0.1887637036861483
97	9	0.1887637036861483
97	10	0.0
97	11	0.0
97	12	0.0
97	13	0.24293388200310662
97	14	0.0
97	15	0.1887637036861483
97	16	0.1887637036861483
97	17	0.1887637036861483
97	18	0.1887637036861483
97	19	0.1887637036861483
97	20	1.7167763820576387
98	0	0.1887637036861483
98	1	0.0
98	2	0.1887637036861483
98	3	0.0
98	4	0.24293388200310662
98	5	0.0
98	6	0.43169758568925487
98	7	0.0
98	8	0.1887637036861483
98	9	0.24293388200310662
98	10	0.10419641302704365
98	11	0.1887637036861483
98	12	0.1887637036861483
98	13	0.1887637036861483
98	14	0.0
98	15	0.1887637036861483
98	16	0.1887637036861483
98	17	0.0
98	18	0.1887637036861483
99	0	0.1887637036861483
99	1	0.0
99	2	0.1887637036861483
99	3	0.1887637036861483
99	4	0.43169758568925487
99	5	0.0
99	6	0.1887637036861483
99	7	0.1887637036861483
99	8	0.0
99	9	0.1887637036861483
99	10	0.1887637036861483
99	11	0.0
99	12	0.1887637036861483
99	13	0.0
99	14	1.7167763820576387
99	15	0.1887637036861483
99	16	0.0
99	17	2.2893261810829335
99	18	0.10419641302704365
99	19	0.0
99	20	0.24293388200310662
99	21	0.24293388200310662
99	22	1.6489442822265445
99	23	0.5213582380417141
99	24	0.7101219417278626
99	25	0.5213582380417141
99	26	0.7101219417278626
99	27	0.5213582380417141
99	28	0.5213582380417141
99	29	0.7101219417278626
100	0	0.1887637036861483
100	1	0.1887637036861483
100	2	0.1887637036861483
100	3	0.0
100	4	0.0
100	5	0.0
100	6	0.0
100	7	1.1939678079712053
100	8	0.1887637036861483
100	9	0.0
100	10	0.0
100	11	0.1887637036861483
100	12	0.0
100	13	0.1887637036861483
100	14	0.1887637036861483
100	15	0.1887637036861483
100	16	0.1887637036861483
100	17	0.24293388200310662
100	18	0.0
100	19	0.43169758568925487
100	20	0.0
100	21	0.24293388200310662
100	22	0.10419641302704365
100	23	0.1887637036861483
100	24	0.1887637036861483
100	25	2.2893261810829335
101	0	0.1887637036861483
101	1	0.1887637036861483
101	2	0.1887637036861483
101	3	0.1887637036861483
101	4	0.0
101	5	0.0
101	6	0.0
101	7	0.0
101	8	0.0
101	9	1.1275860441848296
101	10	0.1887637036861483
101	11	0.0
101	12	0.0
101	13	0.0
101	14	0.1887637036861483
101	15	0.1887637036861483
101	16	0.1887637036861483
101	17	0.1887637036861483
101	18	2.2893261810829335
101	19	0.1887637036861483
101	20	0.1887637036861483
101	21	0.24293388200310662
101	22	0.0
101	23	0.43169758568925487
101	24	0.24293388200310662
101	25	0.10419641302704365
102	0	0.1887637036861483
102	1	0.0
102	2	0.0
102	3	0.0
102	4	0.1887637036861483
102	5	0.24293388200310662
102	6	0.0
102	7	0.1887637036861483
102	8	0.1887637036861483
102	9	0.10419641302704365
102	10	0.1887637036861483
102	11	0.43169758568925487
102	12	0.0
102	13	0.0
102	14	0.1887637036861483
102	15	0.24293388200310662
102	16	0.1887637036861483
102	17	0.1887637036861483
102	18	0.1887637036861483
103	0	0.1887637036861483
103	1	1.1275860441848296
103	2	0.0
103	3	0.0
103	4	0.0
103	5	0.1887637036861483
103	6	0.0
103	7	0.1887637036861483
103	8	0.1887637036861483
103	9	0.1887637036861483
103	10	0.0
103	11	0.0
103	12	0.1887637036861483
103	13	0.1887637036861483
103	14	2.2893261810829335
103	15	0.0
103	16	0.1887637036861483
103	17	0.1887637036861483
103	18	0.24293388200310662
103	19	0.43169758568925487
103	20	0.1887637036861483
103	21	0.10419641302704365
103	22	0.0
103	23	0.1887637036861483
103	24	0.0
103	25	0.24293388200310662
104	0	0.0
104	1	0.1887637036861483
104	2	0.1887637036861483
104	3	0.0
104	4	0.1887637036861483
104	5	0.0
104	6	0.0
104	7	0.0
104	8	0.0
104	9	0.1887637036861483
104	10	1.1275860441848296
104	11	0.1887637036861483
104	12	0.0
104	13	0.1887637036861483
104	14	0.1887637036861483
104	15	0.1887637036861483
104	16	0.0
104	17	2.2893261810829335
104	18	0.1887637036861483
104	19	0.24293388200310662
104	20	0.0
104	21	0.1887637036861483
104	22	0.24293388200310662
104	23	0.10419641302704365
104	24	0.43169758568925487
104	25	0.1887637036861483
105	0	0.0
105	1	0.1887637036861483
105	2	0.1887637036861483
105	3	1.1275860441848296
105	4	0.0
105	5	0.0
105	6	0.1887637036861483
105	7	0.1887637036861483
105	8	0.1887637036861483
105	9	0.0
105	10	0.0
105	11	0.0
105	12	0.0
105	13	0.1887637036861483
105	14	0.1887637036861483
105	15	0.1887637036861483
105	16	0.0
105	17	0.24293388200310662
105	18	0.1887637036861483
105	19	0.24293388200310662
105	20	0.1887637036861483
105	21	0.10419641302704365
105	22	0.0
105	23	0.1887637036861483
105	24	0.43169758568925487
105	25	2.2893261810829335
106	0	0.1887637036861483
106	1	0.1887637036861483
106	2	0.0
106	3	0.0
106	4	0.1887637036861483
106	5	0.1887637036861483
106	6	0.24293388200310662
106	7	0.10419641302704365
106	8	0.1887637036861483
106	9	0.0
106	10	0.43169758568925487
106	11	0.24293388200310662
106	12	0.1887637036861483
106	13	0.1887637036861483
106	14	0.0
106	15	0.1887637036861483
106	16	0.1887637036861483
106	17	0.0
106	18	0.0
107	0	0.1887637036861483
107	1	0.43169758568925487
107	2	0.1887637036861483
107	3	0.1887637036861483
107	4	0.1887637036861483
107	5	0.0
107	6	0.1887637036861483
107	7	0.0
107	8	0.1887637036861483
107	9	0.1887637036861483
107	10	0.0
107	11	0.0
107	12	0.1887637036861483
107	13	0.1887637036861483
107	14	0.0
107	15	2.2381346200993524
107	16	0.0
107	17	2.2893261810829335
107	18	0.24293388200310662
107	19	0.10419641302704365
107	20	0.0
107	21	0.24293388200310662
107	22	1.1275860441848296
107	23	0.5213582380417141
107	24	0.7101219417278626
107	25	0.5213582380417141
107	26	0.1887637036861483
107	27	0.0
107	28	0.0
107	29	0.1887637036861483
108	0	0.0
108	1	0.1887637036861483
108	2	0.1887637036861483
108	3	0.0
108	4	0.0
108	5	0.1887637036861483
108	6	0.1887637036861483
108	7	0.1887637036861483
108	8	0.0
108	9	0.43169758568925487
108	10	0.1887637036861483
108	11	0.24293388200310662
108	12	0.0
108	13	0.1887637036861483
108	14	0.10419641302704365
108	15	0.24293388200310662
108	16	0.1887637036861483
108	17	0.1887637036861483
108	18	0.0
108	19	0.7101219417278626
108	20	1.7167763820576387
109	0	0.0
109	1	0.0
109	2	0.1887637036861483
109	3	0.24293388200310662
109	4	0.1887637036861483
109	5	0.0
109	6	0.1887637036861483
109	7	0.24293388200310662
109	8	0.0
109	9	0.1887637036861483
109	10	0.1887637036861483
109	11	0.0
109	12	0.43169758568925487
109	13	0.1887637036861483
109	14	0.10419641302704365
109	15	0.1887637036861483
109	16	0.1887637036861483
109	17	0.1887637036861483
109	18	0.0
110	0	0.1887637036861483
110	1	0.0
110	2	0.1887637036861483
110	3	0.0
110	4	0.1887637036861483
110	5	0.1887637036861483
110	6	0.43169758568925487
110	7	0.0
110	8	0.1887637036861483
110	9	0.0
110	10	0.0
110	11	0.1887637036861483
110	12	0.10419641302704365
110	13	0.24293388200310662
110	14	0.1887637036861483
110	15	0.24293388200310662
110	16	0.0
110	17	0.1887637036861483
110	18	0.1887637036861483
111	0	0.1887637036861483
111	1	0.1887637036861483
111	2	0.1887637036861483
111	3	0.1887637036861483
111	4	0.0
111	5	0.24293388200310662
111	6	0.0
111	7	0.43169758568925487
111	8	0.1887637036861483
111	9	0.1887637036861483
111	10	0.0
111	11	0.10419641302704365
111	12	0.1887637036861483
111	13	0.0
111	14	0.0
111	15	0.1887637036861483
111	16	0.24293388200310662
111	17	0.0
111	18	0.1887637036861483
112	0	0.1887637036861483
112	1	0.0
112	2	0.1887637036861483
112	3	0.1887637036861483
112	4	0.0
112	5	0.24293388200310662
112	6	0.1887637036861483
112	7	0.0
112	8	0.24293388200310662
112	9	0.1887637036861483
112	10	0.1887637036861483
112	11	0.43169758568925487
112	12	0.0
112	13	0.1887637036861483
112	14	0.0
112	15	0.1887637036861483
112	16	0.10419641302704365
112	17	0.1887637036861483
112	18	0.0
113	0	0.1887637036861483
113	1	0.1887637036861483
113	2	0.4984237292506531
113	3	1.6260097734354835
113	4	0.1887637036861483
113	5	0.1887637036861483
113	6	0.0
113	7	0.4984237292506531
113	8	0.0
113	9	0.4984237292506531
113	10	0.6871874329368016
113	11	0.1887637036861483
113	12	0.1887637036861483
113	13	0.6871874329368016
113	14	0.0
113	15	0.1887637036861483
113	16	2.7877499103335865
113	17	0.0
113	18	0.0
113	19	0.1887637036861483
113	20	0.43169758568925487
113	21	0.1887637036861483
113	22	0.24293388200310662
113	23	0.0
113	24	0.10419641302704365
113	25	0.24293388200310662
114	0	0.1887637036861483
114	1	0.0
114	2	0.0
114	3	0.43169758568925487
114	4	0.0
114	5	0.1887637036861483
114	6	0.1887637036861483
114	7	0.1887637036861483
114	8	0.10419641302704365
114	9	0.0
114	10	0.0
114	11	0.24293388200310662
114	12	0.1887637036861483
114	13	0.0
114	14	0.1887637036861483
114	15	0.24293388200310662
114	16	0.1887637036861483
114	17	0.1887637036861483
114	18	0.1887637036861483
114	19	0.6871874329368016
114	20	2.2152001113082913
115	0	0.1887637036861483
115	1	0.1887637036861483
115	2	0.10419641302704365
115	3	0.0
115	4	0.1887637036861483
115	5	0.0
115	6	0.24293388200310662
115	7	0.0
115	8	0.43169758568925487
115	9	0.1887637036861483
115	10	0.1887637036861483
115	11	0.0
115	12	0.1887637036861483
115	13	0.0
115	14	0.24293388200310662
115	15	0.1887637036861483
115	16	0.1887637036861483
115	17	0.1887637036861483
115	18	0.0
116	0	0.0
116	1	0.0
116	2	0.1887637036861483
116	3	0.1887637036861483
116	4	0.43169758568925487
116	5	0.1887637036861483
116	6	0.0
116	7	0.1887637036861483
116	8	0.1887637036861483
116	9	0.1887637036861483
116	10	0.0
116	11	0.1887637036861483
116	12	0.1887637036861483
116	13	0.0
116	14	1.7167763820576387
116	15	0.0
116	16	0.1887637036861483
116	17	2.2893261810829335
116	18	0.0
116	19	0.24293388200310662
116	20	0.24293388200310662
116	21	0.10419641302704365
116	22	0.1887637036861483
117	0	0.0
117	1	0.1887637036861483
117	2	0.0
117	3	0.43169758568925487
117	4	0.0
117	5	0.1887637036861483
117	6	0.0
117	7	0.1887637036861483
117	8	0.1887637036861483
117	9	0.0
117	10	0.1887637036861483
117	11	0.1887637036861483
117	12	0.1887637036861483
117	13	0.1887637036861483
117	14	0.0
117	15	0.10419641302704365
117	16	0.24293388200310662
117	17	0.1887637036861483
117	18	0.24293388200310662
117	19	0.0
117	20	2.2893261810829335
117	21	1.7167763820576387
117	22	0.1887637036861483
118	0	0.1887637036861483
118	1	0.0
118	2	0.0
118	3	1.6489442822265445
118	4	0.0
118	5	0.0
118	6	0.1887637036861483
118	7	1.7167763820576387
118	8	0.0
118	9	0.0
118	10	0.1887637036861483
118	11	0.43169758568925487
118	12	0.1887637036861483
118	13	0.10419641302704365
118	14	0.24293388200310662
118	15	0.1887637036861483
118	16	0.0
118	17	0.24293388200310662
118	18	0.1887637036861483
118	19	0.1887637036861483
118	20	0.1887637036861483
118	21	0.1887637036861483
119	0	0.1887637036861483
119	1	0.0
119	2	0.5213582380417141
119	3	0.1887637036861483
119	4	0.0
119	5	0.7101219417278626
119	6	0.24293388200310662
119	7	0.625554651068758
119	8	0.10419641302704365
119	9	0.24293388200310662
119	10	0.1887637036861483
119	11	0.1887637036861483
119	12	0.0
119	13	0.0
119	14	0.0
119	15	0.0
119	16	0.1887637036861483
119	17	0.0
119	18	0.1887637036861483
119	19	0.1887637036861483
119	20	0.1887637036861483
119	21	0.43169758568925487
119	22	0.1887637036861483
120	0	0.1887637036861483
120	1	0.1887637036861483
120	2	0.1887637036861483
120	3	0.1887637036861483
120	4	0.24293388200310662
120	5	0.0
120	6	0.43169758568925487
120	7	0.24293388200310662
120	8	0.0
120	9	0.1887637036861483
120	10	0.0
120	11	0.10419641302704365
120	12	0.0
120	13	0.1887637036861483
120	14	0.1887637036861483
120	15	0.0
120	16	0.0
120	17	0.1887637036861483
120	18	0.1887637036861483
121	0	0.1887637036861483
121	1	0.0
121	2	0.0
121	3	0.0
121	4	0.1887637036861483
121	5	0.1887637036861483
121	6	0.1887637036861483
121	7	0.1887637036861483
121	8	0.1887637036861483
121	9	0.10419641302704365
121	10	0.24293388200310662
121	11	0.1887637036861483
121	12	0.1887637036861483
121	13	0.0
121	14	0.0
121	15	0.1887637036861483
121	16	0.0
121	17	0.43169758568925487
121	18	0.24293388200310662
121	19	0.0
122	0	0.4984237292506531
122	1	0.1887637036861483
122	2	0.6871874329368016
122	3	0.0
122	4	0.602620142277697
122	5	0.0
122	6	0.1887637036861483
122	7	0.24293388200310662
122	8	0.0
122	9	0.1887637036861483
122	10	0.0
122	11	0.10419641302704365
122	12	0.24293388200310662
122	13	0.1887637036861483
122	14	0.1887637036861483
122	15	0.0
122	16	0.43169758568925487
122	17	0.1887637036861483
122	18	0.0
122	19	0.1887637036861483
122	20	0.0
122	21	0.1887637036861483
122	22	0.1887637036861483
122	23	0.5213582380417141
123	0	0.0
123	1	0.1887637036861483
123	2	0.1887637036861483
123	3	0.0
123	4	0.0
123	5	0.1887637036861483
123	6	0.43169758568925487
123	7	0.1887637036861483
123	8	0.0
123	9	0.24293388200310662
123	10	0.1887637036861483
123	11	0.0
123	12	0.24293388200310662
123	13	0.0
123	14	0.10419641302704365
123	15	0.1887637036861483
123	16	0.1887637036861483
123	17	0.1887637036861483
123	18	0.1887637036861483
123	19	0.7101219417278626
124	0	0.1887637036861483
124	1	0.1887637036861483
124	2	0.0
124	3	0.0
124	4	0.0
124	5	0.24293388200310662
124	6	0.0
124	7	0.10419641302704365
124	8	0.1887637036861483
124	9	0.43169758568925487
124	10	0.1887637036861483
124	11	0.1887637036861483
124	12	0.1887637036861483
124	13	0.1887637036861483
124	14	0.1887637036861483
124	15	0.24293388200310662
124	16	0.1887637036861483
124	17	0.0
124	18	0.0
125	0	0.1887637036861483
125	1	0.1887637036861483
125	2	0.24293388200310662
125	3	0.24293388200310662
125	4	0.1887637036861483
125	5	0.1887637036861483
125	6	0.0
125	7	0.0
125	8	0.0
125	9	0.1887637036861483
125	10	0.10419641302704365
125	11	0.0
125	12	0.43169758568925487
125	13	0.1887637036861483
125	14	0.0
125	15	0.1887637036861483
125	16	0.1887637036861483
125	17	0.0
125	18	0.1887637036861483
125	19	0.1887637036861483
125	20	2.2381346200993524
126	0	0.1887637036861483
126	1	0.1887637036861483
126	2	0.0
126	3	0.1887637036861483
126	4	0.0
126	5	0.1887637036861483
126	6	0.4984237292506531
126	7	0.1887637036861483
126	8	0.0
126	9	0.1887637036861483
126	10	0.43169758568925487
126	11	0.1887637036861483
126	12	0.1887637036861483
126	13	0.0
126	14	0.10419641302704365
126	15	0.0
126	16	0.24293388200310662
126	17	0.0
126	18	0.24293388200310662
126	19	0.1887637036861483
126	20	2.8106844191246476
126	21	1.7167763820576387
127	0	0.0
127	1	0.1887637036861483
127	2	0.1887637036861483
127	3	0.43169758568925487
127	4	0.1887637036861483
127	5	0.1887637036861483
127	6	0.0
127	7	0.1887637036861483
127	8	0.1887637036861483
127	9	0.0
127	10	0.1887637036861483
127	11	0.1887637036861483
127	12	0.0
127	13	0.0
127	14	1.7167763820576387
127	15	2.2893261810829335
127	16	0.24293388200310662
127	17	0.24293388200310662
127	18	0.0
127	19	0.0
127	20	0.1887637036861483
127	21	0.10419641302704365
128	0	0.0
128	1	0.1887637036861483
128	2	0.0
128	3	0.1887637036861483
128	4	0.1887637036861483
128	5	0.1887637036861483
128	6	0.1887637036861483
128	7	0.1887637036861483
128	8	0.0
128	9	0.10419641302704365
128	10	0.1887637036861483
128	11	0.1887637036861483
128	12	0.0
128	13	0.1887637036861483
128	14	0.0
128	15	0.43169758568925487
128	16	0.0
128	17	0.24293388200310662
128	18	0.24293388200310662
128	19	1.7167763820576387
128	20	0.6871874329368016
129	0	0.0
129	1	0.1887637036861483
129	2	0.0
129	3	0.0
129	4	0.1887637036861483
129	5	0.1887637036861483
129	6	0.1887637036861483
129	7	0.1887637036861483
129	8	0.43169758568925487
129	9	0.1887637036861483
129	10	0.1887637036861483
129	11	0.1887637036861483
129	12	0.0
129	13	0.0
129	14	0.1887637036861483
129	15	0.24293388200310662
129	16	0.24293388200310662
129	17	0.0
129	18	0.10419641302704365
130	0	0.1887637036861483
130	1	0.1887637036861483
130	2	0.24293388200310662
130	3	0.43169758568925487
130	4	0.1887637036861483
130	5	0.1887637036861483
130	6	0.0
130	7	0.1887637036861483
130	8	0.0
130	9	0.24293388200310662
130	10	0.10419641302704365
130	11	0.1887637036861483
130	12	0.1887637036861483
130	13	0.0
130	14	0.0
130	15	0.1887637036861483
130	16	0.1887637036861483
130	17	0.0
130	18	0.0
131	0	0.4984237292506531
131	1	0.1887637036861483
131	2	0.1887637036861483
131	3	0.0
131	4	0.0
131	5	0.1887637036861483
131	6	0.1887637036861483
131	7	0.1887637036861483
131	8	0.1887637036861483
131	9	0.43169758568925487
131	10	0.1887637036861483
131	11	0.1887637036861483
131	12	0.0
131	13	2.7877499103335865
131	14	0.0
131	15	2.2152001113082913
131	16	0.1887637036861483
131	17	0.0
131	18	0.24293388200310662
131	19	0.10419641302704365
131	20	0.0
131	21	0.24293388200310662
132	0	0.1887637036861483
132	1	0.43169758568925487
132	2	0.1887637036861483
132	3	0.1887637036861483
132	4	0.0
132	5	0.1887637036861483
132	6	0.1887637036861483
132	7	0.0
132	8	0.1887637036861483
132	9	0.1887637036861483
132	10	0.0
132	11	0.0
132	12	0.1887637036861483
132	13	0.0
132	14	1.7167763820576387
132	15	0.0
132	16	0.1887637036861483
132	17	0.24293388200310662
132	18	0.0
132	19	0.10419641302704365
132	20	0.24293388200310662
132	21	2.2893261810829335
133	0	0.1887637036861483
133	1	0.0
133	2	0.24293388200310662
133	3	0.43169758568925487
133	4	0.1887637036861483
133	5	0.0
133	6	0.1887637036861483
133	7	0.1887637036861483
133	8	0.1887637036861483
133	9	0.1887637036861483
133	10	0.24293388200310662
133	11	0.1887637036861483
133	12	0.1887637036861483
133	13	0.0
133	14	0.0
133	15	0.0
133	16	0.0
133	17	0.1887637036861483
133	18	0.10419641302704365
134	0	0.0
134	1	0.1887637036861483
134	2	0.0
134	3	0.1887637036861483
134	4	0.1887637036861483
134	5	0.1887637036861483
134	6	0.1887637036861483
134	7	0.0
134	8	0.0
134	9	0.1887637036861483
134	10	0.1887637036861483
134	11	0.43169758568925487
134	12	0.1887637036861483
135	0	0.1887637036861483
135	1	0.1887637036861483
135	2	0.0
135	3	0.0
135	4	0.0
135	5	0.1887637036861483
135	6	0.43169758568925487
135	7	0.1887637036861483
135	8	0.1887637036861483
135	9	0.1887637036861483
135	10	0.1887637036861483
135	11	0.1887637036861483
135	12	0.0
135	13	0.0
135	14	2.2152001113082913
135	15	0.0
135	16	0.1887637036861483
135	17	0.10419641302704365
135	18	0.0
135	19	0.24293388200310662
135	20	0.24293388200310662
135	21	2.7877499103335865
136	0	0.1887637036861483
136	1	0.1887637036861483
136	2	0.1887637036861483
136	3	0.0
136	4	0.1887637036861483
136	5	0.1887637036861483
136	6	0.0
136	7	0.1887637036861483
136	8	0.43169758568925487
136	9	0.1887637036861483
136	10	0.0
136	11	0.1887637036861483
136	12	0.0
136	13	0.0
136	14	0.0
136	15	0.24293388200310662
136	16	0.24293388200310662
136	17	0.1887637036861483
136	18	0.10419641302704365
136	19	0.0
136	20	1.7167763820576387
136	21	2.2893261810829335
137	0	0.0
137	1	0.10419641302704365
137	2	0.24293388200310662
137	3	0.0
137	4	0.0
137	5	0.1887637036861483
137	6	0.0
137	7	0.1887637036861483
137	8	0.1887637036861483
137	9	0.1887637036861483
137	10	0.0
137	11	0.1887637036861483
137	12	0.43169758568925487
137	13	0.1887637036861483
137	14	0.24293388200310662
137	15	0.1887637036861483
137	16	0.1887637036861483
137	17	0.1887637036861483
137	18	0.0
138	0	0.1887637036861483
138	1	0.0
138	2	0.1887637036861483
138	3	0.1887637036861483
138	4	0.1887637036861483
138	5	0.1887637036861483
138	6	0.1887637036861483
138	7	0.0
138	8	0.0
138	9	0.1887637036861483
138	10	0.43169758568925487
138	11	0.1887637036861483
138	12	0.0
138	13	0.0
138	14	1.7167763820576387
138	15	0.24293388200310662
138	16	0.1887637036861483
138	17	0.24293388200310662
138	18	0.0
138	19	0.10419641302704365
138	20	0.0
138	21	2.2893261810829335
138	22	0.7101219417278626
138	23	1.6489442822265445
138	24	0.5213582380417141
138	25	0.7101219417278626
138	26	0.625554651068758
138	27	0.5213582380417141
139	0	0.1887637036861483
139	1	0.1887637036861483
139	2	0.0
139	3	0.1887637036861483
139	4	0.43169758568925487
139	5	0.0
139	6	0.1887637036861483
139	7	0.0
139	8	0.1887637036861483
139	9	0.1887637036861483
139	10	0.1887637036861483
139	11	0.1887637036861483
139	12	0.0
139	13	0.0
139	14	2.2893261810829335
139	15	0.1887637036861483
139	16	0.0
139	17	1.7167763820576387
139	18	0.24293388200310662
139	19	0.0
139	20	0.10419641302704365
139	21	0.24293388200310662
140	0	0.1887637036861483
140	1	0.1887637036861483
140	2	0.1887637036861483
140	3	0.0
140	4	0.43169758568925487
140	5	0.0
140	6	0.1887637036861483
140	7	0.1887637036861483
140	8	0.0
140	9	0.1887637036861483
140	10	0.0
140	11	0.1887637036861483
140	12	0.1887637036861483
140	13	0.24293388200310662
140	14	0.0
140	15	0.0
140	16	0.0
140	17	0.24293388200310662
140	18	0.1887637036861483
140	19	0.10419641302704365
140	20	2.2893261810829335
140	21	1.7167763820576387
140	22	0.1887637036861483
141	0	0.0
141	1	0.1887637036861483
141	2	0.0
141	3	0.0
141	4	0.0
141	5	0.1887637036861483
141	6	0.0
141	7	0.1887637036861483
141	8	0.1887637036861483
141	9	0.1887637036861483
141	10	0.43169758568925487
141	11	0.1887637036861483
141	12	0.1887637036861483
141	13	0.1887637036861483
141	14	0.0
141	15	0.1887637036861483
141	16	1.7167763820576387
141	17	0.24293388200310662
141	18	0.10419641302704365
141	19	0.0
141	20	0.24293388200310662
141	21	2.2893261810829335
141	22	0.7101219417278626
142	0	0.1887637036861483
142	1	0.1887637036861483
142	2	0.1887637036861483
142	3	0.0
142	4	0.1887637036861483
142	5	0.1887637036861483
142	6	0.0
142	7	0.1887637036861483
142	8	0.1887637036861483
142	9	0.0
142	10	0.1887637036861483
142	11	0.0
142	12	0.43169758568925487
142	13	0.1887637036861483
142	14	0.0
142	15	0.0
142	16	1.7167763820576387
142	17	2.2893261810829335
142	18	0.0
142	19	0.24293388200310662
142	20	0.24293388200310662
142	21	0.10419641302704365
143	0	0.43169758568925487
143	1	0.1887637036861483
143	2	0.1887637036861483
143	3	0.1887637036861483
143	4	0.1887637036861483
143	5	0.1887637036861483
143	6	0.0
143	7	0.1887637036861483
143	8	0.1887637036861483
143	9	0.0
143	10	0.0
143	11	0.1887637036861483
143	12	0.0
143	13	2.2893261810829335
143	14	0.0
143	15	1.7167763820576387
143	16	0.0
143	17	0.1887637036861483
143	18	0.24293388200310662
143	19	0.0
143	20	0.24293388200310662
143	21	0.10419641302704365
143	22	0.6871874329368016
144	0	0.1887637036861483
144	1	0.1887637036861483
144	2	0.0
144	3	0.1887637036861483
144	4	0.0
144	5	0.1887637036861483
144	6	0.1887637036861483
144	7	0.0
144	8	0.1887637036861483
144	9	0.0
144	10	0.1887637036861483
144	11	0.43169758568925487
144	12	0.1887637036861483
144	13	2.2893261810829335
144	14	0.0
144	15	0.1887637036861483
144	16	0.24293388200310662
144	17	0.0
144	18	0.0
144	19	0.24293388200310662
144	20	0.10419641302704365
144	21	1.7167763820576387
145	0	0.1887637036861483
145	1	0.1887637036861483
145	2	0.1887637036861483
145	3	0.1887637036861483
145	4	0.1887637036861483
145	5	0.0
145	6	0.0
145	7	0.0
145	8	0.43169758568925487
145	9	0.1887637036861483
145	10	0.0
145	11	0.1887637036861483
145	12	0.1887637036861483
145	13	0.1887637036861483
145	14	0.0
145	15	1.7167763820576387
145	16	0.0
145	17	0.0
145	18	0.10419641302704365
145	19	0.24293388200310662
145	20	0.24293388200310662
145	21	2.2893261810829335
146	0	0.1887637036861483
146	1	0.43169758568925487
146	2	0.1887637036861483
146	3	0.0
146	4	0.1887637036861483
146	5	0.1887637036861483
146	6	0.0
146	7	0.1887637036861483
146	8	0.0
146	9	0.1887637036861483
146	10	0.1887637036861483
146	11	0.0
146	12	0.1887637036861483
146	13	2.2893261810829335
146	14	0.0
146	15	0.1887637036861483
146	16	0.0
146	17	1.7167763820576387
146	18	0.24293388200310662
146	19	0.24293388200310662
146	20	0.10419641302704365
146	21	0.0
147	0	0.10419641302704365
147	1	0.0
147	2	0.1887637036861483
147	3	0.0
147	4	0.43169758568925487
147	5	0.1887637036861483
147	6	0.1887637036861483
147	7	0.24293388200310662
147	8	0.24293388200310662
147	9	0.1887637036861483
147	10	0.1887637036861483
147	11	0.0
147	12	0.1887637036861483
147	13	0.1887637036861483
147	14	0.1887637036861483
147	15	0.0
147	16	0.0
147	17	0.0
147	18	0.1887637036861483
148	0	0.1887637036861483
148	1	0.1887637036861483
148	2	0.0
148	3	0.43169758568925487
148	4	0.1887637036861483
148	5	0.1887637036861483
148	6	0.24293388200310662
148	7	0.1887637036861483
148	8	0.1887637036861483
148	9	0.1887637036861483
148	10	0.0
148	11	0.1887637036861483
148	12	0.0
148	13	0.06638176378637597
148	14	0.0
148	15	0.10419641302704365
148	16	0.25514546747252426
148	17	0.24293388200310662
148	18	0.0
148	19	2.2893261810829335
148	20	0.5213582380417141
148	21	0.0
148	22	1.6489442822265445
148	23	0.7101219417278626
148	24	0.7101219417278626
148	25	0.5213582380417141
149	0	0.1887637036861483
149	1	0.1887637036861483
149	2	0.0
149	3	0.0
149	4	0.0
149	5	0.1887637036861483
149	6	0.1887637036861483
149	7	0.24293388200310662
149	8	0.1887637036861483
149	9	0.0
149	10	0.1887637036861483
149	11	0.0
149	12	0.1887637036861483
149	13	0.10419641302704365
149	14	0.0
149	15	0.1887637036861483
149	16	0.1887637036861483
149	17	0.24293388200310662
149	18	0.43169758568925487
149	19	2.2893261810829335
149	20	0.0
149	21	0.1887637036861483
149	22	1.1275860441848296
149	23	0.0
149	24	0.1887637036861483
149	25	0.0
150	0	0.1887637036861483
150	1	0.24293388200310662
150	2	0.1887637036861483
150	3	0.1887637036861483
150	4	0.1887637036861483
150	5	0.0
150	6	0.10419641302704365
150	7	0.0
150	8	0.43169758568925487
150	9	0.1887637036861483
150	10	0.1887637036861483
150	11	0.0
150	12	0.0
150	13	0.1887637036861483
150	14	0.43169758568925487
150	15	0.0
150	16	0.0
150	17	0.24293388200310662
150	18	0.1887637036861483
150	19	0.0
150	20	0.0
150	21	0.0
150	22	1.1275860441848296
150	23	0.1887637036861483
150	24	0.1887637036861483
150	25	2.2893261810829335
151	0	0.43169758568925487
151	1	0.24293388200310662
151	2	0.0
151	3	0.1887637036861483
151	4	0.10419641302704365
151	5	0.1887637036861483
151	6	0.0
151	7	0.1887637036861483
151	8	0.1887637036861483
151	9	0.43169758568925487
151	10	0.1887637036861483
151	11	0.1887637036861483
151	12	0.0
151	13	0.1887637036861483
151	14	0.0
151	15	0.1887637036861483
151	16	0.24293388200310662
151	17	0.0
151	18	0.0
152	0	0.10419641302704365
152	1	0.24293388200310662
152	2	0.1887637036861483
152	3	0.1887637036861483
152	4	0.0
152	5	0.1887637036861483
152	6	0.24293388200310662
152	7	0.0
152	8	0.43169758568925487
152	9	0.0
152	10	0.1887637036861483
152	11	0.1887637036861483
152	12	0.43169758568925487
152	13	0.1887637036861483
152	14	0.1887637036861483
152	15	0.0
152	16	0.0
152	17	0.0
152	18	0.1887637036861483
153	0	0.1887637036861483
153	1	0.1887637036861483
153	2	0.0
153	3	0.1887637036861483
153	4	0.1887637036861483
153	5	0.43169758568925487
153	6	0.1887637036861483
153	7	0.1887637036861483
153	8	0.0
153	9	0.43169758568925487
153	10	0.0
153	11	0.1887637036861483
153	12	0.4984237292506531
153	13	2.7877499103335865
153	14	0.0
153	15	0.1887637036861483
153	16	2.2381346200993524
153	17	0.0
153	18	0.24293388200310662
153	19	0.24293388200310662
153	20	0.10419641302704365
153	21	0.0
154	0	0.0
154	1	0.0
154	2	0.1887637036861483
154	3	0.43169758568925487
154	4	0.1887637036861483
154	5	0.1887637036861483
154	6	0.0
154	7	0.1887637036861483
154	8	0.0
154	9	0.1887637036861483
154	10	0.1887637036861483
154	11	0.43169758568925487
154	12	0.1887637036861483
154	13	2.2893261810829335
154	14	0.0
154	15	1.7167763820576387
154	16	0.1887637036861483
154	17	0.0
154	18	0.10419641302704365
154	19	0.0
154	20	0.24293388200310662
154	21	0.24293388200310662
154	22	0.7101219417278626
155	0	0.24293388200310662
155	1	0.0
155	2	0.43169758568925487
155	3	0.1887637036861483
155	4	0.0
155	5	0.10419641302704365
155	6	0.0
155	7	0.1887637036861483
155	8	0.1887637036861483
155	9	0.1887637036861483
155	10	0.43169758568925487
155	11	0.1887637036861483
155	12	0.0
155	13	0.0
155	14	0.1887637036861483
155	15	0.0
155	16	0.1887637036861483
155	17	0.1887637036861483
155	18	0.24293388200310662
156	0	0.1887637036861483
156	1	0.1887637036861483
156	2	0.43169758568925487
156	3	0.0
156	4	0.0
156	5	0.0
156	6	0.1887637036861483
156	7	0.0
156	8	0.24293388200310662
156	9	0.0
156	10	0.43169758568925487
156	11	0.0
156	12	0.1887637036861483
156	13	0.1887637036861483
156	14	0.1887637036861483
156	15	0.24293388200310662
156	16	0.1887637036861483
156	17	0.1887637036861483
156	18	0.10419641302704365
156	19	1.6489442822265445
156	20	0.5213582380417141
156	21	0.7101219417278626
156	22	0.5213582380417141
156	23	0.7101219417278626
156	24	0.0
156	25	2.2893261810829335
157	0	0.0
157	1	0.0
157	2	0.1887637036861483
157	3	0.1887637036861483
157	4	0.1887637036861483
157	5	0.0
157	6	0.43169758568925487
157	7	0.43169758568925487
157	8	0.1887637036861483
157	9	0.0
157	10	0.1887637036861483
157	11	0.1887637036861483
157	12	0.1887637036861483
157	13	2.2893261810829335
157	14	0.0
157	15	2.2152001113082913
157	16	0.1887637036861483
157	17	0.0
157	18	0.10419641302704365
157	19	0.24293388200310662
157	20	0.24293388200310662
157	21	0.0
158	0	0.1887637036861483
158	1	0.10419641302704365
158	2	0.1887637036861483
158	3	0.0
158	4	0.1887637036861483
158	5	0.43169758568925487
158	6	0.1887637036861483
158	7	0.1887637036861483
158	8	0.0
158	9	0.0
158	10	0.0
158	11	0.1887637036861483
158	12	0.24293388200310662
158	13	0.0
158	14	0.0
158	15	0.1887637036861483
158	16	0.24293388200310662
158	17	0.43169758568925487
158	18	0.1887637036861483
158	19	0.6871874329368016
158	20	1.7167763820576387
159	0	0.0
159	1	0.0
159	2	0.1887637036861483
159	3	0.0
159	4	0.0
159	5	0.1887637036861483
159	6	0.1887637036861483
159	7	0.1887637036861483
159	8	0.43169758568925487
159	9	0.1887637036861483
159	10	0.1887637036861483
159	11	0.43169758568925487
159	12	0.1887637036861483
159	13	2.2893261810829335
159	14	0.1887637036861483
159	15	0.0
159	16	0.0
159	17	1.7167763820576387
159	18	0.24293388200310662
159	19	0.0
159	20	0.10419641302704365
159	21	0.24293388200310662
159	22	0.4984237292506531
160	0	0.1887637036861483
160	1	0.1887637036861483
160	2	0.1887637036861483
160	3	0.1887637036861483
160	4	0.1887637036861483
160	5	0.0
160	6	0.0
160	7	0.1887637036861483
160	8	0.0
160	9	0.1887637036861483
160	10	0.43169758568925487
160	11	0.43169758568925487
160	12	0.0
160	13	0.24293388200310662
160	14	0.24293388200310662
160	15	0.0
160	16	0.1887637036861483
160	17	0.0
160	18	0.10419641302704365
160	19	2.2893261810829335
161	0	0.0
161	1	0.1887637036861483
161	2	0.0
161	3	0.1887637036861483
161	4	0.24293388200310662
161	5	0.1887637036861483
161	6	0.0
161	7	0.43169758568925487
161	8	0.24293388200310662
161	9	0.1887637036861483
161	10	0.1887637036861483
161	11	0.0
161	12	0.10419641302704365
161	13	0.1887637036861483
161	14	0.1887637036861483
161	15	0.43169758568925487
161	16	0.0
161	17	0.0
161	18	0.1887637036861483
162	0	0.1887637036861483
162	1	0.43169758568925487
162	2	0.43169758568925487
162	3	0.1887637036861483
162	4	0.4984237292506531
162	5	0.0
162	6	0.1887637036861483
162	7	0.0
162	8	0.1887637036861483
162	9	0.1887637036861483
162	10	0.1887637036861483
162	11	0.1887637036861483
162	12	0.0
162	13	2.2893261810829335
162	14	0.1887637036861483
162	15	0.10419641302704365
162	16	0.0
162	17	0.0
162	18	0.24293388200310662
162	19	0.24293388200310662
162	20	0.0
162	21	2.2152001113082913
162	22	0.4984237292506531
163	0	0.0
163	1	0.43169758568925487
163	2	0.1887637036861483
163	3	0.0
163	4	0.1887637036861483
163	5	0.1887637036861483
163	6	0.0
163	7	0.1887637036861483
163	8	0.1887637036861483
163	9	0.1887637036861483
163	10	0.43169758568925487
163	11	0.1887637036861483
163	12	0.0
163	13	2.2893261810829335
163	14	0.0
163	15	1.7167763820576387
163	16	0.0
163	17	0.1887637036861483
163	18	0.24293388200310662
163	19	0.24293388200310662
163	20	0.10419641302704365
163	21	0.0
163	22	0.0
164	0	0.24293388200310662
164	1	0.1887637036861483
164	2	0.1887637036861483
164	3	0.1887637036861483
164	4	0.0
164	5	0.1887637036861483
164	6	0.0
164	7	0.0
164	8	0.1887637036861483
164	9	0.1887637036861483
164	10	0.43169758568925487
164	11	0.43169758568925487
164	12	0.1887637036861483
164	13	0.10419641302704365
164	14	0.0
164	15	0.0
164	16	0.24293388200310662
164	17	0.1887637036861483
164	18	0.0
165	0	0.1887637036861483
165	1	0.1887637036861483
165	2	0.0
165	3	0.1887637036861483
165	4	0.1887637036861483
165	5	0.43169758568925487
165	6	0.1887637036861483
165	7	0.1887637036861483
165	8	0.0
165	9	0.0
165	10	0.1887637036861483
165	11	0.43169758568925487
165	12	0.0
165	13	2.2893261810829335
165	14	0.0
165	15	0.10419641302704365
165	16	0.24293388200310662
165	17	0.0
165	18	0.1887637036861483
165	19	0.0
165	20	0.24293388200310662
165	21	1.7167763820576387
166	0	0.1887637036861483
166	1	0.0
166	2	0.0
166	3	0.43169758568925487
166	4	0.1887637036861483
166	5	0.0
166	6	0.1887637036861483
166	7	0.1887637036861483
166	8	0.1887637036861483
166	9	0.1887637036861483
166	10	0.43169758568925487
166	11	0.1887637036861483
166	12	0.0
166	13	0.1887637036861483
166	14	0.24293388200310662
166	15	0.10419641302704365
166	16	0.0
166	17	0.0
166	18	0.24293388200310662
166	19	0.0
166	20	2.2893261810829335
166	21	1.7167763820576387
166	22	0.4984237292506531
166	23	0.4984237292506531
167	0	0.0
167	1	0.0
167	2	0.43169758568925487
167	3	0.0
167	4	0.0
167	5	1.6489442822265445
167	6	0.1887637036861483
167	7	0.0
167	8	0.1887637036861483
167	9	0.24293388200310662
167	10	0.1887637036861483
167	11	0.1887637036861483
167	12	0.10419641302704365
167	13	0.0
167	14	0.1887637036861483
167	15	0.0
167	16	0.1887637036861483
167	17	0.43169758568925487
167	18	0.1887637036861483
167	19	0.1887637036861483
167	20	0.24293388200310662
167	21	1.7167763820576387
168	0	0.0
168	1	0.1887637036861483
168	2	0.0
168	3	0.0
168	4	0.24293388200310662
168	5	0.0
168	6	0.0
168	7	0.1887637036861483
168	8	0.1887637036861483
168	9	0.24293388200310662
168	10	0.10419641302704365
168	11	0.43169758568925487
168	12	0.1887637036861483
168	13	0.1887637036861483
168	14	0.0
168	15	0.1887637036861483
168	16	0.43169758568925487
168	17	0.1887637036861483
168	18	0.1887637036861483
168	19	0.7101219417278626
168	20	1.7167763820576387
169	0	0.43169758568925487
169	1	0.1887637036861483
169	2	0.1887637036861483
169	3	0.0
169	4	0.1887637036861483
169	5	0.1887637036861483
169	6	0.1887637036861483
169	7	0.0
169	8	0.0
169	9	0.0
169	10	0.1887637036861483
169	11	0.43169758568925487
169	12	0.1887637036861483
169	13	2.7877499103335865
169	14	0.10419641302704365
169	15	0.0
169	16	0.1887637036861483
169	17	0.24293388200310662
169	18	0.0
169	19	0.24293388200310662
169	20	0.0
169	21	1.7167763820576387
170	0	0.43169758568925487
170	1	0.1887637036861483
170	2	0.43169758568925487
170	3	0.0
170	4	0.0
170	5	0.1887637036861483
170	6	0.1887637036861483
170	7	0.1887637036861483
170	8	0.24293388200310662
170	9	0.1887637036861483
170	10	0.0
170	11	0.0
170	12	0.10419641302704365
170	13	0.1887637036861483
170	14	0.1887637036861483
170	15	0.0
170	16	0.24293388200310662
170	17	0.0
170	18	0.1887637036861483
170	19	2.2893261810829335
170	20	0.1887637036861483
171	0	1.6489442822265445
171	1	0.5213582380417141
171	2	0.0
171	3	0.1887637036861483
171	4	0.0
171	5	0.4984237292506531
171	6	0.1887637036861483
171	7	0.7101219417278626
171	8	0.1887637036861483
171	9	0.0
171	10	0.5213582380417141
171	11	0.5213582380417141
171	12	0.0
171	13	0.43169758568925487
171	14	0.1887637036861483
171	15	0.7101219417278626
171	16	0.7101219417278626
171	17	0.0
171	18	0.10419641302704365
171	19	0.1887637036861483
171	20	0.1887637036861483
171	21	0.43169758568925487
171	22	0.1887637036861483
171	23	0.24293388200310662
171	24	0.0
171	25	0.1887637036861483
171	26	0.24293388200310662
171	27	0.0
171	28	2.2893261810829335
172	0	1.1275860441848296
172	1	0.43169758568925487
172	2	0.1887637036861483
172	3	0.0
172	4	0.0
172	5	0.0
172	6	0.1887637036861483
172	7	0.0
172	8	0.0
172	9	0.0
172	10	0.1887637036861483
172	11	0.1887637036861483
173	0	0.43169758568925487
173	1	0.1887637036861483
173	2	0.1887637036861483
173	3	0.1887637036861483
173	4	0.1887637036861483
173	5	0.0
173	6	0.1887637036861483
173	7	0.0
173	8	0.0
173	9	0.1887637036861483
173	10	0.1887637036861483
173	11	0.43169758568925487
173	12	0.0
173	13	2.2381346200993524
173	14	0.0
173	15	2.2893261810829335
173	16	0.0
173	17	0.24293388200310662
173	18	0.1887637036861483
173	19	0.10419641302704365
173	20	0.24293388200310662
173	21	0.0
173	22	0.0
173	23	1.1275860441848296
173	24	0.1887637036861483
173	25	0.0
173	26	0.1887637036861483
173	27	0.0
173	28	0.1887637036861483
173	29	0.0
174	0	1.1275860441848296
174	1	0.1887637036861483
174	2	0.1887637036861483
174	3	0.0
174	4	0.0
174	5	0.1887637036861483
174	6	0.43169758568925487
174	7	0.0
174	8	0.1887637036861483
174	9	0.0
174	10	0.0
174	11	0.0
175	0	0.1887637036861483
175	1	0.0
175	2	0.0
175	3	0.43169758568925487
175	4	0.0
175	5	0.1887637036861483
175	6	0.0
175	7	0.1887637036861483
175	8	0.1887637036861483
176	0	0.1887637036861483
176	1	0.9301213149399081
176	2	0.6871874329368016
176	3	0.0
176	4	0.1887637036861483
176	5	0.6871874329368016
176	6	0.4984237292506531
176	7	0.0
176	8	0.1887637036861483
176	9	0.1887637036861483
176	10	0.43169758568925487
176	11	0.0
176	12	0.1887637036861483
176	13	0.6871874329368016
176	14	0.0
176	15	2.2152001113082913
176	16	0.0
176	17	0.0
176	18	0.602620142277697
176	19	0.74135761125376
176	20	0.74135761125376
176	21	2.7877499103335865
176	22	0.0
176	23	0.1887637036861483
176	24	0.0
176	25	0.1887637036861483
176	26	1.1275860441848296
177	0	0.0
177	1	0.1887637036861483
177	2	0.0
177	3	1.1275860441848296
177	4	0.0
177	5	0.0
177	6	0.0
177	7	0.1887637036861483
177	8	0.43169758568925487
177	9	0.0
177	10	0.1887637036861483
177	11	0.1887637036861483
177	12	0.0
177	13	0.1887637036861483
177	14	0.1887637036861483
177	15	0.1887637036861483
177	16	2.2893261810829335
177	17	0.1887637036861483
177	18	0.0
177	19	0.0
177	20	0.43169758568925487
177	21	0.1887637036861483
177	22	0.1887637036861483
177	23	0.24293388200310662
177	24	0.10419641302704365
177	25	0.24293388200310662
178	0	1.3705199261879366
178	1	0.43169758568925487
178	2	0.0
178	3	0.1887637036861483
178	4	0.0
178	5	0.0
178	6	0.1887637036861483
178	7	0.1887637036861483
178	8	0.0
178	9	0.0
178	10	0.0
178	11	0.1887637036861483
179	0	0.1887637036861483
179	1	0.0
179	2	0.1887637036861483
179	3	0.10419641302704365
179	4	0.0
179	5	0.24293388200310662
179	6	0.0
179	7	0.43169758568925487
179	8	0.0
179	9	0.1887637036861483
179	10	0.1887637036861483
179	11	0.43169758568925487
179	12	0.0
179	13	0.1887637036861483
179	14	0.1887637036861483
179	15	0.1887637036861483
179	16	0.1887637036861483
179	17	0.24293388200310662
179	18	0.0
180	0	0.1887637036861483
180	1	0.0
180	2	0.43169758568925487
180	3	0.1887637036861483
180	4	0.1887637036861483
180	5	0.0
180	6	0.1887637036861483
180	7	0.24293388200310662
180	8	0.0
180	9	0.1887637036861483
180	10	0.1887637036861483
180	11	0.1887637036861483
180	12	0.0
180	13	0.0
180	14	0.43169758568925487
180	15	0.24293388200310662
180	16	0.10419641302704365
180	17	0.0
180	18	0.1887637036861483
181	0	0.24293388200310662
181	1	0.1887637036861483
181	2	0.1887637036861483
181	3	0.0
181	4	0.1887637036861483
181	5	0.1887637036861483
181	6	0.1887637036861483
181	7	0.43169758568925487
181	8	0.1887637036861483
181	9	0.43169758568925487
181	10	0.0
181	11	0.1887637036861483
181	12	0.0
181	13	0.24293388200310662
181	14	0.0
181	15	0.1887637036861483
181	16	0.0
181	17	0.0
181	18	0.10419641302704365
182	0	0.0
182	1	0.1887637036861483
182	2	0.0
182	3	0.43169758568925487
182	4	0.0
182	5	0.6871874329368016
182	6	0.6871874329368016
182	7	0.4984237292506531
182	8	0.1887637036861483
182	9	0.4984237292506531
182	10	1.86894365543859
182	11	0.4984237292506531
182	12	0.1887637036861483
182	13	0.1887637036861483
182	14	0.0
182	15	0.43169758568925487
182	16	0.10419641302704365
182	17	0.0
182	18	0.1887637036861483
182	19	0.0
182	20	0.24293388200310662
182	21	0.24293388200310662
182	22	0.1887637036861483
182	23	0.1887637036861483
182	24	0.1887637036861483
182	25	2.7877499103335865
183	0	0.1887637036861483
183	1	0.43169758568925487
183	2	0.0
183	3	0.1887637036861483
183	4	0.7101219417278626
183	5	0.24293388200310662
183	6	0.1887637036861483
183	7	0.24293388200310662
183	8	0.625554651068758
183	9	0.0
183	10	0.0
183	11	0.0
183	12	0.10419641302704365
184	0	0.0
184	1	0.0
184	2	0.0
184	3	1.6489442822265445
184	4	0.43169758568925487
184	5	0.0
184	6	0.1887637036861483
184	7	0.43169758568925487
184	8	0.1887637036861483
184	9	0.1887637036861483
184	10	0.1887637036861483
184	11	0.1887637036861483
184	12	0.1887637036861483
184	13	0.1887637036861483
184	14	0.24293388200310662
184	15	0.0
184	16	0.10419641302704365
184	17	0.24293388200310662
184	18	0.0
184	19	0.1887637036861483
184	20	0.0
184	21	2.2381346200993524
185	0	0.0
185	1	0.10419641302704365
185	2	0.0
185	3	0.0
185	4	0.24293388200310662
185	5	0.0
185	6	0.1887637036861483
185	7	0.10419641302704365
185	8	0.1887637036861483
185	9	0.43169758568925487
185	10	0.24293388200310662
185	11	0.1887637036861483
185	12	0.1887637036861483
186	0	0.1887637036861483
186	1	0.0
186	2	0.0
186	3	0.0
186	4	0.1887637036861483
186	5	0.0
186	6	0.24293388200310662
186	7	0.1887637036861483
186	8	0.43169758568925487
186	9	0.10419641302704365
186	10	0.10419641302704365
186	11	0.1887637036861483
186	12	0.24293388200310662
187	0	0.43169758568925487
187	1	0.4984237292506531
187	2	0.0
187	3	0.1887637036861483
187	4	0.6871874329368016
187	5	0.1887637036861483
187	6	0.6871874329368016
187	7	0.4984237292506531
187	8	0.10419641302704365
187	9	0.6871874329368016
187	10	0.6871874329368016
187	11	0.24293388200310662
187	12	0.1887637036861483
187	13	0.6871874329368016
187	14	0.24293388200310662
187	15	0.0
187	16	0.0
187	17	0.9301213149399081
187	18	0.4984237292506531
187	19	0.5213582380417141
188	0	0.0
188	1	1.6260097734354835
188	2	0.0
188	3	0.0
188	4	0.0
188	5	0.43169758568925487
188	6	0.1887637036861483
188	7	0.1887637036861483
188	8	0.24293388200310662
188	9	0.0
188	10	0.1887637036861483
188	11	0.0
188	12	0.1887637036861483
188	13	0.1887637036861483
188	14	0.1887637036861483
188	15	0.43169758568925487
188	16	0.10419641302704365
188	17	0.24293388200310662
188	18	0.1887637036861483
188	19	0.1887637036861483
188	20	0.0
188	21	2.2152001113082913
188	22	0.10419641302704365
188	23	0.1887637036861483
189	0	1.8918781642296512
189	1	0.0
189	2	0.0
189	3	0.1887637036861483
189	4	0.7101219417278626
189	5	0.7101219417278626
189	6	0.43169758568925487
189	7	0.5213582380417141
189	8	0.1887637036861483
189	9	0.5213582380417141
189	10	0.0
189	11	0.0
190	0	0.1887637036861483
190	1	0.1887637036861483
190	2	0.24293388200310662
190	3	0.1887637036861483
190	4	0.1887637036861483
190	5	0.0
190	6	0.43169758568925487
190	7	0.0
190	8	0.24293388200310662
190	9	0.0
190	10	0.0
190	11	0.1887637036861483
190	12	0.1887637036861483
190	13	0.0
190	14	0.43169758568925487
190	15	0.0
190	16	0.10419641302704365
190	17	0.1887637036861483
190	18	0.1887637036861483
191	0	0.1887637036861483
191	1	0.1887637036861483
191	2	0.1887637036861483
191	3	0.0
191	4	0.0
191	5	0.43169758568925487
191	6	0.1887637036861483
191	7	0.0
191	8	0.1887637036861483
191	9	0.1887637036861483
191	10	0.24293388200310662
191	11	0.1887637036861483
191	12	0.24293388200310662
191	13	0.1887637036861483
191	14	0.0
191	15	0.10419641302704365
191	16	0.43169758568925487
191	17	0.0
191	18	0.0
192	0	0.0
192	1	0.0
192	2	0.4984237292506531
192	3	0.43169758568925487
192	4	0.1887637036861483
192	5	0.1887637036861483
192	6	0.1887637036861483
192	7	0.1887637036861483
192	8	0.1887637036861483
192	9	0.1887637036861483
192	10	0.43169758568925487
192	11	0.1887637036861483
192	12	0.0
192	13	2.8106844191246476
192	14	0.1887637036861483
192	15	0.0
192	16	0.0
192	17	0.24293388200310662
192	18	0.10419641302704365
192	19	0.24293388200310662
192	20	0.0
192	21	2.2152001113082913
192	22	1.6260097734354835
192	23	1.86894365543859
192	24	0.5213582380417141
192	25	0.5213582380417141
192	26	0.6871874329368016
192	27	0.6871874329368016
192	28	0.4984237292506531
192	29	0.4984237292506531
192	30	0.6871874329368016
192	31	0.602620142277697
193	0	0.1887637036861483
193	1	0.43169758568925487
193	2	0.1887637036861483
193	3	0.0
193	4	0.24293388200310662
193	5	0.0
193	6	0.0
193	7	0.1887637036861483
193	8	0.1887637036861483
193	9	0.1887637036861483
193	10	0.1887637036861483
193	11	0.1887637036861483
193	12	0.0
193	13	0.24293388200310662
193	14	0.0
193	15	0.10419641302704365
193	16	0.1887637036861483
193	17	0.43169758568925487
193	18	0.0
194	0	0.1887637036861483
194	1	0.1887637036861483
194	2	0.1887637036861483
194	3	0.24293388200310662
194	4	0.24293388200310662
194	5	0.0
194	6	0.1887637036861483
194	7	0.0
194	8	0.0
194	9	0.1887637036861483
194	10	0.10419641302704365
194	11	0.1887637036861483
194	12	0.0
194	13	0.1887637036861483
194	14	0.1887637036861483
194	15	0.43169758568925487
194	16	0.43169758568925487
194	17	0.0
194	18	0.0
195	0	0.1887637036861483
195	1	0.1887637036861483
195	2	0.1887637036861483
195	3	0.0
195	4	0.1887637036861483
195	5	0.0
195	6	0.0
195	7	0.10419641302704365
195	8	0.1887637036861483
195	9	0.24293388200310662
195	10	0.1887637036861483
195	11	0.43169758568925487
195	12	0.24293388200310662
195	13	0.1887637036861483
195	14	0.1887637036861483
195	15	0.0
195	16	0.43169758568925487
195	17	0.0
195	18	0.0
196	0	0.1887637036861483
196	1	0.43169758568925487
196	2	0.0
196	3	0.0
196	4	0.1887637036861483
196	5	0.0
196	6	0.1887637036861483
196	7	0.1887637036861483
196	8	0.10419641302704365
196	9	0.1887637036861483
196	10	0.1887637036861483
196	11	0.1887637036861483
196	12	0.43169758568925487
196	13	0.1887637036861483
196	14	0.0
196	15	0.24293388200310662
196	16	0.0
196	17	0.24293388200310662
196	18	0.0
197	0	0.1887637036861483
197	1	0.0
197	2	0.1887637036861483
197	3	0.0
197	4	0.0
197	5	0.1887637036861483
197	6	0.0
197	7	0.24293388200310662
197	8	0.24293388200310662
197	9	0.1887637036861483
197	10	0.1887637036861483
197	11	0.43169758568925487
197	12	0.10419641302704365
197	13	0.0
197	14	0.1887637036861483
197	15	0.0
197	16	0.43169758568925487
197	17	0.1887637036861483
197	18	0.1887637036861483
198	0	0.24293388200310662
198	1	0.1887637036861483
198	2	0.0
198	3	0.1887637036861483
198	4	0.1887637036861483
198	5	0.10419641302704365
198	6	0.43169758568925487
198	7	0.1887637036861483
198	8	0.0
198	9	0.0
198	10	0.1887637036861483
198	11	0.1887637036861483
198	12	0.0
198	13	0.43169758568925487
198	14	0.24293388200310662
198	15	0.1887637036861483
198	16	0.0
198	17	0.1887637036861483
198	18	0.0
198	19	0.7101219417278626
198	20	2.2152001113082913
199	0	0.10419641302704365
199	1	0.0
199	2	0.1887637036861483
199	3	0.0
199	4	0.1887637036861483
199	5	0.1887637036861483
199	6	0.1887637036861483
199	7	0.0
199	8	0.1887637036861483
199	9	0.0
199	10	0.0
199	11	0.0
199	12	0.24293388200310662
199	13	0.43169758568925487
199	14	0.1887637036861483
199	15	0.1887637036861483
199	16	0.24293388200310662
199	17	0.43169758568925487
199	18	0.1887637036861483
200	0	0.1887637036861483
200	1	0.1887637036861483
200	2	0.1887637036861483
200	3	0.1887637036861483
200	4	0.0
200	5	0.24293388200310662
200	6	0.0
200	7	0.0
200	8	0.43169758568925487
200	9	0.0
200	10	0.1887637036861483
200	11	0.0
200	12	0.1887637036861483
200	13	0.0
200	14	0.10419641302704365
200	15	0.43169758568925487
200	16	0.1887637036861483
200	17	0.1887637036861483
200	18	0.24293388200310662
201	0	0.1887637036861483
201	1	0.0
201	2	0.1887637036861483
201	3	0.43169758568925487
201	4	0.1887637036861483
201	5	0.0
201	6	0.1887637036861483
201	7	0.1887637036861483
201	8	0.24293388200310662
201	9	0.0
201	10	0.43169758568925487
201	11	0.0
201	12	0.1887637036861483
201	13	0.0
201	14	0.0
201	15	0.1887637036861483
201	16	0.1887637036861483
201	17	0.24293388200310662
201	18	0.10419641302704365
202	0	0.1887637036861483
202	1	0.43169758568925487
202	2	0.10419641302704365
202	3	0.0
202	4	0.0
202	5	0.0
202	6	0.43169758568925487
202	7	0.0
202	8	0.1887637036861483
202	9	0.1887637036861483
202	10	0.24293388200310662
202	11	0.1887637036861483
202	12	0.0
202	13	0.0
202	14	0.24293388200310662
202	15	0.1887637036861483
202	16	0.1887637036861483
202	17	0.1887637036861483
202	18	0.1887637036861483
202	19	0.4984237292506531
202	20	0.5213582380417141
202	21	0.7101219417278626
202	22	0.5213582380417141
203	0	0.0
203	1	0.43169758568925487
203	2	0.0
203	3	0.24293388200310662
203	4	0.1887637036861483
203	5	0.24293388200310662
203	6	0.1887637036861483
203	7	0.1887637036861483
203	8	0.1887637036861483
203	9	0.43169758568925487
203	10	0.1887637036861483
203	11	0.1887637036861483
203	12	0.0
203	13	0.1887637036861483
203	14	0.0
203	15	0.0
203	16	0.10419641302704365
203	17	0.0
203	18	0.1887637036861483
204	0	0.24293388200310662
204	1	0.0
204	2	0.24293388200310662
204	3	0.43169758568925487
204	4	0.43169758568925487
204	5	0.0
204	6	0.1887637036861483
204	7	0.0
204	8	0.0
204	9	0.0
204	10	0.0
204	11	0.1887637036861483
204	12	0.1887637036861483
204	13	0.1887637036861483
204	14	0.1887637036861483
204	15	0.1887637036861483
204	16	0.1887637036861483
204	17	0.1887637036861483
204	18	0.10419641302704365
205	0	0.1887637036861483
205	1	0.0
205	2	0.0
205	3	0.43169758568925487
205	4	0.24293388200310662
205	5	0.0
205	6	0.24293388200310662
205	7	0.0
205	8	0.1887637036861483
205	9	0.1887637036861483
205	10	0.1887637036861483
205	11	0.43169758568925487
205	12	0.1887637036861483
205	13	0.1887637036861483
205	14	0.1887637036861483
205	15	0.1887637036861483
205	16	0.10419641302704365
205	17	0.0
205	18	0.0
205	19	0.7101219417278626
205	20	2.2381346200993524
205	21	0.0
206	0	0.1887637036861483
206	1	0.43169758568925487
206	2	0.24293388200310662
206	3	0.1887637036861483
206	4	0.0
206	5	0.43169758568925487
206	6	0.0
206	7	0.1887637036861483
206	8	0.1887637036861483
206	9	0.0
206	10	0.10419641302704365
206	11	0.24293388200310662
206	12	0.1887637036861483
206	13	0.1887637036861483
206	14	0.0
206	15	0.0
206	16	0.1887637036861483
206	17	0.1887637036861483
206	18	0.0
206	19	0.6871874329368016
206	20	0.4984237292506531
206	21	0.0
206	22	0.0
207	0	0.1887637036861483
207	1	0.43169758568925487
207	2	0.1887637036861483
207	3	0.1887637036861483
207	4	0.24293388200310662
207	5	0.24293388200310662
207	6	0.43169758568925487
207	7	0.10419641302704365
207	8	0.1887637036861483
207	9	0.1887637036861483
207	10	0.0
207	11	0.0
207	12	0.0
207	13	0.0
207	14	0.1887637036861483
207	15	0.0
207	16	0.1887637036861483
207	17	0.1887637036861483
207	18	0.0
208	0	0.0
208	1	0.0
208	2	0.43169758568925487
208	3	0.43169758568925487
208	4	0.1887637036861483
208	5	0.10419641302704365
208	6	0.0
208	7	0.1887637036861483
208	8	0.1887637036861483
208	9	0.1887637036861483
208	10	0.1887637036861483
208	11	0.24293388200310662
208	12	0.1887637036861483
208	13	0.24293388200310662
208	14	0.0
208	15	0.0
208	16	0.0
208	17	0.1887637036861483
208	18	0.1887637036861483
208	19	0.6871874329368016
208	20	2.2152001113082913
209	0	0.0
209	1	0.0
209	2	0.43169758568925487
209	3	0.1887637036861483
209	4	0.0
209	5	0.43169758568925487
209	6	0.24293388200310662
209	7	0.1887637036861483
209	8	0.1887637036861483
209	9	0.0
209	10	0.1887637036861483
209	11	0.1887637036861483
209	12	0.0
209	13	0.24293388200310662
209	14	0.0
209	15	0.1887637036861483
209	16	0.1887637036861483
209	17	0.10419641302704365
209	18	0.1887637036861483
209	19	0.1887637036861483
209	20	0.0
209	21	0.0
210	0	0.1887637036861483
210	1	0.43169758568925487
210	2	0.43169758568925487
210	3	0.1887637036861483
210	4	0.1887637036861483
210	5	0.1887637036861483
210	6	0.1887637036861483
210	7	0.0
210	8	0.0
210	9	0.4984237292506531
210	10	0.0
210	11	0.1887637036861483
210	12	0.1887637036861483
210	13	2.8106844191246476
210	14	0.0
210	15	2.2152001113082913
210	16	0.10419641302704365
210	17	0.1887637036861483
210	18	0.24293388200310662
210	19	0.0
210	20	0.0
210	21	0.24293388200310662
211	0	0.43169758568925487
211	1	0.0
211	2	0.0
211	3	0.1887637036861483
211	4	0.0
211	5	0.1887637036861483
211	6	0.0
211	7	0.1887637036861483
211	8	0.1887637036861483
211	9	0.1887637036861483
211	10	0.1887637036861483
211	11	0.1887637036861483
211	12	0.24293388200310662
211	13	0.0
211	14	0.24293388200310662
211	15	0.10419641302704365
211	16	0.43169758568925487
211	17	0.0
211	18	0.1887637036861483
211	19	0.1887637036861483
211	20	0.0
211	21	0.0
212	0	0.0
212	1	0.1887637036861483
212	2	0.43169758568925487
212	3	0.1887637036861483
212	4	0.1887637036861483
212	5	0.1887637036861483
212	6	0.0
212	7	0.1887637036861483
212	8	0.43169758568925487
212	9	0.1887637036861483
212	10	0.0
212	11	0.1887637036861483
212	12	0.0
212	13	2.2893261810829335
212	14	0.0
212	15	0.1887637036861483
212	16	0.0
212	17	1.7167763820576387
212	18	0.24293388200310662
212	19	0.24293388200310662
212	20	0.0
212	21	0.10419641302704365
212	22	0.4984237292506531
213	0	0.0
213	1	0.1887637036861483
213	2	0.1887637036861483
213	3	0.43169758568925487
213	4	0.43169758568925487
213	5	0.1887637036861483
213	6	0.0
213	7	0.1887637036861483
213	8	0.1887637036861483
213	9	0.0
213	10	0.1887637036861483
213	11	0.1887637036861483
213	12	0.0
213	13	0.24293388200310662
213	14	0.1887637036861483
213	15	0.10419641302704365
213	16	0.0
213	17	0.0
213	18	0.0
213	19	0.24293388200310662
213	20	2.2893261810829335
213	21	1.7167763820576387
214	0	0.1887637036861483
214	1	0.43169758568925487
214	2	0.0
214	3	0.1887637036861483
214	4	0.0
214	5	0.43169758568925487
214	6	0.0
214	7	0.1887637036861483
214	8	0.1887637036861483
214	9	0.1887637036861483
214	10	0.1887637036861483
214	11	0.0
214	12	0.1887637036861483
214	13	0.0
214	14	1.7167763820576387
214	15	2.2893261810829335
214	16	0.0
214	17	0.1887637036861483
214	18	0.24293388200310662
214	19	0.0
214	20	0.10419641302704365
214	21	0.24293388200310662
215	0	0.0
215	1	0.1887637036861483
215	2	0.0
215	3	0.1887637036861483
215	4	0.10419641302704365
215	5	0.1887637036861483
215	6	0.0
215	7	0.43169758568925487
215	8	0.0
215	9	0.1887637036861483
215	10	0.24293388200310662
215	11	0.1887637036861483
215	12	0.1887637036861483
215	13	0.1887637036861483
215	14	0.24293388200310662
215	15	0.43169758568925487
215	16	0.1887637036861483
215	17	0.0
215	18	0.0
216	0	0.1887637036861483
216	1	0.1887637036861483
216	2	0.1887637036861483
216	3	0.0
216	4	0.10419641302704365
216	5	0.43169758568925487
216	6	0.1887637036861483
216	7	0.1887637036861483
216	8	0.1887637036861483
216	9	0.1887637036861483
216	10	0.1887637036861483
216	11	0.24293388200310662
216	12	0.24293388200310662
216	13	0.0
216	14	0.0
216	15	0.0
216	16	0.43169758568925487
216	17	0.0
216	18	0.0
217	0	0.1887637036861483
217	1	0.1887637036861483
217	2	0.1887637036861483
217	3	0.43169758568925487
217	4	0.1887637036861483
217	5	0.0
217	6	0.0
217	7	0.1887637036861483
217	8	0.1887637036861483
217	9	0.10419641302704365
217	10	0.0
217	11	0.43169758568925487
217	12	0.1887637036861483
217	13	0.24293388200310662
217	14	0.1887637036861483
217	15	0.0
217	16	0.0
217	17	0.24293388200310662
217	18	0.0
218	0	0.0
218	1	0.1887637036861483
218	2	0.0
218	3	0.0
218	4	0.1887637036861483
218	5	0.1887637036861483
218	6	0.0
218	7	0.1887637036861483
218	8	0.43169758568925487
218	9	0.1887637036861483
218	10	0.1887637036861483
218	11	0.0
218	12	0.10419641302704365
218	13	0.0
218	14	0.1887637036861483
218	15	0.43169758568925487
218	16	0.24293388200310662
218	17	0.24293388200310662
218	18	0.1887637036861483
219	0	0.0
219	1	0.0
219	2	0.43169758568925487
219	3	0.0
219	4	0.1887637036861483
219	5	0.24293388200310662
219	6	0.1887637036861483
219	7	0.0
219	8	0.1887637036861483
219	9	0.10419641302704365
219	10	0.1887637036861483
219	11	0.0
219	12	0.0
219	13	0.43169758568925487
219	14	0.24293388200310662
219	15	0.1887637036861483
219	16	0.1887637036861483
219	17	0.1887637036861483
219	18	0.1887637036861483
219	19	0.1887637036861483
219	20	0.7101219417278626
220	0	0.0
220	1	0.43169758568925487
220	2	0.0
220	3	0.1887637036861483
220	4	0.1887637036861483
220	5	0.0
220	6	0.43169758568925487
220	7	0.1887637036861483
220	8	0.1887637036861483
220	9	0.0
220	10	0.5213582380417141
220	11	0.1887637036861483
220	12	0.1887637036861483
220	13	0.1887637036861483
220	14	0.0
220	15	0.1887637036861483
220	16	2.2381346200993524
220	17	0.10419641302704365
220	18	0.0
220	19	0.24293388200310662
220	20	0.1887637036861483
220	21	0.24293388200310662
220	22	2.8106844191246476
220	23	0.1887637036861483
221	0	0.0
221	1	0.0
221	2	0.0
221	3	0.24293388200310662
221	4	0.0
221	5	0.1887637036861483
221	6	0.1887637036861483
221	7	0.1887637036861483
221	8	0.0
221	9	0.24293388200310662
221	10	0.0
221	11	0.0
221	12	0.1887637036861483
221	13	0.43169758568925487
221	14	0.43169758568925487
221	15	0.1887637036861483
221	16	0.1887637036861483
221	17	0.1887637036861483
221	18	0.10419641302704365
221	19	0.1887637036861483
222	0	0.0
222	1	0.1887637036861483
222	2	0.24293388200310662
222	3	0.1887637036861483
222	4	0.1887637036861483
222	5	0.1887637036861483
222	6	0.43169758568925487
222	7	0.1887637036861483
222	8	0.1887637036861483
222	9	0.10419641302704365
222	10	0.43169758568925487
222	11	0.0
222	12	0.0
222	13	0.1887637036861483
222	14	0.1887637036861483
222	15	0.0
222	16	0.0
222	17	0.0
222	18	0.24293388200310662
222	19	0.0
222	20	1.7167763820576387
222	21	0.1887637036861483
222	22	0.0
223	0	0.0
223	1	0.43169758568925487
223	2	0.0
223	3	0.1887637036861483
223	4	0.43169758568925487
223	5	0.0
223	6	0.0
223	7	0.1887637036861483
223	8	0.1887637036861483
223	9	0.1887637036861483
223	10	0.1887637036861483
223	11	0.1887637036861483
223	12	0.1887637036861483
223	13	0.24293388200310662
223	14	0.0
223	15	0.0
223	16	0.1887637036861483
223	17	0.0
223	18	0.0
223	19	0.24293388200310662
223	20	0.10419641302704365
223	21	2.2893261810829335
223	22	1.7167763820576387
224	0	0.0
224	1	0.0
224	2	0.0
224	3	0.24293388200310662
224	4	0.1887637036861483
224	5	0.0
224	6	0.1887637036861483
224	7	0.10419641302704365
224	8	0.24293388200310662
224	9	0.1887637036861483
224	10	0.1887637036861483
224	11	0.43169758568925487
224	12	0.43169758568925487
224	13	0.1887637036861483
224	14	0.1887637036861483
224	15	0.1887637036861483
224	16	0.1887637036861483
224	17	0.0
224	18	0.0
224	19	0.0
225	0	0.0
225	1	0.10419641302704365
225	2	0.0
225	3	0.1887637036861483
225	4	0.24293388200310662
225	5	0.1887637036861483
225	6	0.0
225	7	0.24293388200310662
225	8	0.1887637036861483
225	9	0.1887637036861483
225	10	0.0
225	11	0.43169758568925487
225	12	0.0
225	13	0.0
225	14	0.1887637036861483
225	15	0.1887637036861483
225	16	0.1887637036861483
225	17	0.43169758568925487
225	18	0.1887637036861483
225	19	0.0
226	0	0.0
226	1	0.0
226	2	0.43169758568925487
226	3	0.1887637036861483
226	4	0.1887637036861483
226	5	0.1887637036861483
226	6	0.1887637036861483
226	7	0.0
226	8	0.43169758568925487
226	9	0.1887637036861483
226	10	0.0
226	11	0.1887637036861483
226	12	0.0
226	13	0.1887637036861483
226	14	0.0
226	15	0.10419641302704365
226	16	0.24293388200310662
226	17	0.0
226	18	0.1887637036861483
226	19	0.24293388200310662
226	20	0.0
226	21	1.7167763820576387
226	22	2.2893261810829335
227	0	0.0
227	1	0.43169758568925487
227	2	0.0
227	3	0.1887637036861483
227	4	0.0
227	5	0.43169758568925487
227	6	0.1887637036861483
227	7	0.1887637036861483
227	8	0.1887637036861483
227	9	0.0
227	10	0.0
227	11	0.1887637036861483
227	12	0.1887637036861483
227	13	0.1887637036861483
227	14	0.0
227	15	0.0
227	16	0.10419641302704365
227	17	0.0
227	18	0.24293388200310662
227	19	0.1887637036861483
227	20	0.24293388200310662
227	21	2.2893261810829335
227	22	1.7167763820576387
228	0	0.1887637036861483
228	1	0.1887637036861483
228	2	0.43169758568925487
228	3	0.0
228	4	0.1887637036861483
228	5	0.1887637036861483
228	6	0.1887637036861483
228	7	0.10419641302704365
228	8	0.43169758568925487
228	9	0.0
228	10	0.24293388200310662
228	11	0.0
228	12	0.0
228	13	0.0
228	14	0.1887637036861483
228	15	0.1887637036861483
228	16	0.0
228	17	0.1887637036861483
228	18	0.24293388200310662
228	19	0.0
228	20	0.1887637036861483
229	0	0.10419641302704365
229	1	0.1887637036861483
229	2	0.1887637036861483
229	3	0.1887637036861483
229	4	0.1887637036861483
229	5	0.43169758568925487
229	6	0.0
229	7	0.0
229	8	0.24293388200310662
229	9	0.43169758568925487
229	10	0.0
229	11	0.0
229	12	0.24293388200310662
229	13	0.0
229	14	0.1887637036861483
229	15	0.1887637036861483
229	16	0.0
229	17	0.1887637036861483
229	18	0.1887637036861483
229	19	0.0
230	0	0.0
230	1	0.1887637036861483
230	2	0.1887637036861483
230	3	0.43169758568925487
230	4	0.1887637036861483
230	5	0.1887637036861483
230	6	0.1887637036861483
230	7	0.1887637036861483
230	8	0.0
230	9	0.1887637036861483
230	10	0.1887637036861483
230	11	0.0
230	12	0.43169758568925487
230	13	0.4984237292506531
230	14	0.0
230	15	0.1887637036861483
230	16	0.0
230	17	0.10419641302704365
230	18	0.0
230	19	0.0
230	20	0.24293388200310662
230	21	0.24293388200310662
230	22	2.2152001113082913
230	23	2.7877499103335865
230	24	0.7101219417278626
231	0	0.43169758568925487
231	1	0.0
231	2	0.1887637036861483
231	3	0.1887637036861483
231	4	0.1887637036861483
231	5	0.0
231	6	0.1887637036861483
231	7	0.1887637036861483
231	8	0.0
231	9	0.43169758568925487
231	10	0.1887637036861483
231	11	0.1887637036861483
231	12	0.1887637036861483
231	13	0.0
231	14	0.0
231	15	0.0
231	16	0.1887637036861483
231	17	2.2893261810829335
231	18	1.7167763820576387
231	19	0.24293388200310662
231	20	0.0
231	21	0.0
231	22	0.10419641302704365
231	23	0.24293388200310662
