315	0	0.5013096268464606
315	1	0.5013096268464606
315	2	0.5013096268464606
315	3	0.5013096268464606
315	4	0.5013096268464606
315	5	0.5013096268464606
315	6	0.5013096268464606
315	7	0.5013096268464606
315	8	0.5013096268464606
315	9	0.5013096268464606
315	10	0.5013096268464606
315	11	0.5013096268464606
315	12	0.5013096268464606
315	13	0.5013096268464606
315	14	0.5013096268464606
315	15	0.5013096268464606
315	16	0.5013096268464606
316	0	0.5013096268464606
316	1	0.5013096268464606
316	2	0.5013096268464606
316	3	0.5013096268464606
316	4	0.5013096268464606
316	5	0.5013096268464606
317	0	0.5013096268464606
317	1	0.5013096268464606
317	2	0.5013096268464606
317	3	0.5013096268464606
317	4	0.5013096268464606
317	5	0.5013096268464606
317	6	0.5013096268464606
317	7	0.5013096268464606
317	8	0.5013096268464606
317	9	0.5013096268464606
317	10	0.5013096268464606
317	11	0.5013096268464606
317	12	0.5013096268464606
317	13	0.5013096268464606
317	14	0.5013096268464606
317	15	0.5013096268464606
317	16	0.5013096268464606
317	17	0.5013096268464606
317	18	0.5013096268464606
317	19	0.5013096268464606
317	20	0.5013096268464606
317	21	0.5013096268464606
317	22	0.5013096268464606
317	23	0.5013096268464606
317	24	0.5013096268464606
318	0	0.5013096268464606
318	1	0.5013096268464606
318	2	0.5013096268464606
318	3	0.5013096268464606
318	4	0.5013096268464606
318	5	0.5013096268464606
318	6	0.5013096268464606
318	7	0.5013096268464606
318	8	0.5013096268464606
318	9	0.5013096268464606
318	10	0.5013096268464606
318	11	0.5013096268464606
318	12	0.5013096268464606
318	13	0.5013096268464606
318	14	0.5013096268464606
318	15	0.5013096268464606
318	16	0.5013096268464606
318	17	0.5013096268464606
319	0	0.5013096268464606
319	1	0.5013096268464606
319	2	0.5013096268464606
319	3	0.5013096268464606
319	4	0.5013096268464606
319	5	0.5013096268464606
319	6	0.5013096268464606
319	7	0.5013096268464606
319	8	0.5013096268464606
319	9	0.5013096268464606
319	10	0.5013096268464606
319	11	0.5013096268464606
319	12	0.5013096268464606
319	13	0.5013096268464606
319	14	0.5013096268464606
319	15	0.5013096268464606
319	16	0.5013096268464606
319	17	0.5013096268464606
320	0	0.5013096268464606
320	1	0.5013096268464606
320	2	0.5013096268464606
320	3	0.5013096268464606
320	4	0.5013096268464606
320	5	0.5013096268464606
320	6	0.5013096268464606
320	7	0.5013096268464606
320	8	0.5013096268464606
320	9	0.5013096268464606
320	10	0.5013096268464606
320	11	0.5013096268464606
321	0	0.5013096268464606
321	1	0.5013096268464606
321	2	0.5013096268464606
321	3	0.5013096268464606
321	4	0.5013096268464606
321	5	0.5013096268464606
321	6	0.5013096268464606
321	7	0.5013096268464606
321	8	0.5013096268464606
321	9	0.5013096268464606
321	10	0.5013096268464606
321	11	0.5013096268464606
321	12	0.5013096268464606
321	13	0.5013096268464606
321	14	0.5013096268464606
321	15	0.5013096268464606
321	16	0.5013096268464606
321	17	0.5013096268464606
321	18	0.5013096268464606
321	19	0.5013096268464606
321	20	0.5013096268464606
321	21	0.5013096268464606
321	22	0.5013096268464606
321	23	0.5013096268464606
321	24	0.5013096268464606
322	0	0.5013096268464606
322	1	0.5013096268464606
322	2	0.5013096268464606
322	3	0.5013096268464606
322	4	0.5013096268464606
322	5	0.5013096268464606
322	6	0.5013096268464606
322	7	0.5013096268464606
322	8	0.5013096268464606
322	9	0.5013096268464606
322	10	0.5013096268464606
322	11	0.5013096268464606
322	12	0.5013096268464606
322	13	0.5013096268464606
322	14	0.5013096268464606
322	15	0.5013096268464606
322	16	0.5013096268464606
322	17	0.5013096268464606
322	18	0.5013096268464606
323	0	0.5013096268464606
323	1	0.5013096268464606
323	2	0.5013096268464606
323	3	0.5013096268464606
323	4	0.5013096268464606
323	5	0.5013096268464606
323	6	0.5013096268464606
323	7	0.5013096268464606
323	8	0.5013096268464606
323	9	0.5013096268464606
323	10	0.5013096268464606
323	11	0.5013096268464606
324	0	0.5013096268464606
324	1	0.5013096268464606
324	2	0.5013096268464606
324	3	0.5013096268464606
324	4	0.5013096268464606
324	5	0.5013096268464606
324	6	0.5013096268464606
324	7	0.5013096268464606
324	8	0.5013096268464606
324	9	0.5013096268464606
324	10	0.5013096268464606
324	11	0.5013096268464606
325	0	0.5013096268464606
325	1	0.5013096268464606
325	2	0.5013096268464606
325	3	0.5013096268464606
325	4	0.5013096268464606
325	5	0.5013096268464606
325	6	0.5013096268464606
325	7	0.5013096268464606
325	8	0.5013096268464606
325	9	0.5013096268464606
325	10	0.5013096268464606
325	11	0.5013096268464606
325	12	0.5013096268464606
325	13	0.5013096268464606
325	14	0.5013096268464606
325	15	0.5013096268464606
325	16	0.5013096268464606
325	17	0.5013096268464606
325	18	0.5013096268464606
325	19	0.5013096268464606
326	0	0.5013096268464606
326	1	0.5013096268464606
326	2	0.5013096268464606
326	3	0.5013096268464606
326	4	0.5013096268464606
326	5	0.5013096268464606
326	6	0.5013096268464606
326	7	0.5013096268464606
326	8	0.5013096268464606
326	9	0.5013096268464606
326	10	0.5013096268464606
326	11	0.5013096268464606
326	12	0.5013096268464606
326	13	0.5013096268464606
326	14	0.5013096268464606
326	15	0.5013096268464606
326	16	0.5013096268464606
326	17	0.5013096268464606
326	18	0.5013096268464606
326	19	0.5013096268464606
326	20	0.5013096268464606
326	21	0.5013096268464606
326	22	0.5013096268464606
326	23	0.5013096268464606
326	24	0.5013096268464606
326	25	0.5013096268464606
327	0	0.5013096268464606
327	1	0.5013096268464606
327	2	0.5013096268464606
327	3	0.5013096268464606
327	4	0.5013096268464606
327	5	0.5013096268464606
327	6	0.5013096268464606
327	7	0.5013096268464606
327	8	0.5013096268464606
327	9	0.5013096268464606
327	10	0.5013096268464606
327	11	0.5013096268464606
327	12	0.5013096268464606
327	13	0.5013096268464606
327	14	0.5013096268464606
327	15	0.5013096268464606
327	16	0.5013096268464606
327	17	0.5013096268464606
327	18	0.5013096268464606
328	0	0.5013096268464606
328	1	0.5013096268464606
328	2	0.5013096268464606
328	3	0.5013096268464606
328	4	0.5013096268464606
328	5	0.5013096268464606
328	6	0.5013096268464606
328	7	0.5013096268464606
328	8	0.5013096268464606
328	9	0.5013096268464606
328	10	0.5013096268464606
328	11	0.5013096268464606
328	12	0.5013096268464606
328	13	0.5013096268464606
328	14	0.5013096268464606
328	15	0.5013096268464606
328	16	0.5013096268464606
328	17	0.5013096268464606
328	18	0.5013096268464606
328	19	0.5013096268464606
328	20	0.5013096268464606
328	21	0.5013096268464606
328	22	0.5013096268464606
328	23	0.5013096268464606
328	24	0.5013096268464606
328	25	0.5013096268464606
328	26	0.5013096268464606
328	27	0.5013096268464606
329	0	0.5013096268464606
329	1	0.5013096268464606
329	2	0.5013096268464606
329	3	0.5013096268464606
329	4	0.5013096268464606
329	5	0.5013096268464606
329	6	0.5013096268464606
329	7	0.5013096268464606
329	8	0.5013096268464606
329	9	0.5013096268464606
329	10	0.5013096268464606
329	11	0.5013096268464606
329	12	0.5013096268464606
329	13	0.5013096268464606
330	0	0.5013096268464606
330	1	0.5013096268464606
330	2	0.5013096268464606
330	3	0.5013096268464606
330	4	0.5013096268464606
330	5	0.5013096268464606
330	6	0.5013096268464606
330	7	0.5013096268464606
330	8	0.5013096268464606
330	9	0.5013096268464606
330	10	0.5013096268464606
330	11	0.5013096268464606
330	12	0.5013096268464606
330	13	0.5013096268464606
330	14	0.5013096268464606
330	15	0.5013096268464606
330	16	0.5013096268464606
330	17	0.5013096268464606
330	18	0.5013096268464606
330	19	0.5013096268464606
330	20	0.5013096268464606
330	21	0.5013096268464606
331	0	0.5013096268464606
331	1	0.5013096268464606
331	2	0.5013096268464606
331	3	0.5013096268464606
331	4	0.5013096268464606
331	5	0.5013096268464606
331	6	0.5013096268464606
331	7	0.5013096268464606
331	8	0.5013096268464606
331	9	0.5013096268464606
331	10	0.5013096268464606
331	11	0.5013096268464606
331	12	0.5013096268464606
331	13	0.5013096268464606
331	14	0.5013096268464606
331	15	0.5013096268464606
332	0	0.5013096268464606
332	1	0.5013096268464606
332	2	0.5013096268464606
332	3	0.5013096268464606
332	4	0.5013096268464606
332	5	0.5013096268464606
332	6	0.5013096268464606
332	7	0.5013096268464606
332	8	0.5013096268464606
332	9	0.5013096268464606
332	10	0.5013096268464606
332	11	0.5013096268464606
332	12	0.5013096268464606
332	13	0.5013096268464606
332	14	0.5013096268464606
332	15	0.5013096268464606
333	0	0.5013096268464606
333	1	0.5013096268464606
333	2	0.5013096268464606
333	3	0.5013096268464606
333	4	0.5013096268464606
333	5	0.5013096268464606
333	6	0.5013096268464606
333	7	0.5013096268464606
333	8	0.5013096268464606
333	9	0.5013096268464606
333	10	0.5013096268464606
333	11	0.5013096268464606
333	12	0.5013096268464606
333	13	0.5013096268464606
333	14	0.5013096268464606
333	15	0.5013096268464606
334	0	0.5013096268464606
334	1	0.5013096268464606
334	2	0.5013096268464606
334	3	0.5013096268464606
334	4	0.5013096268464606
334	5	0.5013096268464606
334	6	0.5013096268464606
334	7	0.5013096268464606
335	0	0.5013096268464606
335	1	0.5013096268464606
335	2	0.5013096268464606
335	3	0.5013096268464606
335	4	0.5013096268464606
335	5	0.5013096268464606
335	6	0.5013096268464606
335	7	0.5013096268464606
335	8	0.5013096268464606
335	9	0.5013096268464606
335	10	0.5013096268464606
335	11	0.5013096268464606
335	12	0.5013096268464606
335	13	0.5013096268464606
335	14	0.5013096268464606
335	15	0.5013096268464606
335	16	0.5013096268464606
335	17	0.5013096268464606
335	18	0.5013096268464606
336	0	0.5013096268464606
336	1	0.5013096268464606
336	2	0.5013096268464606
336	3	0.5013096268464606
336	4	0.5013096268464606
336	5	0.5013096268464606
336	6	0.5013096268464606
336	7	0.5013096268464606
336	8	0.5013096268464606
336	9	0.5013096268464606
336	10	0.5013096268464606
336	11	0.5013096268464606
336	12	0.5013096268464606
336	13	0.5013096268464606
336	14	0.5013096268464606
336	15	0.5013096268464606
336	16	0.5013096268464606
336	17	0.5013096268464606
336	18	0.5013096268464606
336	19	0.5013096268464606
336	20	0.5013096268464606
337	0	0.5013096268464606
337	1	0.5013096268464606
337	2	0.5013096268464606
337	3	0.5013096268464606
337	4	0.5013096268464606
337	5	0.5013096268464606
337	6	0.5013096268464606
337	7	0.5013096268464606
338	0	0.5013096268464606
338	1	0.5013096268464606
338	2	0.5013096268464606
338	3	0.5013096268464606
338	4	0.5013096268464606
338	5	0.5013096268464606
338	6	0.5013096268464606
338	7	0.5013096268464606
338	8	0.5013096268464606
338	9	0.5013096268464606
338	10	0.5013096268464606
338	11	0.5013096268464606
338	12	0.5013096268464606
338	13	0.5013096268464606
339	0	0.5013096268464606
339	1	0.5013096268464606
339	2	0.5013096268464606
339	3	0.5013096268464606
339	4	0.5013096268464606
339	5	0.5013096268464606
340	0	0.5013096268464606
340	1	0.5013096268464606
340	2	0.5013096268464606
340	3	0.5013096268464606
340	4	0.5013096268464606
340	5	0.5013096268464606
340	6	0.5013096268464606
340	7	0.5013096268464606
340	8	0.5013096268464606
340	9	0.5013096268464606
340	10	0.5013096268464606
340	11	0.5013096268464606
340	12	0.5013096268464606
340	13	0.5013096268464606
341	0	0.5013096268464606
341	1	0.5013096268464606
341	2	0.5013096268464606
341	3	0.5013096268464606
341	4	0.5013096268464606
341	5	0.5013096268464606
341	6	0.5013096268464606
341	7	0.5013096268464606
341	8	0.5013096268464606
341	9	0.5013096268464606
341	10	0.5013096268464606
341	11	0.5013096268464606
341	12	0.5013096268464606
341	13	0.5013096268464606
341	14	0.5013096268464606
341	15	0.5013096268464606
341	16	0.5013096268464606
341	17	0.5013096268464606
341	18	0.5013096268464606
341	19	0.5013096268464606
341	20	0.5013096268464606
342	0	0.5013096268464606
342	1	0.5013096268464606
342	2	0.5013096268464606
342	3	0.5013096268464606
342	4	0.5013096268464606
342	5	0.5013096268464606
342	6	0.5013096268464606
342	7	0.5013096268464606
342	8	0.5013096268464606
342	9	0.5013096268464606
342	10	0.5013096268464606
342	11	0.5013096268464606
342	12	0.5013096268464606
342	13	0.5013096268464606
343	0	0.5013096268464606
343	1	0.5013096268464606
343	2	0.5013096268464606
343	3	0.5013096268464606
343	4	0.5013096268464606
343	5	0.5013096268464606
343	6	0.5013096268464606
343	7	0.5013096268464606
343	8	0.5013096268464606
343	9	0.5013096268464606
343	10	0.5013096268464606
343	11	0.5013096268464606
343	12	0.5013096268464606
343	13	0.5013096268464606
344	0	0.5013096268464606
344	1	0.5013096268464606
344	2	0.5013096268464606
344	3	0.5013096268464606
344	4	0.5013096268464606
344	5	0.5013096268464606
344	6	0.5013096268464606
344	7	0.5013096268464606
344	8	0.5013096268464606
344	9	0.5013096268464606
344	10	0.5013096268464606
344	11	0.5013096268464606
344	12	0.5013096268464606
344	13	0.5013096268464606
345	0	0.5013096268464606
345	1	0.5013096268464606
345	2	0.5013096268464606
345	3	0.5013096268464606
345	4	0.5013096268464606
345	5	0.5013096268464606
345	6	0.5013096268464606
345	7	0.5013096268464606
345	8	0.5013096268464606
345	9	0.5013096268464606
345	10	0.5013096268464606
345	11	0.5013096268464606
345	12	0.5013096268464606
345	13	0.5013096268464606
346	0	0.5013096268464606
346	1	0.5013096268464606
346	2	0.5013096268464606
346	3	0.5013096268464606
346	4	0.5013096268464606
346	5	0.5013096268464606
346	6	0.5013096268464606
346	7	0.5013096268464606
346	8	0.5013096268464606
346	9	0.5013096268464606
346	10	0.5013096268464606
346	11	0.5013096268464606
346	12	0.5013096268464606
346	13	0.5013096268464606
346	14	0.5013096268464606
346	15	0.5013096268464606
346	16	0.5013096268464606
347	0	0.5013096268464606
347	1	0.5013096268464606
347	2	0.5013096268464606
347	3	0.5013096268464606
347	4	0.5013096268464606
347	5	0.5013096268464606
347	6	0.5013096268464606
347	7	0.5013096268464606
347	8	0.5013096268464606
347	9	0.5013096268464606
347	10	0.5013096268464606
347	11	0.5013096268464606
347	12	0.5013096268464606
347	13	0.5013096268464606
347	14	0.5013096268464606
347	15	0.5013096268464606
347	16	0.5013096268464606
347	17	0.5013096268464606
348	0	0.5013096268464606
348	1	0.5013096268464606
348	2	0.5013096268464606
348	3	0.5013096268464606
348	4	0.5013096268464606
348	5	0.5013096268464606
348	6	0.5013096268464606
348	7	0.5013096268464606
348	8	0.5013096268464606
348	9	0.5013096268464606
348	10	0.5013096268464606
348	11	0.5013096268464606
348	12	0.5013096268464606
348	13	0.5013096268464606
348	14	0.5013096268464606
348	15	0.5013096268464606
348	16	0.5013096268464606
348	17	0.5013096268464606
348	18	0.5013096268464606
348	19	0.5013096268464606
348	20	0.5013096268464606
348	21	0.5013096268464606
348	22	0.5013096268464606
348	23	0.5013096268464606
348	24	0.5013096268464606
348	25	0.5013096268464606
348	26	0.5013096268464606
349	0	0.5013096268464606
349	1	0.5013096268464606
349	2	0.5013096268464606
349	3	0.5013096268464606
349	4	0.5013096268464606
349	5	0.5013096268464606
349	6	0.5013096268464606
349	7	0.5013096268464606
349	8	0.5013096268464606
349	9	0.5013096268464606
349	10	0.5013096268464606
349	11	0.5013096268464606
349	12	0.5013096268464606
349	13	0.5013096268464606
349	14	0.5013096268464606
349	15	0.5013096268464606
350	0	0.5013096268464606
350	1	0.5013096268464606
350	2	0.5013096268464606
350	3	0.5013096268464606
350	4	0.5013096268464606
350	5	0.5013096268464606
350	6	0.5013096268464606
350	7	0.5013096268464606
350	8	0.5013096268464606
350	9	0.5013096268464606
350	10	0.5013096268464606
350	11	0.5013096268464606
350	12	0.5013096268464606
350	13	0.5013096268464606
350	14	0.5013096268464606
350	15	0.5013096268464606
350	16	0.5013096268464606
350	17	0.5013096268464606
350	18	0.5013096268464606
350	19	0.5013096268464606
350	20	0.5013096268464606
350	21	0.5013096268464606
350	22	0.5013096268464606
350	23	0.5013096268464606
350	24	0.5013096268464606
350	25	0.5013096268464606
350	26	0.5013096268464606
350	27	0.5013096268464606
350	28	0.5013096268464606
350	29	0.5013096268464606
351	0	0.5013096268464606
351	1	0.5013096268464606
351	2	0.5013096268464606
351	3	0.5013096268464606
351	4	0.5013096268464606
351	5	0.5013096268464606
351	6	0.5013096268464606
351	7	0.5013096268464606
351	8	0.5013096268464606
351	9	0.5013096268464606
351	10	0.5013096268464606
351	11	0.5013096268464606
351	12	0.5013096268464606
351	13	0.5013096268464606
351	14	0.5013096268464606
351	15	0.5013096268464606
351	16	0.5013096268464606
351	17	0.5013096268464606
351	18	0.5013096268464606
351	19	0.5013096268464606
352	0	0.5013096268464606
352	1	0.5013096268464606
352	2	0.5013096268464606
352	3	0.5013096268464606
352	4	0.5013096268464606
352	5	0.5013096268464606
352	6	0.5013096268464606
352	7	0.5013096268464606
352	8	0.5013096268464606
352	9	0.5013096268464606
352	10	0.5013096268464606
352	11	0.5013096268464606
352	12	0.5013096268464606
352	13	0.5013096268464606
352	14	0.5013096268464606
352	15	0.5013096268464606
352	16	0.5013096268464606
352	17	0.5013096268464606
352	18	0.5013096268464606
352	19	0.5013096268464606
352	20	0.5013096268464606
352	21	0.5013096268464606
352	22	0.5013096268464606
352	23	0.5013096268464606
352	24	0.5013096268464606
352	25	0.5013096268464606
352	26	0.5013096268464606
353	0	0.5013096268464606
353	1	0.5013096268464606
353	2	0.5013096268464606
353	3	0.5013096268464606
353	4	0.5013096268464606
353	5	0.5013096268464606
353	6	0.5013096268464606
353	7	0.5013096268464606
353	8	0.5013096268464606
353	9	0.5013096268464606
353	10	0.5013096268464606
353	11	0.5013096268464606
353	12	0.5013096268464606
353	13	0.5013096268464606
353	14	0.5013096268464606
353	15	0.5013096268464606
353	16	0.5013096268464606
353	17	0.5013096268464606
353	18	0.5013096268464606
353	19	0.5013096268464606
353	20	0.5013096268464606
353	21	0.5013096268464606
353	22	0.5013096268464606
353	23	0.5013096268464606
353	24	0.5013096268464606
353	25	0.5013096268464606
353	26	0.5013096268464606
354	0	0.5013096268464606
354	1	0.5013096268464606
354	2	0.5013096268464606
354	3	0.5013096268464606
354	4	0.5013096268464606
354	5	0.5013096268464606
354	6	0.5013096268464606
354	7	0.5013096268464606
354	8	0.5013096268464606
354	9	0.5013096268464606
354	10	0.5013096268464606
354	11	0.5013096268464606
354	12	0.5013096268464606
354	13	0.5013096268464606
354	14	0.5013096268464606
354	15	0.5013096268464606
354	16	0.5013096268464606
354	17	0.5013096268464606
354	18	0.5013096268464606
354	19	0.5013096268464606
354	20	0.5013096268464606
354	21	0.5013096268464606
354	22	0.5013096268464606
354	23	0.5013096268464606
354	24	0.5013096268464606
354	25	0.5013096268464606
354	26	0.5013096268464606
354	27	0.5013096268464606
355	0	0.5013096268464606
355	1	0.5013096268464606
355	2	0.5013096268464606
355	3	0.5013096268464606
355	4	0.5013096268464606
355	5	0.5013096268464606
355	6	0.5013096268464606
355	7	0.5013096268464606
355	8	0.5013096268464606
355	9	0.5013096268464606
355	10	0.5013096268464606
355	11	0.5013096268464606
355	12	0.5013096268464606
355	13	0.5013096268464606
355	14	0.5013096268464606
355	15	0.5013096268464606
355	16	0.5013096268464606
355	17	0.5013096268464606
355	18	0.5013096268464606
355	19	0.5013096268464606
356	0	0.5013096268464606
356	1	0.5013096268464606
356	2	0.5013096268464606
356	3	0.5013096268464606
356	4	0.5013096268464606
356	5	0.5013096268464606
356	6	0.5013096268464606
356	7	0.5013096268464606
356	8	0.5013096268464606
356	9	0.5013096268464606
356	10	0.5013096268464606
356	11	0.5013096268464606
356	12	0.5013096268464606
356	13	0.5013096268464606
356	14	0.5013096268464606
356	15	0.5013096268464606
356	16	0.5013096268464606
356	17	0.5013096268464606
356	18	0.5013096268464606
356	19	0.5013096268464606
356	20	0.5013096268464606
356	21	0.5013096268464606
356	22	0.5013096268464606
356	23	0.5013096268464606
356	24	0.5013096268464606
356	25	0.5013096268464606
356	26	0.5013096268464606
356	27	0.5013096268464606
356	28	0.5013096268464606
356	29	0.5013096268464606
357	0	0.5013096268464606
357	1	0.5013096268464606
357	2	0.5013096268464606
357	3	0.5013096268464606
357	4	0.5013096268464606
357	5	0.5013096268464606
357	6	0.5013096268464606
357	7	0.5013096268464606
357	8	0.5013096268464606
357	9	0.5013096268464606
357	10	0.5013096268464606
357	11	0.5013096268464606
357	12	0.5013096268464606
357	13	0.5013096268464606
357	14	0.5013096268464606
357	15	0.5013096268464606
357	16	0.5013096268464606
357	17	0.5013096268464606
357	18	0.5013096268464606
357	19	0.5013096268464606
358	0	0.5013096268464606
358	1	0.5013096268464606
358	2	0.5013096268464606
358	3	0.5013096268464606
358	4	0.5013096268464606
358	5	0.5013096268464606
358	6	0.5013096268464606
358	7	0.5013096268464606
358	8	0.5013096268464606
358	9	0.5013096268464606
358	10	0.5013096268464606
358	11	0.5013096268464606
358	12	0.5013096268464606
359	0	0.5013096268464606
359	1	0.5013096268464606
359	2	0.5013096268464606
359	3	0.5013096268464606
359	4	0.5013096268464606
359	5	0.5013096268464606
359	6	0.5013096268464606
359	7	0.5013096268464606
359	8	0.5013096268464606
359	9	0.5013096268464606
359	10	0.5013096268464606
359	11	0.5013096268464606
359	12	0.5013096268464606
359	13	0.5013096268464606
359	14	0.5013096268464606
359	15	0.5013096268464606
359	16	0.5013096268464606
360	0	0.5013096268464606
360	1	0.5013096268464606
360	2	0.5013096268464606
360	3	0.5013096268464606
360	4	0.5013096268464606
360	5	0.5013096268464606
360	6	0.5013096268464606
360	7	0.5013096268464606
360	8	0.5013096268464606
360	9	0.5013096268464606
360	10	0.5013096268464606
360	11	0.5013096268464606
360	12	0.5013096268464606
360	13	0.5013096268464606
360	14	0.5013096268464606
360	15	0.5013096268464606
360	16	0.5013096268464606
361	0	0.5013096268464606
361	1	0.5013096268464606
361	2	0.5013096268464606
361	3	0.5013096268464606
361	4	0.5013096268464606
361	5	0.5013096268464606
361	6	0.5013096268464606
361	7	0.5013096268464606
361	8	0.5013096268464606
361	9	0.5013096268464606
361	10	0.5013096268464606
361	11	0.5013096268464606
361	12	0.5013096268464606
361	13	0.5013096268464606
361	14	0.5013096268464606
361	15	0.5013096268464606
361	16	0.5013096268464606
362	0	0.5013096268464606
362	1	0.5013096268464606
362	2	0.5013096268464606
362	3	0.5013096268464606
362	4	0.5013096268464606
362	5	0.5013096268464606
362	6	0.5013096268464606
362	7	0.5013096268464606
362	8	0.5013096268464606
362	9	0.5013096268464606
