315	0	987.7733764648438
315	1	970.849609375
315	2	997.9505004882812
315	3	1000.3347778320312
315	4	992.3222045898438
315	5	813.1420288085938
315	6	16.496078491210938
315	7	998.7776489257812
315	8	1002.6544189453125
315	9	996.3518676757812
315	10	993.1068725585938
315	11	126.89738464355469
315	12	989.0439453125
315	13	-5.12202787399292
315	14	996.21435546875
315	15	999.461669921875
315	16	998.3109741210938
316	0	998.4899291992188
316	1	970.849609375
316	2	997.9505004882812
316	3	987.7733764648438
316	4	996.3518676757812
316	5	77.61954498291016
317	0	970.849609375
317	1	1001.8890991210938
317	2	998.4165649414062
317	3	1000.1583251953125
317	4	996.3518676757812
317	5	998.5131225585938
317	6	987.7733764648438
317	7	995.32958984375
317	8	817.3009033203125
317	9	1001.0990600585938
317	10	998.6693115234375
317	11	1003.9677124023438
317	12	-3.5777485370635986
317	13	85.62325286865234
317	14	1000.0464477539062
317	15	130.3916015625
317	16	993.1511840820312
317	17	999.2852172851562
317	18	997.9505004882812
317	19	992.2369384765625
317	20	999.9025268554688
317	21	999.2852172851562
317	22	991.5040893554688
317	23	1002.5714721679688
317	24	998.722412109375
318	0	997.9505004882812
318	1	997.5569458007812
318	2	999.2313842773438
318	3	970.849609375
318	4	987.7733764648438
318	5	987.5619506835938
318	6	-1.6430100202560425
318	7	996.1936645507812
318	8	996.3518676757812
318	9	998.4334106445312
318	10	810.42041015625
318	11	85.62325286865234
318	12	1000.4306030273438
318	13	1000.2715454101562
318	14	1000.5311889648438
318	15	1008.04931640625
318	16	131.0569305419922
318	17	999.5574951171875
319	0	997.9505004882812
319	1	1000.4306030273438
319	2	1005.6675415039062
319	3	987.5619506835938
319	4	970.849609375
319	5	987.7733764648438
319	6	997.5569458007812
319	7	996.1936645507812
319	8	-1.6430100202560425
319	9	998.4334106445312
319	10	810.42041015625
319	11	996.3518676757812
319	12	85.62325286865234
319	13	131.0569305419922
319	14	1000.0363159179688
319	15	999.5574951171875
319	16	1008.04931640625
319	17	1000.5311889648438
320	0	995.8876342773438
320	1	998.4334106445312
320	2	999.3683471679688
320	3	996.7344360351562
320	4	810.42041015625
320	5	970.849609375
320	6	43.37827682495117
320	7	-1.6430100202560425
320	8	996.9773559570312
320	9	996.1936645507812
320	10	85.62325286865234
320	11	996.3518676757812
321	0	1000.814697265625
321	1	85.62325286865234
321	2	1000.1576538085938
321	3	36.32334518432617
321	4	994.5000610351562
321	5	970.849609375
321	6	2.321411609649658
321	7	810.42041015625
321	8	997.5569458007812
321	9	998.4334106445312
321	10	998.5532836914062
321	11	999.1474609375
321	12	987.587646484375
321	13	996.3518676757812
321	14	999.4220581054688
321	15	994.0591430664062
321	16	989.0439453125
321	17	126.89738464355469
321	18	994.4776000976562
321	19	998.7776489257812
321	20	993.1068725585938
321	21	998.3109741210938
321	22	998.7776489257812
321	23	990.8335571289062
321	24	987.9442138671875
322	0	970.849609375
322	1	996.1936645507812
322	2	987.7733764648438
322	3	1000.4306030273438
322	4	996.3518676757812
322	5	998.4334106445312
322	6	1000.5311889648438
322	7	999.5574951171875
322	8	998.5067138671875
322	9	131.0569305419922
322	10	85.62325286865234
322	11	987.5619506835938
322	12	1008.04931640625
322	13	-1.6430100202560425
322	14	810.42041015625
322	15	1000.0363159179688
322	16	997.5569458007812
322	17	1005.6675415039062
322	18	998.7418823242188
323	0	994.5000610351562
323	1	998.4334106445312
323	2	970.849609375
323	3	85.62325286865234
323	4	996.3518676757812
323	5	37.62211608886719
323	6	999.3683471679688
323	7	996.7344360351562
323	8	996.9773559570312
323	9	995.8876342773438
323	10	810.42041015625
323	11	-1.6430100202560425
324	0	999.1570434570312
324	1	996.9773559570312
324	2	810.42041015625
324	3	998.4334106445312
324	4	-1.6430100202560425
324	5	970.849609375
324	6	989.0439453125
324	7	998.5023803710938
324	8	994.0591430664062
324	9	994.5000610351562
324	10	85.62325286865234
324	11	994.4776000976562
325	0	997.9505004882812
325	1	999.2313842773438
325	2	970.849609375
325	3	987.587646484375
325	4	997.5569458007812
325	5	999.461669921875
325	6	987.5619506835938
325	7	996.3518676757812
325	8	998.3109741210938
325	9	993.1068725585938
325	10	810.42041015625
325	11	85.62325286865234
325	12	126.89738464355469
325	13	998.4334106445312
325	14	-1.6430100202560425
325	15	994.5000610351562
325	16	997.1148681640625
325	17	998.7776489257812
325	18	987.8203125
325	19	996.087646484375
326	0	997.9505004882812
326	1	1005.6675415039062
326	2	997.5569458007812
326	3	994.5000610351562
326	4	85.62325286865234
326	5	970.849609375
326	6	987.7733764648438
326	7	998.4334106445312
326	8	997.1148681640625
326	9	999.1570434570312
326	10	810.42041015625
326	11	2.321411609649658
326	12	989.6381225585938
326	13	987.5619506835938
326	14	1000.2715454101562
326	15	1000.5311889648438
326	16	1008.04931640625
326	17	131.0569305419922
326	18	999.5574951171875
326	19	998.7418823242188
326	20	999.3683471679688
326	21	996.7344360351562
326	22	36.140018463134766
326	23	999.1474609375
326	24	988.7965698242188
326	25	995.8876342773438
327	0	997.9505004882812
327	1	1005.6675415039062
327	2	85.62325286865234
327	3	996.1936645507812
327	4	970.849609375
327	5	996.9773559570312
327	6	996.3518676757812
327	7	810.42041015625
327	8	998.4334106445312
327	9	-1.6430100202560425
327	10	997.1148681640625
327	11	987.5619506835938
327	12	998.5532836914062
327	13	999.3617553710938
327	14	37.62211608886719
327	15	998.7418823242188
327	16	987.7733764648438
327	17	705.8358154296875
327	18	999.479736328125
328	0	998.4165649414062
328	1	975.3753662109375
328	2	1001.8890991210938
328	3	1000.6094970703125
328	4	34.81786346435547
328	5	993.0112915039062
328	6	997.4442138671875
328	7	1005.1815185546875
328	8	-7.804999351501465
328	9	991.9733276367188
328	10	85.2110824584961
328	11	991.2955932617188
328	12	1000.46875
328	13	818.9409790039062
328	14	1001.1696166992188
328	15	999.0143432617188
328	16	995.0294189453125
328	17	1001.8955078125
328	18	997.9205322265625
328	19	1002.7039794921875
328	20	1000.8536376953125
328	21	997.9161376953125
328	22	107.76277160644531
328	23	1000.082275390625
328	24	1000.226318359375
328	25	998.2724609375
328	26	988.07470703125
328	27	999.2748413085938
329	0	997.1148681640625
329	1	987.5619506835938
329	2	999.2313842773438
329	3	998.5067138671875
329	4	970.849609375
329	5	810.42041015625
329	6	998.4334106445312
329	7	994.5000610351562
329	8	998.5532836914062
329	9	-1.6430100202560425
329	10	998.7418823242188
329	11	996.3518676757812
329	12	987.7733764648438
329	13	996.9773559570312
330	0	994.5000610351562
330	1	998.4334106445312
330	2	810.42041015625
330	3	85.62325286865234
330	4	37.62211608886719
330	5	-1.6430100202560425
330	6	997.5569458007812
330	7	999.3617553710938
330	8	998.5532836914062
330	9	970.849609375
330	10	996.3518676757812
330	11	999.2313842773438
330	12	987.7733764648438
330	13	998.7418823242188
330	14	997.9505004882812
330	15	1000.5311889648438
330	16	987.5619506835938
330	17	1008.04931640625
330	18	1000.5311889648438
330	19	131.0569305419922
330	20	1000.2715454101562
330	21	1000.4306030273438
331	0	997.9505004882812
331	1	999.3544311523438
331	2	997.5569458007812
331	3	987.7733764648438
331	4	998.7418823242188
331	5	970.849609375
331	6	1005.6675415039062
331	7	996.3518676757812
331	8	1002.34130859375
331	9	810.42041015625
331	10	85.62325286865234
331	11	999.3617553710938
331	12	37.62211608886719
331	13	994.5000610351562
331	14	998.5532836914062
331	15	-1.6430100202560425
332	0	998.14794921875
332	1	810.42041015625
332	2	970.849609375
332	3	998.7418823242188
332	4	997.5569458007812
332	5	999.2313842773438
332	6	1002.34130859375
332	7	996.3518676757812
332	8	987.7733764648438
332	9	998.5067138671875
332	10	998.5532836914062
332	11	37.62211608886719
332	12	85.62325286865234
332	13	999.3617553710938
332	14	-1.6430100202560425
332	15	996.1936645507812
333	0	987.7733764648438
333	1	996.9773559570312
333	2	997.9505004882812
333	3	999.42578125
333	4	85.62325286865234
333	5	998.4334106445312
333	6	37.62211608886719
333	7	-1.6430100202560425
333	8	970.849609375
333	9	810.42041015625
333	10	1000.1576538085938
333	11	994.5000610351562
333	12	998.5532836914062
333	13	1005.6675415039062
333	14	998.7418823242188
333	15	996.3518676757812
334	0	810.42041015625
334	1	994.5000610351562
334	2	998.4334106445312
334	3	970.849609375
334	4	996.9773559570312
334	5	996.3518676757812
334	6	-1.6430100202560425
334	7	988.7965698242188
335	0	987.7733764648438
335	1	970.849609375
335	2	1000.1583251953125
335	3	997.5569458007812
335	4	996.3518676757812
335	5	1005.6675415039062
335	6	-1.6430100202560425
335	7	998.7418823242188
335	8	999.9025268554688
335	9	994.5000610351562
335	10	983.1190795898438
335	11	130.3916015625
335	12	997.9505004882812
335	13	999.2852172851562
335	14	998.4334106445312
335	15	992.2369384765625
335	16	1001.8240966796875
335	17	810.42041015625
335	18	85.62325286865234
336	0	997.5569458007812
336	1	987.5619506835938
336	2	987.7733764648438
336	3	1000.5311889648438
336	4	970.849609375
336	5	997.1148681640625
336	6	131.0569305419922
336	7	997.9505004882812
336	8	1008.04931640625
336	9	-1.6430100202560425
336	10	810.42041015625
336	11	996.3518676757812
336	12	1000.5311889648438
336	13	998.4334106445312
336	14	1000.2715454101562
336	15	994.5000610351562
336	16	85.62325286865234
336	17	994.984619140625
336	18	999.2313842773438
336	19	998.7418823242188
336	20	984.4140625
337	0	85.62325286865234
337	1	1008.04931640625
337	2	-1.6430100202560425
337	3	989.6381225585938
337	4	987.7733764648438
337	5	997.9505004882812
337	6	970.849609375
337	7	131.0569305419922
338	0	997.9505004882812
338	1	999.2313842773438
338	2	970.849609375
338	3	987.7733764648438
338	4	997.5569458007812
338	5	996.3518676757812
338	6	998.7418823242188
338	7	85.62325286865234
338	8	996.1936645507812
338	9	-1.6430100202560425
338	10	810.42041015625
338	11	997.1148681640625
338	12	998.4334106445312
338	13	987.5619506835938
339	0	996.3518676757812
339	1	998.7418823242188
339	2	999.2313842773438
339	3	970.849609375
339	4	131.0569305419922
339	5	985.7186889648438
340	0	998.7418823242188
340	1	998.4334106445312
340	2	996.9773559570312
340	3	999.2313842773438
340	4	970.849609375
340	5	810.42041015625
340	6	996.3518676757812
340	7	997.9505004882812
340	8	987.7733764648438
340	9	994.5000610351562
340	10	997.1148681640625
340	11	987.5619506835938
340	12	-1.6430100202560425
340	13	85.62325286865234
341	0	997.9505004882812
341	1	999.2313842773438
341	2	997.5569458007812
341	3	810.42041015625
341	4	994.5000610351562
341	5	1002.34130859375
341	6	998.5255126953125
341	7	970.849609375
341	8	987.7733764648438
341	9	997.1148681640625
341	10	85.62325286865234
341	11	-1.6430100202560425
341	12	996.3518676757812
341	13	998.7418823242188
341	14	987.5619506835938
341	15	987.8203125
341	16	999.461669921875
341	17	998.3109741210938
341	18	993.1068725585938
341	19	131.0569305419922
341	20	999.461669921875
342	0	996.9773559570312
342	1	997.1148681640625
342	2	970.849609375
342	3	999.2313842773438
342	4	997.9505004882812
342	5	998.4334106445312
342	6	810.42041015625
342	7	996.3518676757812
342	8	-1.6430100202560425
342	9	994.5000610351562
342	10	85.62325286865234
342	11	1002.1851196289062
342	12	987.7733764648438
342	13	987.5619506835938
343	0	987.7733764648438
343	1	970.849609375
343	2	998.7418823242188
343	3	996.3518676757812
343	4	997.1148681640625
343	5	998.4334106445312
343	6	994.5000610351562
343	7	997.5569458007812
343	8	999.2313842773438
343	9	810.42041015625
343	10	987.5619506835938
343	11	997.9505004882812
343	12	2.321411609649658
343	13	85.62325286865234
344	0	998.5067138671875
344	1	970.849609375
344	2	987.7733764648438
344	3	998.7418823242188
344	4	999.2313842773438
344	5	994.5000610351562
344	6	1000.4306030273438
344	7	996.3518676757812
344	8	998.4334106445312
344	9	997.5569458007812
344	10	810.42041015625
344	11	2.321411609649658
344	12	85.62325286865234
344	13	987.5619506835938
345	0	996.3518676757812
345	1	987.7733764648438
345	2	999.2313842773438
345	3	970.849609375
345	4	997.9505004882812
345	5	997.5569458007812
345	6	998.4334106445312
345	7	810.42041015625
345	8	-1.6430100202560425
345	9	994.5000610351562
345	10	997.1148681640625
345	11	85.62325286865234
345	12	998.7418823242188
345	13	987.5619506835938
346	0	996.3518676757812
346	1	997.9505004882812
346	2	987.7733764648438
346	3	970.849609375
346	4	994.5000610351562
346	5	1000.9940185546875
346	6	1001.8240966796875
346	7	85.62325286865234
346	8	993.1511840820312
346	9	1000.4306030273438
346	10	810.42041015625
346	11	130.3916015625
346	12	2.321411609649658
346	13	999.2852172851562
346	14	997.5569458007812
346	15	987.5619506835938
346	16	998.4334106445312
347	0	1001.4779052734375
347	1	994.134033203125
347	2	987.587646484375
347	3	994.0591430664062
347	4	968.6255493164062
347	5	994.4776000976562
347	6	998.5023803710938
347	7	996.087646484375
347	8	996.21435546875
347	9	813.1420288085938
347	10	989.0439453125
347	11	992.3222045898438
347	12	86.7913818359375
347	13	-5.12202787399292
347	14	995.5413208007812
347	15	999.5283203125
347	16	-43.67597961425781
347	17	998.6433715820312
348	0	998.7418823242188
348	1	999.2313842773438
348	2	970.849609375
348	3	994.5000610351562
348	4	997.5569458007812
348	5	998.4334106445312
348	6	999.3617553710938
348	7	86.7913818359375
348	8	810.42041015625
348	9	-1.6430100202560425
348	10	37.62211608886719
348	11	998.5532836914062
348	12	987.7733764648438
348	13	997.64501953125
348	14	126.89738464355469
348	15	997.1148681640625
348	16	996.3518676757812
348	17	991.5040893554688
348	18	997.9505004882812
348	19	998.7776489257812
348	20	999.578125
348	21	1000.2661743164062
348	22	999.461669921875
348	23	987.5619506835938
348	24	983.0747680664062
348	25	998.722412109375
348	26	999.0864868164062
349	0	1000.1400146484375
349	1	996.427490234375
349	2	992.3193969726562
349	3	972.5955200195312
349	4	999.4220581054688
349	5	992.2369384765625
349	6	1001.4779052734375
349	7	996.281982421875
349	8	996.544677734375
349	9	994.9915771484375
349	10	959.82421875
349	11	817.3009033203125
349	12	85.54331970214844
349	13	-7.243144989013672
349	14	959.6095581054688
349	15	999.9912719726562
350	0	968.6255493164062
350	1	996.087646484375
350	2	994.0591430664062
350	3	1001.2293701171875
350	4	999.3171997070312
350	5	813.1420288085938
350	6	1001.4779052734375
350	7	997.7335205078125
350	8	-5.12202787399292
350	9	970.1292724609375
350	10	87.00701904296875
350	11	994.4776000976562
350	12	994.134033203125
350	13	992.3222045898438
350	14	999.3677978515625
350	15	987.587646484375
350	16	998.5023803710938
350	17	999.1507568359375
350	18	33.84727096557617
350	19	997.351318359375
350	20	997.3825073242188
350	21	989.0439453125
350	22	992.6895751953125
350	23	999.976806640625
350	24	985.5526733398438
350	25	131.0569305419922
350	26	990.9492797851562
350	27	998.5255126953125
350	28	985.7186889648438
350	29	989.77490234375
351	0	131.0569305419922
351	1	987.5619506835938
351	2	998.5067138671875
351	3	999.2313842773438
351	4	999.3966064453125
351	5	994.4511108398438
351	6	970.849609375
351	7	994.5000610351562
351	8	999.5574951171875
351	9	810.42041015625
351	10	996.4337768554688
351	11	997.5569458007812
351	12	999.5574951171875
351	13	86.7913818359375
351	14	983.718505859375
351	15	970.3246459960938
351	16	996.3518676757812
351	17	997.1148681640625
351	18	-1.6430100202560425
351	19	1000.2715454101562
352	0	997.5569458007812
352	1	970.849609375
352	2	810.42041015625
352	3	996.3518676757812
352	4	-1.6430100202560425
352	5	959.82421875
352	6	987.5619506835938
352	7	964.883056640625
352	8	994.5000610351562
352	9	86.7913818359375
352	10	987.8203125
352	11	999.3966064453125
352	12	987.7733764648438
352	13	999.5574951171875
352	14	131.0569305419922
352	15	1000.5311889648438
352	16	1000.2715454101562
352	17	996.4337768554688
352	18	997.1148681640625
352	19	997.9505004882812
352	20	983.718505859375
352	21	1001.9046020507812
352	22	36.140018463134766
352	23	999.3683471679688
352	24	996.7344360351562
352	25	1005.6675415039062
352	26	996.087646484375
353	0	989.0439453125
353	1	994.0591430664062
353	2	1000.814697265625
353	3	964.883056640625
353	4	126.89738464355469
353	5	987.8203125
353	6	1002.6544189453125
353	7	992.3222045898438
353	8	957.5157470703125
353	9	994.134033203125
353	10	968.6255493164062
353	11	1000.3347778320312
353	12	87.00701904296875
353	13	-5.12202787399292
353	14	813.1420288085938
353	15	987.587646484375
353	16	998.7776489257812
353	17	983.0747680664062
353	18	999.461669921875
353	19	997.3825073242188
353	20	985.5526733398438
353	21	998.3109741210938
353	22	36.140018463134766
353	23	998.3929443359375
353	24	996.7344360351562
353	25	1001.9046020507812
353	26	1005.08251953125
354	0	996.087646484375
354	1	1005.6675415039062
354	2	970.849609375
354	3	997.9505004882812
354	4	1000.4306030273438
354	5	810.42041015625
354	6	996.3518676757812
354	7	959.759033203125
354	8	37.62211608886719
354	9	999.9989013671875
354	10	998.5275268554688
354	11	987.7733764648438
354	12	86.7913818359375
354	13	-1.6430100202560425
354	14	996.4337768554688
354	15	989.6381225585938
354	16	970.3246459960938
354	17	997.5569458007812
354	18	131.0569305419922
354	19	999.5574951171875
354	20	999.5574951171875
354	21	983.718505859375
354	22	994.5000610351562
354	23	1000.0363159179688
354	24	987.5619506835938
354	25	999.3966064453125
354	26	1001.8948364257812
354	27	1000.1576538085938
355	0	996.1936645507812
355	1	86.7913818359375
355	2	970.849609375
355	3	987.7733764648438
355	4	997.5569458007812
355	5	997.9505004882812
355	6	1000.4306030273438
355	7	999.2313842773438
355	8	987.5619506835938
355	9	810.42041015625
355	10	959.82421875
355	11	-1.6430100202560425
355	12	996.3518676757812
355	13	1000.2715454101562
355	14	131.0569305419922
355	15	983.718505859375
355	16	999.5574951171875
355	17	999.3966064453125
355	18	1008.04931640625
355	19	1000.5311889648438
356	0	972.5955200195312
356	1	999.4220581054688
356	2	996.427490234375
356	3	1000.1583251953125
356	4	1003.9677124023438
356	5	999.1326293945312
356	6	1000.9251708984375
356	7	817.3009033203125
356	8	999.2852172851562
356	9	999.2852172851562
356	10	85.54331970214844
356	11	995.32958984375
356	12	992.3193969726562
356	13	-7.243144989013672
356	14	990.8335571289062
356	15	993.1511840820312
356	16	35.143035888671875
356	17	989.3234252929688
356	18	992.2369384765625
356	19	130.3916015625
356	20	999.9025268554688
356	21	999.9912719726562
356	22	997.6065063476562
356	23	970.0185546875
356	24	998.9135131835938
356	25	999.557373046875
356	26	962.57861328125
356	27	998.5275268554688
356	28	984.4140625
356	29	969.2257690429688
357	0	86.7913818359375
357	1	970.849609375
357	2	996.4337768554688
357	3	999.5574951171875
357	4	996.9773559570312
357	5	1000.4306030273438
357	6	996.3518676757812
357	7	970.3246459960938
357	8	997.9505004882812
357	9	131.0569305419922
357	10	810.42041015625
357	11	-1.6430100202560425
357	12	1000.0363159179688
357	13	983.718505859375
357	14	1000.5311889648438
357	15	999.3966064453125
357	16	994.5000610351562
357	17	987.7733764648438
357	18	987.5619506835938
357	19	999.2313842773438
358	0	997.5569458007812
358	1	987.5619506835938
358	2	970.849609375
358	3	996.3518676757812
358	4	810.42041015625
358	5	959.759033203125
358	6	970.3246459960938
358	7	2.321411609649658
358	8	37.62211608886719
358	9	999.3617553710938
358	10	994.5000610351562
358	11	86.7913818359375
358	12	999.9989013671875
359	0	970.3246459960938
359	1	994.5000610351562
359	2	810.42041015625
359	3	970.849609375
359	4	997.5569458007812
359	5	0.9535057544708252
359	6	996.3518676757812
359	7	126.89738464355469
359	8	1003.114501953125
359	9	987.587646484375
359	10	996.087646484375
359	11	997.3825073242188
359	12	999.2748413085938
359	13	985.5526733398438
359	14	998.5023803710938
359	15	1400.2115478515625
359	16	85.62545013427734
360	0	1001.4779052734375
360	1	957.5157470703125
360	2	968.6255493164062
360	3	811.85205078125
360	4	-2.525514602661133
360	5	994.134033203125
360	6	987.5619506835938
360	7	995.6566772460938
360	8	85.8410873413086
360	9	962.57861328125
360	10	987.587646484375
360	11	999.2313842773438
360	12	996.087646484375
360	13	126.89738464355469
360	14	990.9492797851562
360	15	988.2647094726562
360	16	965.5239868164062
361	0	85.62545013427734
361	1	994.5000610351562
361	2	996.9773559570312
361	3	811.85205078125
361	4	999.1570434570312
361	5	959.82421875
361	6	3.938939094543457
361	7	970.849609375
361	8	987.5619506835938
361	9	959.759033203125
361	10	994.4511108398438
361	11	999.2313842773438
361	12	998.7418823242188
361	13	131.0569305419922
361	14	989.6381225585938
361	15	989.6829833984375
361	16	984.4140625
362	0	999.1570434570312
362	1	996.9773559570312
362	2	970.849609375
362	3	811.85205078125
362	4	959.82421875
362	5	0.9535057544708252
362	6	131.0569305419922
362	7	999.2313842773438
362	8	998.7418823242188
362	9	987.7733764648438
