23	0	3.176060438156128
23	1	0.6597028374671936
23	2	0.6766949892044067
23	3	0.6597028374671936
23	4	0.6597028374671936
23	5	0.6766949892044067
23	6	0.6766949892044067
23	7	0.6597028374671936
24	0	0.6597028374671936
24	1	0.6766949892044067
24	2	0.6597028374671936
24	3	0.6597028374671936
24	4	0.6597028374671936
24	5	3.151170492172241
24	6	0.6766949892044067
24	7	0.6597028374671936
24	8	0.6766949892044067
25	0	-0.6390342712402344
25	1	3.3605966567993164
25	2	3.3605966567993164
25	3	-3.5601418018341064
25	4	3.151170492172241
25	5	3.1700897216796875
25	6	3.151170492172241
25	7	3.3605966567993164
25	8	3.3605966567993164
25	9	3.151170492172241
25	10	-3.5601418018341064
25	11	3.1700897216796875
25	12	3.1700897216796875
25	13	-0.4433196485042572
25	14	3.3605966567993164
25	15	0.6597028374671936
25	16	0.6597028374671936
25	17	3.151170492172241
25	18	0.1427118182182312
25	19	3.16374135017395
25	20	3.1700897216796875
25	21	-0.642237663269043
25	22	3.1700897216796875
25	23	0.2742929756641388
25	24	0.2742929756641388
26	0	0.6597028374671936
26	1	0.6597028374671936
26	2	0.6597028374671936
26	3	0.6766949892044067
26	4	0.6597028374671936
26	5	0.6597028374671936
27	0	0.6597028374671936
27	1	0.6766949892044067
27	2	0.6597028374671936
27	3	0.6766949892044067
27	4	0.6597028374671936
27	5	0.6597028374671936
27	6	0.6597028374671936
27	7	0.6597028374671936
28	0	0.6597028374671936
28	1	0.6766949892044067
28	2	0.6597028374671936
28	3	0.6597028374671936
28	4	0.6766949892044067
28	5	0.6597028374671936
28	6	0.6766949892044067
29	0	0.6597028374671936
29	1	0.6766949892044067
29	2	0.6597028374671936
29	3	0.6766949892044067
29	4	0.6766949892044067
29	5	0.6597028374671936
29	6	0.6597028374671936
30	0	0.6597028374671936
30	1	0.6597028374671936
30	2	0.6766949892044067
30	3	0.6597028374671936
30	4	0.6766949892044067
30	5	0.6766949892044067
30	6	0.6597028374671936
31	0	0.6766949892044067
31	1	0.6597028374671936
31	2	0.6597028374671936
31	3	0.6597028374671936
31	4	0.6766949892044067
31	5	0.6597028374671936
31	6	0.6766949892044067
32	0	0.6597028374671936
32	1	0.6766949892044067
32	2	0.6597028374671936
32	3	0.6766949892044067
32	4	0.6597028374671936
32	5	0.6766949892044067
32	6	0.6597028374671936
32	7	0.6597028374671936
33	0	0.6766949892044067
33	1	0.6597028374671936
33	2	0.6766949892044067
33	3	0.6597028374671936
33	4	0.6597028374671936
33	5	0.6597028374671936
33	6	0.6766949892044067
33	7	0.6597028374671936
34	0	3.151170492172241
34	1	0.6597028374671936
34	2	0.6766949892044067
34	3	0.6597028374671936
34	4	0.6766949892044067
34	5	3.151170492172241
34	6	0.6597028374671936
34	7	-3.5601418018341064
35	0	3.151170492172241
35	1	3.176060438156128
35	2	-0.6394117474555969
35	3	3.176060438156128
35	4	-0.636266827583313
35	5	3.151170492172241
35	6	3.151170492172241
35	7	1.1009188890457153
35	8	3.151170492172241
35	9	-1.7283974885940552
35	10	2.6147942543029785
35	11	3.151170492172241
35	12	-0.6579535007476807
35	13	0.6597028374671936
35	14	2.971130609512329
35	15	3.176060438156128
35	16	-3.5601418018341064
35	17	2.971130609512329
35	18	3.176060438156128
35	19	-0.6330634355545044
35	20	2.6259305477142334
36	0	0.6597028374671936
36	1	0.6766949892044067
36	2	0.6766949892044067
36	3	0.6597028374671936
36	4	0.6766949892044067
36	5	3.151170492172241
36	6	-0.661156952381134
36	7	3.151170492172241
37	0	0.6597028374671936
37	1	0.6766949892044067
37	2	0.6597028374671936
37	3	0.6597028374671936
37	4	0.6597028374671936
37	5	0.6597028374671936
37	6	0.6766949892044067
37	7	0.6597028374671936
37	8	0.6766949892044067
37	9	0.6597028374671936
37	10	0.6597028374671936
37	11	0.6597028374671936
38	0	0.6597028374671936
38	1	0.6766949892044067
38	2	0.6597028374671936
38	3	0.6597028374671936
38	4	0.6597028374671936
38	5	0.6597028374671936
38	6	0.6766949892044067
38	7	0.6597028374671936
38	8	0.6597028374671936
38	9	0.6597028374671936
39	0	0.6597028374671936
39	1	0.6597028374671936
39	2	0.6597028374671936
39	3	0.6766949892044067
39	4	0.6597028374671936
39	5	0.6766949892044067
39	6	0.6597028374671936
39	7	0.6766949892044067
40	0	0.6597028374671936
40	1	0.6766949892044067
40	2	0.6766949892044067
40	3	0.6597028374671936
40	4	0.6597028374671936
40	5	0.6597028374671936
40	6	0.6766949892044067
40	7	0.6766949892044067
40	8	0.6597028374671936
41	0	0.6766949892044067
41	1	0.6597028374671936
41	2	0.6597028374671936
41	3	0.6597028374671936
41	4	0.6597028374671936
41	5	0.6597028374671936
41	6	0.6597028374671936
41	7	0.6597028374671936
41	8	0.6597028374671936
41	9	0.6766949892044067
41	10	0.6597028374671936
42	0	3.1665079593658447
42	1	-0.6394117474555969
42	2	0.6597028374671936
42	3	0.6766949892044067
42	4	3.1665079593658447
42	5	-0.8451852202415466
42	6	3.1665079593658447
42	7	3.1665079593658447
42	8	-0.6394117474555969
42	9	0.6597028374671936
42	10	0.6597028374671936
43	0	0.6597028374671936
43	1	0.6766949892044067
43	2	0.6766949892044067
43	3	0.6597028374671936
43	4	0.6766949892044067
43	5	0.6597028374671936
43	6	3.141618013381958
43	7	0.6597028374671936
44	0	-0.6453825235366821
44	1	3.151170492172241
44	2	3.144822120666504
44	3	3.151170492172241
44	4	3.151170492172241
44	5	0.12379252910614014
44	6	3.151170492172241
44	7	3.151170492172241
44	8	3.1447627544403076
44	9	-0.6579535007476807
44	10	0.6597028374671936
44	11	-0.6579535007476807
44	12	0.6597028374671936
44	13	-0.6579535007476807
44	14	0.6597028374671936
44	15	0.6597028374671936
44	16	0.6597028374671936
45	0	0.6597028374671936
45	1	0.2742929756641388
45	2	0.6597028374671936
45	3	0.6597028374671936
45	4	0.6597028374671936
45	5	0.6766949892044067
46	0	0.6597028374671936
46	1	0.6766949892044067
46	2	-0.4348643720149994
46	3	0.6597028374671936
46	4	1.1113548278808594
46	5	0.6766949892044067
46	6	0.6597028374671936
46	7	0.6597028374671936
46	8	0.6766949892044067
46	9	0.6597028374671936
46	10	-0.6643018126487732
47	0	0.6597028374671936
47	1	1.1009188890457153
47	2	0.6766949892044067
47	3	0.6597028374671936
47	4	0.6597028374671936
47	5	0.6766949892044067
48	0	0.6597028374671936
48	1	0.6597028374671936
48	2	0.6766949892044067
48	3	0.6766949892044067
48	4	0.6597028374671936
48	5	0.6597028374671936
49	0	2.971130609512329
49	1	0.6597028374671936
49	2	0.6766949892044067
49	3	0.6597028374671936
49	4	0.6766949892044067
49	5	0.6597028374671936
49	6	0.48907461762428284
49	7	-0.661156952381134
49	8	3.151170492172241
49	9	0.6597028374671936
49	10	-0.28355100750923157
50	0	-3.563366174697876
50	1	0.6597028374671936
50	2	0.6597028374671936
50	3	0.6766949892044067
50	4	0.6766949892044067
50	5	0.6597028374671936
50	6	0.6597028374671936
51	0	0.6597028374671936
51	1	0.6597028374671936
51	2	0.6766949892044067
51	3	-3.563366174697876
51	4	0.6597028374671936
51	5	0.6597028374671936
51	6	0.6597028374671936
51	7	0.6766949892044067
51	8	0.6766949892044067
51	9	0.6597028374671936
52	0	-0.6643018126487732
52	1	0.6766949892044067
52	2	-0.6643018126487732
52	3	-2.138718366622925
52	4	-0.6643018126487732
52	5	-0.6643018126487732
52	6	-0.6643018126487732
52	7	0.6766949892044067
52	8	-0.6643018126487732
52	9	0.6597028374671936
52	10	3.1480255126953125
52	11	-0.8451852202415466
52	12	0.6597028374671936
52	13	0.6597028374671936
52	14	-0.6643018126487732
52	15	0.6597028374671936
52	16	0.6597028374671936
52	17	-3.563366174697876
52	18	0.6597028374671936
52	19	2.971130609512329
52	20	2.6147942543029785
52	21	0.6597028374671936
52	22	0.2742929756641388
52	23	-1.7283974885940552
52	24	0.6766949892044067
52	25	0.6597028374671936
52	26	3.151170492172241
52	27	3.151170492172241
52	28	-0.8451852202415466
52	29	3.141618013381958
52	30	0.6597028374671936
52	31	3.1480255126953125
52	32	0.6766949892044067
52	33	0.48907461762428284
52	34	1.1002182960510254
52	35	0.6597028374671936
52	36	-0.8451852202415466
52	37	0.6597028374671936
52	38	-0.220082625746727
52	39	-1.9239366054534912
52	40	-0.8451852202415466
52	41	0.6597028374671936
52	42	0.6597028374671936
52	43	-1.7224133014678955
52	44	-0.42958077788352966
52	45	0.2742929756641388
52	46	0.2742929756641388
52	47	-0.6579535007476807
52	48	0.6597028374671936
52	49	1.078224539756775
52	50	0.6597028374671936
52	51	0.6597028374671936
52	52	3.151170492172241
52	53	0.2742929756641388
52	54	3.151170492172241
52	55	-0.6579535007476807
52	56	0.6597028374671936
52	57	3.151170492172241
52	58	-0.6643018126487732
52	59	0.6597028374671936
53	0	0.6597028374671936
53	1	-3.563366174697876
53	2	0.6597028374671936
53	3	0.6597028374671936
53	4	0.6597028374671936
53	5	0.6597028374671936
53	6	0.6597028374671936
53	7	0.6597028374671936
53	8	0.6766949892044067
53	9	0.6597028374671936
54	0	0.6597028374671936
54	1	0.6597028374671936
54	2	0.6597028374671936
54	3	0.6766949892044067
54	4	0.6597028374671936
54	5	-3.563366174697876
54	6	0.6597028374671936
54	7	0.6597028374671936
54	8	0.6597028374671936
54	9	0.6597028374671936
54	10	0.6597028374671936
54	11	0.6597028374671936
54	12	0.6597028374671936
54	13	0.6766949892044067
54	14	0.6597028374671936
54	15	0.6766949892044067
54	16	0.6597028374671936
55	0	0.6597028374671936
55	1	-3.563366174697876
55	2	0.6597028374671936
55	3	0.6766949892044067
55	4	0.6597028374671936
55	5	0.6766949892044067
55	6	0.6597028374671936
55	7	0.6766949892044067
55	8	0.6597028374671936
55	9	0.6766949892044067
56	0	0.6597028374671936
56	1	0.6597028374671936
56	2	0.6597028374671936
56	3	-3.563366174697876
56	4	0.6766949892044067
56	5	0.6597028374671936
56	6	0.6597028374671936
56	7	0.6597028374671936
56	8	0.6766949892044067
56	9	0.6766949892044067
57	0	3.151170492172241
57	1	-3.563366174697876
57	2	-0.661156952381134
57	3	3.151170492172241
57	4	3.151170492172241
57	5	3.151170492172241
57	6	-0.6579535007476807
57	7	3.151170492172241
57	8	3.151170492172241
57	9	3.151170492172241
57	10	3.151170492172241
57	11	3.151170492172241
57	12	3.151170492172241
57	13	3.151170492172241
57	14	1.0828033685684204
57	15	3.151170492172241
57	16	-0.6579535007476807
57	17	-0.661156952381134
57	18	3.151170492172241
57	19	0.2742929756641388
57	20	0.2742929756641388
58	0	0.6766949892044067
58	1	0.6597028374671936
58	2	0.6597028374671936
58	3	-3.563366174697876
58	4	0.6597028374671936
58	5	0.6597028374671936
58	6	0.6597028374671936
58	7	0.6597028374671936
58	8	0.6597028374671936
58	9	0.6597028374671936
58	10	0.6597028374671936
58	11	0.6766949892044067
58	12	0.6597028374671936
58	13	0.6597028374671936
58	14	0.6597028374671936
58	15	0.6597028374671936
58	16	0.6597028374671936
58	17	0.6597028374671936
58	18	0.6766949892044067
59	0	0.6597028374671936
59	1	0.6597028374671936
59	2	0.6766949892044067
59	3	-3.563366174697876
59	4	0.6597028374671936
59	5	0.6597028374671936
59	6	0.6597028374671936
59	7	0.6597028374671936
59	8	0.6597028374671936
59	9	0.6597028374671936
59	10	0.6597028374671936
59	11	0.6597028374671936
59	12	0.6597028374671936
59	13	0.6597028374671936
59	14	0.6766949892044067
59	15	0.6597028374671936
60	0	-0.661156952381134
60	1	0.6597028374671936
60	2	0.6597028374671936
60	3	0.6766949892044067
60	4	-3.563366174697876
60	5	0.6597028374671936
60	6	0.6597028374671936
60	7	0.6597028374671936
60	8	0.6597028374671936
60	9	0.6597028374671936
60	10	0.6597028374671936
60	11	0.6597028374671936
60	12	0.6597028374671936
60	13	0.6597028374671936
60	14	0.6766949892044067
60	15	0.6597028374671936
60	16	0.6597028374671936
61	0	0.6597028374671936
61	1	-2.138718366622925
61	2	-0.8451852202415466
61	3	-2.138718366622925
61	4	-0.661156952381134
61	5	-2.138718366622925
61	6	-0.8451852202415466
61	7	-0.8451852202415466
61	8	-0.6643018126487732
61	9	3.151170492172241
61	10	3.151170492172241
61	11	-0.661156952381134
61	12	-3.5601418018341064
61	13	3.151170492172241
61	14	3.151170492172241
61	15	3.151170492172241
61	16	3.151170492172241
61	17	3.151170492172241
61	18	3.151170492172241
61	19	3.151170492172241
61	20	3.151170492172241
61	21	3.151170492172241
61	22	3.151170492172241
61	23	-0.6579535007476807
61	24	3.151170492172241
61	25	-0.8451852202415466
61	26	-0.6643018126487732
61	27	-2.138718366622925
61	28	-2.138718366622925
61	29	-2.138718366622925
61	30	-0.8451852202415466
61	31	0.2742929756641388
61	32	-3.5601418018341064
61	33	2.971130609512329
61	34	1.1009188890457153
61	35	2.6259305477142334
61	36	2.971130609512329
61	37	1.858421802520752
61	38	3.151170492172241
61	39	2.971130609512329
61	40	3.151170492172241
61	41	-0.8451852202415466
61	42	-0.8451852202415466
61	43	-0.6579535007476807
61	44	0.2742929756641388
61	45	-1.7224133014678955
61	46	0.2742929756641388
61	47	-0.6579535007476807
61	48	0.2742929756641388
61	49	-0.4348643720149994
61	50	0.2742929756641388
61	51	-0.220082625746727
61	52	-0.8451852202415466
61	53	0.6597028374671936
61	54	0.2742929756641388
61	55	3.4184794425964355
61	56	0.2742929756641388
61	57	0.2742929756641388
61	58	-0.6443625688552856
61	59	-2.138718366622925
61	60	0.6597028374671936
61	61	-2.138718366622925
61	62	0.6597028374671936
61	63	0.8993955254554749
61	64	-0.8451852202415466
61	65	0.2742929756641388
61	66	2.097477912902832
61	67	0.2742929756641388
61	68	0.6597028374671936
62	0	0.6597028374671936
62	1	0.6766949892044067
62	2	0.6597028374671936
62	3	-3.563366174697876
62	4	0.6597028374671936
62	5	0.6597028374671936
62	6	0.6597028374671936
62	7	0.6597028374671936
62	8	0.6597028374671936
62	9	0.6766949892044067
62	10	0.6597028374671936
62	11	0.6597028374671936
62	12	0.6597028374671936
62	13	0.6597028374671936
62	14	0.6597028374671936
62	15	0.6597028374671936
63	0	0.6597028374671936
63	1	0.6597028374671936
63	2	0.6766949892044067
63	3	-3.563366174697876
63	4	0.6597028374671936
63	5	0.6597028374671936
63	6	0.6597028374671936
63	7	0.6597028374671936
63	8	0.6597028374671936
63	9	0.6597028374671936
63	10	0.6597028374671936
63	11	0.6766949892044067
63	12	0.6597028374671936
63	13	0.6597028374671936
63	14	0.6597028374671936
63	15	0.6597028374671936
64	0	0.6766949892044067
64	1	0.6766949892044067
64	2	0.6597028374671936
64	3	0.6597028374671936
64	4	0.6597028374671936
64	5	0.6766949892044067
64	6	0.6597028374671936
64	7	-3.563366174697876
64	8	0.6597028374671936
64	9	-3.563366174697876
65	0	0.6597028374671936
65	1	0.6597028374671936
65	2	0.6766949892044067
65	3	0.6766949892044067
65	4	0.6766949892044067
65	5	0.6766949892044067
65	6	0.6597028374671936
65	7	0.6597028374671936
65	8	-3.563366174697876
65	9	-3.563366174697876
66	0	0.6597028374671936
66	1	0.6766949892044067
66	2	0.6597028374671936
66	3	0.6597028374671936
66	4	0.6766949892044067
66	5	0.6766949892044067
66	6	0.6597028374671936
66	7	-3.563366174697876
66	8	0.6597028374671936
66	9	-3.563366174697876
67	0	0.6766949892044067
67	1	0.6597028374671936
67	2	0.6766949892044067
67	3	0.6766949892044067
67	4	0.6766949892044067
67	5	-3.563366174697876
67	6	-0.661156952381134
67	7	-0.6643018126487732
67	8	3.1447627544403076
67	9	-0.6643018126487732
67	10	-3.563366174697876
67	11	0.6597028374671936
68	0	0.6597028374671936
68	1	0.6597028374671936
68	2	0.6766949892044067
68	3	-3.563366174697876
68	4	3.151170492172241
68	5	3.151170492172241
68	6	3.151170492172241
68	7	3.151170492172241
68	8	3.151170492172241
68	9	3.151170492172241
68	10	3.151170492172241
68	11	3.151170492172241
68	12	3.151170492172241
68	13	3.151170492172241
68	14	-0.6579535007476807
68	15	3.151170492172241
69	0	0.6597028374671936
69	1	0.6597028374671936
69	2	-3.563366174697876
69	3	0.6766949892044067
69	4	0.6597028374671936
69	5	0.6597028374671936
69	6	0.6597028374671936
69	7	0.6597028374671936
69	8	0.6597028374671936
69	9	0.6597028374671936
69	10	0.6597028374671936
69	11	0.6597028374671936
69	12	0.6597028374671936
69	13	0.6766949892044067
69	14	0.6597028374671936
69	15	0.6597028374671936
70	0	0.6766949892044067
70	1	0.6597028374671936
70	2	0.6597028374671936
70	3	-3.563366174697876
70	4	0.6597028374671936
70	5	0.6597028374671936
70	6	0.6597028374671936
70	7	0.6597028374671936
70	8	0.6597028374671936
70	9	0.6597028374671936
70	10	0.6766949892044067
70	11	0.6597028374671936
70	12	0.6597028374671936
70	13	0.6597028374671936
70	14	0.6597028374671936
70	15	0.6597028374671936
71	0	3.151170492172241
71	1	-0.6643018126487732
71	2	3.151170492172241
71	3	-0.6643018126487732
71	4	0.6597028374671936
71	5	0.6766949892044067
71	6	-0.6643018126487732
71	7	0.6597028374671936
72	0	0.6766949892044067
72	1	0.6597028374671936
72	2	0.6597028374671936
72	3	-3.563366174697876
72	4	0.6766949892044067
72	5	0.6597028374671936
73	0	3.176060438156128
73	1	-3.5601418018341064
73	2	-3.563366174697876
73	3	-0.636266827583313
73	4	3.176060438156128
73	5	3.176060438156128
74	0	-0.6643018126487732
74	1	-2.138718366622925
74	2	2.097477912902832
74	3	-2.138718366622925
74	4	-2.138718366622925
74	5	-0.8451852202415466
75	0	0.6597028374671936
75	1	-0.8451852202415466
75	2	0.6766949892044067
75	3	0.6597028374671936
75	4	0.6597028374671936
75	5	-3.563366174697876
75	6	1.1002182960510254
75	7	0.2742929756641388
76	0	0.6597028374671936
76	1	0.6597028374671936
76	2	-3.563366174697876
76	3	0.6597028374671936
76	4	0.6597028374671936
76	5	0.6766949892044067
77	0	-0.6579535007476807
77	1	-0.8451852202415466
77	2	-0.6643018126487732
77	3	-0.6643018126487732
77	4	-0.661156952381134
77	5	-0.6643018126487732
77	6	-0.6643018126487732
77	7	0.6766949892044067
77	8	-0.6643018126487732
77	9	-2.138718366622925
77	10	3.151170492172241
77	11	0.6597028374671936
77	12	-3.563366174697876
77	13	-0.6643018126487732
77	14	-0.6579535007476807
77	15	0.6766949892044067
78	0	-0.8451852202415466
78	1	0.12064766883850098
78	2	-0.6643018126487732
78	3	-0.661156952381134
78	4	1.0750796794891357
78	5	0.12379252910614014
78	6	3.151170492172241
78	7	3.151170492172241
78	8	-3.5601418018341064
78	9	3.151170492172241
78	10	2.6147942543029785
78	11	1.1113548278808594
78	12	-0.4348643720149994
78	13	-0.6579535007476807
78	14	0.2742929756641388
78	15	0.48907461762428284
78	16	2.971130609512329
78	17	0.2742929756641388
78	18	2.971130609512329
78	19	-1.7283974885940552
78	20	3.151170492172241
78	21	0.2742929756641388
78	22	3.151170492172241
78	23	1.858421802520752
78	24	2.971130609512329
78	25	2.971130609512329
78	26	-3.5601418018341064
78	27	3.151170492172241
78	28	3.151170492172241
78	29	2.971130609512329
78	30	2.971130609512329
78	31	-0.8451852202415466
78	32	3.141618013381958
78	33	-0.6643018126487732
78	34	-0.8451852202415466
78	35	3.141618013381958
78	36	-0.6643018126487732
78	37	-0.3978363275527954
78	38	-0.6643018126487732
78	39	-0.6579535007476807
78	40	0.2742929756641388
79	0	-3.563366174697876
79	1	0.6766949892044067
79	2	0.6597028374671936
79	3	0.6597028374671936
79	4	0.6597028374671936
79	5	0.6597028374671936
79	6	0.6597028374671936
79	7	0.6597028374671936
79	8	0.6597028374671936
79	9	0.6597028374671936
79	10	0.6597028374671936
79	11	0.6597028374671936
79	12	0.6766949892044067
79	13	0.6597028374671936
79	14	0.6597028374671936
79	15	0.6597028374671936
80	0	0.6597028374671936
80	1	0.6597028374671936
80	2	0.6766949892044067
80	3	0.6766949892044067
80	4	0.6597028374671936
80	5	0.6597028374671936
80	6	0.6597028374671936
80	7	0.6766949892044067
80	8	-3.563366174697876
80	9	0.6597028374671936
80	10	-3.563366174697876
81	0	0.6597028374671936
81	1	0.6766949892044067
81	2	0.6766949892044067
81	3	0.6766949892044067
81	4	0.6766949892044067
81	5	-3.563366174697876
81	6	0.6597028374671936
81	7	0.6597028374671936
82	0	0.6766949892044067
82	1	0.6766949892044067
82	2	0.6766949892044067
82	3	0.6597028374671936
82	4	0.6597028374671936
82	5	0.6597028374671936
82	6	-3.563366174697876
82	7	0.6766949892044067
83	0	0.6597028374671936
83	1	0.6597028374671936
83	2	0.6597028374671936
83	3	0.6766949892044067
83	4	0.6766949892044067
83	5	0.6766949892044067
83	6	0.6766949892044067
83	7	0.6597028374671936
83	8	-3.563366174697876
83	9	0.6597028374671936
83	10	-3.563366174697876
84	0	0.6597028374671936
84	1	0.6766949892044067
84	2	0.6597028374671936
84	3	0.6597028374671936
84	4	0.6766949892044067
84	5	0.6597028374671936
84	6	-3.563366174697876
84	7	-3.563366174697876
84	8	0.6597028374671936
84	9	0.6766949892044067
84	10	0.6597028374671936
85	0	0.6597028374671936
85	1	0.6597028374671936
85	2	0.6766949892044067
85	3	0.6766949892044067
85	4	0.6597028374671936
85	5	0.6766949892044067
85	6	-3.563366174697876
85	7	-3.563366174697876
85	8	0.6597028374671936
85	9	0.6766949892044067
85	10	0.6597028374671936
86	0	0.6597028374671936
86	1	0.6597028374671936
86	2	0.6766949892044067
86	3	0.6766949892044067
86	4	0.6766949892044067
86	5	0.6597028374671936
87	0	0.6597028374671936
87	1	0.6597028374671936
87	2	0.6597028374671936
87	3	0.6766949892044067
87	4	0.6766949892044067
87	5	0.6766949892044067
87	6	0.6597028374671936
87	7	-3.563366174697876
87	8	-3.563366174697876
87	9	0.6766949892044067
87	10	0.6597028374671936
88	0	0.6597028374671936
88	1	0.6766949892044067
88	2	0.6766949892044067
88	3	0.6766949892044067
88	4	0.6597028374671936
88	5	0.6597028374671936
88	6	-3.563366174697876
88	7	0.6766949892044067
89	0	0.6766949892044067
89	1	0.6766949892044067
89	2	0.6597028374671936
89	3	0.6766949892044067
89	4	-3.563366174697876
89	5	0.6597028374671936
89	6	0.6597028374671936
89	7	0.6766949892044067
90	0	0.6597028374671936
90	1	0.6597028374671936
90	2	0.6766949892044067
90	3	0.6597028374671936
90	4	0.6766949892044067
90	5	0.6766949892044067
90	6	-3.563366174697876
90	7	0.6766949892044067
90	8	0.6597028374671936
90	9	-3.563366174697876
90	10	0.6597028374671936
91	0	0.6597028374671936
91	1	0.6597028374671936
91	2	0.6766949892044067
91	3	0.6766949892044067
91	4	0.6766949892044067
91	5	0.6597028374671936
92	0	0.6597028374671936
92	1	0.6597028374671936
92	2	0.6597028374671936
92	3	0.6766949892044067
92	4	0.6766949892044067
92	5	0.6766949892044067
92	6	0.6597028374671936
92	7	-3.563366174697876
92	8	0.6597028374671936
92	9	0.6597028374671936
92	10	0.6766949892044067
92	11	-3.563366174697876
93	0	0.6597028374671936
93	1	0.6766949892044067
93	2	0.6597028374671936
93	3	0.6766949892044067
93	4	0.6766949892044067
93	5	0.6597028374671936
93	6	0.6597028374671936
93	7	-3.563366174697876
93	8	0.6597028374671936
93	9	0.6766949892044067
93	10	-3.563366174697876
93	11	0.6597028374671936
94	0	0.6766949892044067
94	1	0.6766949892044067
94	2	0.6766949892044067
94	3	0.6766949892044067
94	4	0.6597028374671936
94	5	0.6597028374671936
94	6	0.6597028374671936
94	7	0.6597028374671936
94	8	0.6766949892044067
94	9	-3.563366174697876
94	10	-3.563366174697876
94	11	0.6597028374671936
95	0	0.6766949892044067
95	1	0.6766949892044067
95	2	0.6597028374671936
95	3	0.6766949892044067
95	4	0.6766949892044067
95	5	0.6597028374671936
95	6	0.6597028374671936
95	7	-3.563366174697876
96	0	3.1447627544403076
96	1	-0.6643018126487732
96	2	-0.6643018126487732
96	3	3.141618013381958
96	4	0.6766949892044067
96	5	0.6766949892044067
96	6	0.6766949892044067
96	7	0.6597028374671936
96	8	0.6766949892044067
96	9	0.6597028374671936
96	10	-3.563366174697876
96	11	0.6597028374671936
96	12	-0.8451852202415466
96	13	-2.138718366622925
96	14	0.6597028374671936
96	15	-0.8451852202415466
96	16	-0.8451852202415466
96	17	-2.138718366622925
96	18	-0.8451852202415466
96	19	0.2742929756641388
96	20	0.7216418385505676
96	21	-0.8451852202415466
96	22	-0.8451852202415466
96	23	0.2742929756641388
96	24	0.6597028374671936
96	25	0.2742929756641388
96	26	0.2742929756641388
96	27	-0.6443625688552856
96	28	1.7522776126861572
96	29	0.2742929756641388
96	30	0.2742929756641388
96	31	-2.138718366622925
96	32	-2.138718366622925
96	33	-2.138718366622925
96	34	0.2742929756641388
96	35	-2.138718366622925
96	36	0.6597028374671936
97	0	0.6597028374671936
97	1	0.6597028374671936
97	2	0.6597028374671936
97	3	0.6766949892044067
97	4	0.6766949892044067
97	5	0.6597028374671936
97	6	0.6597028374671936
98	0	0.6597028374671936
98	1	0.6597028374671936
98	2	0.6597028374671936
98	3	0.6766949892044067
98	4	0.6766949892044067
98	5	0.6597028374671936
98	6	0.6597028374671936
99	0	1.1002182960510254
99	1	-0.8451852202415466
99	2	-3.563366174697876
99	3	-0.6443625688552856
99	4	0.6597028374671936
99	5	0.6766949892044067
99	6	-0.6443625688552856
100	0	2.6147942543029785
100	1	3.176060438156128
100	2	-1.7283974885940552
100	3	3.176060438156128
100	4	0.2742929756641388
100	5	2.971130609512329
100	6	1.1113548278808594
100	7	-0.4348643720149994
100	8	0.2742929756641388
100	9	3.176060438156128
100	10	2.971130609512329
100	11	1.1009188890457153
100	12	2.6259305477142334
100	13	2.971130609512329
100	14	2.6259305477142334
100	15	1.858421802520752
100	16	0.48907461762428284
100	17	0.2742929756641388
100	18	0.2742929756641388
100	19	3.151170492172241
100	20	2.971130609512329
101	0	-0.661156952381134
101	1	-3.5601418018341064
101	2	0.6597028374671936
101	3	0.6597028374671936
101	4	3.151170492172241
101	5	0.6766949892044067
101	6	0.12379252910614014
101	7	3.151170492172241
101	8	3.151170492172241
102	0	0.6597028374671936
102	1	0.6597028374671936
102	2	0.6597028374671936
102	3	-3.563366174697876
102	4	0.6766949892044067
102	5	0.6597028374671936
102	6	0.6766949892044067
102	7	0.6597028374671936
102	8	0.6597028374671936
103	0	0.6597028374671936
103	1	0.6597028374671936
103	2	0.6597028374671936
103	3	-3.563366174697876
103	4	0.6597028374671936
103	5	0.6766949892044067
103	6	0.6766949892044067
103	7	0.6597028374671936
103	8	0.6766949892044067
103	9	3.151170492172241
103	10	0.6597028374671936
103	11	0.6597028374671936
104	0	0.6597028374671936
104	1	0.6597028374671936
104	2	0.6597028374671936
104	3	0.6766949892044067
104	4	-3.563366174697876
104	5	0.6597028374671936
104	6	0.6597028374671936
105	0	0.6597028374671936
105	1	0.6597028374671936
105	2	0.6766949892044067
105	3	-3.563366174697876
105	4	0.6597028374671936
105	5	0.6597028374671936
105	6	0.6597028374671936
105	7	0.6766949892044067
105	8	0.6597028374671936
106	0	0.6597028374671936
106	1	3.151170492172241
106	2	3.151170492172241
106	3	0.6597028374671936
106	4	0.6766949892044067
106	5	0.6597028374671936
106	6	-3.563366174697876
106	7	0.6597028374671936
106	8	0.6597028374671936
106	9	0.6597028374671936
106	10	0.6766949892044067
106	11	0.6597028374671936
107	0	0.6597028374671936
107	1	3.3605966567993164
107	2	-3.563366174697876
107	3	0.6597028374671936
107	4	0.6597028374671936
107	5	0.6597028374671936
107	6	0.6766949892044067
107	7	0.6597028374671936
107	8	0.6766949892044067
107	9	0.6597028374671936
107	10	0.6597028374671936
107	11	0.6597028374671936
108	0	0.6597028374671936
108	1	0.6597028374671936
108	2	0.6597028374671936
108	3	0.6597028374671936
108	4	-0.6579535007476807
108	5	-3.563366174697876
108	6	0.6597028374671936
108	7	0.6597028374671936
108	8	0.6597028374671936
108	9	0.6766949892044067
108	10	0.6597028374671936
108	11	0.6766949892044067
108	12	0.6597028374671936
109	0	0.6597028374671936
109	1	0.6597028374671936
109	2	3.151170492172241
109	3	0.6597028374671936
109	4	0.6597028374671936
109	5	0.6597028374671936
109	6	3.151170492172241
109	7	-3.563366174697876
109	8	0.6597028374671936
109	9	0.6766949892044067
109	10	0.6597028374671936
109	11	0.6597028374671936
109	12	0.6597028374671936
109	13	0.6766949892044067
109	14	0.6597028374671936
110	0	0.6597028374671936
110	1	0.6597028374671936
110	2	0.6597028374671936
110	3	0.6597028374671936
110	4	0.6597028374671936
110	5	0.6597028374671936
110	6	0.6597028374671936
110	7	0.6766949892044067
110	8	0.6597028374671936
110	9	-3.563366174697876
110	10	0.6597028374671936
110	11	0.6766949892044067
110	12	0.6597028374671936
110	13	0.6597028374671936
110	14	0.6766949892044067
111	0	-0.6579535007476807
111	1	0.6597028374671936
111	2	0.6597028374671936
111	3	0.6597028374671936
111	4	0.6597028374671936
111	5	0.6597028374671936
111	6	0.6597028374671936
111	7	-3.563366174697876
111	8	0.6766949892044067
111	9	0.6597028374671936
111	10	0.6597028374671936
111	11	0.6597028374671936
112	0	0.6597028374671936
112	1	0.6597028374671936
112	2	0.6597028374671936
112	3	0.6597028374671936
112	4	0.6766949892044067
112	5	0.6597028374671936
112	6	-3.563366174697876
112	7	0.6597028374671936
112	8	0.6597028374671936
112	9	0.6597028374671936
112	10	0.6597028374671936
112	11	0.6597028374671936
113	0	3.176060438156128
113	1	3.151170492172241
113	2	3.151170492172241
113	3	3.151170492172241
113	4	3.385486602783203
113	5	-0.6579535007476807
113	6	3.176060438156128
113	7	3.176060438156128
113	8	3.176060438156128
113	9	3.176060438156128
113	10	0.6597028374671936
113	11	3.151170492172241
113	12	3.176060438156128
113	13	3.151170492172241
113	14	3.176060438156128
113	15	3.151170492172241
113	16	-3.5601418018341064
113	17	3.176060438156128
113	18	3.151170492172241
113	19	3.151170492172241
113	20	-3.5601418018341064
113	21	3.151170492172241
113	22	3.151170492172241
113	23	-3.563366174697876
113	24	-0.636266827583313
113	25	3.176060438156128
113	26	3.151170492172241
113	27	3.151170492172241
113	28	-0.661156952381134
114	0	0.6766949892044067
114	1	0.6597028374671936
114	2	0.6597028374671936
114	3	0.6597028374671936
114	4	0.6597028374671936
114	5	-3.563366174697876
114	6	0.6597028374671936
114	7	0.6597028374671936
114	8	0.6597028374671936
114	9	0.6597028374671936
114	10	0.6597028374671936
114	11	0.6766949892044067
114	12	0.6597028374671936
115	0	0.6597028374671936
115	1	0.6597028374671936
115	2	-3.563366174697876
115	3	0.6766949892044067
115	4	0.6597028374671936
115	5	0.6597028374671936
115	6	0.6597028374671936
115	7	0.6597028374671936
115	8	0.6597028374671936
115	9	0.6597028374671936
115	10	0.6597028374671936
115	11	0.6597028374671936
116	0	1.0567643642425537
116	1	0.6597028374671936
116	2	0.6597028374671936
116	3	0.6766949892044067
116	4	1.0567643642425537
116	5	0.6597028374671936
116	6	-3.563366174697876
116	7	0.6597028374671936
116	8	0.6597028374671936
116	9	0.6597028374671936
116	10	0.6597028374671936
116	11	0.6597028374671936
116	12	0.6597028374671936
116	13	0.6597028374671936
116	14	0.6766949892044067
116	15	1.0567643642425537
117	0	0.6597028374671936
117	1	0.6597028374671936
117	2	-3.563366174697876
117	3	0.6597028374671936
117	4	0.6597028374671936
117	5	0.6597028374671936
117	6	0.6597028374671936
117	7	0.6597028374671936
117	8	0.6597028374671936
117	9	0.6597028374671936
117	10	0.6597028374671936
117	11	0.6766949892044067
118	0	-3.563366174697876
118	1	0.6597028374671936
118	2	0.6597028374671936
118	3	0.6597028374671936
118	4	0.6597028374671936
118	5	0.6597028374671936
118	6	0.6597028374671936
118	7	0.6597028374671936
118	8	0.6766949892044067
118	9	0.6597028374671936
118	10	0.6597028374671936
118	11	0.6597028374671936
118	12	0.6597028374671936
118	13	3.151170492172241
118	14	0.6597028374671936
118	15	0.6766949892044067
118	16	-2.138718366622925
118	17	-0.8451852202415466
119	0	0.6597028374671936
119	1	0.6766949892044067
119	2	0.6597028374671936
119	3	0.6597028374671936
119	4	0.6597028374671936
119	5	0.6597028374671936
119	6	-3.563366174697876
119	7	0.6597028374671936
119	8	0.6597028374671936
119	9	0.6597028374671936
119	10	0.6597028374671936
119	11	0.6597028374671936
120	0	-3.563366174697876
120	1	0.6597028374671936
120	2	0.6597028374671936
120	3	0.6766949892044067
120	4	0.6597028374671936
120	5	0.6597028374671936
120	6	0.6597028374671936
120	7	0.6597028374671936
120	8	0.6597028374671936
120	9	0.6597028374671936
120	10	0.6597028374671936
120	11	0.6597028374671936
120	12	0.6597028374671936
120	13	-3.5601418018341064
120	14	3.151170492172241
120	15	0.6597028374671936
120	16	3.151170492172241
120	17	3.151170492172241
120	18	3.151170492172241
120	19	0.6597028374671936
121	0	0.6597028374671936
121	1	0.6766949892044067
121	2	0.6597028374671936
121	3	-3.563366174697876
121	4	0.6597028374671936
121	5	0.6597028374671936
121	6	0.6597028374671936
121	7	0.6597028374671936
121	8	0.6597028374671936
121	9	0.6597028374671936
121	10	0.6597028374671936
121	11	0.6597028374671936
121	12	0.6597028374671936
121	13	0.6597028374671936
121	14	0.6597028374671936
121	15	0.6597028374671936
121	16	0.6597028374671936
121	17	0.6597028374671936
121	18	0.6597028374671936
121	19	0.6766949892044067
122	0	-3.563366174697876
122	1	0.6766949892044067
122	2	0.6597028374671936
122	3	0.6597028374671936
122	4	0.6597028374671936
122	5	0.6597028374671936
122	6	0.6597028374671936
122	7	0.6597028374671936
122	8	0.6597028374671936
122	9	0.6597028374671936
122	10	0.6597028374671936
122	11	0.6597028374671936
122	12	0.6597028374671936
122	13	0.6597028374671936
122	14	0.6597028374671936
122	15	0.6597028374671936
122	16	0.6766949892044067
122	17	0.6597028374671936
122	18	0.6597028374671936
122	19	0.6597028374671936
123	0	0.6766949892044067
123	1	0.6597028374671936
123	2	0.6597028374671936
123	3	-3.563366174697876
123	4	0.6597028374671936
123	5	0.6597028374671936
123	6	0.6597028374671936
123	7	0.6597028374671936
123	8	0.6597028374671936
123	9	0.6597028374671936
123	10	0.6597028374671936
123	11	0.6597028374671936
123	12	0.6597028374671936
123	13	0.6597028374671936
123	14	0.6597028374671936
123	15	0.6597028374671936
123	16	0.6597028374671936
123	17	0.6766949892044067
123	18	0.6597028374671936
123	19	0.6597028374671936
124	0	0.6597028374671936
124	1	0.6597028374671936
124	2	0.6766949892044067
124	3	-3.563366174697876
124	4	0.6597028374671936
124	5	0.6766949892044067
124	6	0.6597028374671936
124	7	0.6597028374671936
124	8	0.6597028374671936
124	9	0.6597028374671936
124	10	0.6597028374671936
124	11	0.6597028374671936
124	12	0.6597028374671936
124	13	0.6597028374671936
124	14	0.6597028374671936
124	15	0.6597028374671936
124	16	0.6597028374671936
124	17	0.6597028374671936
124	18	0.6597028374671936
124	19	0.6597028374671936
125	0	0.6597028374671936
125	1	0.6597028374671936
125	2	0.6766949892044067
125	3	-3.563366174697876
125	4	0.6766949892044067
125	5	0.6597028374671936
125	6	0.6597028374671936
125	7	0.6597028374671936
125	8	0.6597028374671936
125	9	0.6597028374671936
125	10	0.6597028374671936
125	11	0.6597028374671936
125	12	0.6597028374671936
125	13	0.6597028374671936
125	14	0.6597028374671936
125	15	0.6597028374671936
125	16	0.6597028374671936
125	17	0.6597028374671936
125	18	0.6597028374671936
125	19	0.6597028374671936
126	0	0.6597028374671936
126	1	0.6597028374671936
126	2	0.6766949892044067
126	3	-3.563366174697876
126	4	0.6597028374671936
126	5	0.6597028374671936
126	6	0.6597028374671936
126	7	0.6597028374671936
126	8	0.6597028374671936
126	9	0.6597028374671936
126	10	0.6597028374671936
126	11	0.6597028374671936
126	12	0.6597028374671936
126	13	0.6597028374671936
126	14	0.6597028374671936
126	15	0.6597028374671936
126	16	0.6597028374671936
126	17	0.6597028374671936
126	18	0.6597028374671936
126	19	0.6766949892044067
126	20	-2.138718366622925
126	21	-2.138718366622925
126	22	-2.138718366622925
126	23	-0.8451852202415466
127	0	0.6766949892044067
127	1	0.6766949892044067
127	2	0.6766949892044067
127	3	0.6597028374671936
127	4	0.6597028374671936
127	5	0.6597028374671936
127	6	0.6597028374671936
127	7	-3.563366174697876
128	0	0.6766949892044067
128	1	0.6766949892044067
128	2	0.6766949892044067
128	3	0.6597028374671936
128	4	0.6597028374671936
128	5	-3.563366174697876
128	6	0.6597028374671936
128	7	0.6766949892044067
129	0	0.6766949892044067
129	1	0.6766949892044067
129	2	0.6597028374671936
129	3	0.6766949892044067
129	4	0.6766949892044067
129	5	0.6597028374671936
129	6	0.6597028374671936
129	7	-3.563366174697876
130	0	0.6766949892044067
130	1	0.6597028374671936
130	2	0.6766949892044067
130	3	0.6766949892044067
130	4	0.6597028374671936
130	5	-3.563366174697876
130	6	0.6597028374671936
130	7	0.6597028374671936
131	0	0.6766949892044067
131	1	0.6766949892044067
131	2	0.6766949892044067
131	3	0.6597028374671936
131	4	0.6766949892044067
131	5	-3.563366174697876
131	6	0.6597028374671936
131	7	0.6597028374671936
132	0	0.6766949892044067
132	1	0.6766949892044067
132	2	0.6597028374671936
132	3	0.6766949892044067
132	4	-3.563366174697876
132	5	0.6597028374671936
132	6	0.6597028374671936
132	7	0.6766949892044067
133	0	-0.8451852202415466
133	1	0.6766949892044067
133	2	0.6597028374671936
133	3	0.6766949892044067
133	4	0.6766949892044067
133	5	-2.138718366622925
133	6	-0.661156952381134
133	7	-2.138718366622925
134	0	0.6766949892044067
134	1	0.6597028374671936
134	2	0.6597028374671936
134	3	0.6766949892044067
134	4	-3.563366174697876
134	5	0.6597028374671936
134	6	0.6597028374671936
134	7	0.6766949892044067
135	0	0.6766949892044067
135	1	0.6597028374671936
135	2	0.6766949892044067
135	3	0.6766949892044067
135	4	0.6766949892044067
135	5	0.6597028374671936
135	6	0.6597028374671936
135	7	-3.563366174697876
136	0	0.6766949892044067
136	1	0.6766949892044067
136	2	0.6597028374671936
136	3	0.6766949892044067
136	4	-3.563366174697876
136	5	0.6597028374671936
136	6	0.6597028374671936
136	7	0.6766949892044067
137	0	0.6766949892044067
137	1	0.6766949892044067
137	2	0.6597028374671936
137	3	0.6766949892044067
137	4	-3.563366174697876
137	5	0.6597028374671936
137	6	0.6597028374671936
137	7	0.6766949892044067
138	0	0.6597028374671936
138	1	-0.8451852202415466
138	2	-0.8451852202415466
138	3	0.6766949892044067
138	4	0.6766949892044067
138	5	0.6766949892044067
138	6	0.2742929756641388
139	0	0.6597028374671936
139	1	0.6766949892044067
139	2	0.6766949892044067
139	3	0.6766949892044067
139	4	0.6766949892044067
139	5	-3.563366174697876
139	6	0.6597028374671936
139	7	0.6597028374671936
140	0	0.6766949892044067
140	1	0.6597028374671936
140	2	0.6766949892044067
140	3	0.6766949892044067
140	4	-3.563366174697876
140	5	0.6597028374671936
140	6	0.6597028374671936
140	7	0.6766949892044067
141	0	0.6766949892044067
141	1	0.6766949892044067
141	2	0.6597028374671936
141	3	0.6766949892044067
141	4	0.6766949892044067
141	5	0.6597028374671936
141	6	-3.563366174697876
141	7	0.6597028374671936
142	0	3.151170492172241
142	1	0.6766949892044067
142	2	3.151170492172241
142	3	3.151170492172241
142	4	3.151170492172241
142	5	-3.563366174697876
142	6	3.151170492172241
142	7	3.3605966567993164
142	8	3.151170492172241
142	9	3.151170492172241
142	10	3.151170492172241
142	11	0.6597028374671936
142	12	0.6597028374671936
142	13	3.151170492172241
142	14	-0.661156952381134
142	15	-0.8451852202415466
143	0	0.6597028374671936
143	1	0.6597028374671936
143	2	0.6597028374671936
143	3	1.1002182960510254
143	4	0.6597028374671936
143	5	0.6597028374671936
143	6	0.6597028374671936
143	7	0.6766949892044067
143	8	0.6597028374671936
143	9	0.6597028374671936
143	10	-3.563366174697876
143	11	0.6597028374671936
143	12	0.6597028374671936
143	13	0.6597028374671936
144	0	0.6766949892044067
144	1	0.6597028374671936
144	2	0.6766949892044067
144	3	0.6766949892044067
144	4	0.6766949892044067
144	5	0.6597028374671936
144	6	-3.563366174697876
144	7	0.6597028374671936
145	0	-3.563366174697876
145	1	0.6597028374671936
145	2	0.6597028374671936
145	3	0.6597028374671936
145	4	0.6597028374671936
145	5	0.6597028374671936
145	6	0.6766949892044067
145	7	0.6597028374671936
145	8	0.6597028374671936
145	9	0.6597028374671936
145	10	0.6597028374671936
145	11	0.6597028374671936
145	12	0.6597028374671936
145	13	0.6597028374671936
145	14	0.6597028374671936
145	15	0.6766949892044067
146	0	0.6766949892044067
146	1	0.6766949892044067
146	2	0.6597028374671936
146	3	0.6766949892044067
146	4	-3.563366174697876
146	5	0.6597028374671936
146	6	0.6597028374671936
146	7	0.6766949892044067
147	0	0.6597028374671936
147	1	0.6766949892044067
147	2	0.6766949892044067
147	3	0.6766949892044067
147	4	0.6766949892044067
147	5	0.6597028374671936
147	6	0.6597028374671936
147	7	-3.563366174697876
148	0	0.6766949892044067
148	1	0.6766949892044067
148	2	0.6597028374671936
148	3	0.6766949892044067
148	4	0.6597028374671936
148	5	-3.563366174697876
148	6	0.6597028374671936
148	7	0.6597028374671936
149	0	0.6766949892044067
149	1	0.6766949892044067
149	2	0.6597028374671936
149	3	0.6766949892044067
149	4	-3.563366174697876
149	5	0.6597028374671936
149	6	0.6597028374671936
149	7	0.6766949892044067
150	0	-0.6643018126487732
150	1	0.6766949892044067
150	2	3.141618013381958
150	3	0.6766949892044067
150	4	-3.5601418018341064
150	5	3.151170492172241
150	6	3.151170492172241
150	7	3.141618013381958
151	0	0.6766949892044067
151	1	0.6766949892044067
151	2	0.6766949892044067
151	3	0.6597028374671936
151	4	0.6766949892044067
151	5	-3.563366174697876
151	6	0.6597028374671936
151	7	0.6597028374671936
152	0	0.6766949892044067
152	1	0.6766949892044067
152	2	0.6766949892044067
152	3	0.6597028374671936
152	4	0.6597028374671936
152	5	0.6597028374671936
152	6	0.6597028374671936
152	7	-3.563366174697876
153	0	-0.8451852202415466
153	1	-0.8451852202415466
153	2	0.6597028374671936
153	3	0.6766949892044067
153	4	0.6766949892044067
153	5	0.6597028374671936
153	6	0.2742929756641388
153	7	0.6597028374671936
153	8	-3.563366174697876
153	9	-0.8451852202415466
153	10	-0.661156952381134
153	11	-0.8451852202415466
153	12	-0.8451852202415466
153	13	-2.138718366622925
154	0	-0.8451852202415466
154	1	-2.138718366622925
154	2	-0.8451852202415466
154	3	0.6766949892044067
154	4	0.6766949892044067
154	5	0.6597028374671936
154	6	0.6766949892044067
154	7	-2.138718366622925
154	8	0.6597028374671936
154	9	0.6766949892044067
154	10	0.6766949892044067
154	11	0.6766949892044067
154	12	0.6597028374671936
154	13	0.6597028374671936
154	14	0.6597028374671936
154	15	0.6597028374671936
154	16	-3.563366174697876
154	17	-3.563366174697876
155	0	0.6766949892044067
155	1	0.6766949892044067
155	2	-0.6394117474555969
155	3	3.1665079593658447
155	4	0.6597028374671936
155	5	0.6597028374671936
155	6	-3.563366174697876
155	7	0.6766949892044067
156	0	0.6766949892044067
156	1	0.6597028374671936
156	2	-0.8451852202415466
156	3	0.6766949892044067
156	4	-0.8451852202415466
156	5	-2.138718366622925
157	0	0.6597028374671936
157	1	0.6766949892044067
157	2	3.1665079593658447
157	3	0.6766949892044067
157	4	0.6597028374671936
157	5	0.6766949892044067
157	6	3.172856330871582
157	7	0.6597028374671936
157	8	-3.563366174697876
157	9	0.6766949892044067
157	10	0.6597028374671936
157	11	-3.563366174697876
157	12	-0.8451852202415466
158	0	0.6766949892044067
158	1	-2.138718366622925
158	2	-3.563366174697876
158	3	0.6766949892044067
158	4	0.6766949892044067
158	5	-0.6643018126487732
158	6	-0.6643018126487732
158	7	-0.8451852202415466
158	8	3.1447627544403076
158	9	-0.661156952381134
158	10	0.12064766883850098
158	11	0.6766949892044067
158	12	-3.563366174697876
158	13	0.6766949892044067
158	14	0.6766949892044067
158	15	0.6766949892044067
159	0	0.6597028374671936
159	1	0.6597028374671936
159	2	0.6766949892044067
159	3	0.6597028374671936
159	4	0.6766949892044067
159	5	0.6597028374671936
159	6	0.6766949892044067
160	0	-0.6443625688552856
160	1	0.2742929756641388
160	2	2.971130609512329
160	3	1.1113548278808594
160	4	-0.4348643720149994
160	5	2.971130609512329
160	6	0.2742929756641388
160	7	-1.7283974885940552
160	8	0.2742929756641388
160	9	-0.8451852202415466
160	10	2.6147942543029785
160	11	3.151170492172241
160	12	2.971130609512329
160	13	1.1002182960510254
160	14	2.971130609512329
160	15	2.971130609512329
160	16	2.971130609512329
160	17	3.151170492172241
160	18	0.48907461762428284
160	19	0.2742929756641388
160	20	1.1009188890457153
160	21	0.2742929756641388
160	22	1.858421802520752
161	0	3.176060438156128
161	1	3.176060438156128
161	2	3.385486602783203
161	3	3.176060438156128
161	4	3.176060438156128
161	5	3.176060438156128
161	6	3.176060438156128
161	7	3.176060438156128
161	8	3.176060438156128
161	9	3.176060438156128
161	10	3.176060438156128
161	11	-3.563366174697876
161	12	-0.6330634355545044
161	13	-0.6330634355545044
161	14	-3.563366174697876
161	15	3.176060438156128
161	16	3.176060438156128
161	17	3.176060438156128
161	18	-0.6330634355545044
161	19	3.176060438156128
161	20	-0.6330634355545044
161	21	3.176060438156128
161	22	3.176060438156128
162	0	0.12064766883850098
162	1	3.141618013381958
162	2	-0.6643018126487732
162	3	3.1447627544403076
162	4	-0.6643018126487732
162	5	3.151170492172241
162	6	-3.5601418018341064
162	7	0.6597028374671936
163	0	0.6766949892044067
163	1	0.6766949892044067
163	2	0.6766949892044067
163	3	0.6597028374671936
163	4	0.6597028374671936
163	5	-3.563366174697876
163	6	0.6597028374671936
163	7	0.6766949892044067
164	0	0.6766949892044067
164	1	-3.563366174697876
164	2	0.6597028374671936
164	3	0.6597028374671936
164	4	0.6597028374671936
164	5	-3.563366174697876
164	6	0.6597028374671936
164	7	0.6597028374671936
164	8	0.6766949892044067
164	9	0.6766949892044067
164	10	-0.6443625688552856
164	11	0.6597028374671936
164	12	0.6766949892044067
164	13	0.6597028374671936
164	14	0.6597028374671936
164	15	0.6597028374671936
164	16	0.6597028374671936
164	17	0.6597028374671936
164	18	0.6597028374671936
164	19	0.6597028374671936
165	0	0.6597028374671936
165	1	0.6766949892044067
165	2	0.6597028374671936
165	3	-3.563366174697876
165	4	0.6597028374671936
165	5	0.6597028374671936
165	6	0.6597028374671936
165	7	0.6597028374671936
165	8	0.6597028374671936
165	9	0.6597028374671936
165	10	0.6766949892044067
165	11	0.6597028374671936
165	12	0.6597028374671936
165	13	0.6597028374671936
165	14	0.6597028374671936
165	15	0.6597028374671936
165	16	0.6597028374671936
165	17	0.6597028374671936
165	18	0.6597028374671936
165	19	0.6597028374671936
166	0	-3.563366174697876
166	1	0.6597028374671936
166	2	0.6597028374671936
166	3	0.6766949892044067
166	4	0.6766949892044067
166	5	0.6597028374671936
166	6	0.6597028374671936
166	7	0.6597028374671936
166	8	0.6597028374671936
166	9	0.6597028374671936
166	10	0.6597028374671936
166	11	0.6597028374671936
166	12	0.6597028374671936
166	13	0.6597028374671936
166	14	0.6597028374671936
166	15	0.6597028374671936
166	16	0.6597028374671936
166	17	0.6597028374671936
166	18	0.6597028374671936
166	19	0.6597028374671936
166	20	3.141618013381958
166	21	3.141618013381958
166	22	3.147966146469116
166	23	0.6766949892044067
166	24	0.6766949892044067
167	0	0.6766949892044067
167	1	0.6766949892044067
167	2	0.6766949892044067
167	3	0.6597028374671936
167	4	0.6597028374671936
167	5	-3.563366174697876
167	6	0.6597028374671936
167	7	0.6597028374671936
168	0	0.6597028374671936
168	1	0.6766949892044067
168	2	0.6766949892044067
168	3	0.6766949892044067
168	4	0.6597028374671936
168	5	-3.563366174697876
168	6	0.6597028374671936
168	7	0.6597028374671936
169	0	0.6597028374671936
169	1	0.6766949892044067
169	2	0.6766949892044067
169	3	0.6766949892044067
169	4	0.6766949892044067
169	5	-3.563366174697876
169	6	0.6597028374671936
169	7	0.6597028374671936
170	0	0.6597028374671936
170	1	3.141618013381958
170	2	3.141618013381958
170	3	0.6766949892044067
170	4	0.6597028374671936
170	5	0.6766949892044067
170	6	3.147966146469116
171	0	0.6766949892044067
171	1	0.6766949892044067
171	2	0.6597028374671936
171	3	0.6766949892044067
171	4	0.6597028374671936
171	5	-3.563366174697876
171	6	0.6597028374671936
171	7	0.6597028374671936
172	0	-3.563366174697876
172	1	0.6766949892044067
172	2	0.6597028374671936
172	3	0.6766949892044067
172	4	0.6597028374671936
172	5	-3.563366174697876
172	6	0.6597028374671936
172	7	0.6597028374671936
173	0	0.6597028374671936
173	1	0.6766949892044067
173	2	0.6766949892044067
173	3	-3.563366174697876
173	4	-3.563366174697876
173	5	0.6597028374671936
173	6	0.6597028374671936
173	7	0.6597028374671936
174	0	0.6766949892044067
174	1	0.6766949892044067
174	2	0.6597028374671936
174	3	-3.563366174697876
174	4	0.6766949892044067
174	5	-3.563366174697876
174	6	0.6597028374671936
174	7	0.6597028374671936
175	0	3.141618013381958
175	1	0.6766949892044067
175	2	3.147966146469116
175	3	0.6766949892044067
175	4	0.6766949892044067
175	5	3.141618013381958
175	6	0.6597028374671936
175	7	0.6597028374671936
175	8	-3.563366174697876
175	9	-0.8451852202415466
175	10	0.6766949892044067
175	11	-0.8451852202415466
175	12	-0.8451852202415466
175	13	-0.8451852202415466
176	0	0.6766949892044067
176	1	0.6597028374671936
176	2	-3.563366174697876
176	3	0.6766949892044067
176	4	0.6597028374671936
176	5	-3.563366174697876
176	6	0.6597028374671936
176	7	0.6597028374671936
177	0	3.151170492172241
177	1	0.6766949892044067
177	2	3.151170492172241
177	3	-3.5601418018341064
177	4	-0.6443625688552856
177	5	0.2742929756641388
177	6	0.2742929756641388
177	7	-0.8451852202415466
177	8	2.6147942543029785
177	9	2.971130609512329
177	10	2.971130609512329
177	11	2.971130609512329
177	12	-0.6443625688552856
177	13	0.6766949892044067
177	14	2.971130609512329
177	15	0.2742929756641388
177	16	-1.7283974885940552
177	17	-0.4348643720149994
177	18	1.1113548278808594
177	19	0.48907461762428284
178	0	0.6766949892044067
178	1	0.6597028374671936
178	2	-3.563366174697876
178	3	0.6597028374671936
178	4	0.6597028374671936
178	5	0.6597028374671936
178	6	0.6597028374671936
178	7	0.6766949892044067
178	8	0.6597028374671936
178	9	0.6597028374671936
178	10	0.6597028374671936
178	11	0.6597028374671936
178	12	0.6597028374671936
178	13	0.6597028374671936
178	14	0.6597028374671936
178	15	0.6597028374671936
178	16	0.6597028374671936
178	17	0.6597028374671936
178	18	0.6597028374671936
178	19	0.6597028374671936
179	0	3.151170492172241
179	1	-0.8451852202415466
179	2	-0.8451852202415466
179	3	0.6766949892044067
179	4	-0.6643018126487732
179	5	3.141618013381958
179	6	0.2742929756641388
179	7	-0.8451852202415466
179	8	-3.5601418018341064
179	9	3.151170492172241
179	10	3.141618013381958
179	11	-3.5601418018341064
179	12	-2.138718366622925
179	13	-0.8451852202415466
179	14	-0.8451852202415466
179	15	-0.8451852202415466
180	0	0.6597028374671936
180	1	0.6597028374671936
180	2	0.6597028374671936
180	3	0.6766949892044067
180	4	0.6766949892044067
180	5	0.6597028374671936
180	6	0.6597028374671936
180	7	-3.563366174697876
180	8	0.6597028374671936
180	9	-3.563366174697876
180	10	-3.563366174697876
180	11	0.6597028374671936
180	12	0.6766949892044067
180	13	0.6597028374671936
180	14	0.6597028374671936
180	15	0.6766949892044067
181	0	0.6766949892044067
181	1	0.6766949892044067
181	2	0.6766949892044067
181	3	-3.563366174697876
181	4	0.6597028374671936
181	5	0.6597028374671936
181	6	-3.563366174697876
181	7	0.6597028374671936
182	0	-3.563366174697876
182	1	0.6766949892044067
182	2	0.6766949892044067
182	3	0.6597028374671936
182	4	-3.563366174697876
182	5	0.6597028374671936
182	6	0.6597028374671936
182	7	0.6597028374671936
183	0	0.6597028374671936
183	1	0.6766949892044067
183	2	0.6766949892044067
183	3	-3.563366174697876
183	4	0.6597028374671936
183	5	-3.563366174697876
183	6	0.6597028374671936
183	7	0.6597028374671936
184	0	0.6597028374671936
184	1	0.6597028374671936
184	2	0.6597028374671936
184	3	0.6766949892044067
184	4	0.6766949892044067
184	5	0.6766949892044067
184	6	0.6597028374671936
184	7	-3.563366174697876
184	8	0.6766949892044067
184	9	0.6597028374671936
184	10	0.6766949892044067
184	11	0.6766949892044067
184	12	0.6597028374671936
184	13	-3.563366174697876
185	0	0.6597028374671936
185	1	0.6597028374671936
185	2	0.6597028374671936
185	3	0.6597028374671936
185	4	0.6597028374671936
185	5	0.6766949892044067
185	6	0.6766949892044067
185	7	-3.563366174697876
185	8	0.6597028374671936
185	9	-3.563366174697876
185	10	0.6766949892044067
185	11	0.6597028374671936
185	12	0.6766949892044067
185	13	0.6766949892044067
186	0	-3.563366174697876
186	1	0.6766949892044067
186	2	0.6597028374671936
186	3	0.6597028374671936
186	4	3.151170492172241
186	5	3.151170492172241
186	6	3.151170492172241
186	7	3.151170492172241
186	8	3.151170492172241
186	9	3.151170492172241
186	10	3.151170492172241
186	11	3.151170492172241
186	12	3.151170492172241
186	13	3.151170492172241
186	14	3.151170492172241
186	15	3.151170492172241
186	16	3.3605966567993164
186	17	3.151170492172241
186	18	3.151170492172241
186	19	-0.6579535007476807
187	0	-0.6330634355545044
187	1	3.176060438156128
187	2	0.2742929756641388
187	3	1.858421802520752
187	4	2.971130609512329
187	5	3.176060438156128
187	6	0.2742929756641388
187	7	3.176060438156128
187	8	3.176060438156128
187	9	3.176060438156128
187	10	3.176060438156128
187	11	3.176060438156128
187	12	1.1009188890457153
187	13	3.176060438156128
187	14	3.176060438156128
187	15	3.176060438156128
187	16	3.176060438156128
187	17	3.176060438156128
187	18	1.1002182960510254
187	19	3.385486602783203
187	20	3.176060438156128
187	21	2.6259305477142334
187	22	3.176060438156128
187	23	3.176060438156128
187	24	-0.636266827583313
187	25	-3.5601418018341064
187	26	3.141618013381958
187	27	3.141618013381958
187	28	3.176060438156128
187	29	-0.6643018126487732
187	30	-0.6643018126487732
187	31	3.147966146469116
187	32	3.141618013381958
187	33	-3.5601418018341064
187	34	-3.5601418018341064
188	0	0.6766949892044067
188	1	0.6597028374671936
188	2	0.6597028374671936
188	3	0.6766949892044067
188	4	0.6766949892044067
188	5	0.6766949892044067
188	6	0.6597028374671936
189	0	0.6597028374671936
189	1	3.151170492172241
189	2	3.151170492172241
189	3	3.151170492172241
189	4	3.151170492172241
189	5	3.1479671001434326
189	6	3.151170492172241
189	7	3.151170492172241
189	8	3.151170492172241
189	9	3.151170492172241
189	10	3.151170492172241
189	11	3.151170492172241
189	12	3.1447627544403076
189	13	3.151170492172241
189	14	3.151170492172241
189	15	3.151170492172241
189	16	3.151170492172241
189	17	-3.5601418018341064
189	18	3.151170492172241
189	19	3.1479671001434326
189	20	3.151170492172241
189	21	-0.6579535007476807
189	22	3.151170492172241
189	23	3.151170492172241
189	24	-0.661156952381134
189	25	3.151170492172241
189	26	-3.5601418018341064
189	27	3.141618013381958
189	28	3.141618013381958
189	29	3.151170492172241
189	30	1.0750796794891357
189	31	-0.6643018126487732
189	32	3.141618013381958
190	0	0.6597028374671936
190	1	0.6597028374671936
190	2	0.6597028374671936
190	3	0.6597028374671936
190	4	0.6597028374671936
190	5	0.6597028374671936
190	6	0.6766949892044067
190	7	-3.563366174697876
190	8	0.6597028374671936
190	9	0.6597028374671936
190	10	0.6597028374671936
190	11	0.6597028374671936
190	12	0.6597028374671936
190	13	0.6597028374671936
190	14	0.6597028374671936
190	15	0.6766949892044067
190	16	0.6597028374671936
190	17	0.6597028374671936
190	18	0.6597028374671936
191	0	0.6597028374671936
191	1	0.6597028374671936
191	2	0.6597028374671936
191	3	0.6597028374671936
191	4	0.6597028374671936
191	5	0.6597028374671936
191	6	0.6597028374671936
191	7	0.6597028374671936
191	8	0.6766949892044067
191	9	0.6597028374671936
191	10	0.6597028374671936
191	11	0.6597028374671936
191	12	-3.563366174697876
192	0	3.151170492172241
192	1	3.147966146469116
192	2	3.151170492172241
192	3	3.151170492172241
192	4	3.151170492172241
192	5	-3.5601418018341064
192	6	3.151170492172241
192	7	3.1479671001434326
192	8	3.151170492172241
192	9	3.151170492172241
192	10	3.151170492172241
192	11	-0.6579535007476807
192	12	3.151170492172241
192	13	3.151170492172241
192	14	3.1447627544403076
192	15	3.151170492172241
192	16	3.151170492172241
192	17	3.151170492172241
192	18	3.151170492172241
192	19	3.151170492172241
192	20	3.1479671001434326
192	21	3.151170492172241
192	22	3.151170492172241
192	23	3.151170492172241
192	24	3.151170492172241
192	25	-0.661156952381134
192	26	-3.5601418018341064
193	0	0.6597028374671936
193	1	0.6597028374671936
193	2	0.6597028374671936
193	3	0.6597028374671936
193	4	0.6597028374671936
193	5	0.6597028374671936
193	6	0.6597028374671936
193	7	0.6597028374671936
193	8	-3.563366174697876
193	9	0.6597028374671936
193	10	0.6597028374671936
193	11	0.6766949892044067
193	12	0.6766949892044067
193	13	0.6597028374671936
194	0	-2.138718366622925
194	1	-2.138718366622925
194	2	0.6766949892044067
194	3	-0.661156952381134
194	4	-0.8451852202415466
194	5	-3.5601418018341064
194	6	-3.563366174697876
194	7	-0.8451852202415466
194	8	3.1447627544403076
195	0	-3.563366174697876
195	1	0.6766949892044067
195	2	0.6597028374671936
195	3	0.6766949892044067
195	4	-3.563366174697876
195	5	-3.563366174697876
195	6	0.6597028374671936
195	7	0.6597028374671936
195	8	0.6597028374671936
196	0	-3.563366174697876
196	1	0.6597028374671936
196	2	0.6597028374671936
196	3	0.6766949892044067
196	4	-3.563366174697876
196	5	3.151170492172241
196	6	3.151170492172241
196	7	3.151170492172241
196	8	3.151170492172241
196	9	3.151170492172241
196	10	-0.6579535007476807
196	11	3.151170492172241
196	12	3.151170492172241
196	13	3.151170492172241
196	14	3.151170492172241
196	15	3.151170492172241
196	16	3.1479671001434326
196	17	3.151170492172241
196	18	3.1479671001434326
196	19	3.151170492172241
196	20	3.151170492172241
197	0	0.6766949892044067
197	1	0.6766949892044067
197	2	-3.563366174697876
197	3	0.6597028374671936
197	4	0.6597028374671936
197	5	-3.563366174697876
197	6	0.6597028374671936
197	7	-3.563366174697876
197	8	0.6766949892044067
197	9	0.6597028374671936
197	10	0.6597028374671936
197	11	3.151170492172241
197	12	-0.8451852202415466
197	13	-0.8451852202415466
197	14	-0.8451852202415466
197	15	-0.8451852202415466
198	0	0.6597028374671936
198	1	0.6597028374671936
198	2	0.6597028374671936
198	3	0.6597028374671936
198	4	0.6597028374671936
198	5	0.6597028374671936
198	6	0.6597028374671936
198	7	-3.563366174697876
198	8	0.6597028374671936
198	9	0.6766949892044067
198	10	0.6597028374671936
198	11	0.6597028374671936
198	12	0.6597028374671936
198	13	0.6597028374671936
199	0	-2.138718366622925
199	1	-0.8451852202415466
199	2	-0.8451852202415466
199	3	-3.5601418018341064
199	4	-3.5601418018341064
199	5	3.1447627544403076
199	6	-0.661156952381134
199	7	3.151170492172241
199	8	3.151170492172241
199	9	3.151170492172241
199	10	-0.6579535007476807
199	11	3.151170492172241
199	12	3.151170492172241
199	13	3.1479671001434326
199	14	3.151170492172241
199	15	3.151170492172241
199	16	3.1479671001434326
199	17	3.151170492172241
199	18	3.151170492172241
199	19	3.151170492172241
199	20	3.151170492172241
199	21	3.151170492172241
199	22	3.151170492172241
199	23	3.151170492172241
199	24	0.2742929756641388
199	25	0.48907461762428284
199	26	0.2742929756641388
199	27	0.2742929756641388
199	28	0.2742929756641388
199	29	-0.8451852202415466
199	30	-0.8451852202415466
199	31	-0.6643018126487732
199	32	0.2742929756641388
199	33	0.2742929756641388
199	34	0.2742929756641388
200	0	0.6597028374671936
200	1	0.6766949892044067
200	2	-3.563366174697876
200	3	-3.563366174697876
200	4	0.6597028374671936
200	5	0.6597028374671936
200	6	0.6597028374671936
200	7	0.6597028374671936
200	8	0.6597028374671936
200	9	0.6597028374671936
200	10	0.6597028374671936
200	11	0.6597028374671936
200	12	0.6766949892044067
200	13	0.6597028374671936
200	14	0.6597028374671936
200	15	0.6597028374671936
200	16	0.6597028374671936
200	17	0.6597028374671936
200	18	0.6597028374671936
200	19	0.6597028374671936
200	20	0.6597028374671936
200	21	3.141618013381958
200	22	0.6766949892044067
200	23	-3.5601418018341064
200	24	1.0750796794891357
201	0	-3.563366174697876
201	1	0.6597028374671936
201	2	0.6766949892044067
201	3	0.6766949892044067
201	4	-3.563366174697876
201	5	0.6597028374671936
201	6	0.6597028374671936
201	7	-3.563366174697876
201	8	0.6766949892044067
202	0	-3.563366174697876
202	1	0.6766949892044067
202	2	0.6597028374671936
202	3	0.6766949892044067
202	4	0.6597028374671936
202	5	-3.563366174697876
202	6	0.6597028374671936
202	7	-3.563366174697876
202	8	0.6766949892044067
203	0	0.12064766883850098
203	1	-3.5601418018341064
203	2	-0.8451852202415466
203	3	-0.8451852202415466
203	4	-0.661156952381134
203	5	-2.138718366622925
203	6	-2.138718366622925
203	7	-0.8451852202415466
203	8	-0.8451852202415466
203	9	0.6766949892044067
203	10	0.6766949892044067
203	11	0.6766949892044067
203	12	-3.563366174697876
203	13	0.6597028374671936
203	14	-3.563366174697876
203	15	-3.563366174697876
203	16	0.6597028374671936
203	17	0.6597028374671936
203	18	-2.138718366622925
204	0	0.6766949892044067
204	1	-3.563366174697876
204	2	0.6766949892044067
204	3	0.6597028374671936
204	4	0.6597028374671936
204	5	-3.563366174697876
204	6	-3.563366174697876
204	7	0.6597028374671936
204	8	0.6597028374671936
205	0	-3.563366174697876
205	1	0.6766949892044067
205	2	0.6766949892044067
205	3	0.6597028374671936
205	4	0.6597028374671936
205	5	-3.563366174697876
205	6	-3.563366174697876
205	7	0.6597028374671936
205	8	0.6766949892044067
206	0	0.6766949892044067
206	1	-3.563366174697876
206	2	0.6766949892044067
206	3	0.6597028374671936
206	4	-3.563366174697876
206	5	0.6766949892044067
206	6	-3.563366174697876
206	7	0.6597028374671936
206	8	0.6597028374671936
207	0	3.151170492172241
207	1	3.151170492172241
207	2	0.2742929756641388
207	3	3.151170492172241
207	4	3.151170492172241
207	5	3.1479671001434326
207	6	3.151170492172241
207	7	3.151170492172241
207	8	3.151170492172241
207	9	-3.5601418018341064
207	10	3.151170492172241
207	11	3.1447627544403076
207	12	0.6766949892044067
207	13	3.1479671001434326
208	0	0.6766949892044067
208	1	-0.8451852202415466
208	2	-0.8451852202415466
208	3	-2.138718366622925
208	4	-2.138718366622925
208	5	-0.8451852202415466
208	6	-0.8451852202415466
208	7	-0.8451852202415466
208	8	-0.6394117474555969
208	9	-3.5601418018341064
208	10	3.151170492172241
208	11	3.1447627544403076
208	12	-3.5601418018341064
208	13	-0.661156952381134
208	14	3.151170492172241
208	15	3.1479671001434326
208	16	3.151170492172241
208	17	3.151170492172241
208	18	3.1479671001434326
208	19	3.151170492172241
208	20	3.151170492172241
208	21	3.151170492172241
208	22	3.151170492172241
208	23	0.2742929756641388
208	24	0.2742929756641388
208	25	0.6846136450767517
208	26	-0.4348643720149994
208	27	0.2742929756641388
208	28	0.2742929756641388
208	29	3.151170492172241
208	30	-0.6643018126487732
208	31	-0.6643018126487732
208	32	-3.5601418018341064
208	33	3.141618013381958
208	34	0.6766949892044067
208	35	-0.8451852202415466
208	36	-0.8451852202415466
208	37	-0.8451852202415466
208	38	-0.220082625746727
209	0	0.6597028374671936
209	1	0.48907461762428284
209	2	0.6597028374671936
209	3	0.6597028374671936
209	4	0.6597028374671936
209	5	0.6597028374671936
209	6	-3.563366174697876
209	7	0.6597028374671936
209	8	0.6597028374671936
209	9	0.6597028374671936
209	10	0.6597028374671936
209	11	0.6597028374671936
209	12	0.6766949892044067
209	13	0.6766949892044067
210	0	-0.8451852202415466
210	1	-0.8451852202415466
210	2	0.7216418385505676
210	3	0.6597028374671936
210	4	-0.8451852202415466
210	5	-0.4348643720149994
210	6	0.2742929756641388
210	7	-0.6579535007476807
210	8	0.6766949892044067
211	0	0.6766949892044067
211	1	-2.138718366622925
211	2	0.6766949892044067
211	3	-2.138718366622925
211	4	-2.138718366622925
211	5	-0.8451852202415466
211	6	0.8993955254554749
211	7	-0.6443625688552856
211	8	0.2742929756641388
211	9	0.2742929756641388
211	10	2.097477912902832
212	0	0.6766949892044067
212	1	0.6597028374671936
212	2	0.6597028374671936
212	3	0.6597028374671936
212	4	0.6597028374671936
212	5	0.6766949892044067
212	6	0.6597028374671936
212	7	0.6597028374671936
212	8	0.6597028374671936
212	9	1.300561547279358
212	10	-0.3978363275527954
212	11	0.6597028374671936
212	12	0.6597028374671936
213	0	0.6597028374671936
213	1	0.6766949892044067
213	2	-0.6643018126487732
213	3	-3.5601418018341064
213	4	-0.6643018126487732
213	5	0.2742929756641388
214	0	0.6597028374671936
214	1	0.6766949892044067
214	2	0.6766949892044067
214	3	0.6766949892044067
214	4	0.12064766883850098
214	5	0.6766949892044067
214	6	3.141618013381958
214	7	-0.661156952381134
214	8	-3.563366174697876
214	9	0.6766949892044067
215	0	3.1447627544403076
215	1	0.6766949892044067
215	2	0.6766949892044067
215	3	0.6766949892044067
215	4	0.6766949892044067
215	5	-3.5601418018341064
215	6	3.1447627544403076
215	7	0.6766949892044067
215	8	-3.5601418018341064
215	9	3.151170492172241
215	10	-0.6579535007476807
215	11	3.151170492172241
215	12	3.151170492172241
215	13	3.151170492172241
215	14	3.151170492172241
215	15	3.151170492172241
215	16	3.151170492172241
215	17	3.1479671001434326
215	18	3.151170492172241
215	19	3.151170492172241
215	20	3.151170492172241
215	21	3.151170492172241
215	22	3.151170492172241
215	23	3.1479671001434326
215	24	3.151170492172241
215	25	3.151170492172241
216	0	0.6766949892044067
216	1	0.6766949892044067
216	2	0.6766949892044067
216	3	0.6766949892044067
216	4	0.6766949892044067
216	5	0.6597028374671936
216	6	-3.563366174697876
216	7	0.6766949892044067
216	8	0.6597028374671936
217	0	0.6766949892044067
217	1	0.6597028374671936
217	2	0.6766949892044067
217	3	0.6766949892044067
217	4	-3.563366174697876
217	5	0.6766949892044067
217	6	0.6597028374671936
217	7	0.6766949892044067
217	8	-3.563366174697876
217	9	0.6766949892044067
217	10	0.6597028374671936
217	11	0.6597028374671936
217	12	-3.563366174697876
218	0	3.151170492172241
218	1	3.151170492172241
218	2	3.1479671001434326
218	3	3.151170492172241
218	4	3.151170492172241
218	5	0.6766949892044067
218	6	3.151170492172241
218	7	3.1479671001434326
218	8	3.151170492172241
218	9	3.151170492172241
218	10	-3.563366174697876
218	11	3.151170492172241
218	12	0.6597028374671936
219	0	3.141618013381958
219	1	0.6766949892044067
219	2	0.6766949892044067
219	3	0.6766949892044067
219	4	0.6766949892044067
219	5	0.6766949892044067
219	6	0.6766949892044067
219	7	-3.563366174697876
219	8	0.6597028374671936
219	9	-3.563366174697876
219	10	-3.563366174697876
219	11	0.6597028374671936
219	12	0.6597028374671936
219	13	0.6597028374671936
219	14	0.6597028374671936
219	15	0.2742929756641388
219	16	0.6597028374671936
219	17	0.6597028374671936
219	18	0.6597028374671936
219	19	0.6597028374671936
219	20	0.6597028374671936
219	21	0.6597028374671936
219	22	0.6597028374671936
219	23	0.6597028374671936
219	24	3.151170492172241
219	25	3.151170492172241
219	26	0.2742929756641388
219	27	0.1822633296251297
219	28	-1.7224133014678955
219	29	-0.8451852202415466
219	30	-1.7224133014678955
220	0	0.6766949892044067
220	1	-3.563366174697876
220	2	0.6766949892044067
220	3	0.6597028374671936
220	4	0.6597028374671936
220	5	-3.563366174697876
220	6	-3.563366174697876
220	7	0.6597028374671936
220	8	0.6597028374671936
221	0	-0.8451852202415466
221	1	-0.6643018126487732
221	2	0.12064766883850098
221	3	-0.661156952381134
221	4	-0.6643018126487732
221	5	0.6766949892044067
221	6	0.6597028374671936
221	7	-3.563366174697876
221	8	0.6766949892044067
221	9	-3.563366174697876
221	10	0.6597028374671936
221	11	0.6597028374671936
221	12	-3.563366174697876
221	13	0.6766949892044067
221	14	3.151170492172241
221	15	0.6766949892044067
221	16	-0.8451852202415466
222	0	3.141618013381958
222	1	-3.5601418018341064
222	2	-0.8451852202415466
222	3	-0.8451852202415466
222	4	-0.6643018126487732
222	5	-0.6643018126487732
222	6	-2.138718366622925
222	7	0.2742929756641388
222	8	0.500211238861084
222	9	-0.6579535007476807
222	10	0.2742929756641388
222	11	0.2742929756641388
222	12	0.2742929756641388
222	13	0.2742929756641388
222	14	0.2742929756641388
222	15	0.2742929756641388
222	16	-0.8451852202415466
222	17	-0.8451852202415466
222	18	0.2742929756641388
222	19	0.2742929756641388
222	20	3.151170492172241
222	21	3.151170492172241
223	0	-3.563366174697876
223	1	0.6766949892044067
223	2	-0.6643018126487732
223	3	-0.6643018126487732
223	4	0.6766949892044067
223	5	2.971130609512329
223	6	0.6597028374671936
224	0	0.6766949892044067
224	1	0.6766949892044067
224	2	0.12379252910614014
224	3	-0.6643018126487732
224	4	0.6766949892044067
224	5	0.6766949892044067
224	6	-3.5601418018341064
224	7	3.141618013381958
224	8	-0.661156952381134
