23	0	1.1500648772052195
23	1	0.29693324578224595
23	2	0.33946323256527644
23	3	0.33946323256527644
23	4	1.676734348044515
23	5	0.29693324578224595
23	6	0.33946323256527644
23	7	0.33946323256527644
24	0	0.29693324578224595
24	1	0.33946323256527644
24	2	1.676734348044515
24	3	0.33946323256527644
24	4	0.9418679858517658
24	5	1.029326871624727
24	6	0.29693324578224595
24	7	0.33946323256527644
24	8	0.33946323256527644
25	0	0.5051301371356999
25	1	1.1665268758430556
25	2	1.1665268758430556
25	3	1.1665268758430556
25	4	0.882692554491286
25	5	1.1500648772052195
25	6	1.0457888702625635
25	7	1.0457888702625635
25	8	1.1500648772052195
25	9	0.9207724716868174
25	10	0.7741381545533765
25	11	1.029326871624727
25	12	0.5051301371356999
25	13	0.8991545531291223
25	14	1.1665268758430556
25	15	0.824794591786637
25	16	1.0176235072184725
25	17	0.7741381545533765
25	18	0.5476601239187303
25	19	0.5476601239187303
25	20	1.8849312393979691
25	21	0.5476601239187303
25	22	0.5476601239187303
25	23	0.6638894708317312
25	24	0.6638894708317312
26	0	1.676734348044515
26	1	0.29693324578224595
26	2	0.33946323256527644
26	3	0.33946323256527644
26	4	0.9418679858517658
26	5	0.8211299802712732
27	0	0.9418679858517658
27	1	0.33946323256527644
27	2	0.29693324578224595
27	3	0.33946323256527644
27	4	0.824794591786637
27	5	1.0176235072184725
27	6	0.6744956631378322
27	7	0.9418679858517658
28	0	0.29693324578224595
28	1	0.33946323256527644
28	2	0.33946323256527644
28	3	1.8849312393979691
28	4	0.5051301371356999
28	5	0.5476601239187303
28	6	0.5476601239187303
29	0	0.33946323256527644
29	1	0.33946323256527644
29	2	0.29693324578224595
29	3	0.29693324578224595
29	4	0.33946323256527644
29	5	0.33946323256527644
29	6	1.676734348044515
30	0	0.29693324578224595
30	1	0.33946323256527644
30	2	0.33946323256527644
30	3	1.676734348044515
30	4	0.29693324578224595
30	5	0.33946323256527644
30	6	0.33946323256527644
31	0	0.33946323256527644
31	1	0.29693324578224595
31	2	0.33946323256527644
31	3	1.676734348044515
31	4	0.29693324578224595
31	5	0.33946323256527644
31	6	0.33946323256527644
32	0	0.8211299802712732
32	1	0.29693324578224595
32	2	0.29693324578224595
32	3	0.33946323256527644
32	4	0.33946323256527644
32	5	0.33946323256527644
32	6	0.33946323256527644
32	7	1.676734348044515
33	0	0.29693324578224595
33	1	2.0788707510697626
33	2	0.33946323256527644
33	3	0.29693324578224595
33	4	0.33946323256527644
33	5	1.676734348044515
33	6	0.33946323256527644
33	7	0.33946323256527644
34	0	0.8991545531291223
34	1	0.14663431713344105
34	2	0.33946323256527644
34	3	0.29693324578224595
34	4	0.33946323256527644
34	5	0.8991545531291223
34	6	0.34312784408064034
34	7	0.7741381545533765
35	0	0.882692554491286
35	1	0.3548312084868949
35	2	0.5476601239187303
35	3	0.5051301371356999
35	4	0.5476601239187303
35	5	0.882692554491286
35	6	0.7576761559155403
35	7	0.8702408913131772
35	8	1.049453481777927
35	9	1.1418916070223637
35	10	1.1418916070223637
35	11	0.7576761559155403
35	12	0.6979590525675353
35	13	0.6744956631378322
35	14	1.262629612602856
35	15	0.5513247354340943
35	16	0.9505050713473757
35	17	0.9952572898889229
35	18	0.882692554491286
35	19	0.9505050713473757
35	20	0.9952572898889229
36	0	0.14663431713344105
36	1	0.4897621612140814
36	2	0.33946323256527644
36	3	0.29693324578224595
36	4	0.33946323256527644
36	5	0.5641221225565667
36	6	0.5641221225565667
36	7	1.9013932380358056
37	0	0.4897621612140814
37	1	0.33946323256527644
37	2	0.4897621612140814
37	3	0.4897621612140814
37	4	0.4897621612140814
37	5	0.4897621612140814
37	6	0.33946323256527644
37	7	0.4897621612140814
37	8	0.33946323256527644
37	9	1.676734348044515
37	10	0.29693324578224595
37	11	0.4897621612140814
38	0	0.14663431713344105
38	1	0.4897621612140814
38	2	0.5494792645620862
38	3	0.33946323256527644
38	4	0.33946323256527644
38	5	0.33946323256527644
38	6	0.33946323256527644
38	7	0.29693324578224595
38	8	1.676734348044515
38	9	0.6744956631378322
39	0	0.14663431713344105
39	1	0.33946323256527644
39	2	0.29693324578224595
39	3	0.33946323256527644
39	4	1.676734348044515
39	5	0.33946323256527644
39	6	0.33946323256527644
39	7	0.4897621612140814
40	0	0.14663431713344105
40	1	0.33946323256527644
40	2	0.33946323256527644
40	3	0.29693324578224595
40	4	0.6961135816955273
40	5	1.676734348044515
40	6	0.4897621612140814
40	7	0.33946323256527644
40	8	0.33946323256527644
41	0	0.4897621612140814
41	1	0.14663431713344105
41	2	0.33946323256527644
41	3	0.29693324578224595
41	4	0.33946323256527644
41	5	0.6961135816955273
41	6	0.5494792645620862
41	7	0.33946323256527644
41	8	0.6744956631378322
41	9	0.33946323256527644
41	10	1.676734348044515
42	0	0.6979590525675353
42	1	0.6979590525675353
42	2	0.33946323256527644
42	3	0.33946323256527644
42	4	0.6979590525675353
42	5	0.810523787965172
42	6	0.6979590525675353
42	7	0.6979590525675353
42	8	0.6979590525675353
42	9	0.8889424971273627
42	10	0.6744956631378322
43	0	0.8889424971273627
43	1	0.33946323256527644
43	2	0.33946323256527644
43	3	0.29693324578224595
43	4	0.4897621612140814
43	5	0.4897621612140814
43	6	0.6979590525675353
43	7	0.4897621612140814
44	0	0.5476601239187303
44	1	0.9207724716868174
44	2	0.5641221225565667
44	3	0.3712932071247313
44	4	0.5215921357735362
44	5	0.5641221225565667
44	6	1.1136013871186523
44	7	0.5641221225565667
44	8	0.5641221225565667
44	9	0.7144210512053717
44	10	0.33946323256527644
44	11	1.2422823972097623
44	12	0.33946323256527644
44	13	1.1008039999961805
44	14	0.8211299802712732
44	15	0.6961135816955273
44	16	0.7423081799939217
45	0	0.14663431713344105
45	1	1.213368735393817
45	2	0.6961135816955273
45	3	0.29693324578224595
45	4	0.33946323256527644
45	5	0.33946323256527644
46	0	0.4897621612140814
46	1	0.33946323256527644
46	2	1.3383851339695627
46	3	0.3548312084868949
46	4	1.1455562185377277
46	5	0.33946323256527644
46	6	0.9043104730489812
46	7	0.5051301371356999
46	8	0.5476601239187303
46	9	0.33946323256527644
46	10	0.6979590525675353
47	0	0.14663431713344105
47	1	0.8702408913131772
47	2	0.33946323256527644
47	3	0.6961135816955273
47	4	0.29693324578224595
47	5	0.33946323256527644
48	0	0.14663431713344105
48	1	0.5494792645620862
48	2	0.33946323256527644
48	3	0.33946323256527644
48	4	0.29693324578224595
48	5	0.6961135816955273
49	0	0.9952572898889229
49	1	0.14663431713344105
49	2	0.33946323256527644
49	3	0.29693324578224595
49	4	0.33946323256527644
49	5	0.6961135816955273
49	6	1.0630698067450124
49	7	0.5641221225565667
49	8	0.5641221225565667
49	9	0.8889424971273627
49	10	0.7144210512053717
50	0	0.33946323256527644
50	1	0.29693324578224595
50	2	0.8889424971273627
50	3	0.33946323256527644
50	4	0.7423081799939217
50	5	0.14663431713344105
50	6	0.6744956631378322
51	0	0.6961135816955273
51	1	0.29693324578224595
51	2	0.33946323256527644
51	3	0.33946323256527644
51	4	0.14663431713344105
51	5	0.7576761559155403
51	6	0.8889424971273627
51	7	0.4897621612140814
51	8	0.33946323256527644
51	9	0.33946323256527644
52	0	0.7144210512053717
52	1	0.33946323256527644
52	2	0.7144210512053717
52	3	0.810523787965172
52	4	0.7144210512053717
52	5	0.7144210512053717
52	6	0.7144210512053717
52	7	0.33946323256527644
52	8	0.7144210512053717
52	9	0.8464125103443322
52	10	0.5641221225565667
52	11	0.810523787965172
52	12	0.33946323256527644
52	13	0.4897621612140814
52	14	0.7144210512053717
52	15	0.8889424971273627
52	16	0.29693324578224595
52	17	0.33946323256527644
52	18	0.14663431713344105
52	19	0.9952572898889229
52	20	1.1418916070223637
52	21	0.6744956631378322
52	22	0.8702408913131772
52	23	1.1418916070223637
52	24	0.7423081799939217
52	25	0.6961135816955273
52	26	1.049453481777927
52	27	1.2422823972097623
52	28	0.810523787965172
52	29	0.5641221225565667
52	30	0.19282891543183545
52	31	0.6602248593163671
52	32	0.4897621612140814
52	33	0.8702408913131772
52	34	0.9952572898889229
52	35	0.4897621612140814
52	36	1.360003052527258
52	37	0.5494792645620862
52	38	1.1455562185377277
52	39	1.0168752084466182
52	40	1.0168752084466182
52	41	0.8926071086427266
52	42	0.6997781932108913
52	43	1.997495974795606
52	44	1.0168752084466182
52	45	0.6638894708317312
52	46	1.213368735393817
52	47	1.2422823972097623
52	48	0.34312784408064034
52	49	0.5641221225565667
52	50	0.6744956631378322
52	51	0.34312784408064034
52	52	1.1172659986340168
52	53	1.213368735393817
52	54	1.0168752084466182
52	55	1.0457888702625635
52	56	0.6961135816955273
52	57	1.0630698067450124
52	58	0.5641221225565667
52	59	0.6961135816955273
53	0	0.6961135816955273
53	1	0.33946323256527644
53	2	0.33946323256527644
53	3	0.14663431713344105
53	4	0.29693324578224595
53	5	0.5494792645620862
53	6	0.8889424971273627
53	7	0.33946323256527644
53	8	0.33946323256527644
53	9	0.4897621612140814
54	0	0.14663431713344105
54	1	0.6744956631378322
54	2	0.6961135816955273
54	3	0.33946323256527644
54	4	0.29693324578224595
54	5	0.33946323256527644
54	6	0.6744956631378322
54	7	1.0176235072184725
54	8	0.824794591786637
54	9	0.8211299802712732
54	10	0.8211299802712732
54	11	0.5494792645620862
54	12	0.5494792645620862
54	13	0.4897621612140814
54	14	0.33946323256527644
54	15	0.33946323256527644
54	16	0.8889424971273627
55	0	0.29693324578224595
55	1	0.33946323256527644
55	2	0.14663431713344105
55	3	0.33946323256527644
55	4	0.6961135816955273
55	5	0.4897621612140814
55	6	0.33946323256527644
55	7	0.33946323256527644
55	8	0.8889424971273627
55	9	0.0
56	0	0.14663431713344105
56	1	0.5494792645620862
56	2	0.6961135816955273
56	3	0.33946323256527644
56	4	0.33946323256527644
56	5	0.29693324578224595
56	6	0.8889424971273627
56	7	0.33946323256527644
56	8	0.33946323256527644
56	9	0.4897621612140814
57	0	0.5051301371356999
57	1	0.5476601239187303
57	2	0.5476601239187303
57	3	1.0971393884808165
57	4	0.7576761559155403
57	5	0.3548312084868949
57	6	0.20819689135345384
57	7	0.882692554491286
57	8	1.0329914831400908
57	9	1.225820398571926
57	10	0.9043104730489812
57	11	1.029326871624727
57	12	0.7576761559155403
57	13	0.882692554491286
57	14	0.966967069985212
57	15	1.029326871624727
57	16	0.6979590525675353
57	17	0.5476601239187303
57	18	0.5476601239187303
57	19	1.213368735393817
57	20	1.0630698067450124
58	0	0.33946323256527644
58	1	0.29693324578224595
58	2	0.8889424971273627
58	3	0.33946323256527644
58	4	0.14663431713344105
58	5	0.8211299802712732
58	6	0.8211299802712732
58	7	0.5494792645620862
58	8	0.5494792645620862
58	9	0.6961135816955273
58	10	0.6744956631378322
58	11	0.7423081799939217
58	12	0.6744956631378322
58	13	1.0176235072184725
58	14	0.824794591786637
58	15	0.0
58	16	0.4897621612140814
58	17	0.33946323256527644
58	18	0.33946323256527644
59	0	0.29693324578224595
59	1	0.8889424971273627
59	2	0.33946323256527644
59	3	0.33946323256527644
59	4	0.5494792645620862
59	5	0.14663431713344105
59	6	0.5494792645620862
59	7	0.6744956631378322
59	8	0.8211299802712732
59	9	0.824794591786637
59	10	1.0176235072184725
59	11	0.0
59	12	0.6961135816955273
59	13	0.8211299802712732
59	14	0.7423081799939217
59	15	0.6744956631378322
60	0	0.5476601239187303
60	1	1.0971393884808165
60	2	0.5051301371356999
60	3	0.5476601239187303
60	4	0.5476601239187303
60	5	0.7576761559155403
60	6	0.3548312084868949
60	7	0.882692554491286
60	8	1.029326871624727
60	9	0.9043104730489812
60	10	1.029326871624727
60	11	0.882692554491286
60	12	1.0329914831400908
60	13	1.225820398571926
60	14	0.9505050713473757
60	15	0.7576761559155403
60	16	0.20819689135345384
61	0	0.6961135816955273
61	1	1.167174137095423
61	2	1.360003052527258
61	3	0.810523787965172
61	4	0.5476601239187303
61	5	0.810523787965172
61	6	0.810523787965172
61	7	0.810523787965172
61	8	0.6979590525675353
61	9	1.0971393884808165
61	10	0.5051301371356999
61	11	0.5476601239187303
61	12	0.5476601239187303
61	13	0.3548312084868949
61	14	1.029326871624727
61	15	0.9043104730489812
61	16	0.20819689135345384
61	17	0.7576761559155403
61	18	0.882692554491286
61	19	1.029326871624727
61	20	0.7576761559155403
61	21	1.225820398571926
61	22	1.0329914831400908
61	23	0.9505050713473757
61	24	0.882692554491286
61	25	0.810523787965172
61	26	0.7144210512053717
61	27	0.810523787965172
61	28	0.810523787965172
61	29	0.6602248593163671
61	30	0.6602248593163671
61	31	0.5135905421829262
61	32	0.966967069985212
61	33	1.262629612602856
61	34	0.8702408913131772
61	35	0.9952572898889229
61	36	0.9952572898889229
61	37	0.9952572898889229
61	38	1.1172659986340168
61	39	0.9952572898889229
61	40	0.7144210512053717
61	41	0.810523787965172
61	42	1.0168752084466182
61	43	0.9207724716868174
61	44	1.213368735393817
61	45	1.997495974795606
61	46	0.6638894708317312
61	47	0.9043104730489812
61	48	1.213368735393817
61	49	1.3383851339695627
61	50	1.0205398199619822
61	51	1.1455562185377277
61	52	0.6602248593163671
61	53	0.33946323256527644
61	54	0.6638894708317312
61	55	0.9952572898889229
61	56	1.213368735393817
61	57	1.213368735393817
61	58	1.0168752084466182
61	59	1.0168752084466182
61	60	1.676734348044515
61	61	1.0168752084466182
61	62	0.6961135816955273
61	63	0.9952572898889229
61	64	1.0168752084466182
61	65	1.0630698067450124
61	66	1.1418916070223637
61	67	0.8702408913131772
61	68	0.19282891543183545
62	0	0.29693324578224595
62	1	0.33946323256527644
62	2	0.8889424971273627
62	3	0.33946323256527644
62	4	0.14663431713344105
62	5	0.0
62	6	0.8211299802712732
62	7	0.6961135816955273
62	8	0.6744956631378322
62	9	0.7423081799939217
62	10	0.8211299802712732
62	11	0.5494792645620862
62	12	0.6744956631378322
62	13	0.5494792645620862
62	14	0.824794591786637
62	15	1.0176235072184725
63	0	0.8889424971273627
63	1	0.29693324578224595
63	2	0.33946323256527644
63	3	0.33946323256527644
63	4	0.5494792645620862
63	5	0.824794591786637
63	6	1.0176235072184725
63	7	0.14663431713344105
63	8	0.6961135816955273
63	9	0.8211299802712732
63	10	0.8211299802712732
63	11	0.7423081799939217
63	12	0.6744956631378322
63	13	0.0
63	14	0.6744956631378322
63	15	0.5494792645620862
64	0	0.33946323256527644
64	1	0.4897621612140814
64	2	0.4897621612140814
64	3	0.8889424971273627
64	4	0.4897621612140814
64	5	0.4897621612140814
64	6	0.4897621612140814
64	7	0.33946323256527644
64	8	0.29693324578224595
64	9	1.0392414257761675
65	0	0.4897621612140814
65	1	0.8889424971273627
65	2	0.33946323256527644
65	3	0.4897621612140814
65	4	0.4897621612140814
65	5	0.4897621612140814
65	6	0.4897621612140814
65	7	0.29693324578224595
65	8	0.33946323256527644
65	9	1.0392414257761675
66	0	0.4897621612140814
66	1	0.4897621612140814
66	2	0.8889424971273627
66	3	0.4897621612140814
66	4	0.33946323256527644
66	5	0.4897621612140814
66	6	0.4897621612140814
66	7	1.0392414257761675
66	8	0.29693324578224595
66	9	0.33946323256527644
67	0	0.4897621612140814
67	1	0.8889424971273627
67	2	0.33946323256527644
67	3	0.4897621612140814
67	4	0.4897621612140814
67	5	1.0392414257761675
67	6	0.5476601239187303
67	7	0.6979590525675353
67	8	0.6979590525675353
67	9	0.6979590525675353
67	10	0.33946323256527644
67	11	0.29693324578224595
68	0	0.29693324578224595
68	1	0.8889424971273627
68	2	0.33946323256527644
68	3	0.33946323256527644
68	4	0.7576761559155403
68	5	0.882692554491286
68	6	0.3548312084868949
68	7	1.0329914831400908
68	8	1.225820398571926
68	9	0.20819689135345384
68	10	0.9043104730489812
68	11	1.029326871624727
68	12	1.029326871624727
68	13	0.882692554491286
68	14	0.9505050713473757
68	15	0.7576761559155403
69	0	0.29693324578224595
69	1	0.8889424971273627
69	2	0.33946323256527644
69	3	0.33946323256527644
69	4	0.5494792645620862
69	5	0.6961135816955273
69	6	0.14663431713344105
69	7	0.8211299802712732
69	8	0.0
69	9	0.6744956631378322
69	10	0.8211299802712732
69	11	0.824794591786637
69	12	1.0176235072184725
69	13	0.7423081799939217
69	14	0.6744956631378322
69	15	0.5494792645620862
70	0	0.33946323256527644
70	1	0.8889424971273627
70	2	0.29693324578224595
70	3	0.33946323256527644
70	4	0.14663431713344105
70	5	1.0176235072184725
70	6	0.824794591786637
70	7	0.6744956631378322
70	8	0.5494792645620862
70	9	0.6744956631378322
70	10	0.7423081799939217
70	11	0.8211299802712732
70	12	0.5494792645620862
70	13	0.6961135816955273
70	14	0.8211299802712732
70	15	0.0
71	0	0.9207724716868174
71	1	0.7144210512053717
71	2	0.9207724716868174
71	3	0.7144210512053717
71	4	0.6979590525675353
71	5	0.4897621612140814
71	6	0.6979590525675353
71	7	0.4897621612140814
72	0	0.7423081799939217
72	1	0.14663431713344105
72	2	0.29693324578224595
72	3	0.33946323256527644
72	4	0.33946323256527644
72	5	0.6961135816955273
73	0	0.3548312084868949
73	1	1.0630698067450124
73	2	0.5476601239187303
73	3	0.5476601239187303
73	4	0.9043104730489812
73	5	0.5051301371356999
74	0	0.7144210512053717
74	1	0.6602248593163671
74	2	1.1418916070223637
74	3	1.0168752084466182
74	4	1.0168752084466182
74	5	1.0168752084466182
75	0	0.3548312084868949
75	1	0.810523787965172
75	2	0.33946323256527644
75	3	0.9043104730489812
75	4	0.5051301371356999
75	5	0.5476601239187303
75	6	0.9952572898889229
75	7	1.213368735393817
76	0	0.4897621612140814
76	1	0.14663431713344105
76	2	0.33946323256527644
76	3	0.6961135816955273
76	4	0.29693324578224595
76	5	0.33946323256527644
77	0	0.9207724716868174
77	1	0.810523787965172
77	2	0.810523787965172
77	3	0.7144210512053717
77	4	0.6602248593163671
77	5	0.810523787965172
77	6	0.7144210512053717
77	7	0.33946323256527644
77	8	0.7144210512053717
77	9	0.810523787965172
77	10	1.1136013871186523
77	11	0.29693324578224595
77	12	0.33946323256527644
77	13	0.7144210512053717
77	14	0.9207724716868174
77	15	0.4897621612140814
78	0	0.810523787965172
78	1	0.6979590525675353
78	2	0.6979590525675353
78	3	0.5476601239187303
78	4	0.6979590525675353
78	5	0.5476601239187303
78	6	1.0971393884808165
78	7	0.5051301371356999
78	8	0.5476601239187303
78	9	0.3548312084868949
78	10	1.1418916070223637
78	11	1.1455562185377277
78	12	1.3383851339695627
78	13	1.0630698067450124
78	14	0.3207616267510908
78	15	0.8702408913131772
78	16	0.9952572898889229
78	17	0.8702408913131772
78	18	0.9952572898889229
78	19	1.1418916070223637
78	20	0.9043104730489812
78	21	0.5135905421829262
78	22	1.1008039999961805
78	23	0.9952572898889229
78	24	0.9952572898889229
78	25	0.9952572898889229
78	26	0.966967069985212
78	27	0.6979590525675353
78	28	0.882692554491286
78	29	1.262629612602856
78	30	0.9952572898889229
78	31	0.810523787965172
78	32	0.6979590525675353
78	33	0.6979590525675353
78	34	1.360003052527258
78	35	0.6979590525675353
78	36	0.6979590525675353
78	37	0.6602248593163671
78	38	0.6979590525675353
78	39	0.9043104730489812
78	40	1.0630698067450124
79	0	0.33946323256527644
79	1	0.33946323256527644
79	2	0.8889424971273627
79	3	0.29693324578224595
79	4	0.5494792645620862
79	5	0.8211299802712732
79	6	0.14663431713344105
79	7	0.5494792645620862
79	8	0.0
79	9	0.824794591786637
79	10	1.0176235072184725
79	11	0.8211299802712732
79	12	0.7423081799939217
79	13	0.6744956631378322
79	14	0.6744956631378322
79	15	0.6961135816955273
80	0	0.8889424971273627
80	1	0.6979590525675353
80	2	0.6979590525675353
80	3	0.33946323256527644
80	4	0.19282891543183545
80	5	0.6979590525675353
80	6	0.6979590525675353
80	7	0.6979590525675353
80	8	0.33946323256527644
80	9	0.29693324578224595
80	10	1.2474383171296213
81	0	0.4897621612140814
81	1	0.4897621612140814
81	2	0.4897621612140814
81	3	0.33946323256527644
81	4	0.4897621612140814
81	5	0.33946323256527644
81	6	0.29693324578224595
81	7	0.8889424971273627
82	0	0.33946323256527644
82	1	0.4897621612140814
82	2	0.4897621612140814
82	3	0.4897621612140814
82	4	0.8889424971273627
82	5	0.29693324578224595
82	6	0.33946323256527644
82	7	0.4897621612140814
83	0	0.8889424971273627
83	1	0.4897621612140814
83	2	0.19282891543183545
83	3	0.4897621612140814
83	4	0.4897621612140814
83	5	0.33946323256527644
83	6	0.4897621612140814
83	7	0.4897621612140814
83	8	0.33946323256527644
83	9	0.29693324578224595
83	10	1.0392414257761675
84	0	0.4897621612140814
84	1	0.33946323256527644
84	2	0.4897621612140814
84	3	0.8889424971273627
84	4	0.4897621612140814
84	5	0.19282891543183545
84	6	1.0392414257761675
84	7	0.33946323256527644
84	8	0.29693324578224595
84	9	0.4897621612140814
84	10	0.4897621612140814
85	0	0.4897621612140814
85	1	0.8889424971273627
85	2	0.4897621612140814
85	3	0.33946323256527644
85	4	0.19282891543183545
85	5	0.4897621612140814
85	6	1.0392414257761675
85	7	0.33946323256527644
85	8	0.29693324578224595
85	9	0.4897621612140814
85	10	0.4897621612140814
86	0	0.4897621612140814
86	1	0.8889424971273627
86	2	0.4897621612140814
86	3	0.4897621612140814
86	4	0.33946323256527644
86	5	0.19282891543183545
87	0	0.8889424971273627
87	1	0.4897621612140814
87	2	0.19282891543183545
87	3	0.33946323256527644
87	4	0.4897621612140814
87	5	0.4897621612140814
87	6	0.29693324578224595
87	7	0.33946323256527644
87	8	1.0392414257761675
87	9	0.4897621612140814
87	10	0.4897621612140814
88	0	0.4897621612140814
88	1	0.4897621612140814
88	2	0.33946323256527644
88	3	0.4897621612140814
88	4	0.8889424971273627
88	5	0.29693324578224595
88	6	0.33946323256527644
88	7	0.4897621612140814
89	0	0.33946323256527644
89	1	0.4897621612140814
89	2	0.4897621612140814
89	3	0.4897621612140814
89	4	0.33946323256527644
89	5	0.29693324578224595
89	6	0.8889424971273627
89	7	0.4897621612140814
90	0	0.4897621612140814
90	1	0.8889424971273627
90	2	0.4897621612140814
90	3	0.19282891543183545
90	4	0.4897621612140814
90	5	0.33946323256527644
90	6	1.0392414257761675
90	7	0.4897621612140814
90	8	0.4897621612140814
90	9	0.33946323256527644
90	10	0.29693324578224595
91	0	0.8889424971273627
91	1	0.4897621612140814
91	2	0.4897621612140814
91	3	0.4897621612140814
91	4	0.33946323256527644
91	5	0.19282891543183545
92	0	0.4897621612140814
92	1	0.4897621612140814
92	2	0.8889424971273627
92	3	0.4897621612140814
92	4	0.4897621612140814
92	5	0.33946323256527644
92	6	0.19282891543183545
92	7	0.33946323256527644
92	8	0.29693324578224595
92	9	0.4897621612140814
92	10	0.4897621612140814
92	11	1.0392414257761675
93	0	0.4897621612140814
93	1	0.4897621612140814
93	2	0.4897621612140814
93	3	0.33946323256527644
93	4	0.4897621612140814
93	5	0.8889424971273627
93	6	0.29693324578224595
93	7	0.33946323256527644
93	8	0.4897621612140814
93	9	0.4897621612140814
93	10	1.0392414257761675
93	11	0.19282891543183545
94	0	0.4897621612140814
94	1	0.4897621612140814
94	2	0.33946323256527644
94	3	0.4897621612140814
94	4	0.4897621612140814
94	5	0.8889424971273627
94	6	0.19282891543183545
94	7	0.4897621612140814
94	8	0.4897621612140814
94	9	1.0392414257761675
94	10	0.33946323256527644
94	11	0.29693324578224595
95	0	0.4897621612140814
95	1	0.4897621612140814
95	2	0.4897621612140814
95	3	0.33946323256527644
95	4	0.4897621612140814
95	5	0.8889424971273627
95	6	0.29693324578224595
95	7	0.33946323256527644
96	0	0.5641221225565667
96	1	0.7144210512053717
96	2	0.7144210512053717
96	3	0.7144210512053717
96	4	0.4897621612140814
96	5	0.33946323256527644
96	6	0.4897621612140814
96	7	0.4897621612140814
96	8	0.4897621612140814
96	9	0.8889424971273627
96	10	0.33946323256527644
96	11	0.29693324578224595
96	12	0.810523787965172
96	13	1.0168752084466182
96	14	0.33946323256527644
96	15	0.6602248593163671
96	16	0.810523787965172
96	17	0.6602248593163671
96	18	0.6602248593163671
96	19	1.213368735393817
96	20	0.8702408913131772
96	21	0.6602248593163671
96	22	0.6602248593163671
96	23	0.6638894708317312
96	24	0.14663431713344105
96	25	1.213368735393817
96	26	0.6638894708317312
96	27	1.0168752084466182
96	28	1.1418916070223637
96	29	0.5135905421829262
96	30	0.8702408913131772
96	31	1.0168752084466182
96	32	1.0168752084466182
96	33	1.997495974795606
96	34	1.0630698067450124
96	35	1.0168752084466182
96	36	0.6744956631378322
97	0	0.4897621612140814
97	1	0.8889424971273627
97	2	0.4897621612140814
97	3	0.4897621612140814
97	4	0.33946323256527644
97	5	0.4897621612140814
97	6	0.19282891543183545
98	0	0.8889424971273627
98	1	0.4897621612140814
98	2	0.4897621612140814
98	3	0.4897621612140814
98	4	0.4897621612140814
98	5	0.33946323256527644
98	6	0.19282891543183545
99	0	0.9952572898889229
99	1	0.810523787965172
99	2	0.33946323256527644
99	3	1.0168752084466182
99	4	0.29693324578224595
99	5	0.33946323256527644
99	6	0.4673959438845318
100	0	1.1418916070223637
100	1	0.3548312084868949
100	2	1.1418916070223637
100	3	0.5051301371356999
100	4	0.8702408913131772
100	5	0.9952572898889229
100	6	1.1455562185377277
100	7	1.3383851339695627
100	8	1.0630698067450124
100	9	0.6979590525675353
100	10	0.9952572898889229
100	11	0.8702408913131772
100	12	0.9952572898889229
100	13	0.9952572898889229
100	14	0.9952572898889229
100	15	0.9952572898889229
100	16	0.8702408913131772
100	17	1.0630698067450124
100	18	0.3207616267510908
100	19	1.1008039999961805
100	20	1.262629612602856
101	0	0.5476601239187303
101	1	0.5476601239187303
101	2	0.29693324578224595
101	3	0.14663431713344105
101	4	0.9043104730489812
101	5	0.4897621612140814
101	6	0.5476601239187303
101	7	0.5476601239187303
101	8	1.0971393884808165
102	0	0.6961135816955273
102	1	0.14663431713344105
102	2	0.29693324578224595
102	3	0.33946323256527644
102	4	0.33946323256527644
102	5	0.33946323256527644
102	6	0.33946323256527644
102	7	0.8889424971273627
102	8	0.4897621612140814
103	0	0.4897621612140814
103	1	0.33946323256527644
103	2	0.14663431713344105
103	3	0.33946323256527644
103	4	0.6961135816955273
103	5	0.33946323256527644
103	6	0.5494792645620862
103	7	0.5494792645620862
103	8	0.33946323256527644
103	9	0.882692554491286
103	10	0.29693324578224595
103	11	0.8889424971273627
104	0	0.5494792645620862
104	1	0.4897621612140814
104	2	0.6961135816955273
104	3	0.33946323256527644
104	4	0.33946323256527644
104	5	0.14663431713344105
104	6	0.29693324578224595
105	0	0.6961135816955273
105	1	0.29693324578224595
105	2	0.33946323256527644
105	3	0.33946323256527644
105	4	0.4897621612140814
105	5	0.14663431713344105
105	6	0.33946323256527644
105	7	0.33946323256527644
105	8	0.8889424971273627
106	0	0.5494792645620862
106	1	0.882692554491286
106	2	0.7576761559155403
106	3	0.14663431713344105
106	4	0.33946323256527644
106	5	0.6961135816955273
106	6	0.33946323256527644
106	7	0.4897621612140814
106	8	0.29693324578224595
106	9	0.8889424971273627
106	10	0.33946323256527644
106	11	0.33946323256527644
107	0	0.6744956631378322
107	1	1.1500648772052195
107	2	0.33946323256527644
107	3	0.4897621612140814
107	4	0.6961135816955273
107	5	0.14663431713344105
107	6	0.33946323256527644
107	7	0.29693324578224595
107	8	0.33946323256527644
107	9	0.33946323256527644
107	10	0.8889424971273627
107	11	0.5494792645620862
108	0	0.5494792645620862
108	1	0.14663431713344105
108	2	0.6961135816955273
108	3	0.9418679858517658
108	4	1.029326871624727
108	5	0.33946323256527644
108	6	0.6744956631378322
108	7	0.29693324578224595
108	8	0.4897621612140814
108	9	0.33946323256527644
108	10	0.33946323256527644
108	11	0.33946323256527644
108	12	0.8889424971273627
109	0	0.14663431713344105
109	1	0.6961135816955273
109	2	0.882692554491286
109	3	0.29693324578224595
109	4	0.8211299802712732
109	5	0.9418679858517658
109	6	0.882692554491286
109	7	0.33946323256527644
109	8	0.4897621612140814
109	9	0.33946323256527644
109	10	0.6744956631378322
109	11	0.8889424971273627
109	12	0.33946323256527644
109	13	0.33946323256527644
109	14	0.5494792645620862
110	0	0.4897621612140814
110	1	0.14663431713344105
110	2	0.9418679858517658
110	3	0.6961135816955273
110	4	0.6744956631378322
110	5	0.6744956631378322
110	6	0.6744956631378322
110	7	0.33946323256527644
110	8	0.29693324578224595
110	9	0.33946323256527644
110	10	0.8211299802712732
110	11	0.5494792645620862
110	12	0.8889424971273627
110	13	0.33946323256527644
110	14	0.33946323256527644
111	0	0.8991545531291223
111	1	0.14663431713344105
111	2	0.8211299802712732
111	3	0.6744956631378322
111	4	0.6744956631378322
111	5	0.6961135816955273
111	6	0.9418679858517658
111	7	0.33946323256527644
111	8	0.33946323256527644
111	9	0.4897621612140814
111	10	0.29693324578224595
111	11	0.6744956631378322
112	0	0.14663431713344105
112	1	0.6744956631378322
112	2	0.4897621612140814
112	3	0.6744956631378322
112	4	0.33946323256527644
112	5	0.6961135816955273
112	6	0.33946323256527644
112	7	0.29693324578224595
112	8	0.6744956631378322
112	9	0.8211299802712732
112	10	0.9418679858517658
112	11	0.6744956631378322
113	0	0.3548312084868949
113	1	1.1418916070223637
113	2	1.1455562185377277
113	3	1.3383851339695627
113	4	1.1500648772052195
113	5	0.7576761559155403
113	6	0.882692554491286
113	7	0.882692554491286
113	8	1.029326871624727
113	9	0.882692554491286
113	10	0.29693324578224595
113	11	1.213368735393817
113	12	0.882692554491286
113	13	0.8702408913131772
113	14	0.6979590525675353
113	15	0.9952572898889229
113	16	1.0630698067450124
113	17	0.5051301371356999
113	18	0.9952572898889229
113	19	0.7741381545533765
113	20	1.0630698067450124
113	21	0.7576761559155403
113	22	0.3207616267510908
113	23	0.5476601239187303
113	24	0.5476601239187303
113	25	0.9043104730489812
113	26	0.5476601239187303
113	27	1.0971393884808165
113	28	0.5476601239187303
114	0	0.29693324578224595
114	1	0.6744956631378322
114	2	0.4897621612140814
114	3	0.6961135816955273
114	4	0.29693324578224595
114	5	0.33946323256527644
114	6	0.6744956631378322
114	7	0.9418679858517658
114	8	0.8211299802712732
114	9	0.14663431713344105
114	10	0.6744956631378322
114	11	0.33946323256527644
114	12	0.6744956631378322
115	0	0.29693324578224595
115	1	0.8211299802712732
115	2	0.33946323256527644
115	3	0.33946323256527644
115	4	0.9418679858517658
115	5	0.6744956631378322
115	6	0.6744956631378322
115	7	0.4897621612140814
115	8	0.14663431713344105
115	9	0.6961135816955273
115	10	0.29693324578224595
115	11	0.6744956631378322
116	0	0.7576761559155403
116	1	0.6961135816955273
116	2	0.4897621612140814
116	3	0.33946323256527644
116	4	0.5476601239187303
116	5	0.14663431713344105
116	6	0.33946323256527644
116	7	0.29693324578224595
116	8	0.29693324578224595
116	9	0.8211299802712732
116	10	0.9418679858517658
116	11	0.6744956631378322
116	12	0.6744956631378322
116	13	0.6744956631378322
116	14	0.5476601239187303
116	15	1.0971393884808165
117	0	0.29693324578224595
117	1	0.9418679858517658
117	2	0.33946323256527644
117	3	0.4897621612140814
117	4	0.14663431713344105
117	5	0.6961135816955273
117	6	0.29693324578224595
117	7	0.6744956631378322
117	8	0.6744956631378322
117	9	0.8211299802712732
117	10	0.6744956631378322
117	11	0.33946323256527644
118	0	0.33946323256527644
118	1	0.8211299802712732
118	2	0.9418679858517658
118	3	0.6744956631378322
118	4	0.29693324578224595
118	5	0.6744956631378322
118	6	0.14663431713344105
118	7	0.6744956631378322
118	8	0.33946323256527644
118	9	0.6961135816955273
118	10	0.29693324578224595
118	11	0.4897621612140814
118	12	0.8889424971273627
118	13	0.7576761559155403
118	14	0.33946323256527644
118	15	0.33946323256527644
118	16	1.0168752084466182
118	17	0.810523787965172
119	0	0.29693324578224595
119	1	0.33946323256527644
119	2	0.8211299802712732
119	3	0.6744956631378322
119	4	0.14663431713344105
119	5	0.9418679858517658
119	6	0.33946323256527644
119	7	0.6744956631378322
119	8	0.29693324578224595
119	9	0.6744956631378322
119	10	0.6961135816955273
119	11	0.4897621612140814
120	0	0.33946323256527644
120	1	0.8889424971273627
120	2	0.29693324578224595
120	3	0.33946323256527644
120	4	0.6961135816955273
120	5	0.9418679858517658
120	6	0.14663431713344105
120	7	0.6744956631378322
120	8	0.4897621612140814
120	9	0.8211299802712732
120	10	0.29693324578224595
120	11	0.6744956631378322
120	12	0.6744956631378322
120	13	0.5513247354340943
120	14	1.029326871624727
120	15	0.5494792645620862
120	16	0.20819689135345384
120	17	1.0329914831400908
120	18	1.225820398571926
120	19	0.5494792645620862
121	0	0.29693324578224595
121	1	0.33946323256527644
121	2	0.8889424971273627
121	3	0.33946323256527644
121	4	1.0176235072184725
121	5	0.824794591786637
121	6	0.14663431713344105
121	7	0.5494792645620862
121	8	0.5494792645620862
121	9	0.8211299802712732
121	10	0.0
121	11	0.6744956631378322
121	12	0.6744956631378322
121	13	0.9418679858517658
121	14	0.4897621612140814
121	15	0.6961135816955273
121	16	0.8211299802712732
121	17	0.6744956631378322
121	18	0.29693324578224595
121	19	0.34312784408064034
122	0	0.33946323256527644
122	1	0.33946323256527644
122	2	0.8889424971273627
122	3	0.29693324578224595
122	4	0.8211299802712732
122	5	0.14663431713344105
122	6	0.4897621612140814
122	7	0.6744956631378322
122	8	0.9418679858517658
122	9	0.6961135816955273
122	10	0.6744956631378322
122	11	0.6744956631378322
122	12	0.29693324578224595
122	13	0.8211299802712732
122	14	0.824794591786637
122	15	1.0176235072184725
122	16	0.34312784408064034
122	17	0.5494792645620862
122	18	0.5494792645620862
122	19	0.0
123	0	0.33946323256527644
123	1	0.8889424971273627
123	2	0.29693324578224595
123	3	0.33946323256527644
123	4	0.14663431713344105
123	5	0.29693324578224595
123	6	0.9418679858517658
123	7	0.6961135816955273
123	8	0.6744956631378322
123	9	0.6744956631378322
123	10	0.6744956631378322
123	11	0.4897621612140814
123	12	0.8211299802712732
123	13	1.0176235072184725
123	14	0.824794591786637
123	15	0.5494792645620862
123	16	0.5494792645620862
123	17	0.34312784408064034
123	18	0.8211299802712732
123	19	0.0
124	0	0.29693324578224595
124	1	0.8889424971273627
124	2	0.33946323256527644
124	3	0.33946323256527644
124	4	0.14663431713344105
124	5	0.34312784408064034
124	6	0.8211299802712732
124	7	0.29693324578224595
124	8	0.9418679858517658
124	9	0.6744956631378322
124	10	0.8211299802712732
124	11	0.6961135816955273
124	12	0.6744956631378322
124	13	0.6744956631378322
124	14	0.4897621612140814
124	15	0.824794591786637
124	16	1.0176235072184725
124	17	0.5494792645620862
124	18	0.5494792645620862
124	19	0.0
125	0	0.8889424971273627
125	1	0.29693324578224595
125	2	0.33946323256527644
125	3	0.33946323256527644
125	4	0.34312784408064034
125	5	0.14663431713344105
125	6	1.0176235072184725
125	7	0.824794591786637
125	8	0.29693324578224595
125	9	0.8211299802712732
125	10	0.6744956631378322
125	11	0.4897621612140814
125	12	0.6744956631378322
125	13	0.6961135816955273
125	14	0.6744956631378322
125	15	0.9418679858517658
125	16	0.5494792645620862
125	17	0.0
125	18	0.5494792645620862
125	19	0.8211299802712732
126	0	0.29693324578224595
126	1	0.8889424971273627
126	2	0.33946323256527644
126	3	0.33946323256527644
126	4	0.8211299802712732
126	5	0.14663431713344105
126	6	1.0176235072184725
126	7	0.824794591786637
126	8	0.9418679858517658
126	9	0.4897621612140814
126	10	0.6744956631378322
126	11	0.8211299802712732
126	12	0.6744956631378322
126	13	0.29693324578224595
126	14	0.6961135816955273
126	15	0.6744956631378322
126	16	0.5494792645620862
126	17	0.5494792645620862
126	18	0.0
126	19	0.34312784408064034
126	20	0.810523787965172
126	21	0.810523787965172
126	22	0.810523787965172
126	23	0.810523787965172
127	0	0.33946323256527644
127	1	0.4897621612140814
127	2	0.4897621612140814
127	3	0.4897621612140814
127	4	0.4897621612140814
127	5	0.8889424971273627
127	6	0.29693324578224595
127	7	0.33946323256527644
128	0	0.33946323256527644
128	1	0.4897621612140814
128	2	0.4897621612140814
128	3	0.4897621612140814
128	4	0.29693324578224595
128	5	0.33946323256527644
128	6	0.8889424971273627
128	7	0.4897621612140814
129	0	0.4897621612140814
129	1	0.4897621612140814
129	2	0.4897621612140814
129	3	0.33946323256527644
129	4	0.4897621612140814
129	5	0.8889424971273627
129	6	0.29693324578224595
129	7	0.33946323256527644
130	0	0.4897621612140814
130	1	0.4897621612140814
130	2	0.4897621612140814
130	3	0.33946323256527644
130	4	0.29693324578224595
130	5	0.33946323256527644
130	6	0.8889424971273627
130	7	0.4897621612140814
131	0	0.4897621612140814
131	1	0.4897621612140814
131	2	0.33946323256527644
131	3	0.4897621612140814
131	4	0.4897621612140814
131	5	0.33946323256527644
131	6	0.29693324578224595
131	7	0.8889424971273627
132	0	0.4897621612140814
132	1	0.33946323256527644
132	2	0.4897621612140814
132	3	0.4897621612140814
132	4	0.33946323256527644
132	5	0.29693324578224595
132	6	0.8889424971273627
132	7	0.4897621612140814
133	0	0.810523787965172
133	1	0.4897621612140814
133	2	0.4897621612140814
133	3	0.33946323256527644
133	4	0.4897621612140814
133	5	0.810523787965172
133	6	0.5641221225565667
133	7	0.810523787965172
134	0	0.33946323256527644
134	1	0.4897621612140814
134	2	0.4897621612140814
134	3	0.4897621612140814
134	4	0.33946323256527644
134	5	0.8889424971273627
134	6	0.29693324578224595
134	7	0.4897621612140814
135	0	0.4897621612140814
135	1	0.4897621612140814
135	2	0.4897621612140814
135	3	0.33946323256527644
135	4	0.4897621612140814
135	5	0.29693324578224595
135	6	0.8889424971273627
135	7	0.33946323256527644
136	0	0.33946323256527644
136	1	0.4897621612140814
136	2	0.4897621612140814
136	3	0.4897621612140814
136	4	0.33946323256527644
136	5	0.8889424971273627
136	6	0.29693324578224595
136	7	0.4897621612140814
137	0	0.33946323256527644
137	1	0.4897621612140814
137	2	0.4897621612140814
137	3	0.4897621612140814
137	4	0.33946323256527644
137	5	0.8889424971273627
137	6	0.29693324578224595
137	7	0.4897621612140814
138	0	0.8889424971273627
138	1	0.810523787965172
138	2	0.810523787965172
138	3	0.33946323256527644
138	4	0.4897621612140814
138	5	0.4897621612140814
138	6	0.5135905421829262
139	0	0.4897621612140814
139	1	0.4897621612140814
139	2	0.4897621612140814
139	3	0.33946323256527644
139	4	0.4897621612140814
139	5	0.33946323256527644
139	6	0.8889424971273627
139	7	0.29693324578224595
140	0	0.4897621612140814
140	1	0.4897621612140814
140	2	0.33946323256527644
140	3	0.4897621612140814
140	4	0.33946323256527644
140	5	0.29693324578224595
140	6	0.8889424971273627
140	7	0.4897621612140814
141	0	0.4897621612140814
141	1	0.33946323256527644
141	2	0.4897621612140814
141	3	0.4897621612140814
141	4	0.4897621612140814
141	5	0.8889424971273627
141	6	0.33946323256527644
141	7	0.29693324578224595
142	0	0.5215921357735362
142	1	0.33946323256527644
142	2	1.0457888702625635
142	3	0.8991545531291223
142	4	0.9207724716868174
142	5	0.33946323256527644
142	6	0.8991545531291223
142	7	1.1665268758430556
142	8	0.3712932071247313
142	9	0.8991545531291223
142	10	0.7144210512053717
142	11	0.29693324578224595
142	12	0.8889424971273627
142	13	0.7741381545533765
142	14	0.5641221225565667
142	15	0.6602248593163671
143	0	0.29693324578224595
143	1	0.6744956631378322
143	2	0.6744956631378322
143	3	0.9952572898889229
143	4	0.8211299802712732
143	5	0.9418679858517658
143	6	0.6744956631378322
143	7	0.33946323256527644
143	8	0.14663431713344105
143	9	0.6961135816955273
143	10	0.33946323256527644
143	11	0.4897621612140814
143	12	0.29693324578224595
143	13	0.5494792645620862
144	0	0.33946323256527644
144	1	0.4897621612140814
144	2	0.4897621612140814
144	3	0.4897621612140814
144	4	0.4897621612140814
144	5	0.29693324578224595
144	6	0.33946323256527644
144	7	0.8889424971273627
145	0	0.33946323256527644
145	1	0.29693324578224595
145	2	0.29693324578224595
145	3	0.9418679858517658
145	4	0.4897621612140814
145	5	0.14663431713344105
145	6	0.33946323256527644
145	7	0.6744956631378322
145	8	0.6961135816955273
145	9	0.8211299802712732
145	10	0.6744956631378322
145	11	0.6744956631378322
145	12	0.8889424971273627
145	13	0.5494792645620862
145	14	0.33946323256527644
145	15	0.33946323256527644
146	0	0.33946323256527644
146	1	0.4897621612140814
146	2	0.4897621612140814
146	3	0.4897621612140814
146	4	0.33946323256527644
146	5	0.29693324578224595
146	6	0.8889424971273627
146	7	0.4897621612140814
147	0	0.4897621612140814
147	1	0.33946323256527644
147	2	0.4897621612140814
147	3	0.4897621612140814
147	4	0.4897621612140814
147	5	0.8889424971273627
147	6	0.29693324578224595
147	7	0.33946323256527644
148	0	0.4897621612140814
148	1	0.33946323256527644
148	2	0.4897621612140814
148	3	0.4897621612140814
148	4	0.4897621612140814
148	5	0.33946323256527644
148	6	0.29693324578224595
148	7	0.8889424971273627
149	0	0.4897621612140814
149	1	0.33946323256527644
149	2	0.4897621612140814
149	3	0.4897621612140814
149	4	0.33946323256527644
149	5	0.29693324578224595
149	6	0.8889424971273627
149	7	0.4897621612140814
150	0	0.6979590525675353
150	1	0.4897621612140814
150	2	0.6979590525675353
150	3	0.4897621612140814
150	4	0.5476601239187303
150	5	0.5051301371356999
150	6	1.0971393884808165
150	7	0.6979590525675353
151	0	0.4897621612140814
151	1	0.4897621612140814
151	2	0.4897621612140814
151	3	0.4897621612140814
151	4	0.4897621612140814
151	5	0.33946323256527644
151	6	0.29693324578224595
151	7	0.8889424971273627
152	0	0.4897621612140814
152	1	0.4897621612140814
152	2	0.4897621612140814
152	3	0.4897621612140814
152	4	0.4897621612140814
152	5	0.8889424971273627
152	6	0.29693324578224595
152	7	0.33946323256527644
153	0	0.810523787965172
153	1	0.810523787965172
153	2	0.8889424971273627
153	3	0.4897621612140814
153	4	0.4897621612140814
153	5	0.4897621612140814
153	6	0.5135905421829262
153	7	0.29693324578224595
153	8	0.33946323256527644
153	9	1.360003052527258
153	10	0.5641221225565667
153	11	0.810523787965172
153	12	0.810523787965172
153	13	0.810523787965172
154	0	0.810523787965172
154	1	1.0168752084466182
154	2	0.810523787965172
154	3	0.4897621612140814
154	4	0.4897621612140814
154	5	0.4897621612140814
154	6	0.33946323256527644
154	7	0.810523787965172
154	8	0.4897621612140814
154	9	0.4897621612140814
154	10	0.4897621612140814
154	11	0.4897621612140814
154	12	0.19282891543183545
154	13	0.8889424971273627
154	14	0.4897621612140814
154	15	0.29693324578224595
154	16	0.33946323256527644
154	17	1.0392414257761675
155	0	0.4897621612140814
155	1	0.4897621612140814
155	2	0.6979590525675353
155	3	0.6979590525675353
155	4	0.29693324578224595
155	5	0.8889424971273627
155	6	0.33946323256527644
155	7	0.4897621612140814
156	0	0.6979590525675353
156	1	0.9043104730489812
156	2	0.6602248593163671
156	3	0.6979590525675353
156	4	0.810523787965172
156	5	0.6602248593163671
157	0	0.8889424971273627
157	1	0.6979590525675353
157	2	0.6979590525675353
157	3	0.4897621612140814
157	4	0.4897621612140814
157	5	0.4897621612140814
157	6	0.40102580678528926
157	7	0.29693324578224595
157	8	0.33946323256527644
157	9	0.4897621612140814
157	10	0.4897621612140814
157	11	1.2474383171296213
157	12	0.6176948725333368
158	0	0.6979590525675353
158	1	0.6602248593163671
158	2	1.0392414257761675
158	3	0.5476601239187303
158	4	0.6979590525675353
158	5	0.6979590525675353
158	6	0.6979590525675353
158	7	0.6602248593163671
158	8	0.6979590525675353
158	9	0.5476601239187303
158	10	0.6979590525675353
158	11	0.6979590525675353
158	12	0.33946323256527644
158	13	0.4897621612140814
158	14	0.4897621612140814
158	15	0.5476601239187303
159	0	1.0971393884808165
159	1	0.6979590525675353
159	2	0.4897621612140814
159	3	0.40102580678528926
159	4	0.4897621612140814
159	5	0.4897621612140814
159	6	0.6979590525675353
160	0	0.4673959438845318
160	1	1.0630698067450124
160	2	0.9952572898889229
160	3	1.1455562185377277
160	4	1.3383851339695627
160	5	0.9952572898889229
160	6	0.6638894708317312
160	7	1.1418916070223637
160	8	0.8702408913131772
160	9	0.810523787965172
160	10	1.1418916070223637
160	11	0.5051301371356999
160	12	0.9952572898889229
160	13	0.9952572898889229
160	14	0.9952572898889229
160	15	1.262629612602856
160	16	0.9952572898889229
160	17	0.5051301371356999
160	18	0.8702408913131772
160	19	0.3207616267510908
160	20	0.8702408913131772
160	21	1.213368735393817
160	22	0.9952572898889229
161	0	1.029326871624727
161	1	0.882692554491286
161	2	1.1500648772052195
161	3	0.5051301371356999
161	4	0.882692554491286
161	5	0.882692554491286
161	6	0.882692554491286
161	7	0.3548312084868949
161	8	0.882692554491286
161	9	1.1008039999961805
161	10	0.882692554491286
161	11	0.9505050713473757
161	12	1.029326871624727
161	13	0.882692554491286
161	14	0.5513247354340943
161	15	0.7576761559155403
161	16	0.20819689135345384
161	17	0.7576761559155403
161	18	0.6979590525675353
161	19	0.5051301371356999
161	20	0.7576761559155403
161	21	1.0329914831400908
161	22	1.225820398571926
162	0	0.7144210512053717
162	1	0.7144210512053717
162	2	0.7144210512053717
162	3	0.7144210512053717
162	4	0.7144210512053717
162	5	1.1136013871186523
162	6	0.5641221225565667
162	7	0.29693324578224595
163	0	0.4897621612140814
163	1	0.4897621612140814
163	2	0.4897621612140814
163	3	0.4897621612140814
163	4	0.8889424971273627
163	5	0.33946323256527644
163	6	0.29693324578224595
163	7	0.4897621612140814
164	0	0.4897621612140814
164	1	0.33946323256527644
164	2	0.8889424971273627
164	3	0.29693324578224595
164	4	0.14663431713344105
164	5	0.34312784408064034
164	6	0.5494792645620862
164	7	0.0
164	8	0.5494792645620862
164	9	0.8211299802712732
164	10	1.0168752084466182
164	11	0.6744956631378322
164	12	0.4897621612140814
164	13	0.29693324578224595
164	14	0.8211299802712732
164	15	0.9418679858517658
164	16	0.6744956631378322
164	17	0.6744956631378322
164	18	1.0176235072184725
164	19	0.824794591786637
165	0	0.8889424971273627
165	1	0.4897621612140814
165	2	0.29693324578224595
165	3	0.33946323256527644
165	4	0.5494792645620862
165	5	0.5494792645620862
165	6	0.14663431713344105
165	7	0.0
165	8	0.824794591786637
165	9	1.0176235072184725
165	10	0.34312784408064034
165	11	0.29693324578224595
165	12	0.8211299802712732
165	13	0.9418679858517658
165	14	0.6744956631378322
165	15	0.4897621612140814
165	16	0.6744956631378322
165	17	0.6744956631378322
165	18	0.6961135816955273
165	19	0.8211299802712732
166	0	0.33946323256527644
166	1	0.29693324578224595
166	2	0.8889424971273627
166	3	0.4897621612140814
166	4	0.34312784408064034
166	5	0.14663431713344105
166	6	0.6744956631378322
166	7	0.6744956631378322
166	8	0.8211299802712732
166	9	0.9418679858517658
166	10	0.6744956631378322
166	11	0.6961135816955273
166	12	0.4897621612140814
166	13	0.29693324578224595
166	14	0.8211299802712732
166	15	0.5494792645620862
166	16	0.824794591786637
166	17	1.0176235072184725
166	18	0.5494792645620862
166	19	0.0
166	20	0.7144210512053717
166	21	0.7144210512053717
166	22	0.4174878054231257
166	23	0.4897621612140814
166	24	0.4897621612140814
167	0	0.6979590525675353
167	1	0.4897621612140814
167	2	0.4897621612140814
167	3	0.6979590525675353
167	4	0.4897621612140814
167	5	0.33946323256527644
167	6	0.8889424971273627
167	7	0.29693324578224595
168	0	0.4897621612140814
168	1	0.4897621612140814
168	2	0.4897621612140814
168	3	0.4897621612140814
168	4	0.4897621612140814
168	5	0.33946323256527644
168	6	0.8889424971273627
168	7	0.29693324578224595
169	0	0.4897621612140814
169	1	0.4897621612140814
169	2	0.4897621612140814
169	3	0.4897621612140814
169	4	0.4897621612140814
169	5	0.33946323256527644
169	6	0.8889424971273627
169	7	0.29693324578224595
170	0	0.8889424971273627
170	1	0.6979590525675353
170	2	0.6979590525675353
170	3	0.4897621612140814
170	4	0.4897621612140814
170	5	0.4897621612140814
170	6	0.40102580678528926
171	0	0.4897621612140814
171	1	0.4897621612140814
171	2	0.4897621612140814
171	3	0.4897621612140814
171	4	0.4897621612140814
171	5	0.33946323256527644
171	6	0.29693324578224595
171	7	0.8889424971273627
172	0	0.6939878515448936
172	1	0.4897621612140814
172	2	0.4897621612140814
172	3	0.4897621612140814
172	4	0.4897621612140814
172	5	0.33946323256527644
172	6	0.29693324578224595
172	7	0.8889424971273627
173	0	0.4897621612140814
173	1	0.4897621612140814
173	2	0.4897621612140814
173	3	0.4897621612140814
173	4	0.33946323256527644
173	5	0.8889424971273627
173	6	0.29693324578224595
173	7	0.4897621612140814
174	0	0.4897621612140814
174	1	0.4897621612140814
174	2	0.4897621612140814
174	3	0.4897621612140814
174	4	0.4897621612140814
174	5	0.33946323256527644
174	6	0.29693324578224595
174	7	0.8889424971273627
175	0	0.6979590525675353
175	1	0.4897621612140814
175	2	0.40102580678528926
175	3	0.4897621612140814
175	4	0.4897621612140814
175	5	0.6979590525675353
175	6	0.8889424971273627
175	7	0.29693324578224595
175	8	0.33946323256527644
175	9	1.360003052527258
175	10	0.6979590525675353
175	11	0.810523787965172
175	12	0.6602248593163671
175	13	0.810523787965172
176	0	0.4897621612140814
176	1	0.4897621612140814
176	2	0.4897621612140814
176	3	0.4897621612140814
176	4	0.4897621612140814
176	5	0.33946323256527644
176	6	0.8889424971273627
176	7	0.29693324578224595
177	0	0.5051301371356999
177	1	0.4897621612140814
177	2	1.0971393884808165
177	3	0.5476601239187303
177	4	0.4673959438845318
177	5	0.3207616267510908
177	6	0.6638894708317312
177	7	0.6176948725333368
177	8	1.1418916070223637
177	9	0.9952572898889229
177	10	0.9952572898889229
177	11	0.9952572898889229
177	12	1.0168752084466182
177	13	0.4897621612140814
177	14	1.262629612602856
177	15	0.8702408913131772
177	16	1.1418916070223637
177	17	1.3383851339695627
177	18	1.1455562185377277
177	19	0.8702408913131772
178	0	0.4897621612140814
178	1	0.8889424971273627
178	2	0.33946323256527644
178	3	0.29693324578224595
178	4	0.5494792645620862
178	5	0.8211299802712732
178	6	0.14663431713344105
178	7	0.34312784408064034
178	8	0.8211299802712732
178	9	0.6961135816955273
178	10	0.4897621612140814
178	11	0.9418679858517658
178	12	0.6744956631378322
178	13	0.6744956631378322
178	14	0.29693324578224595
178	15	0.6744956631378322
178	16	0.824794591786637
178	17	1.0176235072184725
178	18	0.5494792645620862
178	19	0.0
179	0	1.0971393884808165
179	1	0.810523787965172
179	2	0.810523787965172
179	3	0.4897621612140814
179	4	0.810523787965172
179	5	0.810523787965172
179	6	0.5135905421829262
179	7	1.360003052527258
179	8	0.5476601239187303
179	9	0.5051301371356999
179	10	0.810523787965172
179	11	0.810523787965172
179	12	0.810523787965172
179	13	0.6602248593163671
179	14	0.810523787965172
179	15	0.810523787965172
180	0	0.4897621612140814
180	1	0.4897621612140814
180	2	0.8889424971273627
180	3	0.4897621612140814
180	4	0.4897621612140814
180	5	0.4897621612140814
180	6	0.19282891543183545
180	7	0.33946323256527644
180	8	0.29693324578224595
180	9	1.0392414257761675
180	10	0.4897621612140814
180	11	0.4897621612140814
180	12	0.33946323256527644
180	13	0.4897621612140814
180	14	0.4897621612140814
180	15	0.4897621612140814
181	0	0.4897621612140814
181	1	0.4897621612140814
181	2	0.4897621612140814
181	3	0.4897621612140814
181	4	0.4897621612140814
181	5	0.29693324578224595
181	6	0.33946323256527644
181	7	0.8889424971273627
182	0	0.4897621612140814
182	1	0.4897621612140814
182	2	0.4897621612140814
182	3	0.4897621612140814
182	4	0.33946323256527644
182	5	0.8889424971273627
182	6	0.29693324578224595
182	7	0.4897621612140814
183	0	0.4897621612140814
183	1	0.4897621612140814
183	2	0.4897621612140814
183	3	0.4897621612140814
183	4	0.4897621612140814
183	5	0.33946323256527644
183	6	0.29693324578224595
183	7	0.8889424971273627
184	0	0.6979590525675353
184	1	0.6979590525675353
184	2	0.8889424971273627
184	3	0.4897621612140814
184	4	0.4897621612140814
184	5	0.4897621612140814
184	6	0.40102580678528926
184	7	1.2474383171296213
184	8	0.5476601239187303
184	9	0.6979590525675353
184	10	0.6979590525675353
184	11	0.6979590525675353
184	12	0.29693324578224595
184	13	0.33946323256527644
185	0	0.4897621612140814
185	1	0.19282891543183545
185	2	0.4897621612140814
185	3	0.4897621612140814
185	4	0.8889424971273627
185	5	0.4897621612140814
185	6	0.4897621612140814
185	7	0.33946323256527644
185	8	0.29693324578224595
185	9	1.0392414257761675
185	10	0.33946323256527644
185	11	0.4897621612140814
185	12	0.4897621612140814
185	13	0.4897621612140814
186	0	0.33946323256527644
186	1	0.4897621612140814
186	2	0.8889424971273627
186	3	0.29693324578224595
186	4	1.049453481777927
186	5	0.3712932071247313
186	6	1.2422823972097623
186	7	0.22465888999129024
186	8	0.7741381545533765
186	9	1.0457888702625635
186	10	0.7741381545533765
186	11	0.5215921357735362
186	12	0.8991545531291223
186	13	0.7144210512053717
186	14	0.8991545531291223
186	15	0.8991545531291223
186	16	1.1665268758430556
186	17	0.9207724716868174
186	18	1.0457888702625635
186	19	0.5677867340719308
187	0	0.5513247354340943
187	1	0.3548312084868949
187	2	1.0630698067450124
187	3	0.9952572898889229
187	4	0.9952572898889229
187	5	0.7576761559155403
187	6	1.213368735393817
187	7	0.5051301371356999
187	8	0.20819689135345384
187	9	0.7576761559155403
187	10	1.225820398571926
187	11	1.0329914831400908
187	12	0.8702408913131772
187	13	1.029326871624727
187	14	0.882692554491286
187	15	0.5051301371356999
187	16	0.882692554491286
187	17	0.882692554491286
187	18	0.9952572898889229
187	19	1.1500648772052195
187	20	1.029326871624727
187	21	0.9952572898889229
187	22	0.6979590525675353
187	23	0.9043104730489812
187	24	0.6979590525675353
187	25	0.5476601239187303
187	26	0.6979590525675353
187	27	0.6979590525675353
187	28	1.0971393884808165
187	29	0.6979590525675353
187	30	0.6979590525675353
187	31	0.40102580678528926
187	32	0.6979590525675353
187	33	0.6979590525675353
187	34	1.2474383171296213
188	0	0.4897621612140814
188	1	0.4897621612140814
188	2	0.8889424971273627
188	3	0.4897621612140814
188	4	0.4897621612140814
188	5	0.4897621612140814
188	6	0.33946323256527644
189	0	0.5494792645620862
189	1	0.3712932071247313
189	2	1.1172659986340168
189	3	0.8991545531291223
189	4	0.8991545531291223
189	5	0.7144210512053717
189	6	0.8991545531291223
189	7	0.8991545531291223
189	8	0.8991545531291223
189	9	0.7741381545533765
189	10	0.8991545531291223
189	11	0.966967069985212
189	12	0.5677867340719308
189	13	0.966967069985212
189	14	1.1172659986340168
189	15	1.1172659986340168
189	16	1.2422823972097623
189	17	0.966967069985212
189	18	0.4174878054231257
189	19	0.7144210512053717
189	20	0.7741381545533765
189	21	0.5677867340719308
189	22	0.7741381545533765
189	23	0.8991545531291223
189	24	0.7144210512053717
189	25	0.9207724716868174
189	26	0.5641221225565667
189	27	0.7144210512053717
189	28	0.7144210512053717
189	29	1.1136013871186523
189	30	0.7144210512053717
189	31	0.7144210512053717
189	32	0.5641221225565667
190	0	0.14663431713344105
190	1	0.19282891543183545
190	2	0.7423081799939217
190	3	0.34312784408064034
190	4	0.6961135816955273
190	5	0.6744956631378322
190	6	0.4897621612140814
190	7	0.33946323256527644
190	8	0.6744956631378322
190	9	0.6744956631378322
190	10	0.4897621612140814
190	11	0.4897621612140814
190	12	0.6744956631378322
190	13	0.6744956631378322
190	14	0.34312784408064034
190	15	0.34312784408064034
190	16	0.6744956631378322
190	17	0.6744956631378322
190	18	0.8926071086427266
191	0	0.34312784408064034
191	1	0.14663431713344105
191	2	0.4897621612140814
191	3	0.6744956631378322
191	4	0.6744956631378322
191	5	0.4897621612140814
191	6	0.6961135816955273
191	7	0.6744956631378322
191	8	0.4897621612140814
191	9	0.34312784408064034
191	10	0.6744956631378322
191	11	0.6744956631378322
191	12	0.33946323256527644
192	0	0.7741381545533765
192	1	0.5677867340719308
192	2	1.1172659986340168
192	3	0.3712932071247313
192	4	0.4174878054231257
192	5	0.966967069985212
192	6	0.966967069985212
192	7	0.7144210512053717
192	8	0.8991545531291223
192	9	0.7741381545533765
192	10	0.966967069985212
192	11	0.5677867340719308
192	12	0.7741381545533765
192	13	0.8991545531291223
192	14	0.5677867340719308
192	15	0.8991545531291223
192	16	0.8991545531291223
192	17	0.8991545531291223
192	18	0.8991545531291223
192	19	0.7741381545533765
192	20	0.7144210512053717
192	21	0.8991545531291223
192	22	1.2422823972097623
192	23	1.1172659986340168
192	24	0.9207724716868174
192	25	0.7144210512053717
192	26	0.5641221225565667
193	0	0.14663431713344105
193	1	0.8926071086427266
193	2	0.34312784408064034
193	3	0.6744956631378322
193	4	0.6744956631378322
193	5	0.6744956631378322
193	6	0.6744956631378322
193	7	0.6744956631378322
193	8	0.33946323256527644
193	9	0.6961135816955273
193	10	0.4897621612140814
193	11	0.4897621612140814
193	12	0.4897621612140814
193	13	0.6997781932108913
194	0	0.810523787965172
194	1	0.810523787965172
194	2	0.4897621612140814
194	3	0.6979590525675353
194	4	0.810523787965172
194	5	0.5476601239187303
194	6	0.33946323256527644
194	7	1.2097041238784532
194	8	0.5513247354340943
195	0	0.4897621612140814
195	1	0.4897621612140814
195	2	0.4897621612140814
195	3	0.4897621612140814
195	4	0.33946323256527644
195	5	0.33946323256527644
195	6	0.8889424971273627
195	7	0.34312784408064034
195	8	0.4897621612140814
196	0	0.33946323256527644
196	1	0.8889424971273627
196	2	0.34312784408064034
196	3	0.4897621612140814
196	4	0.33946323256527644
196	5	0.966967069985212
196	6	0.3712932071247313
196	7	0.7741381545533765
196	8	0.7741381545533765
196	9	0.4174878054231257
196	10	0.5677867340719308
196	11	1.2422823972097623
196	12	1.1172659986340168
196	13	0.8991545531291223
196	14	0.8991545531291223
196	15	0.8991545531291223
196	16	0.7144210512053717
196	17	0.9207724716868174
196	18	0.7144210512053717
196	19	0.8991545531291223
196	20	0.8991545531291223
197	0	0.4897621612140814
197	1	0.4897621612140814
197	2	0.4897621612140814
197	3	0.6979590525675353
197	4	0.8889424971273627
197	5	0.33946323256527644
197	6	0.34312784408064034
197	7	0.33946323256527644
197	8	0.6979590525675353
197	9	0.14663431713344105
197	10	0.19282891543183545
197	11	0.966967069985212
197	12	0.810523787965172
197	13	0.810523787965172
197	14	0.6602248593163671
197	15	0.810523787965172
198	0	0.8926071086427266
198	1	1.0176235072184725
198	2	0.14663431713344105
198	3	0.6744956631378322
198	4	0.6744956631378322
198	5	0.4897621612140814
198	6	0.6744956631378322
198	7	0.33946323256527644
198	8	0.4897621612140814
198	9	0.4897621612140814
198	10	0.34312784408064034
198	11	0.6744956631378322
198	12	0.6961135816955273
198	13	0.6744956631378322
199	0	1.0168752084466182
199	1	1.360003052527258
199	2	0.6602248593163671
199	3	0.5641221225565667
199	4	0.5641221225565667
199	5	0.5677867340719308
199	6	0.7144210512053717
199	7	1.1136013871186523
199	8	0.3712932071247313
199	9	0.7741381545533765
199	10	0.5677867340719308
199	11	0.4174878054231257
199	12	0.966967069985212
199	13	0.7144210512053717
199	14	0.8991545531291223
199	15	0.9207724716868174
199	16	0.7144210512053717
199	17	0.8991545531291223
199	18	0.8991545531291223
199	19	0.8991545531291223
199	20	0.8991545531291223
199	21	1.1172659986340168
199	22	1.2422823972097623
199	23	0.7741381545533765
199	24	1.0630698067450124
199	25	1.213368735393817
199	26	1.0205398199619822
199	27	1.213368735393817
199	28	0.6638894708317312
199	29	0.6602248593163671
199	30	0.810523787965172
199	31	0.7144210512053717
199	32	0.5135905421829262
199	33	1.213368735393817
199	34	0.5135905421829262
200	0	0.8889424971273627
200	1	0.4897621612140814
200	2	0.33946323256527644
200	3	0.33946323256527644
200	4	0.34312784408064034
200	5	0.7423081799939217
200	6	0.14663431713344105
200	7	0.19282891543183545
200	8	0.5494792645620862
200	9	0.8926071086427266
200	10	1.0176235072184725
200	11	0.5494792645620862
200	12	0.34312784408064034
200	13	0.6744956631378322
200	14	0.6744956631378322
200	15	0.4897621612140814
200	16	0.6744956631378322
200	17	0.6744956631378322
200	18	0.4897621612140814
200	19	0.6961135816955273
200	20	0.6744956631378322
200	21	0.7144210512053717
200	22	0.4897621612140814
200	23	0.7144210512053717
200	24	0.7144210512053717
201	0	0.4897621612140814
201	1	0.4897621612140814
201	2	0.4897621612140814
201	3	0.4897621612140814
201	4	0.33946323256527644
201	5	0.34312784408064034
201	6	0.8889424971273627
201	7	0.33946323256527644
201	8	0.4897621612140814
202	0	0.4897621612140814
202	1	0.4897621612140814
202	2	0.4897621612140814
202	3	0.4897621612140814
202	4	0.8889424971273627
202	5	0.33946323256527644
202	6	0.34312784408064034
202	7	0.33946323256527644
202	8	0.4897621612140814
203	0	0.6979590525675353
203	1	1.2474383171296213
203	2	0.6602248593163671
203	3	0.810523787965172
203	4	0.5476601239187303
203	5	0.810523787965172
203	6	0.810523787965172
203	7	0.810523787965172
203	8	0.810523787965172
203	9	0.4897621612140814
203	10	0.4897621612140814
203	11	0.4897621612140814
203	12	0.4897621612140814
203	13	0.4897621612140814
203	14	0.33946323256527644
203	15	0.33946323256527644
203	16	0.8889424971273627
203	17	0.34312784408064034
203	18	0.6602248593163671
204	0	0.4897621612140814
204	1	0.4897621612140814
204	2	0.4897621612140814
204	3	0.4897621612140814
204	4	0.34312784408064034
204	5	0.33946323256527644
204	6	0.33946323256527644
204	7	0.8889424971273627
204	8	0.4897621612140814
205	0	0.4897621612140814
205	1	0.4897621612140814
205	2	0.4897621612140814
205	3	0.4897621612140814
205	4	0.34312784408064034
205	5	0.33946323256527644
205	6	0.33946323256527644
205	7	0.8889424971273627
205	8	0.4897621612140814
206	0	0.4897621612140814
206	1	0.4897621612140814
206	2	0.4897621612140814
206	3	0.4897621612140814
206	4	0.33946323256527644
206	5	0.4897621612140814
206	6	0.33946323256527644
206	7	0.8889424971273627
206	8	0.34312784408064034
207	0	0.9952572898889229
207	1	0.9952572898889229
207	2	0.8702408913131772
207	3	0.9952572898889229
207	4	0.9952572898889229
207	5	0.810523787965172
207	6	0.9952572898889229
207	7	0.8702408913131772
207	8	0.4673959438845318
207	9	0.5476601239187303
207	10	1.0168752084466182
207	11	0.5513247354340943
207	12	0.4897621612140814
207	13	0.810523787965172
208	0	0.9043104730489812
208	1	0.6602248593163671
208	2	0.6602248593163671
208	3	0.810523787965172
208	4	0.810523787965172
208	5	0.810523787965172
208	6	0.6602248593163671
208	7	0.810523787965172
208	8	0.6979590525675353
208	9	0.5641221225565667
208	10	1.1136013871186523
208	11	0.5513247354340943
208	12	0.5476601239187303
208	13	0.6979590525675353
208	14	0.882692554491286
208	15	0.6979590525675353
208	16	0.882692554491286
208	17	0.882692554491286
208	18	0.6979590525675353
208	19	0.3548312084868949
208	20	0.882692554491286
208	21	0.9043104730489812
208	22	0.882692554491286
208	23	1.0630698067450124
208	24	0.5135905421829262
208	25	1.213368735393817
208	26	1.3383851339695627
208	27	0.6638894708317312
208	28	0.8702408913131772
208	29	0.7576761559155403
208	30	0.7144210512053717
208	31	0.7144210512053717
208	32	0.7144210512053717
208	33	0.7144210512053717
208	34	0.33946323256527644
208	35	0.810523787965172
208	36	0.810523787965172
208	37	0.6602248593163671
208	38	1.1455562185377277
209	0	0.14663431713344105
209	1	1.0630698067450124
209	2	0.6961135816955273
209	3	0.6744956631378322
209	4	0.6744956631378322
209	5	0.6744956631378322
209	6	0.33946323256527644
209	7	0.6744956631378322
209	8	0.4897621612140814
209	9	0.6744956631378322
209	10	0.34312784408064034
209	11	0.4897621612140814
209	12	0.4897621612140814
209	13	0.4897621612140814
210	0	0.810523787965172
210	1	0.810523787965172
210	2	0.8702408913131772
210	3	1.0329914831400908
210	4	0.6602248593163671
210	5	1.3383851339695627
210	6	1.213368735393817
210	7	0.9207724716868174
210	8	0.6979590525675353
211	0	0.4897621612140814
211	1	1.0168752084466182
211	2	0.6961135816955273
211	3	1.997495974795606
211	4	1.0168752084466182
211	5	1.0168752084466182
211	6	0.9952572898889229
211	7	1.0168752084466182
211	8	1.0630698067450124
211	9	0.8702408913131772
211	10	1.1418916070223637
212	0	0.4897621612140814
212	1	0.6961135816955273
212	2	0.6961135816955273
212	3	0.6961135816955273
212	4	0.6961135816955273
212	5	0.6744956631378322
212	6	0.6961135816955273
212	7	1.676734348044515
212	8	0.8211299802712732
212	9	0.9952572898889229
212	10	0.6602248593163671
212	11	0.5494792645620862
212	12	0.7423081799939217
213	0	1.0329914831400908
213	1	0.4897621612140814
213	2	0.6979590525675353
213	3	0.6979590525675353
213	4	0.6979590525675353
213	5	0.5135905421829262
214	0	0.33946323256527644
214	1	0.4897621612140814
214	2	0.4897621612140814
214	3	0.4897621612140814
214	4	0.7144210512053717
214	5	0.4897621612140814
214	6	0.7144210512053717
214	7	0.6979590525675353
214	8	0.4897621612140814
214	9	0.19282891543183545
215	0	0.7144210512053717
215	1	0.4897621612140814
215	2	0.33946323256527644
215	3	0.4897621612140814
215	4	0.4897621612140814
215	5	0.5641221225565667
215	6	0.5677867340719308
215	7	0.4897621612140814
215	8	0.5641221225565667
215	9	1.1136013871186523
215	10	0.5677867340719308
215	11	0.3712932071247313
215	12	0.7741381545533765
215	13	0.7741381545533765
215	14	1.2422823972097623
215	15	1.1172659986340168
215	16	0.966967069985212
215	17	0.7144210512053717
215	18	0.8991545531291223
215	19	0.8991545531291223
215	20	0.9207724716868174
215	21	0.8991545531291223
215	22	0.8991545531291223
215	23	0.7144210512053717
215	24	0.8991545531291223
215	25	0.4174878054231257
216	0	0.4897621612140814
216	1	0.33946323256527644
216	2	0.4897621612140814
216	3	0.4897621612140814
216	4	0.4897621612140814
216	5	0.4897621612140814
216	6	0.4897621612140814
216	7	0.4897621612140814
216	8	0.4897621612140814
217	0	0.4897621612140814
217	1	0.33946323256527644
217	2	0.4897621612140814
217	3	0.4897621612140814
217	4	0.4897621612140814
217	5	0.4897621612140814
217	6	0.4897621612140814
217	7	0.4897621612140814
217	8	0.5476601239187303
217	9	0.4897621612140814
217	10	0.5513247354340943
217	11	1.0971393884808165
217	12	0.5476601239187303
218	0	0.7576761559155403
218	1	0.3548312084868949
218	2	0.6979590525675353
218	3	0.882692554491286
218	4	0.882692554491286
218	5	0.4897621612140814
218	6	0.882692554491286
218	7	0.6979590525675353
218	8	0.882692554491286
218	9	0.882692554491286
218	10	0.33946323256527644
218	11	0.9043104730489812
218	12	0.34312784408064034
219	0	0.7144210512053717
219	1	0.6979590525675353
219	2	0.5476601239187303
219	3	0.6979590525675353
219	4	0.6979590525675353
219	5	0.4897621612140814
219	6	0.6979590525675353
219	7	0.6979590525675353
219	8	0.6979590525675353
219	9	0.5476601239187303
219	10	0.33946323256527644
219	11	0.34312784408064034
219	12	1.0971393884808165
219	13	0.6979590525675353
219	14	0.14663431713344105
219	15	0.6638894708317312
219	16	0.6744956631378322
219	17	0.6961135816955273
219	18	0.4897621612140814
219	19	0.6744956631378322
219	20	0.4897621612140814
219	21	0.6744956631378322
219	22	0.6744956631378322
219	23	0.6744956631378322
219	24	1.3383851339695627
219	25	1.213368735393817
219	26	0.6638894708317312
219	27	1.0168752084466182
219	28	1.0168752084466182
219	29	1.0168752084466182
219	30	1.997495974795606
220	0	0.4897621612140814
220	1	0.4897621612140814
220	2	0.4897621612140814
220	3	0.4897621612140814
220	4	0.4897621612140814
220	5	0.33946323256527644
220	6	0.33946323256527644
220	7	0.8889424971273627
220	8	0.34312784408064034
221	0	1.360003052527258
221	1	0.6979590525675353
221	2	0.6979590525675353
221	3	0.5476601239187303
221	4	0.6979590525675353
221	5	0.6979590525675353
221	6	0.6979590525675353
221	7	0.6979590525675353
221	8	0.6979590525675353
221	9	0.5476601239187303
221	10	0.5513247354340943
221	11	1.0971393884808165
221	12	0.5476601239187303
221	13	0.6979590525675353
221	14	1.1008039999961805
221	15	0.34312784408064034
221	16	0.810523787965172
222	0	0.810523787965172
222	1	1.2639003157674575
222	2	0.6602248593163671
222	3	0.810523787965172
222	4	0.7144210512053717
222	5	0.7144210512053717
222	6	0.6602248593163671
222	7	1.0630698067450124
222	8	0.8702408913131772
222	9	0.6638894708317312
222	10	1.213368735393817
222	11	1.213368735393817
222	12	1.0205398199619822
222	13	1.0630698067450124
222	14	1.213368735393817
222	15	1.0205398199619822
222	16	0.6602248593163671
222	17	0.6602248593163671
222	18	1.213368735393817
222	19	1.213368735393817
222	20	1.1172659986340168
222	21	1.1172659986340168
223	0	1.0392414257761675
223	1	0.4897621612140814
223	2	0.7144210512053717
223	3	0.7144210512053717
223	4	0.4897621612140814
223	5	0.9952572898889229
223	6	0.33946323256527644
224	0	0.4897621612140814
224	1	0.4897621612140814
224	2	0.5641221225565667
224	3	0.7144210512053717
224	4	0.4897621612140814
224	5	0.4897621612140814
224	6	0.7144210512053717
224	7	0.7144210512053717
224	8	0.7144210512053717
