23	0	0.032131664575114814
23	1	0.03930698155612683
23	2	-0.042407715563987196
23	3	0.01358145612737788
23	4	0.07534084825233786
23	5	0.07854154435855645
23	6	0.06789972868410386
23	7	0.028108568890111485
24	0	0.03643017428866983
24	1	-0.038571266862627566
24	2	0.07534114690755264
24	3	0.0164588720415597
24	4	0.03211433881766961
24	5	0.03254158148606963
24	6	0.08429608053441365
24	7	0.032904054380848244
24	8	0.1072205590266143
25	0	0.076641829069825
25	1	0.03143795532899579
25	2	0.03144153368369662
25	3	0.6365941422237146
25	4	0.02526263958894058
25	5	0.03213239616218789
25	6	0.04139305610802134
25	7	0.037026947226672706
25	8	0.031541165986998694
25	9	0.0394743514470947
25	10	122.11780838670249
25	11	0.03254010259817136
25	12	0.03548923931242348
25	13	0.07211095421587221
25	14	0.033074923038416235
25	15	0.04095429446151781
25	16	0.027961016056141035
25	17	0.026096732887009
25	18	-0.04238930178515798
25	19	0.017436020034753988
25	20	0.07535926804189436
25	21	0.08134465611645335
25	22	0.031004093483887066
25	23	0.11217311266474624
25	24	0.012433232029223164
26	0	0.0743819753690266
26	1	0.03355295202162683
26	2	0.03659852625036293
26	3	-0.032817166535843094
26	4	0.03307328132077115
26	5	0.03348095990879421
27	0	0.03140724533555703
27	1	0.05673926342412966
27	2	0.02971773877327124
27	3	0.08035020000820188
27	4	0.040961974436029544
27	5	0.042354255796232386
27	6	0.024286991169414567
27	7	0.031524542044985324
28	0	0.02875831828598991
28	1	0.06500521518359616
28	2	0.022213540316511585
28	3	0.07439375649616328
28	4	0.08047368213489586
28	5	0.030999674486865858
28	6	-0.04621171699547126
29	0	0.013582215596968513
29	1	-0.043365988942269444
29	2	0.036430647593679866
29	3	0.07470616352556525
29	4	0.04584262587837194
29	5	0.030027408318020088
29	6	0.07438258718237925
30	0	0.038348413855563604
30	1	0.03659882944164547
30	2	-0.03089879581041926
30	3	0.07438227385477847
30	4	0.097722775576609
30	5	0.07365442296218659
30	6	0.030986153289183263
31	0	-0.04432573796295849
31	1	0.03451186355665738
31	2	0.013581520275620889
31	3	0.07438187069234622
31	4	0.06319701296153196
31	5	0.028108621118577676
31	6	0.03529250879594113
32	0	0.07946221024901236
32	1	0.08621446527497326
32	2	0.042184722330248975
32	3	-0.028980565872558643
32	4	0.02317245745622301
32	5	0.07365456841230554
32	6	0.03002726741105749
32	7	0.07438244454357223
33	0	0.07278794083318513
33	1	0.08205822570087583
33	2	-0.042407100852043626
33	3	0.03643049705147759
33	4	0.016459188993894383
33	5	0.07534146334374542
33	6	0.046801528296527936
33	7	0.03098630250536602
34	0	0.02131120865298603
34	1	0.037854667952115756
34	2	0.046188821789926074
34	3	0.03067574550466822
34	4	0.033356328619318316
34	5	0.027496355584616477
34	6	0.02608319929782149
34	7	122.09768604720759
35	0	0.039913978629253805
35	1	0.04074855533046525
35	2	0.0577140420893736
35	3	0.032848492219316586
35	4	0.10050571480661304
35	5	0.028405539787467304
35	6	0.02351973983961756
35	7	0.021564327278121534
35	8	0.03504339028876468
35	9	0.038656187319558194
35	10	0.029398391836361646
35	11	0.016670358945032864
35	12	0.11665842016351514
35	13	0.026507594809409167
35	14	0.03062498703679866
35	15	0.0031963586575768773
35	16	0.6770853223229892
35	17	0.02758172918568316
35	18	0.023078939420859354
35	19	0.044688632029144984
35	20	0.09347126534203942
36	0	0.038813763155247184
36	1	0.06963643320416149
36	2	0.12734204084760134
36	3	0.028995631350744833
36	4	0.04906599881789819
36	5	0.02910700075694178
36	6	0.06985720869080113
36	7	0.07442122143763688
37	0	-0.2722093775223824
37	1	0.0688627170368946
37	2	0.038381150834957536
37	3	-0.09628467890482742
37	4	0.006899270845405918
37	5	0.03825887827740161
37	6	0.06404565112290601
37	7	-0.27215067183013075
37	8	0.07304200233840766
37	9	0.07438579285581806
37	10	0.025159562404231537
37	11	-0.09617282738968674
38	0	0.03881660452996731
38	1	0.08211054395519793
38	2	0.015697277875171157
38	3	-0.0558333550578699
38	4	0.031951468764342295
38	5	0.021254637823932845
38	6	-0.07979111026917583
38	7	0.02899635937222986
38	8	0.07438270142562806
38	9	0.027477315227024575
39	0	0.039772672339727116
39	1	0.020294727316843328
39	2	0.028036441853583133
39	3	-0.043366734121817845
39	4	0.07438181907970601
39	5	0.0794081870909673
39	6	0.030026668828880845
39	7	0.06675923356230665
40	0	0.042650568159109836
40	1	0.0538618348511863
40	2	0.09953061284180222
40	3	0.03475051002751421
40	4	0.047735718871925945
40	5	0.07438650448924367
40	6	0.056210610779625844
40	7	0.042010418509823996
40	8	0.029072299013247413
41	0	0.065801670677278
41	1	0.03785610971877783
41	2	0.01358299246386427
41	3	0.029956044521133016
41	4	-0.04624232912256895
41	5	0.04773914340991389
41	6	0.030088035752875584
41	7	0.028110096700287968
41	8	0.026519499563608988
41	9	0.04488436561651042
41	10	0.07534239693879316
42	0	0.020449533559033554
42	1	-0.1345663148716155
42	2	0.027246347001030596
42	3	0.04300330290736729
42	4	-0.08411734191392423
42	5	0.1796433060998603
42	6	-0.08500290337893032
42	7	0.02224535828688045
42	8	-0.24950809961482054
42	9	0.029016471140175505
42	10	0.024321981677893144
43	0	0.02901443575338776
43	1	0.05098462757528885
43	2	0.031165183839120314
43	3	0.025160036813962467
43	4	-0.2169153105201502
43	5	0.013485833038515685
43	6	0.023227091593331688
43	7	-0.08118118619569534
44	0	0.17969829922995595
44	1	0.04779228517548452
44	2	0.025137109634854396
44	3	0.03790924787467791
44	4	0.03000171607403578
44	5	-0.06277398634524906
44	6	0.029060952027018055
44	7	0.023459560413932705
44	8	-0.09408967672038861
44	9	0.0850376106963121
44	10	-0.042295011743843626
44	11	0.17085624403042726
44	12	0.029799820869457417
44	13	0.17631133772950125
44	14	0.042007546630068254
44	15	0.030214713631695624
44	16	0.03685190057936494
45	0	0.03786184484266604
45	1	0.01575935186144222
45	2	0.04870392816869164
45	3	0.03283890201822108
45	4	0.03554412933442182
45	5	-0.05801872759008742
46	0	-0.032611701243189774
46	1	0.030077640988999267
46	2	0.03963162182637508
46	3	0.03786798053476423
46	4	0.0350924534892322
46	5	0.05280967551608451
46	6	0.048710052643010315
46	7	0.026131770623188628
46	8	0.08776107754273771
46	9	0.015114094137357731
46	10	0.1694943829405205
47	0	0.03881366404093735
47	1	0.02257761331765816
47	2	0.10188671688489787
47	3	0.04869671887306877
47	4	0.025053170531226385
47	5	0.061853728324318895
48	0	0.037854598935081765
48	1	0.0224581438792701
48	2	0.0683203665621947
48	3	0.09446095217968575
48	4	0.025053132884101385
48	5	0.0486966746188843
49	0	0.028505124287079225
49	1	0.037858081554540846
49	2	0.12227447330728625
49	3	0.026013609899249505
49	4	0.084548731798254
49	5	0.048700150989481966
49	6	0.5908737490246537
49	7	-0.04902134569800325
49	8	0.03016640135088433
49	9	0.029974244971064712
49	10	0.05337832321397867
50	0	0.6686010998236845
50	1	0.037525390127676875
50	2	0.029018512642248036
50	3	-0.055144091533826774
50	4	0.0584860030904151
50	5	0.038818428678258
50	6	0.030301208664076828
51	0	0.050324390843453914
51	1	0.025054502354123907
51	2	0.0896671275890426
51	3	0.751036378010589
51	4	0.04092133715461028
51	5	0.022471609960307018
51	6	0.02901513739005284
51	7	0.08307090039250012
51	8	0.15425700749124813
51	9	0.03396498166141618
52	0	0.13604723538058378
52	1	-0.05322536478523338
52	2	0.19861324989647486
52	3	0.007972249117572001
52	4	-0.22908841831260154
52	5	0.0530755880940793
52	6	-0.0748186462179578
52	7	0.14754112954524198
52	8	0.009626387795570866
52	9	0.0900612422170903
52	10	0.045664387036233454
52	11	-0.08401781540473868
52	12	0.024372002635385345
52	13	0.010051135954303757
52	14	0.29322624385434193
52	15	0.0290192311795701
52	16	0.03368996079595395
52	17	0.7202584036818328
52	18	0.038819122716782534
52	19	0.02755767186888197
52	20	0.03139536691534369
52	21	0.028387101728480923
52	22	0.03307671033258602
52	23	0.04582895280206184
52	24	0.04602252377924293
52	25	0.04870218456246288
52	26	0.03694539597604521
52	27	0.02800150132011304
52	28	-0.0705226297929725
52	29	-0.003457649746060715
52	30	0.04085339266635779
52	31	0.03178281888935063
52	32	0.06005146879578893
52	33	0.032266034102482195
52	34	0.027590143970545607
52	35	0.011792906678474359
52	36	0.9710421410317748
52	37	0.01948555222932394
52	38	0.19583791408508183
52	39	0.13604207376384111
52	40	0.14063044059835408
52	41	0.007820459440143932
52	42	0.016263371859652074
52	43	0.1614697629159089
52	44	0.06770971118619586
52	45	-0.006254186947302983
52	46	0.012429831875241017
52	47	0.1862021882927778
52	48	0.003146988143679182
52	49	-0.017307458287368335
52	50	0.023757200688324362
52	51	-0.03693091465646004
52	52	0.028627965118053808
52	53	0.15916256600112633
52	54	0.031238732091270427
52	55	0.15974169642295855
52	56	0.028827778611382512
52	57	0.03787592636150924
52	58	0.16860062545887183
52	59	0.03309297920158628
53	0	0.049358854134143385
53	1	0.6330749460263171
53	2	-0.07336895571514496
53	3	0.03804443101895033
53	4	0.024095672824074727
53	5	0.02246711610100007
53	6	0.028056303284726858
53	7	0.02436814055858491
53	8	-0.08838589114935487
53	9	0.04086675735779914
54	0	0.03900289675512521
54	1	0.027426097546810146
54	2	0.050317365421724616
54	3	0.05130529431935459
54	4	0.02505414930818491
54	5	0.7155516310100495
54	6	0.028385152132453125
54	7	0.03564203100119972
54	8	0.0302003768461619
54	9	0.04281449070575076
54	10	0.03029899684997481
54	11	0.02145351387224834
54	12	0.018702106353785525
54	13	0.0792300372069274
54	14	0.03012411544811025
54	15	0.11397272590149708
54	16	0.0290171107281654
55	0	0.025055809578761346
55	1	0.6349941078082195
55	2	0.039004593085191844
55	3	-0.05898232942359705
55	4	0.04936000606120587
55	5	0.07155707813833552
55	6	0.027246332878236065
55	7	0.09191419559300605
55	8	0.028057396491897174
55	9	0.06022828985383272
56	0	0.039002525069374655
56	1	0.01703337973212261
56	2	0.04935793406821623
56	3	0.7078789410125796
56	4	-0.05035304819537779
56	5	0.03464415710217876
56	6	0.028055342339695963
56	7	0.02820332967475879
56	8	0.14178208239427723
56	9	0.08114542088953633
57	0	0.032746885767093975
57	1	0.7058332843850428
57	2	-0.05033222016941625
57	3	0.029035217069171143
57	4	0.03394277977893548
57	5	0.03806434632437081
57	6	0.0554518018711814
57	7	0.027447932436267832
57	8	0.03022219031196452
57	9	0.04045904029469057
57	10	0.04937880003614609
57	11	0.04283630041988842
57	12	0.03119141828793026
57	13	0.028406971250563445
57	14	0.03166554194405108
57	15	0.03127984303206734
57	16	0.06678070162084901
57	17	0.1072776105656713
57	18	0.02630611838669525
57	19	0.015764109043502804
57	20	122.15534315726833
58	0	-0.04843458625062159
58	1	0.026972240955677244
58	2	0.029973821032037717
58	3	3.531141244195167
58	4	0.039618937949675914
58	5	0.04568580272594032
58	6	0.03221125609168512
58	7	0.030204778977567376
58	8	0.025283882431887946
58	9	0.05031737573725263
58	10	0.02742032240331632
58	11	0.043137654486806315
58	12	0.028379379367863996
58	13	0.03371819627990317
58	14	0.031153655320268064
58	15	0.014194925040637015
58	16	0.03415298052714829
58	17	0.02820372445198946
58	18	0.15233190264150284
59	0	0.030810726779211376
59	1	0.029976163584179177
59	2	-0.053227418762876684
59	3	3.5752565678490877
59	4	0.039797496789494215
59	5	0.040580322428249334
59	6	0.025286206970898315
59	7	0.028381692680455577
59	8	0.04760624178683491
59	9	0.030196927630609674
59	10	0.033720516737626625
59	11	0.01707434128205677
59	12	0.04936068827055533
59	13	0.03317267544705326
59	14	0.054648458406237874
59	15	0.028381719170276053
60	0	0.08330011348264653
60	1	0.029028457454986827
60	2	0.025067839995129754
60	3	0.10022988444365016
60	4	4.476765792170855
60	5	0.016666203812160506
60	6	0.04155068944319466
60	7	0.02743397777374949
60	8	0.046658527414434894
60	9	0.05033104331278054
60	10	0.03126590846231111
60	11	0.028393052660383496
60	12	0.03308539842371131
60	13	0.03469090826466118
60	14	0.04027422803175318
60	15	0.02062812579014029
60	16	0.013249556211122265
61	0	0.05834162238011857
61	1	0.09014836190998696
61	2	0.8192224857061053
61	3	-0.23781132233101934
61	4	0.1063181859944363
61	5	0.025312573810097654
61	6	-0.08213144702918926
61	7	0.011097311679812892
61	8	0.18292486068706482
61	9	0.028075842565038908
61	10	0.029869443319233153
61	11	-0.054168710520991155
61	12	3.4486841530831995
61	13	0.041557105873073236
61	14	0.046664941822277706
61	15	0.0503374622786216
61	16	0.012296889265715368
61	17	0.019549753548810594
61	18	0.027440431518251356
61	19	0.03319040986993383
61	20	0.030224870965451844
61	21	0.0327792372464031
61	22	0.030214697827662527
61	23	0.055625239115280736
61	24	0.027440434936750035
61	25	-0.08493503714024789
61	26	-0.03275359736713061
61	27	0.014527275593861013
61	28	0.019454015700210513
61	29	-0.009165185879548642
61	30	0.03084604030354692
61	31	0.04669480441039632
61	32	122.85625740127361
61	33	0.031750113579557745
61	34	0.022539969547362593
61	35	0.0677433483872712
61	36	0.02770772908490612
61	37	0.022334379136828876
61	38	0.018594101785062316
61	39	0.02870688986026426
61	40	0.03323600154259047
61	41	0.01283914784634712
61	42	0.024249257689537524
61	43	0.07985634400219448
61	44	0.009825731001002948
61	45	0.14386942851470658
61	46	-0.0037147461750928357
61	47	0.21794976835112706
61	48	0.011480854902327146
61	49	0.02897190661507191
61	50	0.017309624369355608
61	51	0.0663735453655326
61	52	-0.033576469370771404
61	53	-0.022846021720413928
61	54	-0.024376223958897443
61	55	0.023844413696133784
61	56	0.029638832288883574
61	57	0.012439903420976731
61	58	0.14799878675747985
61	59	0.03413921113295559
61	60	0.11577384471909279
61	61	0.029874031702354878
61	62	0.0299708414396946
61	63	0.12330898958212558
61	64	0.030301945580362456
61	65	0.03789816358735058
61	66	0.03989666071777644
61	67	0.026331357962173688
61	68	-0.027631742651362822
62	0	0.024095035812585503
62	1	-0.06665637891309484
62	2	0.029973744919713878
62	3	3.502370059153535
62	4	0.04057789148093573
62	5	0.01227673197081609
62	6	0.032211178045490514
62	7	0.049358255592726455
62	8	0.027420236925785834
62	9	0.045055630595380064
62	10	0.044726708876519916
62	11	0.024324755185868862
62	12	0.027420229179891367
62	13	0.019655297063165843
62	14	0.030194516665076568
62	15	0.02892292187880196
63	0	0.03093225517434623
63	1	0.02888971756647699
63	2	0.05322277525152352
63	3	4.551556497486106
63	4	0.016651914657121878
63	5	0.03594819565548595
63	6	0.04426696460773904
63	7	0.0415364239445125
63	8	0.04935774176902594
63	9	0.03508779748403349
63	10	0.04856232829798936
63	11	0.06039973851725654
63	12	0.027419725464597543
63	13	0.013235283526327007
63	14	0.027419742311203612
63	15	0.022531893334026748
64	0	0.04267387265638372
64	1	-0.2581539586687967
64	2	0.0156370120371346
64	3	0.028055678583997462
64	4	-0.08117802692474321
64	5	0.03458781774135088
64	6	0.006907285586458346
64	7	2.768706415014794
64	8	0.03176737376664927
64	9	0.7424205398813052
65	0	0.017550558557364586
65	1	0.029015271776348814
65	2	-0.04939311202961528
65	3	-0.2552814035606986
65	4	-0.07063319597084147
65	5	0.05088688573652544
65	6	0.02704250221801576
65	7	0.02409562635934086
65	8	4.5371717141952015
65	9	0.8488689990687944
66	0	-0.07638808955923462
66	1	-0.20637115133072828
66	2	0.02901465171048516
66	3	0.016590910095296653
66	4	-0.05802508201382268
66	5	0.0499271958528431
66	6	0.02991896577860497
66	7	1.0569794557433436
66	8	0.0250540245294386
66	9	5.140405737722302
67	0	-0.06487327666215617
67	1	0.02806193729442147
67	2	-0.0503464737565178
67	3	-0.24568533131613826
67	4	0.20694118514117724
67	5	0.8651783237828928
67	6	-0.07302133367575976
67	7	-0.22924362926510397
67	8	0.011033654582383277
67	9	-0.06780953469477499
67	10	3.5004581700715702
67	11	0.024101321939005663
68	0	0.02697393421436724
68	1	0.029014345780106185
68	2	-0.049394077884861394
68	3	4.549640412985049
68	4	0.016672514498960806
68	5	0.028399320636330074
68	6	0.04347506657624991
68	7	0.035009771798011964
68	8	0.049082766224191714
68	9	0.014214868801647625
68	10	0.05033736129025143
68	11	0.04858291183993389
68	12	0.030313190106511376
68	13	0.02744030980268544
68	14	0.04795283635108366
68	15	0.0254295841638756
69	0	0.031771366252351704
69	1	0.02901667106253812
69	2	3.4371594691609397
69	3	0.12879551683508378
69	4	0.016656477281815945
69	5	0.04936226756555494
69	6	0.04058191973062051
69	7	0.03317424355085576
69	8	0.013239800976641982
69	9	0.028383295635134444
69	10	0.04760783080523921
69	11	0.03499373871930622
69	12	0.03468117293819519
69	13	0.05081389748128265
69	14	0.028383329970754986
69	15	0.029249693141522634
70	0	0.04248204852576198
70	1	0.029014352662736706
70	2	0.031766997515590326
70	3	4.8536534827907545
70	4	0.04057753610460493
70	5	0.036594841399939675
70	6	0.03211222618679654
70	7	0.028378910801169593
70	8	0.03499952190379645
70	9	0.02837892865923659
70	10	0.050809515702966504
70	11	0.0466444212877475
70	12	0.01665211991213864
70	13	0.050316961564605245
70	14	0.03221086029967072
70	15	0.013235444928553785
71	0	0.030969805444180844
71	1	0.13978228481771537
71	2	0.05832871582597414
71	3	0.03965112480698118
71	4	0.011026831469896019
71	5	-0.06199537566408078
71	6	0.05282732578749227
71	7	0.02281307825254699
72	0	0.039815022638709764
72	1	0.04058254151282215
72	2	0.028894884976354455
72	3	4.569783429817933
72	4	0.05399552226804576
72	5	0.04936289116377862
73	0	0.04059348814371452
73	1	122.60308709157113
73	2	3.708578604044343
73	3	0.0741462314873424
73	4	0.05033288950764089
73	5	0.025069689252284425
74	0	0.18197393796629924
74	1	-0.010137225825607075
74	2	0.03988348302028728
74	3	0.02890185626217482
74	4	0.03316706733648342
74	5	0.031247822923075583
75	0	0.040588546850069254
75	1	0.030390781771178113
75	2	0.1465357587151353
75	3	0.05032794073902028
75	4	0.025064727328912257
75	5	4.944772839123493
75	6	0.02763074810753719
75	7	0.0167050112496109
76	0	0.02839836060605199
76	1	0.04057759177704463
76	2	3.259733278324502
76	3	0.049357948180156264
76	4	0.028889921606677336
76	5	0.08131868203172893
77	0	0.22424365167726237
77	1	-0.024589531108773995
77	2	-0.06904743021655473
77	3	0.060753605112378366
77	4	-0.06531204856798813
77	5	-0.05914122509353285
77	6	-0.0950718607813174
77	7	0.05926263955980126
77	8	0.06723088730422133
77	9	0.026149645233884404
77	10	0.02809925020756364
77	11	0.025055618954041726
77	12	3.4016726696064983
77	13	-0.058125314773773175
77	14	0.15948475126547695
77	15	0.22414717393461225
78	0	0.018749974880708932
78	1	-0.07356355092322911
78	2	-0.19951324444276577
78	3	-0.07973436853005912
78	4	0.031962404215881694
78	5	-0.07402421911814486
78	6	0.02903554016248694
78	7	0.02603395378144247
78	8	3.337436540826003
78	9	0.04156218019753279
78	10	0.032278450337748114
78	11	0.033138908981093486
78	12	0.03378538625993146
78	13	0.04658344268133222
78	14	0.018098229416021638
78	15	0.036026215042863054
78	16	0.027487533859721452
78	17	0.01959684267350351
78	18	0.027487533094147875
78	19	0.047671094700889344
78	20	0.050342562758406234
78	21	0.05055138073314347
78	22	0.01569972893448749
78	23	0.021249662473854625
78	24	0.029256194892746865
78	25	0.028522310495214417
78	26	124.37920254278322
78	27	0.02650588899774338
78	28	0.027497324557551363
78	29	0.03162446031429734
78	30	0.027622175089958022
78	31	0.013280325626147026
78	32	-0.0811623011369931
78	33	-0.2590972159298725
78	34	0.8249739206861998
78	35	0.019390535662936713
78	36	0.02597225537898794
78	37	0.18020228568235191
78	38	0.14935632310914648
78	39	0.17001406782405054
78	40	0.03791849591726863
79	0	3.4611340891249136
79	1	-0.07500147478097999
79	2	0.02901733218538617
79	3	0.025056708705054945
79	4	0.020491206804854462
79	5	0.04377026311132476
79	6	0.03962148757817266
79	7	0.018698876039111745
79	8	0.013238402510741733
79	9	0.030197152829748525
79	10	0.02796651368209265
79	11	0.03125480298952164
79	12	0.04460822104284052
79	13	0.027422880443154034
79	14	0.028381917389148855
79	15	0.04936089151793513
80	0	0.028061625763570505
80	1	0.017080069389496945
80	2	-0.2293765974809487
80	3	0.187947817736554
80	4	-0.007044121726821636
80	5	-0.07733563799710594
80	6	0.025135232782195198
80	7	0.02404464427440355
80	8	4.229326496387583
80	9	0.029855257331215194
80	10	1.0147933187279592
81	0	0.02128811187706197
81	1	0.03841923473340802
81	2	-0.16033684301632709
81	3	-0.06715687417785804
81	4	-0.075428519338299
81	5	3.5560765873176274
81	6	0.024095482531192276
81	7	0.028056142107564533
82	0	-0.05564862024535861
82	1	-0.05580196880393666
82	2	0.04513235587133379
82	3	0.007861461437956678
82	4	0.028055930484287006
82	5	0.02505434977814529
82	6	4.05189892023601
82	7	-0.07159253529004547
83	0	0.029974510721900535
83	1	0.01707590867077293
83	2	-0.005115965504610151
83	3	-0.0715920482722747
83	4	-0.072105061841137
83	5	-0.0623613252692346
83	6	0.046091916322131825
83	7	0.010739083769249862
83	8	3.6001926667311195
83	9	0.02697295745501409
83	10	1.1058976592884848
84	0	-0.07830569127973372
84	1	-0.05564849562278396
84	2	0.015151005253731718
84	3	0.02805607470408318
84	4	-0.24952736852186239
84	5	-0.0060818118729265205
84	6	0.8853122592874397
84	7	4.6896588346034855
84	8	0.025054474488884915
84	9	0.04129633216609518
84	10	0.024165211512992384
85	0	0.021873832515350418
85	1	0.029983708819070323
85	2	-0.24376357729159467
85	3	0.09487530255047825
85	4	-0.0041541787454766246
85	5	-0.06391052443234238
85	6	1.0684979164109645
85	7	3.376746109241371
85	8	0.025064057819755032
85	9	0.03555167924033264
85	10	0.030888041866814063
86	0	0.016109520475953536
86	1	0.028055546508377993
86	2	-0.2456917358058602
86	3	-0.07351101789575495
86	4	-0.06816161863877664
86	5	-0.005123301741680372
87	0	0.02901748914702037
87	1	0.019948582378540684
87	2	-0.003202337663009416
87	3	-0.07679005928891634
87	4	-0.055286396505383396
87	5	-0.04812712380788979
87	6	0.025059598273030535
87	7	4.4086658117356
87	8	0.9495728827888644
87	9	0.04897374798695097
87	10	0.02129321576382625
88	0	0.030880720055356393
88	1	0.04033955198946403
88	2	0.1457570985765604
88	3	-0.23801662719161507
88	4	0.02901741615170631
88	5	0.024097735434136115
88	6	3.2117844671960802
88	7	-0.06679491863917433
89	0	-0.07098508222621018
89	1	0.03170594924615155
89	2	0.007861576886496517
89	3	-0.07114642350111837
89	4	3.5608716105117133
89	5	0.0250544850296989
89	6	0.029974153506731126
89	7	-0.075428562090577
90	0	0.017659304667132066
90	1	0.028056239269838967
90	2	-0.07446935745251224
90	3	-0.003195692545935982
90	4	-0.0711462216767839
90	5	-0.0681077325275037
90	6	1.0991866033091147
90	7	0.04609173914877928
90	8	0.007861792926220933
90	9	3.5992335146168943
90	10	0.02409565261922345
91	0	0.028055463056206084
91	1	0.019567771834838536
91	2	-0.22171588742632678
91	3	-0.06871589344584475
91	4	-0.07290373798025938
91	5	-0.0022462554041574097
92	0	0.01476992010614215
92	1	0.01476992010614215
92	2	0.028056433083119364
92	3	-0.06817201995989206
92	4	-0.08169546219113903
92	5	-0.08057508790823852
92	6	6.317917214534955E-4
92	7	3.478397449438465
92	8	0.0240984551158312
92	9	0.029922447968315023
92	10	0.035545130468124346
92	11	1.0186215025721317
93	0	0.02340468447843435
93	1	-0.2591175785730485
93	2	0.02244566184242202
93	3	-0.05276319526728435
93	4	-0.07200834094891426
93	5	0.030933365501478474
93	6	0.02601368629423304
93	7	3.3930403001093556
93	8	0.02320633869326482
93	9	0.0729447320705946
93	10	0.9361414036023011
93	11	-0.003204519536408856
94	0	0.25185003086856306
94	1	-0.24377074415193492
94	2	-0.07481882073507849
94	3	-0.07488323387992055
94	4	0.048534134556883934
94	5	0.029976542058414185
94	6	-0.005120404426924232
94	7	0.02800375070183602
94	8	0.03938064572040211
94	9	1.0042352593414328
94	10	4.0758770258750605
94	11	0.026015935973615918
95	0	-0.24760918230411696
95	1	0.03074700779792049
95	2	0.03087856912566122
95	3	-0.07290301959556471
95	4	-0.070090322312684
95	5	0.029015229032488613
95	6	0.024095552386458458
95	7	3.946404925096705
96	0	-0.10465375847668708
96	1	0.04165882495952577
96	2	-0.05656281038169468
96	3	-0.08112975312486234
96	4	0.04810186685009154
96	5	-0.06618809616718273
96	6	-0.09224343585606558
96	7	0.007863370123203366
96	8	-0.07091891636753203
96	9	0.02805786015834473
96	10	4.456614527293938
96	11	0.0250562755317397
96	12	0.1341962997243824
96	13	0.05935634517712683
96	14	0.02669907122498414
96	15	0.02556123695518231
96	16	0.21271392793978705
96	17	0.01301439968456742
96	18	0.03191049900356984
96	19	0.014795001320447133
96	20	0.020610102007379925
96	21	-0.022653484473953944
96	22	-0.03251209453827016
96	23	-0.007445519449528775
96	24	0.025688659964373084
96	25	0.009931115429331758
96	26	-0.030025105630183957
96	27	0.03581341173394012
96	28	0.21447266947621219
96	29	0.1422239922391099
96	30	0.025394259104334578
96	31	0.02894623367031788
96	32	0.031014844680049027
96	33	0.11692542332467169
96	34	0.03981398114527057
96	35	0.03321144188790285
96	36	0.03128648879700521
97	0	0.04854228263954341
97	1	0.028055646487945472
97	2	0.05141938275639599
97	3	-0.2629542883502831
97	4	-0.08345293947365333
97	5	-0.07955244669126135
97	6	-0.004155707733254138
98	0	0.029014369667729675
98	1	0.04949254835367686
98	2	0.0533287083208204
98	3	-0.020318185917938145
98	4	-0.07379856108769126
98	5	-0.08920750636637821
98	6	-0.0051235196847057626
99	0	0.02756006664037739
99	1	0.027530212206995343
99	2	3.8054314823998596
99	3	0.04944336007444598
99	4	0.02410067913897385
99	5	-0.08057558726180093
99	6	0.04162207613475961
100	0	0.035191797027418335
100	1	0.03963436503126161
100	2	0.04962540088384963
100	3	0.025069599894607306
100	4	0.015796940394616776
100	5	0.027523740683854558
100	6	0.03797033214036458
100	7	0.03573969024541599
100	8	0.0782753993467103
100	9	0.027455176924670283
100	10	0.028585440033442388
100	11	0.021716662902075808
100	12	0.031178519037467673
100	13	0.02756752365530443
100	14	0.029441844568784053
100	15	0.02125393004325759
100	16	0.02743114635416366
100	17	122.92632920561987
100	18	0.01238029521966703
100	19	0.024327286012148668
100	20	0.03066966588244937
101	0	0.03164996521285373
101	1	3.629940382590392
101	2	0.04711200914810769
101	3	0.04153700972592677
101	4	0.04937671291067315
101	5	0.11087593990454604
101	6	-0.08548243544369978
101	7	0.02535347946447169
101	8	0.0299953429731371
102	0	0.04935879532874446
102	1	0.04057843940677455
102	2	0.029849816620209708
102	3	3.2242498236828583
102	4	-0.060435496424848585
102	5	0.026286111765359686
102	6	0.08424071753994332
102	7	0.028056214085436626
102	8	0.03703056597356874
103	0	0.03991048507499606
103	1	0.03108413266499585
103	2	0.04154032333948054
103	3	4.671878499374511
103	4	0.050320692826678795
103	5	-0.060432666029773825
103	6	0.09530324837209274
103	7	0.013315971422395372
103	8	0.15617136439593846
103	9	0.027497632466991197
103	10	0.02889364085150523
103	11	0.029018102802534432
104	0	0.01619640570366748
104	1	0.037030490550394035
104	2	0.04935873178968182
104	3	-0.06235365639801209
104	4	3.593920447935025
104	5	0.041537422965752885
104	6	0.028890701296404146
105	0	0.05031780678043028
105	1	0.025054584540086734
105	2	0.05273086364310752
105	3	4.109882674107519
105	4	0.0283992003343803
105	5	0.040578414521645914
105	6	0.028207518656350433
105	7	0.1082199522684698
105	8	0.029018559018816892
106	0	0.01428190553948814
106	1	0.02753736803888999
106	2	0.034060788063683616
106	3	0.03961950553387586
106	4	-0.05659924692613264
106	5	0.05031796452380902
106	6	4.238393654385395
106	7	0.03798970585176943
106	8	0.02889090511995782
106	9	0.029015360657757658
106	10	0.14561921562389077
106	11	0.02628623678534142
107	0	0.027518013041840716
107	1	0.033168761551767324
107	2	3.120155907286732
107	3	0.03319443714949561
107	4	0.05031788175081783
107	5	0.04057849171410192
107	6	-0.054681235771301774
107	7	0.02601370618452573
107	8	0.08424075257357376
107	9	0.024368078637283797
107	10	0.029015297927021975
107	11	0.0350005086924736
108	0	0.036918582005189084
108	1	0.04062416672289596
108	2	0.050317931676803776
108	3	0.033146038684016714
108	4	0.14828165653339395
108	5	3.471163812516969
108	6	0.028477118236859233
108	7	0.028890871519119555
108	8	0.03894873636748229
108	9	-0.07290289322298103
108	10	0.025327174618393927
108	11	0.0871179206217526
108	12	0.028056314242441732
109	0	0.04072286246127418
109	1	0.04935880267900397
109	2	0.02840961087382923
109	3	0.02889077138050063
109	4	0.03125270953942741
109	5	0.03218691151685929
109	6	0.028409599000350127
109	7	2.9619147609798318
109	8	0.03223537514359226
109	9	-0.07002587566823838
109	10	0.027517991582299405
109	11	0.029015259009922065
109	12	0.024368057269451814
109	13	0.13411067487378533
109	14	0.0397956776462294
110	0	0.036071226388540586
110	1	0.03976356813458174
110	2	0.03218662641070189
110	3	0.049358544674505664
110	4	0.027517682686208893
110	5	0.028379558002363397
110	6	0.028379573435227994
110	7	-0.06523097257141865
110	8	0.02697244914317751
110	9	3.513361003179148
110	10	0.03508860160322203
110	11	0.043631492629882675
110	12	0.02805594219251209
110	13	0.025326805281421352
110	14	0.14082364462551708
111	0	0.07042655694295105
111	1	0.03976347684325538
111	2	0.02837522285931066
111	3	0.028379474972851895
111	4	0.028379475558994168
111	5	0.050317496550345536
111	6	0.033145598915825615
111	7	3.489384888369408
111	8	-0.07482141590767145
111	9	0.03127600528097482
111	10	0.025054285594237533
111	11	0.028476678137717062
112	0	0.03976588565361911
112	1	0.0301130949584669
112	2	0.026483183932015174
112	3	0.028381889873690152
112	4	0.020125679042333304
112	5	0.05031990237550396
112	6	3.172905050982414
112	7	0.025056680829404505
112	8	0.028479060915477857
112	9	0.026459598047608602
112	10	0.0321889728948257
112	11	0.028381908826952695
113	0	0.03977984699718464
113	1	0.04766524195468422
113	2	0.03888727708059688
113	3	0.03953374877358517
113	4	0.03220290369741057
113	5	0.06507218992717964
113	6	0.028493019884790607
113	7	0.02743679854554666
113	8	0.028391606313973226
113	9	0.02839586189895647
113	10	0.025620047735008734
113	11	0.015733321743082125
113	12	0.0301270747462417
113	13	0.023479563338605576
113	14	0.02553815204835668
113	15	0.028478995284967442
113	16	0.7447642636876436
113	17	0.025070666829489902
113	18	0.02312443115856041
113	19	0.02341458453929549
113	20	124.30346370691926
113	21	0.028311747845509903
113	22	0.015215290436959735
113	23	3.17867331238924
113	24	0.04699273758165517
113	25	0.05033390607061754
113	26	0.024392617807082004
113	27	0.0290398333768326
113	28	0.10440507628619354
114	0	0.0726545051542114
114	1	0.027520269182522813
114	2	0.037032837911516056
114	3	0.050320099756587605
114	4	0.02601594730481373
114	5	4.940411024710422
114	6	0.028382138829534092
114	7	0.03314825686279371
114	8	0.034132128204054916
114	9	0.039766161910933295
114	10	0.027423107169009624
114	11	-0.06235130220587372
114	12	0.027472370634058448
115	0	0.0314212137423135
115	1	0.03605305273584521
115	2	3.6984607207653237
115	3	0.06808065217365371
115	4	0.03219207330522036
115	5	0.0284821978572006
115	6	0.0283850080539868
115	7	0.026486334850329155
115	8	0.041687079050595786
115	9	0.05032303528644637
115	10	0.02697789695390324
115	11	0.027425973415788712
116	0	0.025298462105263857
116	1	0.04935864844339653
116	2	0.02648099569478537
116	3	0.04697653781835353
116	4	0.025341198875670767
116	5	0.04264079904223705
116	6	4.780249571180287
116	7	0.025054487552370167
116	8	0.028538810130671083
116	9	0.036047778652726424
116	10	0.032186782474514994
116	11	0.0284768894727969
116	12	0.02837969795457423
116	13	0.028379713014620427
116	14	0.1734453373177691
116	15	0.028070360758726043
117	0	0.028538607835827845
117	1	0.03218658492485452
117	2	3.5910430741866692
117	3	0.03415315218686479
117	4	0.040722568621464034
117	5	0.05031755861718537
117	6	0.026972405208646594
117	7	0.029338557371455114
117	8	0.027420486999863405
117	9	0.0312524086998026
117	10	0.027517672261914494
117	11	-0.06906712044954598
118	0	3.383891415452204
118	1	0.02837576050484317
118	2	0.03314612650390108
118	3	0.02742096821092697
118	4	0.026013846058982996
118	5	0.027518145061637116
118	6	0.04072305456884955
118	7	0.027420974940265557
118	8	0.0699937514416527
118	9	0.049358999111981466
118	10	0.02566202014178244
118	11	0.027440385278901115
118	12	0.029018542356072527
118	13	0.032144192514647764
118	14	0.027248476674318414
118	15	0.2070008019063345
118	16	0.03104531443756235
118	17	0.10820941717711324
119	0	0.030456946849978198
119	1	-0.05659940078582041
119	2	0.036047869438100795
119	3	0.027420768240937542
119	4	0.04072283745453098
119	5	0.03314592214249653
119	6	3.8471063020778016
119	7	0.027420769821705198
119	8	0.029849801784784902
119	9	0.027517958086904725
119	10	0.049358783007794685
119	11	0.041825717141686716
120	0	3.5824115623556687
120	1	0.0280591696081519
120	2	0.028890360378027852
120	3	0.046017238190011404
120	4	0.05031742679830774
120	5	0.03218650253797292
120	6	0.04264054661827391
120	7	0.028379441606381946
120	8	0.02648073794437065
120	9	0.03604751185764469
120	10	0.03141566457948155
120	11	0.02837944318316225
120	12	0.02847661981102313
120	13	0.7301496782916707
120	14	0.047631668175555045
120	15	0.021576914597651556
120	16	0.014222632740264304
120	17	0.03118141970800485
120	18	0.02799174223118244
120	19	0.025294085018965632
121	0	0.0288905645613302
121	1	0.07862468471580146
121	2	0.02901504923899588
121	3	3.7185950512404253
121	4	0.03659551223245818
121	5	0.03690808426021936
121	6	0.043599770045676285
121	7	0.01665275722312309
121	8	0.03595924992814278
121	9	0.05144028331995562
121	10	0.016113213344399618
121	11	0.027420583291785244
121	12	0.0294358366342453
121	13	0.03218671527505368
121	14	0.03319421227266855
121	15	0.05031766307832665
121	16	0.03892481381943511
121	17	0.028379647661972467
121	18	0.03141584610149587
121	19	0.05305256247295507
122	0	4.344846763191003
122	1	0.07958396724832743
122	2	0.028056244934108757
122	3	0.025054668949668655
122	4	0.04664533563624004
122	5	0.040722892771652384
122	6	0.03319441377446971
122	7	0.027517988018705027
122	8	0.03314595614384319
122	9	0.049358818917315764
122	10	0.028379857350714684
122	11	0.027420807706078253
122	12	0.028538938326143917
122	13	0.03508887772695957
122	14	0.03403126983655251
122	15	0.033718709548031196
122	16	0.06072507782387341
122	17	0.03020531026237082
122	18	0.01569402347837921
122	19	0.014195420042214923
123	0	0.04889433117128316
123	1	0.02901483311132798
123	2	0.02601324741854655
123	3	4.755314297139545
123	4	0.040722448125144924
123	5	0.027579451239942834
123	6	0.03218648118586887
123	7	0.04935838356867282
123	8	0.027420371843951654
123	9	0.02837940905045416
123	10	0.02847660136769994
123	11	0.02648074186527699
123	12	0.033170361753225526
123	13	0.0337182275202229
123	14	0.03307176148840509
123	15	0.016652575511266008
123	16	0.02540964937354427
123	17	0.06360175063857443
123	18	0.04568590481194275
123	19	0.013235910270801145
124	0	0.02505448015249014
124	1	0.028056072543818852
124	2	0.05368979941444218
124	3	3.3090861142489674
124	4	0.040722722296182505
124	5	0.059765845718222056
124	6	0.04472706908442631
124	7	0.028538783603413692
124	8	0.03218676233722735
124	9	0.02837968726046831
124	10	0.03508870342672309
124	11	0.04935866890897701
124	12	0.0275178305429226
124	13	0.028379694091263116
124	14	0.030317154689012485
124	15	0.03115395849072771
124	16	0.03371850989149274
124	17	0.031164148019899723
124	18	0.016652860480745487
124	19	0.01323617937390113
125	0	0.029015139377974508
125	1	0.029849710100038788
125	2	0.07287056941248386
125	3	4.627762728037485
125	4	0.059765914869275745
125	5	0.04264083975320699
125	6	0.03659563503945378
125	7	0.03594916973289486
125	8	0.03237497498432721
125	9	0.038924903617715785
125	10	0.02847690643924537
125	11	0.026481039878747954
125	12	0.02837974141372294
125	13	0.05031775188596928
125	14	0.028379738647822558
125	15	0.03314586280766448
125	16	0.03500034654593918
125	17	0.014195268837002877
125	18	0.015693872748106335
125	19	0.05335852306008208
126	0	0.02984977627829229
126	1	0.02901522120441017
126	2	0.024918776298140537
126	3	3.4366383170533528
126	4	0.0466452316013035
126	5	0.04168186435170803
126	6	0.03371860899738482
126	7	0.03403117370279605
126	8	0.03218683587526573
126	9	0.03798954118189918
126	10	0.028476963963150328
126	11	0.03317074094607184
126	12	0.028379776014281554
126	13	0.028538891233400462
126	14	0.05031779576644929
126	15	0.028379789805460433
126	16	0.0359594274944721
126	17	0.016652944864188033
126	18	0.016113389826609422
126	19	0.052093714606125475
126	20	-0.06430031021429765
126	21	0.025221427518672613
126	22	0.012794990337529975
126	23	-0.06982883140117294
127	0	-0.0757802764875256
127	1	0.04042770999045008
127	2	-0.030866896513984263
127	3	0.007861511832236177
127	4	-0.07859306947594372
127	5	0.029015114624207305
127	6	0.02505449848970519
127	7	3.603510737427714
128	0	-0.06139470977752324
128	1	0.043304872968507706
128	2	-0.055801855621326266
128	3	0.006902512864981981
128	4	0.02697252688788321
128	5	3.340734304372968
128	6	0.028056046722546128
128	7	-0.0709207260069186
129	0	-0.049088546257174334
129	1	0.04810009151309746
129	2	0.006902540082053064
129	3	-0.06714889076997783
129	4	-0.07283878238795635
129	5	0.02901511565471896
129	6	0.02601353673757383
129	7	4.043708764307065
130	0	-0.040457428741914866
130	1	0.014574637433575573
130	2	0.019328774735087862
130	3	-0.07290332533211356
130	4	0.02505429331886608
130	5	3.226608744142706
130	6	0.029014926285353945
130	7	-0.07667510781380535
131	0	-0.08553189214395245
131	1	0.04714111932341002
131	2	-0.06331269257445436
131	3	0.00786166663582124
131	4	-0.07187968008644122
131	5	2.997399238829296
131	6	0.027931682890759816
131	7	0.028056152075305936
132	0	-0.04812905451179465
132	1	-0.06810749354183789
132	2	0.007862033036101425
132	3	0.04618248008625069
132	4	3.590084499430872
132	5	0.026013984380805644
132	6	0.029015571460967657
132	7	-0.04598525999979634
133	0	-0.06950985482272112
133	1	0.04618153060732332
133	2	0.023205704888944072
133	3	-0.05468188708833963
133	4	0.015166485849047964
133	5	0.023562043026792094
133	6	-0.06052865574408844
133	7	-0.19933446910866312
134	0	-0.08153445234848218
134	1	0.018369957622570755
134	2	0.020329094017245218
134	3	-0.27254422709068377
134	4	7.90191904781029
134	5	0.02997697355925242
134	6	0.027934430655059312
134	7	-0.05269617160134741
135	0	0.04426366250332691
135	1	0.010738417187038142
135	2	-0.01648156129123872
135	3	-0.05851782596820299
135	4	-0.06708482825846249
135	5	0.025054221773401292
135	6	0.029014850124295666
135	7	3.7166769143770804
136	0	-0.06427221732040016
136	1	-0.0634745210037954
136	2	0.015533479703908663
136	3	0.04905873470837851
136	4	2.9532830295671264
136	5	0.029014705398769033
136	6	0.02505408697308419
136	7	-0.07475724894188193
137	0	-0.06906561759449849
137	1	-0.09752097312848416
137	2	0.01169909582670809
137	3	0.02412551920359417
137	4	3.1594777579628395
137	5	0.028057444940122314
137	6	0.025055859239587686
137	7	-0.07187837284829104
138	0	0.03093243129813645
138	1	0.05733743367003824
138	2	0.053501291108619564
138	3	-0.07290385573105797
138	4	-0.07188049152598405
138	5	-0.0447759999890449
138	6	-0.003991892965274918
139	0	0.007864301981754772
139	1	0.027003989332095902
139	2	-0.075464290716571
139	3	-0.056599293446689576
139	4	-0.06900242353560551
139	5	3.0060330709171965
139	6	0.02901533798029865
139	7	0.025057227366976676
140	0	0.028919346949522685
140	1	0.024165234224122444
140	2	-0.0709850484268899
140	3	0.00519188815993591
140	4	4.4906202497351675
140	5	0.024095466815668005
140	6	0.029015132941264024
140	7	-0.05365800226554277
141	0	0.03851190500490375
141	1	-0.06906479506100589
141	2	0.007863778380820176
141	3	-0.05853599309591497
141	4	-0.06708236806273818
141	5	0.029017306735381193
141	6	3.6140622715722803
141	7	0.025056692609845155
142	0	0.02667443101641516
142	1	-0.07673680771497428
142	2	0.03514244887054103
142	3	0.028433424791365593
142	4	0.050371434389936534
142	5	3.371426060729169
142	6	0.028433425829851974
142	7	0.03224051618906343
142	8	0.04077648927574468
142	9	0.028530623969311397
142	10	0.03132995064959209
142	11	0.025056962461683197
142	12	0.029017594588388235
142	13	0.01970945501136305
142	14	-0.07588761855329516
142	15	0.027324742839905256
143	0	0.029497756404488804
143	1	0.028476781928538416
143	2	0.02742058406511202
143	3	0.028530410906534236
143	4	0.03412961551536937
143	5	0.033145726682656994
143	6	0.028379622306556575
143	7	-0.07002607495284453
143	8	0.03976362147308531
143	9	0.04935861047971926
143	10	4.079193253039593
143	11	0.039907462781017894
143	12	0.028890573348812346
143	13	0.03595927177556584
144	0	0.05944398566866454
144	1	0.007870509474287433
144	2	-0.08637971898936116
144	3	0.026051185854519144
144	4	-0.0728298385577972
144	5	0.024095438426755423
144	6	3.579534705327832
144	7	0.028059269880125956
145	0	3.6562574191498465
145	1	0.026623794835157893
145	2	0.025054291674079094
145	3	0.033148878388032
145	4	0.026484069585897357
145	5	0.0407258014138405
145	6	-0.07673944271289969
145	7	0.028382777583722204
145	8	0.05032078348999558
145	9	0.03413277379169607
145	10	0.02742375609673135
145	11	0.02847997672533872
145	12	0.029014933342763838
145	13	0.02157686213946898
145	14	0.03012840690535823
145	15	0.1523385097240125
146	0	-0.06523109811241574
146	1	-0.05281699982823009
146	2	0.007864435564597226
146	3	0.021249887487882802
146	4	3.256339006502417
146	5	0.024095228106237782
146	6	0.02901486774710829
146	7	-0.07283591979049994
147	0	0.027042130693531875
147	1	-0.07194427117157513
147	2	-0.04524537168616291
147	3	0.030837232286456285
147	4	-0.07187993195217365
147	5	0.02805589517685765
147	6	0.02409527787339379
147	7	3.0194568571927882
148	0	-0.06826218781202728
148	1	-0.06906704683907051
148	2	0.0241651588443657
148	3	0.0471409774216005
148	4	-0.07571596217120383
148	5	3.8240890361759416
148	6	0.02697249102798265
148	7	0.029015045271348787
149	0	-0.043327373604548386
149	1	-0.0565997520511806
149	2	0.014574586667363769
149	3	0.0452227196178363
149	4	3.287987198029969
149	5	0.029849421275665967
149	6	0.029014858577503924
149	7	-0.06900287091965876
150	0	0.027977843505440515
150	1	-0.09685175175783914
150	2	0.011715287277688231
150	3	0.11704361137709016
150	4	3.011802154110992
150	5	0.026031084649142142
150	6	0.028073633155136356
150	7	-0.08145255872476528
151	0	-0.07757031448629684
151	1	0.0308401460207277
151	2	0.15882953490919685
151	3	0.007864309602047335
151	4	-0.07283605899951076
151	5	3.587209643817495
151	6	0.024098185118232907
151	7	0.029017846178106543
152	0	-0.09915197929578382
152	1	0.04522279836824338
152	2	-0.03633457494038664
152	3	0.008820448228027654
152	4	-0.07859316977737993
152	5	0.02805590332680484
152	6	0.025054322806518512
152	7	5.076591948372235
153	0	0.04207611073496682
153	1	0.05339954632340968
153	2	0.029015414148224047
153	3	-0.10011049677331049
153	4	-0.032497959473892696
153	5	-0.07571556684438166
153	6	-0.008188394091080894
153	7	0.026972889877417906
153	8	3.52007468725587
153	9	0.9306460896639769
153	10	0.13798926635622974
153	11	0.012262451499800257
153	12	-0.07420185510692492
153	13	-0.04884008267201083
154	0	-0.03062557888540299
154	1	0.05854637466052795
154	2	-0.08119748677919195
154	3	-0.05910727057398577
154	4	0.0038211611523431698
154	5	0.013891229180641028
154	6	-0.0471468608156022
154	7	0.030204787269354043
154	8	0.041047713927757676
154	9	-0.10874144025249619
154	10	-0.0574934639155024
154	11	-0.21183753079079523
154	12	-0.008257781067245035
154	13	0.028056827475791093
154	14	0.05333019944504777
154	15	0.025055220037485868
154	16	3.9938394986412935
154	17	0.9860118974361319
155	0	-0.2655371812760426
155	1	0.13481805930462368
155	2	0.04523776784284327
155	3	0.017466736176410917
155	4	0.02985685659403953
155	5	0.029022301563796878
155	6	4.086872690430805
155	7	-0.07379060678685631
156	0	-0.011686727855183798
156	1	0.0592635138941978
156	2	0.03657510291487478
156	3	-0.06593065822476982
156	4	0.1408594805054259
156	5	-0.009847169128279813
157	0	0.028061684780964206
157	1	0.26068026463793126
157	2	0.051427437710441115
157	3	-0.048796269830957556
157	4	-0.07571026841287756
157	5	-0.10781256862938933
157	6	-0.0044062593642976156
157	7	0.025060131492369287
157	8	4.129068933774002
157	9	0.051941889263074185
157	10	0.008826272160887626
157	11	0.7721619515842543
157	12	0.0266867034763133
158	0	-0.012647314600781006
158	1	0.030823346412108113
158	2	0.9236813449918978
158	3	0.17317824369340126
158	4	-0.05250568076906429
158	5	0.04069079854358625
158	6	-0.06616218946684653
158	7	0.024444758048013236
158	8	0.011040491404308482
158	9	-0.07493257556698933
158	10	-0.07346642275311874
158	11	0.24141453899241017
158	12	3.422260212725266
158	13	-0.0689949516336251
158	14	0.050025821827785026
158	15	0.017705595590969354
159	0	0.02806644898875732
159	1	0.04758558626685119
159	2	0.22135391636183252
159	3	-0.008248150654928996
159	4	0.07211351241716847
159	5	-0.07571646588826977
159	6	-0.24827130076291268
160	0	0.03986178594735009
160	1	122.928352530319
160	2	0.030325815600214263
160	3	0.03227767981698203
160	4	0.0319651186908941
160	5	0.027673857444490312
160	6	0.039790751519614885
160	7	0.04585083802709618
160	8	0.01873560344706057
160	9	0.027538162957970146
160	10	0.02751452698919023
160	11	0.030485726612679148
160	12	0.027615942980779126
160	13	0.02757438742428206
160	14	0.027518777994908813
160	15	0.03324393772798529
160	16	0.028477813279059596
160	17	0.025083391723878804
160	18	0.027426124425418003
160	19	0.013400880443265883
160	20	0.022674465279599924
160	21	0.017805368859010108
160	22	0.022319325096475412
161	0	0.039898814728383906
161	1	0.027435559338887413
161	2	0.03316070592075668
161	3	0.029512739100960805
161	4	0.02940289195362239
161	5	0.028394601410415065
161	6	0.027532754688965332
161	7	0.04169671809776659
161	8	0.022119270201026373
161	9	0.014728192725206871
161	10	0.02843291936855027
161	11	125.16079433441998
161	12	0.16078557321005452
161	13	0.074241570759943
161	14	0.7339841139306302
161	15	0.032138119297429504
161	16	0.015169191712829735
161	17	0.02535154123293501
161	18	0.1051370258762671
161	19	0.04616825225591269
161	20	0.07421006777250765
161	21	0.036923167309741774
161	22	0.04332386347250993
162	0	0.022245532503621813
162	1	0.027092715932468835
162	2	-0.11075103225604509
162	3	-0.1369230115352892
162	4	-0.06225257838894263
162	5	0.030010960918684153
162	6	3.028127686919068
162	7	0.04807143162419729
163	0	-0.09763946424785518
163	1	0.04618183799308961
163	2	-0.10340730108709732
163	3	0.010738523069009555
163	4	0.029014929144735815
163	5	3.585288791576316
163	6	0.025054305781588727
163	7	-0.0661256896061582
164	0	-0.09188526716484265
164	1	2.7749021544284207
164	2	0.029014880749897026
164	3	0.025054254990123637
164	4	0.04072892445783317
164	5	0.7723367994315099
164	6	0.03308841321196588
164	7	0.016119485315461795
164	8	0.07420128048353748
164	9	0.13680089230802597
164	10	0.04948446126717164
164	11	0.02742687519677958
164	12	0.09266077205948439
164	13	0.027585978359001215
164	14	0.04084918244190939
164	15	0.03219300222685786
164	16	0.02752406488391684
164	17	0.02742690036855527
164	18	0.05098738204154759
164	19	0.038832466752951246
165	0	0.029014861051883806
165	1	0.016485930262024627
165	2	0.02889039159929684
165	3	3.312922208354759
165	4	0.01665260597449311
165	5	0.03404101931110936
165	6	0.04264056299725099
165	7	0.01611305651346231
165	8	0.03594887767122682
165	9	0.03659535422037551
165	10	0.053052388370757576
165	11	0.03237468442323655
165	12	0.03796557886390354
165	13	0.03314555102272993
165	14	0.029435658015916865
165	15	0.030316918472791367
165	16	0.02837944475086022
165	17	0.028379463080100555
165	18	0.05031748010291873
165	19	0.050481112618332144
166	0	3.108647596711962
166	1	0.02697273257707943
166	2	0.028056254777798884
166	3	0.002559603139586714
166	4	0.051134700056044986
166	5	0.040722898338453314
166	6	0.028379836074370512
166	7	0.028379842015761988
166	8	0.032211768809778656
166	9	0.032186928456503824
166	10	0.028477035769122788
166	11	0.04935882360401721
166	12	0.0255221368173065
166	13	0.027579929402224826
166	14	0.04568630814561005
166	15	0.01665306968192189
166	16	0.031154164043024485
166	17	0.03467774845625184
166	18	0.02541014559481202
166	19	0.013236402049482631
166	20	0.04762467423676445
166	21	0.045891622289986736
166	22	-0.005331933509153147
166	23	-0.06803729150836277
166	24	-0.10244177155287874
167	0	0.04523507072890053
167	1	-0.10868632714231678
167	2	-0.1142992035923625
167	3	0.007873680691820269
167	4	-0.0776314420914622
167	5	3.141257238580145
167	6	0.029017718249343953
167	7	0.02505710017499004
168	0	0.00786085204692668
168	1	0.0452224126208518
168	2	-0.11156672383671139
168	3	-0.10758915443892474
168	4	-0.07667563459798424
168	5	3.164270754210277
168	6	0.02805537541043654
168	7	0.025053791102377463
169	0	0.007866717927725024
169	1	-0.11046042425240392
169	2	0.08267786057798787
169	3	0.05883432044172824
169	4	-0.0661203781080675
169	5	3.2975829551208906
169	6	0.028061210623323174
169	7	0.02505962318695679
170	0	0.02901692779994127
170	1	0.05814323409318156
170	2	0.04298365572534425
170	3	-0.11762688325538319
170	4	-0.08050924091825787
170	5	-0.09224198967035994
170	6	-0.006321811204387781
171	0	-0.14499094585962996
171	1	-0.14256370646272562
171	2	0.030883587135937245
171	3	-0.20972996587622428
171	4	-0.07571589981505869
171	5	4.6843510105001425
171	6	0.02505958480992296
171	7	0.029015128889439273
172	0	0.9842739864470089
172	1	-0.0857326464654292
172	2	0.007869124805990162
172	3	-0.1291296129757492
172	4	-0.08529871966620167
172	5	2.8602642483287877
172	6	0.025062034505371467
172	7	0.029022657852347575
173	0	0.007861654111515994
173	1	-0.1406597592245093
173	2	-0.1291370817029031
173	3	1.0159147960077606
173	4	4.701608335776009
173	5	0.0280561615827285
173	6	0.025054580638895683
173	7	-0.07859290277274014
174	0	-0.12146483377395263
174	1	-0.13295963115981857
174	2	0.017452010249240972
174	3	0.9152083575854966
174	4	-0.07092066985112197
174	5	3.4030718735967977
174	6	0.025054534604353907
174	7	0.029015163116736464
175	0	0.04107013974742206
175	1	-0.07379540607413457
175	2	-0.007276313993462777
175	3	-0.12146242758129235
175	4	-0.1257097849448814
175	5	0.05143456420626888
175	6	0.029017543555466194
175	7	0.026015963199326284
175	8	3.395402067515945
175	9	0.841297110919128
175	10	-0.0345283379203553
175	11	0.013032050303646521
175	12	-0.07390005524448424
175	13	-0.08010621900222117
176	0	-0.3155994967146523
176	1	0.007867179171628401
176	2	0.9928959109453146
176	3	-0.1310553296022806
176	4	-0.07955211401276938
176	5	4.452258671615818
176	6	0.028055980744325304
176	7	0.02697246863960741
177	0	0.025081144790237975
177	1	0.06722480332329514
177	2	0.02904177903423244
177	3	4.129089965823994
177	4	0.039841933844724696
177	5	0.0142734278453811
177	6	0.057926057416070965
177	7	0.02861701129344442
177	8	0.031330811794790726
177	9	0.027498908354977574
177	10	0.027596076941879166
177	11	0.028457947530794055
177	12	0.050395949498439466
177	13	0.16453915255763352
177	14	0.03322405873104366
177	15	0.024403402725000387
177	16	0.04768246706955219
177	17	0.033796752107041604
177	18	0.03219124951600361
177	19	0.02069298655708341
178	0	-0.04018739916955829
178	1	0.028056078084480407
178	2	3.873000134939386
178	3	0.029849691935387935
178	4	0.01569379759474315
178	5	0.04568611653113849
178	6	0.040722735059064936
178	7	0.04921647330718821
178	8	0.03221160596102541
178	9	0.050317696733215816
178	10	0.02355182569869728
178	11	0.0321867559009599
178	12	0.02751783863837585
178	13	0.02742065949249561
178	14	0.028538802506391153
178	15	0.02742066915719747
178	16	0.034031069126685826
178	17	0.03371850827107297
178	18	0.0311641487502516
178	19	0.013236223753465986
179	0	0.028083739903079365
179	1	0.03928897808820597
179	2	0.05348941496096318
179	3	0.0563569230972055
179	4	-0.13140329860017208
179	5	-0.07565498983597582
179	6	-0.01128442693673841
179	7	0.7549472351339397
179	8	3.9996207259891965
179	9	0.02508218439662487
179	10	0.008881548467650997
179	11	0.8068979930456681
179	12	-0.07571551576399187
179	13	-0.0758545852868336
179	14	0.011077530392743458
179	15	-0.06287999722156737
180	0	0.03443028689626598
180	1	0.04863075216879026
180	2	0.029015704112096433
180	3	-0.3146397671897207
180	4	-0.14504100878814963
180	5	-0.08434664225320498
180	6	-0.01230697511890249
180	7	3.2074287925400022
180	8	0.025055069792785118
180	9	0.8949032411503847
180	10	0.9852185733898953
180	11	0.025124838007130314
180	12	-0.07687712679281651
180	13	-0.07732907297758532
180	14	0.011014019638602011
180	15	-0.014400603474067394
181	0	-0.13353309640868175
181	1	0.03471465887800547
181	2	-0.3366981336371116
181	3	0.9382251953741001
181	4	-0.08147004028529439
181	5	0.026013596763991734
181	6	3.693660190118527
181	7	0.02901521329525536
182	0	1.0283749445161288
182	1	-0.1650303085846353
182	2	-0.14024618751623077
182	3	0.008820841965664343
182	4	3.5325420633605256
182	5	0.028056281452588677
182	6	0.025054703561303283
182	7	-0.08242893234959134
183	0	0.00786170717533461
183	1	-0.0403555207252113
183	2	-0.13928722608023816
183	3	0.9813820641326845
183	4	-0.08051093352811542
183	5	4.1664659421677985
183	6	0.02409560929653114
183	7	0.02901527596462996
184	0	0.04768165089251375
184	1	0.03731734324566324
184	2	0.02805631900379546
184	3	-0.0699614090242541
184	4	-0.12873768910412894
184	5	-0.01062523138719594
184	6	-0.012297037540125143
184	7	0.7788696567546569
184	8	-0.07399008059126243
184	9	0.01102394558712936
184	10	-0.06772875448626389
184	11	0.04986478498477438
184	12	0.024095745555336796
184	13	3.177698450017376
185	0	-0.07859272413824078
185	1	-0.011348255495402491
185	2	0.05054854331049011
185	3	0.03826615263084418
185	4	0.029015410300419348
185	5	-0.15079553265036721
185	6	-0.3290256151948639
185	7	4.252779096217521
185	8	0.02409572104989365
185	9	0.7241942665247197
185	10	-0.05673762223372086
185	11	0.011013737382744145
185	12	-0.07445223408413806
185	13	-0.018237061514747507
186	0	3.516240530654777
186	1	0.08221720295684262
186	2	0.02805836900869675
186	3	0.025056767326370636
186	4	0.032167417589766566
186	5	0.044613318186281545
186	6	0.03377292936059884
186	7	0.013290605676238753
186	8	0.01670731573709355
186	9	0.04861771063248438
186	10	0.02162820742572108
186	11	0.034347446572649216
186	12	0.028434130469443968
186	13	0.024565322890116592
186	14	0.028531321474182966
186	15	0.027475105704841237
186	16	0.03224122202309198
186	17	0.04941313198653639
186	18	0.033225113157180484
186	19	0.039680570329780375
187	0	0.04443744593558672
187	1	0.04073893062943346
187	2	124.0349107533669
187	3	0.02227901848405986
187	4	0.027633582078818577
187	5	0.020630942812044646
187	6	0.01680601562592996
187	7	0.025070712639853308
187	8	0.012293365938387615
187	9	0.01666907601029947
187	10	0.03277569486302747
187	11	0.031170193585161314
187	12	0.025511263420896886
187	13	0.044743327575151745
187	14	0.028395906484756577
187	15	0.028555004290620925
187	16	0.02839590279866158
187	17	0.027534048988567605
187	18	0.028603633985820227
187	19	0.03316201583132573
187	20	0.03222781617498229
187	21	0.07152417733616798
187	22	0.02452709976315516
187	23	0.0493748870673104
187	24	-0.04244108065941447
187	25	3.109622679930315
187	26	0.03828769312159641
187	27	0.053447201623754104
187	28	0.029031390493187134
187	29	-0.3184546613597175
187	30	-0.06610365200982984
187	31	-0.011326658135558804
187	32	0.009808630434973147
187	33	1.0312807265697592
187	34	0.7798400087987738
188	0	0.26390137740369335
188	1	0.027440055135086933
188	2	0.029976311118359578
188	3	-0.14027697980624795
188	4	-0.072836621085581
188	5	-0.26572727416112557
188	6	0.02217900288906588
189	0	0.04895172549879186
189	1	0.03980322226587112
189	2	0.010739299902106602
189	3	0.018086821030963166
189	4	0.024360784721700245
189	5	0.03847496124139881
189	6	0.02541722425738862
189	7	0.024360790537932844
189	8	0.027593856712277022
189	9	0.020399222859337617
189	10	0.02911805806702211
189	11	0.011440014681535944
189	12	0.005884090262610156
189	13	0.011356008103464734
189	14	0.0116554794955115
189	15	0.04200717790576479
189	16	0.033719722183721705
189	17	122.60712680980319
189	18	0.010178390361356456
189	19	0.019248195326669375
189	20	0.025061114890256503
189	21	0.03848639945822383
189	22	0.01659763021321471
189	23	0.024360874481657933
189	24	-0.14599926329121357
189	25	0.050357271438240175
189	26	3.2832317228828267
189	27	0.0313108608110772
189	28	0.04623457621820358
189	29	0.028090214507689053
189	30	-0.07472271777954406
189	31	-0.1112902956606081
189	32	0.024131714759072165
190	0	0.04072347553441181
190	1	0.010139504599893589
190	2	0.011317167550273535
190	3	8.220089253227151E-4
190	4	0.04935933921915103
190	5	0.024419418300344595
190	6	-0.13931943262699673
190	7	3.4922629160310183
190	8	0.028514128619079114
190	9	0.025281072923079746
190	10	0.03843620997189701
190	11	0.025922623560114266
190	12	0.025281070404395846
190	13	0.030038326850832877
190	14	0.005633284838051235
190	15	0.0499559621051233
190	16	0.019007108071134135
190	17	0.024321988593928583
190	18	0.0419683617321933
191	0	0.00563260042302581
191	1	0.039763785090956454
191	2	0.02112678846386421
191	3	0.023718272343734213
191	4	0.025280388147198032
191	5	0.017314220634961137
191	6	0.04935876479263723
191	7	0.02907861328732129
191	8	-0.015604205982615338
191	9	0.005616589589385846
191	10	0.024418783713171695
191	11	0.025280402212840364
191	12	3.7551292275011505
192	0	0.04899444945940009
192	1	-3.956073155786218E-4
192	2	0.011698297414416563
192	3	0.0407547996724811
192	4	0.013051363137253027
192	5	245.4904958905345
192	6	0.012310934600299205
192	7	0.01348650183954378
192	8	0.019041731316068268
192	9	0.01851550560278579
192	10	0.014317018615231124
192	11	0.062458146484672385
192	12	0.020265768822297935
192	13	0.025315726895071458
192	14	-0.0020237461995558283
192	15	0.029110620622498303
192	16	0.020873180166587076
192	17	0.025312407052593085
192	18	0.02531238742413719
192	19	0.020399169924886752
192	20	0.016387205501813114
192	21	0.025409798789129266
192	22	0.034678641013853255
192	23	0.04583920468337628
192	24	0.049390773289687356
192	25	-0.031875826506897166
192	26	3.06273613452831
193	0	0.0407229082169221
193	1	0.013722333326364477
193	2	0.01328893765673371
193	3	0.02537785836565891
193	4	0.02432143076060183
193	5	0.03714488114237653
193	6	0.025280470951423557
193	7	0.03003774395582592
193	8	4.282599758827596
193	9	0.05031785881905372
193	10	0.022109495804515718
193	11	0.08893092102418335
193	12	0.04893900838552927
193	13	0.021531176581530496
194	0	0.026189544936854665
194	1	1.1464425112758363
194	2	-0.14112009424529504
194	3	0.04483238748981241
194	4	-0.07469339893430951
194	5	3.3360471308396704
194	6	3.856547786442916
194	7	0.02811954668311912
194	8	0.0017977200930830248
195	0	1.3621255642186494
195	1	-0.14890460989028284
195	2	0.01170362812817579
195	3	-0.114261732601438
195	4	8.679892712103923
195	5	2.9821509118311678
195	6	0.029020996531987225
195	7	0.0075404345956406275
195	8	-0.07570998893510364
196	0	14.632322705005057
196	1	0.029021486030340472
196	2	-0.002049448064953196
196	3	-0.15818920662329156
196	4	4.113815312457873
196	5	0.006644919081960278
196	6	0.05226738245239857
196	7	0.023310940955760907
196	8	0.02889733443789594
196	9	0.01976885114341988
196	10	0.07780697930227165
196	11	0.03371978322403726
196	12	0.04104820752169634
196	13	0.029114743668622513
196	14	0.025316522322474562
196	15	0.037180935918635014
196	16	0.021186499037266722
196	17	0.05227199175555126
196	18	0.012531592146340476
196	19	0.027332021383704365
196	20	0.025316545186896557
197	0	-0.15819291149257045
197	1	-0.08328135842864481
197	2	1.3120542727998232
197	3	0.015546265254940246
197	4	0.029017845573356585
197	5	3.902823636338375
197	6	-0.002053085158818432
197	7	7.705191836251751
197	8	-0.07474446977350993
197	9	0.040725462007339105
197	10	0.010141543302837718
197	11	0.014239231408047084
197	12	0.030405997731272782
197	13	0.05012489076953762
197	14	0.027062974814258844
197	15	0.2743011859613361
198	0	0.04101464298527317
198	1	0.028891039204566836
198	2	0.03976377132060046
198	3	0.025286358009325036
198	4	0.030043645012692185
198	5	0.019238281307677428
198	6	0.025286382811605154
198	7	4.78417602619665
198	8	0.022091825286192322
198	9	-0.14189182288356436
198	10	0.010411781499051455
198	11	0.027560429350866777
198	12	0.05032378530310838
198	13	0.025383789786068207
199	0	0.05965420042423046
199	1	0.9804284480533626
199	2	-0.06996783712614617
199	3	4.387168637949191
199	4	16.578239591050146
199	5	-0.002981104877571047
199	6	0.0010383456456841938
199	7	0.029052266637308838
199	8	0.03979747389995243
199	9	0.023146606620877537
199	10	0.052875492392847424
199	11	0.01017595329255551
199	12	0.009525545761221145
199	13	0.01734793020482394
199	14	0.029112329297660413
199	15	0.04939243871348663
199	16	0.013488209983057567
199	17	0.024355074439522735
199	18	0.0218339018746457
199	19	0.024452453941058952
199	20	0.02531411235710486
199	21	0.05063277489709128
199	22	0.03659108826700621
199	23	0.017560244665487754
199	24	245.66507930812918
199	25	0.023253407900510475
199	26	0.06668836367703926
199	27	1.1953388678508743
199	28	1.265587718050658
199	29	0.024756913351825775
199	30	-0.028573011801567908
199	31	-0.17148281460950676
199	32	0.11258757760809952
199	33	0.012337027429907988
199	34	-0.01160673398385188
200	0	0.029020259095896575
200	1	-0.13613259402566355
200	2	4.009279280709719
200	3	8.435022281544565
200	4	0.013293942924507154
200	5	0.018118878807785573
200	6	0.04168692630271755
200	7	0.01877530706226788
200	8	0.027903820928298337
200	9	0.050604092612109436
200	10	0.03368529572486815
200	11	0.02423547139660279
200	12	0.13243762798841782
200	13	0.024326432149557764
200	14	0.031960817657997034
200	15	0.033599373995402124
200	16	0.02816258200342117
200	17	0.03331373573134362
200	18	0.022114510561547097
200	19	0.04936384608479104
200	20	0.024423847372544466
200	21	0.021333732566948642
200	22	-0.2598347147110049
200	23	1.405116718541069
200	24	-0.0737521852584895
201	0	1.374384342051306
201	1	0.008823049068213205
201	2	-0.15052081546329768
201	3	-0.09296493373696572
201	4	4.5866168654471435
201	5	0.0027418618539131554
201	6	0.02901762521000223
201	7	15.362145945485317
201	8	-9.085361356302231E-4
202	0	1.2976616490075954
202	1	-0.10735017109012306
202	2	0.019372790936268695
202	3	-0.13133979908148238
202	4	0.02805883071203289
202	5	3.271776881177028
202	6	-0.0010940195702704766
202	7	17.730967785001177
202	8	-0.06804082899747257
203	0	-0.021265906053359738
203	1	0.6772251068967794
203	2	0.04507229681938341
203	3	-0.07224041224340816
203	4	-0.06630434978030215
203	5	0.03916186824871536
203	6	-0.007464129243512072
203	7	-0.07518774595193126
203	8	0.2500990604001332
203	9	-0.06899891763083618
203	10	-0.10639014202373791
203	11	-0.14092919260656453
203	12	1.3408193076818775
203	13	0.017455710900555026
203	14	4.348776716878396
203	15	17.85660315977079
203	16	0.029018874792664476
203	17	0.004661198043378606
203	18	-0.012578575910327537
204	0	-0.2972402557591001
204	1	1.5230347444218393
204	2	-0.15243931455698004
204	3	0.022249201162784733
204	4	8.233416923390333E-4
204	5	17.238021946202966
204	6	3.3043836061030114
204	7	0.029017176202870962
204	8	-0.07763186291547305
205	0	1.2708083935711476
205	1	-0.14093039312694786
205	2	-0.04117677128717905
205	3	0.00786413111264362
205	4	0.006578067679266478
205	5	15.707400023632585
205	6	3.6342928071663603
205	7	0.028058629096370385
205	8	-0.0718771892214761
206	0	-0.13036676859156632
206	1	1.2334064526171378
206	2	-0.16394674876908685
206	3	0.007864652490845218
206	4	18.03498421946494
206	5	-0.06995860255689798
206	6	3.4290593514718473
206	7	0.02901818927823463
206	8	-0.00205273256788179
207	0	0.025338275702270367
207	1	0.02437924937107725
207	2	0.022433509456772055
207	3	0.03144846537270045
207	4	0.029136519469800042
207	5	0.017372117807330036
207	6	0.02447664758308994
207	7	0.017575070483395603
207	8	0.03982170579585206
207	9	3.3811261540236024
207	10	0.05037568955066775
207	11	0.0018020274280079965
207	12	0.1619699285321954
207	13	0.0240618393616243
208	0	0.24723303986431283
208	1	0.04664650150526215
208	2	-0.07968252175013861
208	3	0.03689991665664493
208	4	0.010606059239832336
208	5	-0.05328141520487143
208	6	0.02542639377304757
208	7	0.012271873555596148
208	8	0.23086967166464945
208	9	20.81720979530223
208	10	0.028110839662412
208	11	-0.0020260265384326372
208	12	4.322908807002055
208	13	0.0056764576485547015
208	14	0.02950224349076848
208	15	0.013484222815610472
208	16	0.025310146501666672
208	17	0.025310152456127832
208	18	0.01734397200512152
208	19	0.042670627484124965
208	20	0.025407544540007578
208	21	0.05226560352961595
208	22	0.029108380511677547
208	23	0.010532554705268891
208	24	0.01214801053411776
208	25	0.04205873675204494
208	26	0.03377127553275824
208	27	0.06730903506457978
208	28	0.025112673258053164
208	29	0.018505962075982204
208	30	-0.05360320481242573
208	31	-0.08716069174996137
208	32	1.4156753728416203
208	33	0.020383916495270125
208	34	0.17690270151981569
208	35	0.04346331372176941
208	36	0.029498651850281055
208	37	0.0223194942721395
208	38	0.23406928168554458
209	0	0.039766947037650234
209	1	0.01242196908922839
209	2	0.049361922881114864
209	3	0.029475696191127228
209	4	0.024421938041788112
209	5	0.02908179731780011
209	6	5.008594145036261
209	7	0.02528358899969419
209	8	0.017293858975764367
209	9	0.025283596365681643
209	10	-0.0030115531662392083
209	11	0.018276465299911678
209	12	-0.16218156429041697
209	13	-0.06714491505891577
210	0	-0.019284347551033674
210	1	-0.07161021228424136
210	2	0.022240061384681032
210	3	0.06630123091220957
210	4	-0.03661118171536947
210	5	0.027957346163539266
210	6	0.22859978047333304
210	7	0.17577850327673072
210	8	0.1157812456631166
211	0	0.18856630746430325
211	1	0.034859776165256255
211	2	0.27069294497712737
211	3	0.1165816138204225
211	4	0.029635555028193074
211	5	0.031140942881607257
211	6	0.025322288621128952
211	7	0.03738770780171777
211	8	0.03861871625705571
211	9	0.026968577600582598
211	10	0.03965818585121891
212	0	0.13677845583485776
212	1	0.035624752703351345
212	2	0.028831664116595206
212	3	0.03213667446877883
212	4	0.03405591475836787
212	5	0.18832126063144172
212	6	0.030933780345860595
212	7	0.1167367842348822
212	8	0.03981331320438006
212	9	0.14046937638794063
212	10	0.15219405544202735
212	11	0.027123723874664336
212	12	0.04165099224750918
213	0	0.06246728869608765
213	1	-0.021782052723325316
213	2	0.0406926675284378
213	3	1.3840010882478826
213	4	-0.3096809884983009
213	5	0.1331463397548045
214	0	-0.09509932437038922
214	1	0.03259172609323831
214	2	-0.06773916984586556
214	3	0.06847597755187163
214	4	-0.07184470417126623
214	5	-0.02966793496121005
214	6	0.01844602290196084
214	7	-0.005833255019033067
214	8	1.4693295805260334
214	9	0.12453768505784733
215	0	0.012974886427378533
215	1	0.03259664434790373
215	2	-0.06536422182339381
215	3	-0.06198002289349894
215	4	0.05217724197444395
215	5	15.617298912735125
215	6	0.008530399583100638
215	7	-0.08546005978391044
215	8	4.491706517918671
215	9	0.03001754934211008
215	10	0.17755056877850975
215	11	0.040759576943759465
215	12	0.02794201236458961
215	13	0.01756042672313776
215	14	0.028928335306103108
215	15	0.04105195084687023
215	16	0.016239032440374036
215	17	0.024040677989952172
215	18	0.025414567667452856
215	19	0.036222540992477605
215	20	0.04939553100694058
215	21	0.025317160888813604
215	22	0.030074437133390957
215	23	0.025023291832932858
215	24	0.02435813626952807
215	25	0.01018221186364335
216	0	0.04450278419456021
216	1	0.1235612964019449
216	2	0.011495678404132528
216	3	-0.052391786819067955
216	4	-0.09104132099987043
216	5	-0.08050310693762422
216	6	1.3657584937163236
216	7	-0.157386796398869
216	8	0.00882859242389488
217	0	0.04642232300981996
217	1	-0.0960541128240739
217	2	-0.02398724352969399
217	3	-0.07348915431708516
217	4	1.4233001177885167
217	5	-0.09888111868451724
217	6	0.023213470717348993
217	7	-0.2905217351563314
217	8	8.944286074005282
217	9	-0.07474952424444911
217	10	-0.0030013731615883884
217	11	0.029028591345299226
217	12	5.2253466155003725
218	0	0.027916465872527094
218	1	0.040740543111693235
218	2	0.017308376057076198
218	3	0.02443647841771404
218	4	0.024339071984646188
218	5	-0.15451144944330045
218	6	0.02909633964487537
218	7	0.020209056826570447
218	8	0.028531196516678653
218	9	0.02529811433971961
218	10	4.345897154888727
218	11	0.04937648595886701
218	12	0.0027404704624798635
219	0	-0.03133543771714276
219	1	0.05410401481760629
219	2	-0.07398687029757824
219	3	-0.06329839788522233
219	4	-0.0629303625705385
219	5	0.042099413039323096
219	6	-0.3029828393078042
219	7	1.3801498042073952
219	8	0.028015080685279768
219	9	16.934026727710396
219	10	5.045043701401378
219	11	-0.002046495442601012
219	12	0.028069775215445916
219	13	-0.08145640422565723
219	14	0.04073208939748545
219	15	1.2791080391282295
219	16	0.027563692573685364
219	17	0.04936800991631596
219	18	0.01732349757003849
219	19	0.025387080309914004
219	20	0.01250475892623381
219	21	0.026248705441230875
219	22	0.02433064593298647
219	23	0.029087906103176932
219	24	0.033745301129552985
219	25	0.030576068668192583
219	26	-0.005527066637573722
219	27	0.03676153055827767
219	28	0.08951461136846213
219	29	0.18538288306469278
219	30	0.17169684961416296
220	0	-0.29052467035036567
220	1	1.2439571984912368
220	2	-0.166016614653472
220	3	0.00690693230615106
220	4	-0.08338380795106029
220	5	21.804968542520786
220	6	5.095867724011503
220	7	0.029019507831633165
220	8	-0.002051421199710265
221	0	0.9428464894891636
221	1	0.03740672048300227
221	2	0.03492947814775304
221	3	-0.05671798825488127
221	4	-0.057169932786651036
221	5	-0.1102177595794767
221	6	0.007873832980708796
221	7	1.1509384562309792
221	8	-0.1573774099099025
221	9	13.757693342601712
221	10	0.00946488886998171
221	11	0.02806834392247723
221	12	4.925166980275191
221	13	-0.07378552898630283
221	14	0.027656732742242604
221	15	0.18133017187648404
221	16	0.2084836700744982
222	0	-0.035317221602877695
222	1	0.9060456527070037
222	2	0.03698330306519982
222	3	-0.06334674155188301
222	4	-0.05190032994157305
222	5	-0.28966669120135663
222	6	-0.006410820199331835
222	7	0.007056283453212714
222	8	0.01747014557311923
222	9	0.22895399395491586
222	10	0.15825983043277445
222	11	0.07712848897462306
222	12	0.0814826167614601
222	13	245.57531138301147
222	14	0.1460743056026267
222	15	0.017494872904835212
222	16	-0.024141553067597524
222	17	0.1442480495154937
222	18	0.010599259713184938
222	19	0.1697994606831819
222	20	0.01158933321135806
222	21	0.026690300706466927
223	0	0.6757501365547757
223	1	-0.05472308327576496
223	2	-0.039429821182202646
223	3	-0.04357029876980886
223	4	-0.28481712645053936
223	5	0.029147891753399154
223	6	-0.020269236864403784
224	0	-0.05577463525429652
224	1	0.018161733610567457
224	2	-0.08545815854199786
224	3	0.03879658741609337
224	4	-0.04169338148026078
224	5	-0.27906491905360375
224	6	1.2583892329094128
224	7	0.024216098804819917
224	8	-0.16884725703827264
