23	0	0.4896577580449734
23	1	0.48967769340953365
23	2	0.4899978024552951
23	3	0.4894921512862254
23	4	0.48919940316787897
23	5	0.4891668330552581
23	6	0.4905993509369122
23	7	0.48948026795024463
24	0	0.4896771741429192
24	1	0.48999792316627067
24	2	0.4891988949129433
24	3	0.4894917078534731
24	4	0.4897375393702675
24	5	0.48955056927749563
24	6	0.4891665528279187
24	7	0.4894797035637579
24	8	0.49059949471724984
25	0	0.4891510159253154
25	1	0.4896148983527093
25	2	0.4895995045837548
25	3	0.4896190500632073
25	4	0.4896570850725204
25	5	0.48965453442680723
25	6	0.489418752695508
25	7	0.48933477145643745
25	8	0.48962793597373433
25	9	0.48932630004753297
25	10	0.4932062933264322
25	11	0.4895547223120569
25	12	0.4896457137864236
25	13	0.4895198804706664
25	14	0.48955780163347395
25	15	0.4895235080861709
25	16	0.48953930261084816
25	17	0.4896129318375369
25	18	0.49000327400066346
25	19	0.48946216046746194
25	20	0.48917104211083784
25	21	0.49060389893524237
25	22	0.48944357655308407
25	23	0.48927838799292706
25	24	0.4892777210790834
26	0	0.4891991163002608
26	1	0.4896773316484477
26	2	0.4894920273132394
26	3	0.4899978829267617
26	4	0.48973802571450786
26	5	0.48960783249318407
27	0	0.4897603589323753
27	1	0.4894906982141925
27	2	0.48967576701933463
27	3	0.4899983858741707
27	4	0.4895035842871985
27	5	0.489522930957129
27	6	0.4897097196437545
27	7	0.4897046526106457
28	0	0.48967638934969715
28	1	0.4899982197195192
28	2	0.48949106610843596
28	3	0.4891803125582104
28	4	0.48915423570441274
28	5	0.48945223461393317
28	6	0.49060272501370455
29	0	0.4894909967648121
29	1	0.4899980968080012
29	2	0.48967639854749345
29	3	0.48916603491218025
29	4	0.4905995286936543
29	5	0.4894787326228633
29	6	0.4891980786464208
30	0	0.4896769179845409
30	1	0.4894915668839355
30	2	0.48999799979522696
30	3	0.4891986092242116
30	4	0.4891664620425585
30	5	0.49059949124816765
30	6	0.48947933461122456
31	0	0.4899978207253279
31	1	0.48967754478466347
31	2	0.48949205405845775
31	3	0.48919929450478367
31	4	0.48916667476847914
31	5	0.48948016189454496
31	6	0.49059931873856155
32	0	0.48928703628382664
32	1	0.48916625251161133
32	2	0.48967668765626876
32	3	0.48999806178503474
32	4	0.48949125533569127
32	5	0.4905995316130474
32	6	0.48947901849706316
32	7	0.48919831996842644
33	0	0.4891661714618218
33	1	0.4892699475611681
33	2	0.4899980406166467
33	3	0.4896766455278288
33	4	0.48949122572827486
33	5	0.4891983581361368
33	6	0.49059949224422256
33	7	0.4894790318173518
34	0	0.48961228939486023
34	1	0.4894139965292428
34	2	0.48949220305547964
34	3	0.48967746439621346
34	4	0.48999792804867603
34	5	0.4896008261674227
34	6	0.48951742591703057
34	7	0.4928763376220044
35	0	0.4896255481343598
35	1	0.4893918703007995
35	2	0.4894651015631739
35	3	0.4896920371663961
35	4	0.4900031861333272
35	5	0.48962523783919565
35	6	0.4894893955443384
35	7	0.4895893934673279
35	8	0.4894495726103005
35	9	0.48928789814786633
35	10	0.4893153882802894
35	11	0.489424054581283
35	12	0.4891777712149131
35	13	0.4895425717054802
35	14	0.48946142838346085
35	15	0.4894857161495896
35	16	0.4895292480684555
35	17	0.489485803759433
35	18	0.4896829398618277
35	19	0.4893626195019701
35	20	0.4894570337895715
36	0	0.48941391775656023
36	1	0.4892151838652094
36	2	0.4899980595044455
36	3	0.48971771161554134
36	4	0.4894921199402217
36	5	0.4894044831605722
36	6	0.4906074329157302
36	7	0.4891460377581979
37	0	0.49021151337960545
37	1	0.4906004280166066
37	2	0.49083862291381947
37	3	0.4901950120028623
37	4	0.4897877146472277
37	5	0.4908321917818075
37	6	0.48999801472251614
37	7	0.4902082097620634
37	8	0.48949216212984514
37	9	0.48919275111659233
37	10	0.4897175708224928
37	11	0.49019165081071403
38	0	0.4894097965431111
38	1	0.4892055849953028
38	2	0.4894555165176742
38	3	0.4899981276320218
38	4	0.48946666432369845
38	5	0.48949085432988937
38	6	0.4905993836735101
38	7	0.48971667182004763
38	8	0.489197885627309
38	9	0.48951586135373093
39	0	0.48941411398849544
39	1	0.48949217751247814
39	2	0.4897179217729248
39	3	0.4899978087234133
39	4	0.4891993824436079
39	5	0.4905993724198306
39	6	0.4894802335141111
39	7	0.48921529767203503
40	0	0.48941297954732593
40	1	0.48949116585340097
40	2	0.4899982818115656
40	3	0.48971681696307284
40	4	0.48946363852431307
40	5	0.489191593389845
40	6	0.4892140368278206
40	7	0.4906005834794938
40	8	0.48947077967228914
41	0	0.4892130758937869
41	1	0.4894118847327819
41	2	0.48948980810046455
41	3	0.4897157471964814
41	4	0.4899983862178184
41	5	0.4894551165434836
41	6	0.4894440030505643
41	7	0.4894771686554185
41	8	0.4895128498423839
41	9	0.49059974160587844
41	10	0.48919678488639134
42	0	0.49025503935386394
42	1	0.49016075899462935
42	2	0.4894685441009747
42	3	0.4904506209070221
42	4	0.49016342065504637
42	5	0.4899514588435837
42	6	0.4901591950520601
42	7	0.4902485669166351
42	8	0.4901604906264755
42	9	0.4892996743607178
42	10	0.48948965506407716
43	0	0.4893012130039418
43	1	0.48949129007771947
43	2	0.49014853415198983
43	3	0.48971689348866543
43	4	0.4901602782676215
43	5	0.4902622360291793
43	6	0.4897174493246322
43	7	0.4901573253917366
44	0	0.4903242876884183
44	1	0.4893441497535936
44	2	0.4894080291101053
44	3	0.4893606451465972
44	4	0.48963679297261825
44	5	0.49016399085717155
44	6	0.48928249046424116
44	7	0.48937629125729903
44	8	0.490460314722664
44	9	0.4891539658810833
44	10	0.48881863527274105
44	11	0.4892848529619709
44	12	0.48989444868264787
44	13	0.4894161649986103
44	14	0.4894431472165678
44	15	0.489522888366678
44	16	0.4894784649944344
45	0	0.48940387392470014
45	1	0.48942645024744585
45	2	0.4894411345879433
45	3	0.48970724908470814
45	4	0.48950749116800474
45	5	0.4901516297347262
46	0	0.48945389353072577
46	1	0.49033310872465774
46	2	0.48927781666585674
46	3	0.4893959905816813
46	4	0.4893688647889976
46	5	0.48950372309209805
46	6	0.48942668618056734
46	7	0.4896976162871726
46	8	0.49015449838799624
46	9	0.4892134434932344
46	10	0.4899671733071331
47	0	0.48941406427549017
47	1	0.48947230674580344
47	2	0.4894289298606996
47	3	0.4894587481695241
47	4	0.48965329989795553
47	5	0.490148235952448
48	0	0.48941409860820934
48	1	0.4897356652649083
48	2	0.4894287871168427
48	3	0.4901482386508583
48	4	0.48965336296808437
48	5	0.4894588581871259
49	0	0.48934701718098156
49	1	0.4894090602771103
49	2	0.4901489981794797
49	3	0.48965094677502297
49	4	0.4895017536867164
49	5	0.4894502849280713
49	6	0.4893158079979847
49	7	0.4904602023595818
49	8	0.48938708806481257
49	9	0.48930062615303505
49	10	0.4891619478960041
50	0	0.48950619810291696
50	1	0.4896453364866666
50	2	0.4892982019632665
50	3	0.49015046858181244
50	4	0.48956321117800694
50	5	0.48940723131833624
50	6	0.4897102722774045
51	0	0.4894044567134828
51	1	0.4896510580720775
51	2	0.4901489327497811
51	3	0.4895912920329149
51	4	0.4894267148933607
51	5	0.4897070612391018
51	6	0.48930067460167304
51	7	0.48920373709637377
51	8	0.4904527587764303
51	9	0.4894577629746875
52	0	0.4898620041191593
52	1	0.4901507813127651
52	2	0.4902788721184374
52	3	0.4894807507734188
52	4	0.4901626050812064
52	5	0.49026355598387417
52	6	0.4901632744352323
52	7	0.4904518218477486
52	8	0.48946597830793276
52	9	0.4895172177946582
52	10	0.4900686349506977
52	11	0.49017752355740735
52	12	0.48946292247255957
52	13	0.48976963012851077
52	14	0.489979392704617
52	15	0.48929770051132954
52	16	0.48964405752783047
52	17	0.48954033597575797
52	18	0.48940627185203717
52	19	0.4893245674089657
52	20	0.48920385218211265
52	21	0.48969463003414254
52	22	0.4892364214489929
52	23	0.48923342982732915
52	24	0.48955549531803255
52	25	0.48944533662383083
52	26	0.4894826140997831
52	27	0.48945273436266107
52	28	0.49017232343247685
52	29	0.4903013928971627
52	30	0.4895707832639906
52	31	0.4898880397873008
52	32	0.4892071605061197
52	33	0.4892789314583669
52	34	0.48931634167282073
52	35	0.48992983781982324
52	36	0.48904754998759853
52	37	0.4893819520794577
52	38	0.4892581856111356
52	39	0.48942089945569794
52	40	0.4892074291072607
52	41	0.4894380068396783
52	42	0.4895038702915066
52	43	0.48929337057462136
52	44	0.4892958569607916
52	45	0.4894752451600359
52	46	0.4893403193906845
52	47	0.4892831766222597
52	48	0.4895152088444226
52	49	0.4888755603606411
52	50	0.4896447961659372
52	51	0.48944849282494424
52	52	0.4893980517312157
52	53	0.4893414670249758
52	54	0.4893999023555012
52	55	0.48932333771905107
52	56	0.48958513495855754
52	57	0.4893415602775451
52	58	0.4891417541077563
52	59	0.4895847401603735
53	0	0.4894197210750903
53	1	0.4895912412230564
53	2	0.49014890551913975
53	3	0.4894263814201233
53	4	0.48965069896421815
53	5	0.48971674796035813
53	6	0.4893005152436326
53	7	0.4894707380731152
53	8	0.49044998887565217
53	9	0.4892128131980031
54	0	0.48942726040606666
54	1	0.48970230715697144
54	2	0.4894209930338966
54	3	0.49014872004039833
54	4	0.48965165435205427
54	5	0.4895912199342585
54	6	0.48970226393295907
54	7	0.48952064013236307
54	8	0.4895554381038075
54	9	0.4893886237464714
54	10	0.4894627701315538
54	11	0.489451063654441
54	12	0.48954118983012646
54	13	0.4892104459023124
54	14	0.48946723986408297
54	15	0.4904509901421899
54	16	0.48929920546075556
55	0	0.48964883774242546
55	1	0.48959138402094937
55	2	0.48942469009651984
55	3	0.4901494480284195
55	4	0.48941697042691495
55	5	0.4892113649576579
55	6	0.48946857272037847
55	7	0.4904507001324862
55	8	0.48929969699690834
55	9	0.4895590506421878
56	0	0.48942783095638404
56	1	0.4895516006185475
56	2	0.4894219311863609
56	3	0.489591163177521
56	4	0.490148428879846
56	5	0.48965234361555066
56	6	0.4893012513720199
56	7	0.48947272168959094
56	8	0.490449996727141
56	9	0.48921445057295637
57	0	0.48961501708375965
57	1	0.48991054481608215
57	2	0.49015747633046536
57	3	0.4892887416281512
57	4	0.48940255696533236
57	5	0.48939988469306805
57	6	0.489530799560848
57	7	0.48962005339257414
57	8	0.48950439137198265
57	9	0.4894737621108203
57	10	0.48937486269731933
57	11	0.48934606920588825
57	12	0.4894909087490808
57	13	0.48962007116455364
57	14	0.4894975425019046
57	15	0.48940142035239853
57	16	0.4891862635962426
57	17	0.4904566879608236
57	18	0.48943119689293607
57	19	0.4894168845720202
57	20	0.49163911034728713
58	0	0.49014862646343366
58	1	0.48965164041014353
58	2	0.4893009499639419
58	3	0.4899064781145379
58	4	0.48941624800245764
58	5	0.48940115217773933
58	6	0.4894802898999385
58	7	0.48955457241495376
58	8	0.4894640495342919
58	9	0.4894209682456968
58	10	0.48972523687805475
58	11	0.4895700587420991
58	12	0.4897251831297576
58	13	0.4895330184324526
58	14	0.4895694882774019
58	15	0.4895581635269676
58	16	0.4892135354547653
58	17	0.48947191962647
58	18	0.4904501718355941
59	0	0.4896476973531473
59	1	0.4892991990709677
59	2	0.4901497921288235
59	3	0.48990631599903367
59	4	0.4895493080737572
59	5	0.4894128727965121
59	6	0.4894588473123025
59	7	0.48971594285026737
59	8	0.4893960248870958
59	9	0.48956382348336686
59	10	0.489528031964412
59	11	0.48955492385889604
59	12	0.489415350102241
59	13	0.4894730913865291
59	14	0.4895657901690291
59	15	0.4897158374690708
60	0	0.4904562387093837
60	1	0.4892920248178696
60	2	0.4896275306455241
60	3	0.4901550649369253
60	4	0.48991129694039576
60	5	0.48943335287702716
60	6	0.48939803009595984
60	7	0.4896717899078439
60	8	0.4893724523028138
60	9	0.4893894671551052
60	10	0.4894398343167532
60	11	0.48967167069287065
60	12	0.48953653372678135
60	13	0.4895035502642777
60	14	0.4895439405181634
60	15	0.4895228758120885
60	16	0.48953785634940583
61	0	0.489355092282377
61	1	0.4893775428389156
61	2	0.4890468695407911
61	3	0.49016490698878923
61	4	0.49045658831047284
61	5	0.4902897292463164
61	6	0.4901729189880313
61	7	0.4896405930771113
61	8	0.48997027602221027
61	9	0.4892888841998389
61	10	0.4896156194452129
61	11	0.49015734880035844
61	12	0.48991260044537654
61	13	0.48939069394334966
61	14	0.48935994733135046
61	15	0.4893756579866072
61	16	0.4895276085351046
61	17	0.48941898796160893
61	18	0.48964748714084644
61	19	0.4894217868622175
61	20	0.48950824226106704
61	21	0.4894897411738609
61	22	0.48952148802924794
61	23	0.4895313228537831
61	24	0.4896474744370254
61	25	0.4901686067567203
61	26	0.4901622103263221
61	27	0.49030897950603297
61	28	0.48954170024743104
61	29	0.4902258306225974
61	30	0.489871607932466
61	31	0.48939286552036637
61	32	0.4925433813891159
61	33	0.48917021436563074
61	34	0.4895516070304359
61	35	0.4892059121657907
61	36	0.4891803797511978
61	37	0.48929727144933505
61	38	0.4895127676209578
61	39	0.48919867369849934
61	40	0.4891639665293187
61	41	0.4897680656855578
61	42	0.4891183876255934
61	43	0.48980062405179314
61	44	0.48926001861915847
61	45	0.4899686378190001
61	46	0.4895320516312987
61	47	0.4895925895661249
61	48	0.48932330453558237
61	49	0.4892343414743027
61	50	0.4893269239186579
61	51	0.48925176717990165
61	52	0.4889108663575545
61	53	0.4889416594516679
61	54	0.48936619081887495
61	55	0.48939883051525457
61	56	0.48930573906665187
61	57	0.4893232938246957
61	58	0.4892219470252505
61	59	0.48940999445948563
61	60	0.48921344587702476
61	61	0.4894142858323662
61	62	0.4896330478816094
61	63	0.4892529999427925
61	64	0.48936945817108646
61	65	0.48929836731083237
61	66	0.4892566440862298
61	67	0.48919667003321055
61	68	0.4895267267975725
62	0	0.48965177535393695
62	1	0.4901485675092311
62	2	0.4893010084256829
62	3	0.48990644332770744
62	4	0.4894163772330699
62	5	0.48955831687179935
62	6	0.4894805275323869
62	7	0.4894211575299193
62	8	0.4897255797388643
62	9	0.4895702585329056
62	10	0.48940126538924655
62	11	0.4894642406532211
62	12	0.4897256108135405
62	13	0.4895546176011167
62	14	0.48956972484692896
62	15	0.4895331655323098
63	0	0.48930142095286483
63	1	0.4896526617653085
63	2	0.49014842535780545
63	3	0.4899061286328552
63	4	0.4894653762703266
63	5	0.48957113508323086
63	6	0.48953448898080343
63	7	0.48941712579008806
63	8	0.48942239457142334
63	9	0.48948207770712354
63	10	0.4894024772378851
63	11	0.489571303253688
63	12	0.48972763336164915
63	13	0.489559000406962
63	14	0.48972756566208075
63	15	0.4895558283457419
64	0	0.4901486700104738
64	1	0.4901615916438352
64	2	0.48991293120547375
64	3	0.4893009919934809
64	4	0.49015772912737704
64	5	0.49026371092894544
64	6	0.4897646156902986
64	7	0.4899064855099674
64	8	0.48965176866256616
64	9	0.4890640784592716
65	0	0.4899225712548562
65	1	0.48930057244228636
65	2	0.4901488837487943
65	3	0.4901614930059038
65	4	0.4901571453564192
65	5	0.4902615435093172
65	6	0.4897779838991798
65	7	0.48965077763634834
65	8	0.4899065952848599
65	9	0.48906605995843383
66	0	0.4901570601788162
66	1	0.49016147655718406
66	2	0.4893010463898793
66	3	0.48992386590478576
66	4	0.4901485562344779
66	5	0.490261241720921
66	6	0.4897798747772283
66	7	0.48906661037757904
66	8	0.4896518647530951
66	9	0.4899062425268809
67	0	0.4901578729559425
67	1	0.48929651516112105
67	2	0.4901516166616976
67	3	0.49016161609151
67	4	0.48999436681760206
67	5	0.48906386114176587
67	6	0.4904563441631836
67	7	0.49016267848426454
67	8	0.48972487798726505
67	9	0.49016396737732854
67	10	0.48990876693689195
67	11	0.48964095275401215
68	0	0.4896487672903608
68	1	0.4893012826557913
68	2	0.490148396616752
68	3	0.48990708774623964
68	4	0.48941924260737524
68	5	0.48964806171386777
68	6	0.48939082852215837
68	7	0.4895218055665869
68	8	0.48949010800937454
68	9	0.48952777851591384
68	10	0.489375870104862
68	11	0.4893601682201429
68	12	0.4894220374138427
68	13	0.4896479395781177
68	14	0.48953146581579793
68	15	0.489508421413606
69	0	0.48964494520627605
69	1	0.48929952704434404
69	2	0.48990797170907724
69	3	0.4901122655648758
69	4	0.4894551629840298
69	5	0.48941162424747714
69	6	0.4894106315854798
69	7	0.4894683811924536
69	8	0.48955258458964646
69	9	0.4897095836834467
69	10	0.4893926070578716
69	11	0.4895599245621942
69	12	0.48952455563110847
69	13	0.4895627762479074
69	14	0.48970944786332754
69	15	0.48954550149675885
70	0	0.490112156137603
70	1	0.48930127732276885
70	2	0.48965240230142293
70	3	0.48990615823595723
70	4	0.48941689900455143
70	5	0.4895340440535136
70	6	0.48957064546260104
70	7	0.489727063744496
70	8	0.4895556382404853
70	9	0.4897269920152307
70	10	0.4895709369866387
70	11	0.48940208437426846
70	12	0.4894649174526839
70	13	0.48942196464298016
70	14	0.48948149578587374
70	15	0.4895587756648471
71	0	0.4895496427433844
71	1	0.48998112630461016
71	2	0.48925502833363915
71	3	0.49026455247771983
71	4	0.48973725611626756
71	5	0.4901579748364042
71	6	0.4902725260422618
71	7	0.48997952100601494
72	0	0.4895705136851974
72	1	0.4894097723123519
72	2	0.4896438275464973
72	3	0.48990821350742664
72	4	0.49011543393335105
72	5	0.48941016283613076
73	0	0.4893958465627135
73	1	0.49245678468525644
73	2	0.48991161949734413
73	3	0.49012202843420977
73	4	0.4893854281356956
73	5	0.48962412519728193
74	0	0.4899765580816369
74	1	0.49025000961220366
74	2	0.4892786560335053
74	3	0.48943567979355146
74	4	0.489430773558839
74	5	0.4893866144217964
75	0	0.48940185185709306
75	1	0.4891441226287745
75	2	0.490051569200016
75	3	0.4893963742890294
75	4	0.48963318784006366
75	5	0.48991038553267874
75	6	0.48928509684528537
75	7	0.4894537495003288
76	0	0.4892140874742822
76	1	0.4894168171055133
76	2	0.48990633437286296
76	3	0.489421897200488
76	4	0.48965231872693493
76	5	0.4900496421949049
77	0	0.48925417387270415
77	1	0.4894743689277813
77	2	0.4901638520712821
77	3	0.4902663032002165
77	4	0.4904602554543737
77	5	0.4901690554132523
77	6	0.4901627370851031
77	7	0.490051028095835
77	8	0.4902822012443441
77	9	0.48958750465077244
77	10	0.4892827051783528
77	11	0.4896491627372686
77	12	0.4899070520957606
77	13	0.4901625114831933
77	14	0.4895424078970807
77	15	0.4899570706746729
78	0	0.48966025669880753
78	1	0.49016399503268315
78	2	0.4901626827942666
78	3	0.49045638737138186
78	4	0.49025697295349796
78	5	0.4900646387797245
78	6	0.48928860271001834
78	7	0.4896143383476856
78	8	0.4899126856841338
78	9	0.48938543274677737
78	10	0.4893094990900065
78	11	0.48942406988241266
78	12	0.4893944875848852
78	13	0.4894972889756195
78	14	0.48943955102506
78	15	0.4894031189715506
78	16	0.489490646632187
78	17	0.48931998003484983
78	18	0.48949064887567817
78	19	0.48928764566776395
78	20	0.48936516384239115
78	21	0.4893511065755654
78	22	0.4895461127846338
78	23	0.4894648809018378
78	24	0.48936760693966974
78	25	0.48940571636412955
78	26	0.4926094804449504
78	27	0.48918053230626024
78	28	0.4894685016890174
78	29	0.4893440597362201
78	30	0.4893863037018716
78	31	0.48985946783456163
78	32	0.49015978501450613
78	33	0.49016195492498654
78	34	0.48904716253547836
78	35	0.48971861009859013
78	36	0.49027151288661525
78	37	0.48905889555962134
78	38	0.48996857092925994
78	39	0.4895852806315149
78	40	0.48926336460281533
79	0	0.48990745555345966
79	1	0.49005187666108707
79	2	0.48929904472478225
79	3	0.4896472992694376
79	4	0.4894583819524231
79	5	0.4893956101969584
79	6	0.48941257958712603
79	7	0.4895486133395712
79	8	0.4895545984838315
79	9	0.4895632738881167
79	10	0.4895275069972898
79	11	0.489472448332894
79	12	0.48957248144744364
79	13	0.48971502289022834
79	14	0.4897150492297902
79	15	0.4894148686275443
80	0	0.48929672236831323
80	1	0.489864225419336
80	2	0.4901617295701956
80	3	0.4900442402947441
80	4	0.48959284443232975
80	5	0.49015853589461456
80	6	0.48974659406968357
80	7	0.490266735245219
80	8	0.4899087102136289
80	9	0.4896415045754513
80	10	0.48906216961388715
81	0	0.48977841557945
81	1	0.49026147839574286
81	2	0.4901614851386534
81	3	0.49004374207601886
81	4	0.4901571277044673
81	5	0.4899066153934625
81	6	0.48965102100239133
81	7	0.4893006376089125
82	0	0.4900436028595001
82	1	0.4901614759523425
82	2	0.4902614070287813
82	3	0.4897786745983065
82	4	0.4893007989478738
82	5	0.48965131594342215
82	6	0.48990651322402423
82	7	0.4901571070574148
83	0	0.489300424737143
83	1	0.48987326587431956
83	2	0.4895959702836821
83	3	0.49015716880769794
83	4	0.4901614880953057
83	5	0.49004399969086787
83	6	0.49026164892852675
83	7	0.48977722903572957
83	8	0.4899067540052867
83	9	0.48965042867313296
83	10	0.48906379620902674
84	0	0.49015712005022466
84	1	0.49004369174370277
84	2	0.4898881626161341
84	3	0.4893006889132809
84	4	0.490161488661728
84	5	0.489593870422321
84	6	0.48906619228332926
84	7	0.4899064952729492
84	8	0.4896511051876752
84	9	0.49026146947032756
84	10	0.4897784734909385
85	0	0.4898673487936593
85	1	0.4892941886660512
85	2	0.4901616981904602
85	3	0.48995724136419033
85	4	0.48959680331264943
85	5	0.4901583533075005
85	6	0.4890627422768105
85	7	0.4899099524749476
85	8	0.4896343920080182
85	9	0.4902660322881195
85	10	0.4897507776347822
86	0	0.48988931182073175
86	1	0.48930109364521945
86	2	0.49016147746802297
86	3	0.49015705512971386
86	4	0.4899569458446536
86	5	0.48959370656976214
87	0	0.4892989313045014
87	1	0.4898829710547307
87	2	0.48959460634804325
87	3	0.4899593677767996
87	4	0.49015742613932317
87	5	0.4901615296538847
87	6	0.48964229385190144
87	7	0.48990854036543635
87	8	0.4890642426651711
87	9	0.49026387300618524
87	10	0.48976365917886555
88	0	0.4897720501752305
88	1	0.4902625262499306
88	2	0.48996325241304084
88	3	0.4901615371897825
88	4	0.48929898399882554
88	5	0.48964718177794103
88	6	0.4899074835126648
88	7	0.49015741602185015
89	0	0.48996370687677643
89	1	0.4902614732557111
89	2	0.4897783422821142
89	3	0.49016147952137484
89	4	0.48990659747024246
89	5	0.4896510873659231
89	6	0.4893006957544914
89	7	0.49015712228512237
90	0	0.48983223487308447
90	1	0.48930056379036263
90	2	0.49015714351496303
90	3	0.48959663793996927
90	4	0.490161483809737
90	5	0.4899639030779136
90	6	0.4890629854112918
90	7	0.49026156631560003
90	8	0.48977772022664917
90	9	0.48990668149103594
90	10	0.4896507331772769
91	0	0.4893011580282541
91	1	0.4898525307407678
91	2	0.49016147445890385
91	3	0.49015704757619744
91	4	0.48996322337654313
91	5	0.489593688188634
92	0	0.4898582160439431
92	1	0.4898582160439431
92	2	0.4893004170240289
92	3	0.4901647790569172
92	4	0.490161487821824
92	5	0.48996402610439577
92	6	0.4895939818398623
92	7	0.4899077507632116
92	8	0.4896459432463272
92	9	0.48976982903361954
92	10	0.4902628911712032
92	11	0.4890651432671523
93	0	0.48985092577307804
93	1	0.49016149267085685
93	2	0.48985088920885606
93	3	0.48996383605987887
93	4	0.49016475786762015
93	5	0.4893005678702345
93	6	0.4896508174980718
93	7	0.4899066766492796
93	8	0.48977799670663635
93	9	0.4902615157825667
93	10	0.4890661828260392
93	11	0.48959392867341844
94	0	0.48960976875188617
94	1	0.4901615399014545
94	2	0.48996571439586456
94	3	0.4901650343456076
94	4	0.4896100397630777
94	5	0.4892989249572701
94	6	0.48959460742257555
94	7	0.4897716129042766
94	8	0.49026258979341636
94	9	0.48906537745896544
94	10	0.48990751910458363
94	11	0.48964698063932743
95	0	0.49016149100765477
95	1	0.4902615197385231
95	2	0.4897782544129801
95	3	0.4899638240044576
95	4	0.49016475082378935
95	5	0.4893006049023119
95	6	0.48965090283279017
95	7	0.48990661955060893
96	0	0.49045927472568085
96	1	0.49026588582981256
96	2	0.4901629851032729
96	3	0.49016456607690523
96	4	0.49026401242181433
96	5	0.48996519904954383
96	6	0.49016151924755225
96	7	0.48977317162421985
96	8	0.49016393716495293
96	9	0.48929935610315356
96	10	0.489907254427333
96	11	0.4896480416038413
96	12	0.4899117859833051
96	13	0.48919779218631887
96	14	0.48984299273640863
96	15	0.4892877388142205
96	16	0.49001138759332247
96	17	0.49014343487725553
96	18	0.4896777189112756
96	19	0.48943722730354594
96	20	0.4891905007255681
96	21	0.4888965104277532
96	22	0.4890015329570891
96	23	0.489375599992397
96	24	0.4895978634490666
96	25	0.4891669617659326
96	26	0.4891547258688448
96	27	0.4892348962471125
96	28	0.4892178969691003
96	29	0.48956132229171795
96	30	0.48920356584837754
96	31	0.4893729469204187
96	32	0.4894577171681469
96	33	0.48897851035892437
96	34	0.48930255831428415
96	35	0.48937028746706607
96	36	0.48953165634900386
97	0	0.48961571171298707
97	1	0.4893010166686324
97	2	0.48961569971208235
97	3	0.49016148095634915
97	4	0.4899634106819221
97	5	0.4901636661305412
97	6	0.4895963416592586
98	0	0.48930126414989633
98	1	0.48960960549292915
98	2	0.4896096079222288
98	3	0.49016146144881767
98	4	0.4901636242626331
98	5	0.4899631311109264
98	6	0.4895936384782662
99	0	0.48935233447899135
99	1	0.48913928702321113
99	2	0.4899085634844371
99	3	0.4892762999283121
99	4	0.4896420795327572
99	5	0.4899636092825363
99	6	0.48935591181710103
100	0	0.4892485156157271
100	1	0.4893959411766025
100	2	0.4892540009817549
100	3	0.48962429049284933
100	4	0.48925888407220464
100	5	0.4893955031556367
100	6	0.48936787618589067
100	7	0.48933583454579377
100	8	0.48941563436958624
100	9	0.4891921418552279
100	10	0.48937735656034004
100	11	0.48933740026391237
100	12	0.48935977972891886
100	13	0.48939562798296954
100	14	0.4893954734897307
100	15	0.4894560689809136
100	16	0.4893345360387943
100	17	0.4921848441602709
100	18	0.48936456944323325
100	19	0.4895531827797509
100	20	0.4893337639757699
101	0	0.48997804815951507
101	1	0.4899122945588108
101	2	0.48965182211109654
101	3	0.4894162653169197
101	4	0.48937926744360843
101	5	0.48921411865196346
101	6	0.49045775648041146
101	7	0.4894189828965152
101	8	0.4892882841164097
102	0	0.4894198619860391
102	1	0.4894155774875031
102	2	0.48965087913520716
102	3	0.4899066762251716
102	4	0.48996384093373063
102	5	0.48947096492594844
102	6	0.4904502365169613
102	7	0.4893005829085778
102	8	0.4892128503398726
103	0	0.48920875031727573
103	1	0.4894652664518943
103	2	0.4894115213149358
103	3	0.4898718622419177
103	4	0.4894130736671162
103	5	0.48996618821772636
103	6	0.4894431345874151
103	7	0.48931883785433383
103	8	0.49045143309806544
103	9	0.489467805163304
103	10	0.48964598201962706
103	11	0.48929849188608343
104	0	0.489310993366505
104	1	0.4892129626327126
104	2	0.48942001429331083
104	3	0.4899637722002466
104	4	0.48987287357022913
104	5	0.48941566224220956
104	6	0.4896510034373778
105	0	0.48941993375157067
105	1	0.48965091905676467
105	2	0.4899636743484535
105	3	0.4898724142455957
105	4	0.4892128325722907
105	5	0.48941561368510533
105	6	0.48946423409594514
105	7	0.4904515214320565
105	8	0.48929816933502596
106	0	0.4893026464088888
106	1	0.48962584610899146
106	2	0.4895088230713317
106	3	0.4894154206104434
106	4	0.4899639195585554
106	5	0.4894195558080817
106	6	0.4898723876492869
106	7	0.4892127034899103
106	8	0.48965065844058764
106	9	0.4893005050451098
106	10	0.49045038331952495
106	11	0.4894707111690053
107	0	0.4896968142247889
107	1	0.48958135586925344
107	2	0.4898733666574618
107	3	0.4892127917302764
107	4	0.4894197540844526
107	5	0.48941550144050006
107	6	0.48996386407630704
107	7	0.48965078382832733
107	8	0.4904502500426925
107	9	0.48947086375417576
107	10	0.48930055259867
107	11	0.48955338087299527
108	0	0.48955340603542924
108	1	0.4894369121800323
108	2	0.4894196344792935
108	3	0.4896803690656704
108	4	0.48940523989701806
108	5	0.4898730923646055
108	6	0.48969657906092445
108	7	0.48965071534714655
108	8	0.4892127219747136
108	9	0.4899639294605712
108	10	0.4894707532573901
108	11	0.4904502797687359
108	12	0.48930050694069754
109	0	0.4894924451943771
109	1	0.489419844370567
109	2	0.48961063014602246
109	3	0.489650884865316
109	4	0.48947878028275116
109	5	0.4896807527484265
109	6	0.4896106723612706
109	7	0.4898734952839245
109	8	0.4892128214205935
109	9	0.4899638484188262
109	10	0.48969689596189114
109	11	0.48930058213393807
109	12	0.48947090712672275
109	13	0.49045032609415756
109	14	0.4895534765768031
110	0	0.4892132938017262
110	1	0.4894928792738112
110	2	0.4896820724047254
110	3	0.489420463142376
110	4	0.4896980732350269
110	5	0.48972446696378247
110	6	0.489724405112229
110	7	0.48996360387723753
110	8	0.4896512889362929
110	9	0.4898728174886743
110	10	0.4894796279024249
110	11	0.4895542858699725
110	12	0.48930079000162946
110	13	0.48947150305899806
110	14	0.49045022453122017
111	0	0.48953307803027324
111	1	0.48949303627708507
111	2	0.4894798695463582
111	3	0.48972479978405653
111	4	0.4897247974341985
111	5	0.4894206780402915
111	6	0.4896824045147774
111	7	0.4898727816152956
111	8	0.4899635578135031
111	9	0.48921331136910945
111	10	0.48965142434138
111	11	0.48969825626234653
112	0	0.4894889430957641
112	1	0.4896431459774505
112	2	0.48920978649772723
112	3	0.48971515861529924
112	4	0.4899654414692628
112	5	0.4894149409641374
112	6	0.48987459934597366
112	7	0.489647347103999
112	8	0.48968920842637764
112	9	0.48947242103699645
112	10	0.4896712672033083
112	11	0.48971508326698504
113	0	0.4894672713338332
113	1	0.4892947724986712
113	2	0.48943481961124236
113	3	0.4894054341646211
113	4	0.48960976547668866
113	5	0.48941495124113626
113	6	0.48963787326881497
113	7	0.4896610897409681
113	8	0.4894318085439012
113	9	0.48966101543160734
113	10	0.4892907433733175
113	11	0.4894797142658148
113	12	0.48959513054560444
113	13	0.4895959573323807
113	14	0.4891908099254578
113	15	0.4895241118016173
113	16	0.48949939313813207
113	17	0.4896223120202018
113	18	0.48956517656181087
113	19	0.48935681078175997
113	20	0.492512654120589
113	21	0.4894967770520648
113	22	0.48945131674465914
113	23	0.48988268883785757
113	24	0.48997662901585154
113	25	0.4893832271430894
113	26	0.48942242269888037
113	27	0.4892869094042011
113	28	0.49045776262859253
114	0	0.4892843182113821
114	1	0.4896882573214738
114	2	0.4892095063564708
114	3	0.4894144738610797
114	4	0.48964696116865314
114	5	0.48987313646167
114	6	0.48971416929605716
114	7	0.4896701704064747
114	8	0.48947185468089105
114	9	0.4894884802584163
114	10	0.48971412197940206
114	11	0.48996572742561567
114	12	0.48952812402968116
115	0	0.4892753866800485
115	1	0.4894633672233374
115	2	0.4898760786018867
115	3	0.48996794308115976
115	4	0.4896571860658333
115	5	0.489677421013266
115	6	0.48970283025038736
115	7	0.48920526356324234
115	8	0.48948381090447407
115	9	0.4894075923717277
115	10	0.4896419170144964
115	11	0.4897027950727724
116	0	0.4894313719499728
116	1	0.48942021416381704
116	2	0.48921301275101875
116	3	0.48996359369830345
116	4	0.48944266394586783
116	5	0.4894926961472921
116	6	0.4898717126641066
116	7	0.4896510831005574
116	8	0.48928394707373435
116	9	0.48947922015389267
116	10	0.4896813498080191
116	11	0.48969745053077257
116	12	0.4897239061855325
116	13	0.48972384585706763
116	14	0.4904552164709633
116	15	0.48929152001742093
117	0	0.4892842821989068
117	1	0.4896822645842798
117	2	0.4898727200118552
117	3	0.48921327903760525
117	4	0.4894929497464494
117	5	0.4894205290270439
117	6	0.4896513631507819
117	7	0.48972464410124555
117	8	0.4897245769434194
117	9	0.4894796948089961
117	10	0.48969811298787835
117	11	0.4899636100711682
118	0	0.4898732220227019
118	1	0.48947823555138614
118	2	0.48967996312908624
118	3	0.489722649706493
118	4	0.48965054692398824
118	5	0.4896963115187559
118	6	0.48949211615317706
118	7	0.4897226227782644
118	8	0.48996382929611604
118	9	0.48941937387877843
118	10	0.4892833927473918
118	11	0.48921249574419173
118	12	0.4892981810539203
118	13	0.48950537833653424
118	14	0.48946423564519337
118	15	0.4904516885746874
118	16	0.48940608749626163
118	17	0.4900287878118789
119	0	0.4892838587710919
119	1	0.4899637911402446
119	2	0.4894789442370974
119	3	0.48972345019408775
119	4	0.48949248807392526
119	5	0.4896809080391259
119	6	0.48987267400625073
119	7	0.4897234438640561
119	8	0.4896509042401764
119	9	0.48969702355528555
119	10	0.48941989151582443
119	11	0.4892129356462404
120	0	0.4898726532866332
120	1	0.4892984130938089
120	2	0.48965157941246046
120	3	0.48996337697327313
120	4	0.4894208455674683
120	5	0.4896826463518564
120	6	0.4894931301334674
120	7	0.48972493355878327
120	8	0.48921339732187624
120	9	0.4894800316064989
120	10	0.48928439581616406
120	11	0.48972492723672323
120	12	0.4896984787484179
120	13	0.48957289591249464
120	14	0.48934579808951645
120	15	0.48954651877791033
120	16	0.4895146756515227
120	17	0.4895039711465998
120	18	0.48947325755065135
120	19	0.48944118329267877
121	0	0.4896512346099978
121	1	0.4899634918584145
121	2	0.48930074178127925
121	3	0.4898726724791829
121	4	0.4895326044445185
121	5	0.48956905760914904
121	6	0.48949281738683115
121	7	0.48946349239190895
121	8	0.48955406955089437
121	9	0.4894006584214439
121	10	0.489557876580735
121	11	0.48972419104223935
121	12	0.48969781753534186
121	13	0.48968166088186077
121	14	0.4892131266750078
121	15	0.48942027835052243
121	16	0.4894795049902786
121	17	0.4897241076733308
121	18	0.48928409493708214
121	19	0.4895802367019661
122	0	0.48987222457350976
122	1	0.4899636941925403
122	2	0.48930055949194473
122	3	0.4896507761991826
122	4	0.4894000779678929
122	5	0.48949239323542987
122	6	0.48921282651249415
122	7	0.4896969095358722
122	8	0.48968075075960427
122	9	0.48941980545681363
122	10	0.48972326782476017
122	11	0.48972329217002286
122	12	0.48928373496735217
122	13	0.48947878855413957
122	14	0.48956829208900254
122	15	0.4895319164738043
122	16	0.4895801516396396
122	17	0.4895533567321133
122	18	0.4894628036349723
122	19	0.48955746940129313
123	0	0.4899633528197181
123	1	0.48930090705449897
123	2	0.4896515592529968
123	3	0.48987154972604197
123	4	0.4894931570923324
123	5	0.4892844728020189
123	6	0.48968274531959044
123	7	0.48942084998492025
123	8	0.48972503861135214
123	9	0.48972506409855915
123	10	0.4896985491101096
123	11	0.48921339146461706
123	12	0.48948009901211154
123	13	0.4895329513789264
123	14	0.48956943483671717
123	15	0.4894638987760968
123	16	0.489554388765354
123	17	0.48958038180564056
123	18	0.48940092818659736
123	19	0.4895581258383541
124	0	0.4896510956121635
124	1	0.48930069055885894
124	2	0.48996358669562534
124	3	0.48987308325652396
124	4	0.4894926856810835
124	5	0.48958024944508505
124	6	0.4894004754161767
124	7	0.4892839909901602
124	8	0.4896814430148594
124	9	0.48972394902653615
124	10	0.48947931827169694
124	11	0.48942016507702485
124	12	0.48969750955137353
124	13	0.4897239216619255
124	14	0.4892130258026113
124	15	0.4895687446439858
124	16	0.4895323451985579
124	17	0.48955382452675367
124	18	0.4894632614412783
124	19	0.4895577487850594
125	0	0.48930067308821873
125	1	0.4896510593356524
125	2	0.48996358727847883
125	3	0.48987187169409446
125	4	0.4895802145648204
125	5	0.48949262625954687
125	6	0.48953234078360786
125	7	0.4895687441090483
125	8	0.489283950914096
125	9	0.48947923196889703
125	10	0.4896973858722025
125	11	0.4892129469232903
125	12	0.4897237321026673
125	13	0.48942006535553456
125	14	0.48972374318116885
125	15	0.4896811825672191
125	16	0.48955375199040724
125	17	0.4895576817641221
125	18	0.48946314080567416
125	19	0.4894003204720297
126	0	0.48965094739712783
126	1	0.4893006108504035
126	2	0.48996370203653233
126	3	0.4898730350180268
126	4	0.4894003056762442
126	5	0.48949251308113234
126	6	0.4895321323988212
126	7	0.48956852774585846
126	8	0.4896811026841829
126	9	0.489212948523605
126	10	0.4896971666807859
126	11	0.48947894585668095
126	12	0.48972359352292555
126	13	0.48928381286099376
126	14	0.4894199601531671
126	15	0.4897235382920468
126	16	0.48955366320420174
126	17	0.48946307269321765
126	18	0.48955762899439875
126	19	0.48958013683861884
126	20	0.4901658193956081
126	21	0.49035227262244485
126	22	0.489430474580166
126	23	0.49018026269307147
127	0	0.48996370525777827
127	1	0.4902631368772068
127	2	0.4901614763567835
127	3	0.4897785295481501
127	4	0.4901637080014227
127	5	0.4893006919387015
127	6	0.4896510646067178
127	7	0.4898728163914505
128	0	0.4899636966882123
128	1	0.490263158838911
128	2	0.49016147835411006
128	3	0.4897784111337493
128	4	0.4896511575547782
128	5	0.48987303196821563
128	6	0.48930071023435756
128	7	0.49016371350269244
129	0	0.4901614784351344
129	1	0.49026316804933345
129	2	0.4897783327830942
129	3	0.489963737085277
129	4	0.4901637155989952
129	5	0.4893006911537373
129	6	0.48965107051741613
129	7	0.4898724118374746
130	0	0.490161473893518
130	1	0.48977897600697956
130	2	0.4902631034264283
130	3	0.48996356862195634
130	4	0.48965141129804696
130	5	0.489873035551903
130	6	0.48930083570603417
130	7	0.4901636940052783
131	0	0.49016148221714434
131	1	0.4902632007633002
131	2	0.4899637759004212
131	3	0.4897780838917115
131	4	0.49016372380288953
131	5	0.4898734152822092
131	6	0.48965096452752793
131	7	0.48930063002853497
132	0	0.4901614883080936
132	1	0.48996410237581633
132	2	0.4897770285768695
132	3	0.49026338971547695
132	4	0.48987312214157
132	5	0.4896503124279987
132	6	0.48930034573695547
132	7	0.4901637740525018
133	0	0.489472368218092
133	1	0.4902629400246336
133	2	0.48977982061502945
133	3	0.4899633196770596
133	4	0.4901614657554016
133	5	0.49034602773587127
133	6	0.49046023993343985
133	7	0.49016871399763257
134	0	0.48996375291840966
134	1	0.49026320872638096
134	2	0.4897783537948169
134	3	0.4901614906558504
134	4	0.48987048444831793
134	5	0.48929861540241
134	6	0.48964627304254565
134	7	0.4901640653936845
135	0	0.4902630396999542
135	1	0.4897791481661865
135	2	0.49016147114131586
135	3	0.4899635007411663
135	4	0.4901636821386694
135	5	0.48965153207890494
135	6	0.48930089401563565
135	7	0.48987254362619903
136	0	0.48996336822449116
136	1	0.4901614706972842
136	2	0.48977954294067927
136	3	0.4902629813827608
136	4	0.4898731440831022
136	5	0.4893010050927261
136	6	0.48965175948362377
136	7	0.49016366734396694
137	0	0.4899648617412633
137	1	0.4901606260561648
137	2	0.4897744256213479
137	3	0.4902638392608584
137	4	0.4898740906308035
137	5	0.48929966120592183
137	6	0.48964875300809485
137	7	0.4901638853099794
138	0	0.4893012842231352
138	1	0.48971619587246723
138	2	0.4897162029663367
138	3	0.48996312474172987
138	4	0.49016362379326617
138	5	0.4901605904853009
138	6	0.48958416807210836
139	0	0.48977047837668786
139	1	0.49026448493494285
139	2	0.49016060624347046
139	3	0.48996388073982144
139	4	0.4901637413257685
139	5	0.48987508021218285
139	6	0.4893005222281798
139	7	0.4896464076537799
140	0	0.49026318921389644
140	1	0.4897784081150259
140	2	0.48996373510591906
140	3	0.49016242189554354
140	4	0.4898719918737349
140	5	0.4896510475795622
140	6	0.4893006779888919
140	7	0.4901637195535036
141	0	0.49026421932304703
141	1	0.48996554315860125
141	2	0.4897719921956091
141	3	0.4901635598480631
141	4	0.4901639862520296
141	5	0.48929906315431493
141	6	0.4898742152706647
141	7	0.4896473268898536
142	0	0.4892150857534281
142	1	0.48996578925409257
142	2	0.4893370686567258
142	3	0.48953067518922144
142	4	0.4893142714275649
142	5	0.4898745910407965
142	6	0.4895306719117595
142	7	0.4894666784135877
142	8	0.4894263825860717
142	9	0.4895149462112996
142	10	0.4891547505296501
142	11	0.4896468634215764
142	12	0.4892988553473768
142	13	0.48943101051918725
142	14	0.49045859964285327
142	15	0.4893342634628973
143	0	0.48928410543231854
143	1	0.4896978604729142
143	2	0.4897241879435569
143	3	0.4893373575194435
143	4	0.4894794549758866
143	5	0.4896818126917927
143	6	0.4897242092681855
143	7	0.48996368201579177
143	8	0.48949278761024184
143	9	0.48942030523508856
143	10	0.48987233596267443
143	11	0.4892131920391386
143	12	0.4896512197598387
143	13	0.48955401955963523
144	0	0.48996355064133423
144	1	0.4897524425816664
144	2	0.49016338399914294
144	3	0.49026752174762367
144	4	0.4901648297557896
144	5	0.4896510955819969
144	6	0.4898728339614709
144	7	0.4892983420795988
145	0	0.48987263315149426
145	1	0.48927892734855055
145	2	0.4896514140753911
145	3	0.48966733321781053
145	4	0.4892085004998477
145	5	0.48948748306805095
145	6	0.4899636003065589
145	7	0.4897116349331683
145	8	0.4894128600567287
145	9	0.4894699150715221
145	10	0.48971154739515566
145	11	0.4896857524894307
145	12	0.4893008303078475
145	13	0.4895466392481099
145	14	0.4894585841561268
145	15	0.4904526101832176
146	0	0.48996349892657914
146	1	0.49016326803349647
146	2	0.48977009195888077
146	3	0.49026454969496447
146	4	0.4898729911020352
146	5	0.4896514509201708
146	6	0.4893008805146123
146	7	0.4901640698361976
147	0	0.4897790533087314
147	1	0.48996358293531844
147	2	0.4901633276954442
147	3	0.4902630975466328
147	4	0.4901636927405652
147	5	0.48930082594046553
147	6	0.48965136688435207
147	7	0.4898732409918807
148	0	0.4901633322898457
148	1	0.48996367157775905
148	2	0.4897786250914909
148	3	0.4902631335543155
148	4	0.49016370733061715
148	5	0.48987255980695776
148	6	0.4896512181634404
148	7	0.48930074480813757
149	0	0.49016332502937754
149	1	0.48996349762289726
149	2	0.48977912208515373
149	3	0.49026304889546396
149	4	0.48987294065322495
149	5	0.4896515472812578
149	6	0.4893008875388793
149	7	0.49016368614514494
150	0	0.49027184368551896
150	1	0.490162749061347
150	2	0.4897272092888837
150	3	0.4899544880960819
150	4	0.48988350229610467
150	5	0.489619744617465
150	6	0.48928988940654594
150	7	0.49016592274651194
151	0	0.4901630376971239
151	1	0.4902644860924676
151	2	0.490011020918336
151	3	0.48977045633555855
151	4	0.4901640525569156
151	5	0.4898745729457347
151	6	0.4896464085768482
151	7	0.48929867487027606
152	0	0.4900110390737782
152	1	0.49026308615718084
152	2	0.49016294950760864
152	3	0.48977882803745293
152	4	0.49016369563265594
152	5	0.48930081970792105
152	6	0.4896513615006631
152	7	0.4898713054396398
153	0	0.4896551317077776
153	1	0.4896581443706128
153	2	0.48930046454937426
153	3	0.4900113658706827
153	4	0.49016296366765444
153	5	0.4901637561074718
153	6	0.4895929452246599
153	7	0.48965054321248924
153	8	0.48987310258601763
153	9	0.48904477136425906
153	10	0.4904605427081032
153	11	0.48965725302267565
153	12	0.49018014060205
153	13	0.4901647878554655
154	0	0.48990238122255814
154	1	0.48919428725907665
154	2	0.48946839247694757
154	3	0.4901598818656146
154	4	0.4901620093020412
154	5	0.48976173980117066
154	6	0.49045022108718
154	7	0.4902958738619185
154	8	0.48961138504261653
154	9	0.49001162022989925
154	10	0.4901638045693861
154	11	0.4901629864651379
154	12	0.48957206295806494
154	13	0.4893001203500857
154	14	0.48961064359216305
154	15	0.48964984150587043
154	16	0.4898729270521887
154	17	0.4890660195218037
155	0	0.49016318502314793
155	1	0.49005591252132064
155	2	0.49027042325322046
155	3	0.4897354000765692
155	4	0.4896386871768737
155	5	0.489295655399271
155	6	0.48987689966318804
155	7	0.4901646124973218
156	0	0.48982170458251234
156	1	0.4892923763210404
156	2	0.4896374648518428
156	3	0.4894496582409913
156	4	0.4900481996659133
156	5	0.4898536674812355
157	0	0.48929668298965184
157	1	0.4896191248498823
157	2	0.48962131916149815
157	3	0.4901631244501516
157	4	0.49016441402866645
157	5	0.49005862601450856
157	6	0.48957719017224544
157	7	0.4896413601728034
157	8	0.4898759179126758
157	9	0.4902658766152952
157	10	0.4897619842350073
157	11	0.48906017505174804
157	12	0.4892052599363709
158	0	0.4898201314007508
158	1	0.4895001864502405
158	2	0.48906328171860164
158	3	0.49010192839520017
158	4	0.48944930866271014
158	5	0.49026160470641
158	6	0.4901627182588722
158	7	0.4893378944779939
158	8	0.4897130571240482
158	9	0.49045786861785423
158	10	0.49016334136529743
158	11	0.4899609019074254
158	12	0.4898777220071264
158	13	0.49016467106885264
158	14	0.4902668593748312
158	15	0.49031992192498525
159	0	0.4892936950839989
159	1	0.48961734564634585
159	2	0.48961556977351034
159	3	0.4895752870387618
159	4	0.4900715661879481
159	5	0.49016364524421885
159	6	0.4901632839841225
160	0	0.48940802417070967
160	1	0.4914411694517759
160	2	0.4892198029122743
160	3	0.48930719886684393
160	4	0.4892738837315932
160	5	0.489215666393644
160	6	0.4893418267550093
160	7	0.4892267555923223
160	8	0.48919678959184404
160	9	0.48913814536366584
160	10	0.48925554318128595
160	11	0.48924179839027965
160	12	0.4893999867409722
160	13	0.48933365711151394
160	14	0.4894072854635932
160	15	0.4893392259575615
160	16	0.4894073098719262
160	17	0.48959797221720225
160	18	0.48934308720381203
160	19	0.48925282945999543
160	20	0.48933847129931024
160	21	0.48924843178819205
160	22	0.48930896762612264
161	0	0.48943550167917654
161	1	0.48966577569117464
161	2	0.48961506388858406
161	3	0.48926074705899186
161	4	0.48949767365116
161	5	0.4896657816486595
161	6	0.48964224895837255
161	7	0.4894690132719185
161	8	0.48968458411507165
161	9	0.4895687591037085
161	10	0.48968131318038366
161	11	0.4927343645585762
161	12	0.4893705599953113
161	13	0.4896001305577487
161	14	0.48957403584660436
161	15	0.4895194276527289
161	16	0.48953540473652685
161	17	0.48970095018086457
161	18	0.4891928678610151
161	19	0.4896247743657925
161	20	0.4894302875334706
161	21	0.4895327574328358
161	22	0.489500133035185
162	0	0.49028368062847044
162	1	0.489631796521459
162	2	0.49016398724570887
162	3	0.4900828829983279
162	4	0.4901684175932342
162	5	0.4892836173295817
162	6	0.48989290820777914
162	7	0.4896511794631672
163	0	0.4900703757467958
163	1	0.4902630853887586
163	2	0.49016292123648825
163	3	0.4897788434831935
163	4	0.4893008335188007
163	5	0.48987271348694095
163	6	0.4896513902528043
163	7	0.49016369481914707
164	0	0.49007036290756695
164	1	0.48987341585314037
164	2	0.4893008705564496
164	3	0.4896514760108204
164	4	0.48948237914479226
164	5	0.48957939518529514
164	6	0.4895396315312368
164	7	0.48954883476207556
164	8	0.48944999160182484
164	9	0.48938816010489383
164	10	0.48925062086650156
164	11	0.48969925549255944
164	12	0.4892045013011649
164	13	0.48927391266874803
164	14	0.4894606546224233
164	15	0.4896530107765542
164	16	0.4896740264610425
164	17	0.48969915685770904
164	18	0.4895191464071735
164	19	0.4895537199132366
165	0	0.4893008856432679
165	1	0.4900702902931648
165	2	0.48965152672062906
165	3	0.48987292905158814
165	4	0.4894638306511578
165	5	0.489554408377125
165	6	0.4894931019393019
165	7	0.48955809626409785
165	8	0.48956946048739874
165	9	0.48953294363687233
165	10	0.48958032430514997
165	11	0.489284432405125
165	12	0.48948008910384505
165	13	0.48968262645514726
165	14	0.4896984987305156
165	15	0.48921337821051997
165	16	0.48972492095111225
165	17	0.48972484746339184
165	18	0.48942071753695376
165	19	0.48940093900039294
166	0	0.4898733702564839
166	1	0.48965080962217417
166	2	0.48930055202321554
166	3	0.49010443056325015
166	4	0.48958012293539904
166	5	0.4894923836944236
166	6	0.48972335301353953
166	7	0.48972332922405687
166	8	0.48947873070558795
166	9	0.4896806743997378
166	10	0.48969689313402215
166	11	0.48941979422620024
166	12	0.48921274036106793
166	13	0.4892836807971716
166	14	0.4894000446217613
166	15	0.4894627934821485
166	16	0.48956824072882904
166	17	0.489531921670271
166	18	0.489553253268184
166	19	0.48955743608346775
166	20	0.4896443788246915
166	21	0.4896420245368635
166	22	0.48958756443588847
166	23	0.49016449876062007
166	24	0.4901631085360005
167	0	0.49026906351462474
167	1	0.4901050765700648
167	2	0.49015836119093864
167	3	0.4897431768591666
167	4	0.49016402834180534
167	5	0.48987488417765834
167	6	0.4892987665055272
167	7	0.48964662658491176
168	0	0.4897804275323402
168	1	0.490262737876164
168	2	0.4901042219637303
168	3	0.4901583549247436
168	4	0.49016362909343214
168	5	0.4898727661930078
168	6	0.4893012257752747
168	7	0.489652257870967
169	0	0.4897634773235057
169	1	0.4901583663576173
169	2	0.4902980027187948
169	3	0.4900814794491081
169	4	0.49016435363402167
169	5	0.48987630716908004
169	6	0.4892970010142192
169	7	0.48964225029571
170	0	0.4892993388602743
170	1	0.4896230783739595
170	2	0.48962239967904264
170	3	0.49008213767003267
170	4	0.4901639432976249
170	5	0.4901583598306128
170	6	0.48957801774172777
171	0	0.4901583563728483
171	1	0.4900815240173694
171	2	0.48976374600708283
171	3	0.4901766929090587
171	4	0.49016371502141326
171	5	0.4898750970501536
171	6	0.4896423173861984
171	7	0.48930068107416497
172	0	0.4901767042646134
172	1	0.4901580297661282
172	2	0.48975647854344057
172	3	0.4900840276089201
172	4	0.4901646547879416
172	5	0.48987809160776846
172	6	0.48963800308319644
172	7	0.4892954282700911
173	0	0.48977811995203796
173	1	0.4901580263146526
173	2	0.49008155191544533
173	3	0.4901765950407103
173	4	0.4898718364549295
173	5	0.4893006227998101
173	6	0.4896509256572843
173	7	0.4901637285648763
174	0	0.49008153009627137
174	1	0.4901580314245765
174	2	0.48977824762505173
174	3	0.49017660164432886
174	4	0.49016372042943
174	5	0.48987303092211787
174	6	0.4896510035309835
174	7	0.4893006550205344
175	0	0.48962527284554086
175	1	0.49016401416088534
175	2	0.4895794936181853
175	3	0.4900823415416408
175	4	0.490158031852925
175	5	0.4896262865007694
175	6	0.48929889208657673
175	7	0.489646933854293
175	8	0.489874558615166
175	9	0.4890454387281996
175	10	0.4901623182564998
175	11	0.48962833001907424
175	12	0.4904486612221974
175	13	0.490173771283828
176	0	0.49015803177119416
176	1	0.4897621378629949
176	2	0.490176624718413
176	3	0.49008149417214614
176	4	0.4901637071435974
176	5	0.4898719487324494
176	6	0.4893007605608147
176	7	0.48965125599565207
177	0	0.48960236156316395
177	1	0.4900674554300947
177	2	0.4892862342528525
177	3	0.48988739724823316
177	4	0.48941265856686095
177	5	0.48941619358480676
177	6	0.48950437852437045
177	7	0.4891975968140286
177	8	0.489287950899555
177	9	0.48945841607303914
177	10	0.4894475322988539
177	11	0.48945843130517147
177	12	0.4892828119847532
177	13	0.4891972171276524
177	14	0.48939109188293684
177	15	0.4892990641855262
177	16	0.4892752123267191
177	17	0.48937439671681066
177	18	0.4894045603400306
177	19	0.48937991241236767
178	0	0.4900675290741813
178	1	0.4893006863384289
178	2	0.4898725667339787
178	3	0.4896510900517737
178	4	0.4894633089042842
178	5	0.48940046410283583
178	6	0.48949266376891504
178	7	0.4895801932698959
178	8	0.48947922557426976
178	9	0.4894201976203829
178	10	0.48920868237719245
178	11	0.48968147280754337
178	12	0.4896974786974695
178	13	0.48972388574920966
178	14	0.4892839596949883
178	15	0.4897238470339316
178	16	0.4895687841532532
178	17	0.489532348677727
178	18	0.4895538228554241
178	19	0.4895576865137559
179	0	0.4892859060567339
179	1	0.4896709341123944
179	2	0.4896735075057831
179	3	0.49013125547120845
179	4	0.4901580049003116
179	5	0.49017160731342196
179	6	0.4895812169853582
179	7	0.48904927932076864
179	8	0.48988792829974137
179	9	0.48960033513178536
179	10	0.4896021569697752
179	11	0.49017691342249675
179	12	0.49016392106224566
179	13	0.49045966371180105
179	14	0.48966038967315495
179	15	0.49016851985197635
180	0	0.48963371327938376
180	1	0.48963331437801066
180	2	0.4893002458791936
180	3	0.49015803158512017
180	4	0.4901312374531753
180	5	0.4901637883406983
180	6	0.4895573668606469
180	7	0.4898735494291917
180	8	0.4896500966797909
180	9	0.48906595365838923
180	10	0.4901766032876008
180	11	0.48977678496905613
180	12	0.49045012912968783
180	13	0.490159870078584
180	14	0.4897619137117212
180	15	0.4901620089254173
181	0	0.49013106537331314
181	1	0.48977845397912345
181	2	0.4901580317031672
181	3	0.4901766014851725
181	4	0.49016372550916565
181	5	0.48965096899595983
181	6	0.489872780990836
181	7	0.48930061686116505
182	0	0.49017660130646773
182	1	0.49015803181487516
182	2	0.4901311203047552
182	3	0.4897776944935468
182	4	0.4898730137199304
182	5	0.4893005317925128
182	6	0.4896507175975673
182	7	0.490163743464795
183	0	0.4897779671635403
183	1	0.49015803193861296
183	2	0.49013109524985343
183	3	0.4901766015980051
183	4	0.49016373404409314
183	5	0.4898723937375325
183	6	0.4896508065201355
183	7	0.4893005692633542
184	0	0.48963978969316974
184	1	0.48963947256742296
184	2	0.48930050333354047
184	3	0.490163747975156
184	4	0.49013113502544103
184	5	0.4901580319259197
184	6	0.48956112192855294
184	7	0.48906206119050716
184	8	0.4904535994206017
184	9	0.4897426560797831
184	10	0.49016114520148296
184	11	0.4901622558543719
184	12	0.48965057576879845
184	13	0.48987339663587287
185	0	0.49016375060880424
185	1	0.4895572475465726
185	2	0.48963312692996025
185	3	0.4896335466278492
185	4	0.48930046746077765
185	5	0.49013114208683933
185	6	0.4901580316506713
185	7	0.48987238043156817
185	8	0.48965061728400033
185	9	0.4890658453175553
185	10	0.4904500572495397
185	11	0.48976247580859955
185	12	0.49015983551262815
185	13	0.4901620017752395
186	0	0.4898743437738852
186	1	0.49011504764540414
186	2	0.48929898619616463
186	3	0.4896471986468323
186	4	0.48944731759489046
186	5	0.4894258887721632
186	6	0.48941805563540264
186	7	0.4894644532693161
186	8	0.48934442337615625
186	9	0.48930339143908247
186	10	0.48942954969272895
186	11	0.48921449317025256
186	12	0.4895284523291219
186	13	0.48915111488371327
186	14	0.4895128880201588
186	15	0.489528391343997
186	16	0.4894643111552691
186	17	0.4893131634688519
186	18	0.48933541296833777
186	19	0.4895355745999316
187	0	0.48957063232732817
187	1	0.48946721163277396
187	2	0.4923439830097625
187	3	0.4893493526877212
187	4	0.4892697607188422
187	5	0.489516360018875
187	6	0.48928280809167884
187	7	0.48962222683679046
187	8	0.4895333320585925
187	9	0.48942692277106575
187	10	0.48949736333808386
187	11	0.4895297508229562
187	12	0.4893812356279552
187	13	0.4893667495284785
187	14	0.4896608472832626
187	15	0.4892588529748032
187	16	0.48966086118364444
187	17	0.48963761379250204
187	18	0.48927792554360455
187	19	0.4896094777822149
187	20	0.4894317009767852
187	21	0.48926382038247007
187	22	0.48918680240897044
187	23	0.4893831785361274
187	24	0.4901208456826475
187	25	0.4898827749683365
187	26	0.48964611524027657
187	27	0.48964712134786226
187	28	0.489290511209883
187	29	0.4901580247036989
187	30	0.49016647536969177
187	31	0.48956543849126677
187	32	0.4896936568869109
187	33	0.4901767334816026
187	34	0.4890584064192772
188	0	0.48965449193395555
188	1	0.48963666590433125
188	2	0.48929909192869486
188	3	0.49011599555872337
188	4	0.4901639828424463
188	5	0.4901580311903867
188	6	0.4897976741138491
189	0	0.4897160727089078
189	1	0.48943889816913716
189	2	0.48949911589815703
189	3	0.48963348415910024
189	4	0.4895944387030013
189	5	0.4894210347226284
189	6	0.48957680455521896
189	7	0.4895944217542465
189	8	0.489399021843389
189	9	0.48943351777526034
189	10	0.48952017115507157
189	11	0.48940131897278216
189	12	0.489534629675369
189	13	0.489610796558143
189	14	0.4895487597129521
189	15	0.48958578632605987
189	16	0.4894515862556629
189	17	0.4912838483984539
189	18	0.4895201615533494
189	19	0.4891691105084013
189	20	0.4893272622922769
189	21	0.48956055731920795
189	22	0.489486345942186
189	23	0.48959417717825776
189	24	0.49012642513011917
189	25	0.48933738851243785
189	26	0.4898928977500972
189	27	0.48965659628202896
189	28	0.4896742730996959
189	29	0.4892841570462404
189	30	0.4901680697151714
189	31	0.4901580198546304
189	32	0.4897820011728147
190	0	0.4894913974119165
190	1	0.489572264018219
190	2	0.48966844861979036
190	3	0.48960639732827027
190	4	0.4894185605190838
190	5	0.4896914840052757
190	6	0.4901154557395565
190	7	0.4898733549925941
190	8	0.48949797460895567
190	9	0.48971407593577493
190	10	0.4894984288783594
190	11	0.4892454659722443
190	12	0.489714084066783
190	13	0.48965449835093255
190	14	0.48957795911724944
190	15	0.4895784188848822
190	16	0.4897178820526828
190	17	0.489714209164392
190	18	0.4896572518140066
191	0	0.4895786324938073
191	1	0.48949250674295347
191	2	0.4892467968611174
191	3	0.4894997173005497
191	4	0.4897162879026856
191	5	0.4893921958496544
191	6	0.4894199351761566
191	7	0.48965703744057487
191	8	0.4901152154326539
191	9	0.4896066067952437
191	10	0.48969345797615516
191	11	0.48971624244121575
191	12	0.48987836868651924
192	0	0.48963360235904635
192	1	0.48953199192108454
192	2	0.48949921296084586
192	3	0.4894468874223553
192	4	0.4895266572179321
192	5	0.49320008685312366
192	6	0.48961772951864024
192	7	0.48918260875218206
192	8	0.4896428422424098
192	9	0.4894867948467238
192	10	0.48940156347095565
192	11	0.48956333135687385
192	12	0.4893275159493936
192	13	0.48960647619087355
192	14	0.48958998556839695
192	15	0.48954394334144574
192	16	0.4894167691600102
192	17	0.4896163450327471
192	18	0.48961640370212056
192	19	0.48943363031869747
192	20	0.48932852267472954
192	21	0.4895977147819242
192	22	0.4894518416861666
192	23	0.489594035011693
192	24	0.4893509988302534
192	25	0.49012582397960897
192	26	0.48989455133543675
193	0	0.48949236676494967
193	1	0.489591048960788
193	2	0.48960660972283987
193	3	0.48969335922925533
193	4	0.4897160110039095
193	5	0.4894996740888218
193	6	0.4897160202876476
193	7	0.4896567070079023
193	8	0.48987794437418053
193	9	0.48941980903240484
193	10	0.4893920543465738
193	11	0.4901152134983814
193	12	0.4892467335499193
193	13	0.4895214290957399
194	0	0.4894901494687738
194	1	0.4901772275743664
194	2	0.4901580211822085
194	3	0.4901211892675514
194	4	0.4901719455256105
194	5	0.4898882015780216
194	6	0.4892608601861373
194	7	0.48928327324574533
194	8	0.48959923905226804
195	0	0.490176622678053
195	1	0.4901173156542678
195	2	0.4897612985544445
195	3	0.490158018727234
195	4	0.48922780280009165
195	5	0.4898823791743656
195	6	0.48929650538216
195	7	0.4896045546718021
195	8	0.4901644489439099
196	0	0.48924952314758796
196	1	0.4892961832381017
196	2	0.48960433667329945
196	3	0.49010600285724276
196	4	0.4898818437146831
196	5	0.4894010927565773
196	6	0.48944240252006
196	7	0.48948630313470287
196	8	0.48932716471254284
196	9	0.4895200857511542
196	10	0.48956066952565025
196	11	0.4894514590132233
196	12	0.48958564373046204
196	13	0.4895306450360738
196	14	0.4896041279026618
196	15	0.48940698945517713
196	16	0.4893208786536346
196	17	0.4893434061745335
196	18	0.4891750383212647
196	19	0.48958599369084205
196	20	0.48960406049606725
197	0	0.4901047004742309
197	1	0.49015808386252163
197	2	0.49017696540818073
197	3	0.4897424028908599
197	4	0.48929867530280574
197	5	0.489879841501316
197	6	0.4896057001794972
197	7	0.48922277922220275
197	8	0.49016526437016966
197	9	0.4894880482677824
197	10	0.4895700300977137
197	11	0.4896001916665108
197	12	0.48968724511328277
197	13	0.4897028589193006
197	14	0.489729899900311
197	15	0.4900678235471504
198	0	0.48964837042156056
198	1	0.4895231211837427
198	2	0.48949253036295226
198	3	0.489697096530049
198	4	0.48963459423510264
198	5	0.489379959436181
198	6	0.48969701724965486
198	7	0.48987748487703703
198	8	0.4892341972134413
198	9	0.49010378263227805
198	10	0.4896066169130936
198	11	0.4894836215359565
198	12	0.4894058541182249
198	13	0.4896750087461598
199	0	0.48917517500624574
199	1	0.4890434178705665
199	2	0.4903344590079851
199	3	0.48989489791015717
199	4	0.4892040758979519
199	5	0.48958873926124913
199	6	0.49011470003365426
199	7	0.4892835509078101
199	8	0.48944496223537376
199	9	0.4893207461508632
199	10	0.48955818448370036
199	11	0.48952400047743444
199	12	0.4893938694454403
199	13	0.4893253566937434
199	14	0.48953839613494304
199	15	0.48934787408155267
199	16	0.48917945528887485
199	17	0.4896112468658897
199	18	0.48941267754589735
199	19	0.4895928819841617
199	20	0.48961126215545714
199	21	0.4895972650637696
199	22	0.4894636722661725
199	23	0.4894786244043516
199	24	0.4932123521008243
199	25	0.48939747604093187
199	26	0.4893528860730144
199	27	0.4894468741149316
199	28	0.4894622107105473
199	29	0.489364567986448
199	30	0.4896317716235093
199	31	0.4901580850290392
199	32	0.48924829051159485
199	33	0.48903929714068073
199	34	0.4890427290464608
200	0	0.4892969982618309
200	1	0.49010556048415865
200	2	0.4898812095107814
200	3	0.48922204812583026
200	4	0.48960484609530625
200	5	0.48946787168032674
200	6	0.4894840588970064
200	7	0.4895673433842094
200	8	0.48939590196904087
200	9	0.489650009323806
200	10	0.4895251590519959
200	11	0.4895586508226613
200	12	0.48957733630351363
200	13	0.48969992095882425
200	14	0.489637984882044
200	15	0.48923616817163385
200	16	0.4896999924599762
200	17	0.4894861533892167
200	18	0.48938178451712744
200	19	0.4894079358098112
200	20	0.48967777693408326
200	21	0.4896453368212423
200	22	0.490158109893797
200	23	0.49017722182444
200	24	0.49016958332806265
201	0	0.49017691796581075
201	1	0.4897713257036283
201	2	0.49010462543094024
201	3	0.49015810944385246
201	4	0.48987914595668214
201	5	0.4896057965385967
201	6	0.48929883332371554
201	7	0.4892587559265278
201	8	0.49016401736266585
202	0	0.49017692099803073
202	1	0.4901581094964653
202	2	0.48977045515851686
202	3	0.49010471650560195
202	4	0.48929865436448333
202	5	0.48988036093141274
202	6	0.4896056925968339
202	7	0.48926811093540223
202	8	0.49016405799957274
203	0	0.48983295717497716
203	1	0.48905769609255817
203	2	0.48961785154300547
203	3	0.4892661743551878
203	4	0.4904572334323237
203	5	0.4906105109454362
203	6	0.4901736158639447
203	7	0.49018343900281836
203	8	0.490000293229401
203	9	0.49016417568190535
203	10	0.49015810966677964
203	11	0.49010506614854976
203	12	0.4901769267554955
203	13	0.48976755926558363
203	14	0.4898801024658222
203	15	0.48926718974419475
203	16	0.48929794813766236
203	17	0.48960534988225757
203	18	0.4897923317558638
204	0	0.4901581093761259
204	1	0.4901769139016539
204	2	0.49010447491098674
204	3	0.48977250881176204
204	4	0.4896059469182063
204	5	0.4892671516300506
204	6	0.48987992212762305
204	7	0.4892991578518123
204	8	0.49016397616176965
205	0	0.4901769200265333
205	1	0.4901046404354783
205	2	0.4901581094663981
205	3	0.4897709725311562
205	4	0.4896057861768534
205	5	0.4892601354736475
205	6	0.4898799523076161
205	7	0.4892987988236064
205	8	0.49016403195641745
206	0	0.4901581095499123
206	1	0.4901769238830451
206	2	0.49010483999241294
206	3	0.48976946427497053
206	4	0.4892688786251631
206	5	0.4901640954475894
206	6	0.4898804242533187
206	7	0.4892984304762872
206	8	0.4896055747748429
207	0	0.48954258719411725
207	1	0.4895425414696016
207	2	0.48925493518265695
207	3	0.489357575909763
207	4	0.48946536612738134
207	5	0.4892829134261753
207	6	0.48952751673776
207	7	0.4894465774235155
207	8	0.4894233049994629
207	9	0.48989021818189465
207	10	0.48930803466008477
207	11	0.4895968253459145
207	12	0.49009174843870545
207	13	0.48913870362801243
208	0	0.4892970163850101
208	1	0.49003785418302787
208	2	0.49045838860175484
208	3	0.4902850731787385
208	4	0.49016421801386145
208	5	0.49016970182454145
208	6	0.48931237570289354
208	7	0.489661819404384
208	8	0.4899646085400248
208	9	0.4891982532098405
208	10	0.4892824176037092
208	11	0.4895916113842527
208	12	0.489893366375505
208	13	0.49010235020534265
208	14	0.48942246347964796
208	15	0.4891868664591518
208	16	0.48962312597012936
208	17	0.489623108045228
208	18	0.48933283858420157
208	19	0.4894494987208026
208	20	0.48960417529160166
208	21	0.4893553834229894
208	22	0.48955129306114403
208	23	0.48929347364097386
208	24	0.48942490244321296
208	25	0.4894790621264543
208	26	0.4893551966529342
208	27	0.4895095992184767
208	28	0.4892489606317387
208	29	0.4895072955720877
208	30	0.490170801790197
208	31	0.49015811413892246
208	32	0.4901772975354215
208	33	0.4896191492417827
208	34	0.4903232876515933
208	35	0.4897264262794081
208	36	0.48971344570968284
208	37	0.48964651074560345
208	38	0.489167763525306
209	0	0.48948717230031225
209	1	0.4893979361961159
209	2	0.4894124344055632
209	3	0.48949116750814886
209	4	0.4896836705545644
209	5	0.4896450332099399
209	6	0.48987928215717114
209	7	0.4897059716611783
209	8	0.48923997463436814
209	9	0.48970594799001105
209	10	0.4896054945414237
209	11	0.48938562808446034
209	12	0.49009310411347995
209	13	0.4901620803567896
210	0	0.4898891116854845
210	1	0.48946762237805685
210	2	0.48901691691227417
210	3	0.48934486008757266
210	4	0.48917464702682256
210	5	0.4889234969613685
210	6	0.4893338272805212
210	7	0.4895636180630937
210	8	0.4899616072640835
211	0	0.48994925426066277
211	1	0.489035169312609
211	2	0.4896276309346077
211	3	0.4887485654478407
211	4	0.4890569868492045
211	5	0.48900484924383997
211	6	0.4891577410527686
211	7	0.4890548838522773
211	8	0.4889232800574114
211	9	0.48894187109657566
211	10	0.4893466005374846
212	0	0.48994947741411937
212	1	0.4892594723425022
212	2	0.48957678357278095
212	3	0.489514570903561
212	4	0.4895756585419832
212	5	0.4894822716676
212	6	0.4896252394970706
212	7	0.4892056746394405
212	8	0.48945270875116476
212	9	0.48927326059307585
212	10	0.48928442403487704
212	11	0.4892885331251836
212	12	0.4894705073990372
213	0	0.48934095694713087
213	1	0.4897640142647442
213	2	0.49026248004928386
213	3	0.4901770938682606
213	4	0.490158113003996
213	5	0.4892769906322508
214	0	0.4904499120735639
214	1	0.49016199388349513
214	2	0.4901598105315534
214	3	0.49024980975384724
214	4	0.4901681879828285
214	5	0.4901581095339781
214	6	0.48967600678898143
214	7	0.4901019408749336
214	8	0.49017692023806875
214	9	0.4894276152518826
215	0	0.4896874058606892
215	1	0.49016211610742333
215	2	0.4904517842676386
215	3	0.49016043705436246
215	4	0.49025185583875147
215	5	0.4891920634898079
215	6	0.48958641877336717
215	7	0.490092502743857
215	8	0.48989599302193676
215	9	0.48928268967922917
215	10	0.4895584934003732
215	11	0.4894416601578182
215	12	0.48932039176072173
215	13	0.4894782305970371
215	14	0.4894436662167705
215	15	0.48957809057786594
215	16	0.48939345760485004
215	17	0.48917397265180224
215	18	0.4895842184673104
215	19	0.48940543699817085
215	20	0.48934220110460036
215	21	0.48960224734344854
215	22	0.4895285775923871
215	23	0.48931971804107316
215	24	0.4896021930493755
215	25	0.48951399730437284
216	0	0.49025096052298855
216	1	0.49045032356310037
216	2	0.4901620640345616
216	3	0.4901601640495963
216	4	0.49015811035947643
216	5	0.49016470818846414
216	6	0.49017695277106804
216	7	0.49009294323862346
216	8	0.48975523315907077
217	0	0.4902515686684661
217	1	0.49045148333184574
217	2	0.49016210280944533
217	3	0.49016034932699104
217	4	0.4901769477348385
217	5	0.4900945705291897
217	6	0.4897573401898132
217	7	0.49015811024281014
217	8	0.489214736807661
217	9	0.4901646275538097
217	10	0.4896012086579299
217	11	0.48929195271546466
217	12	0.48988507429384665
218	0	0.48936964315762055
218	1	0.48946493749034325
218	2	0.48921017986633647
218	3	0.4896394413648604
218	4	0.4896599848837825
218	5	0.4900922679253908
218	6	0.48959228364372903
218	7	0.48935630701433175
218	8	0.48945281101292026
218	9	0.4896599869748946
218	10	0.48987847941001744
218	11	0.4893797506726062
218	12	0.4896062733246722
219	0	0.48980408441520434
219	1	0.49025558082343607
219	2	0.49045457867059766
219	3	0.4901623479896295
219	4	0.49016156355998836
219	5	0.4900952577695142
219	6	0.4901581112033519
219	7	0.4901769898979523
219	8	0.4897386126867834
219	9	0.48925276252323535
219	10	0.4898828563807537
219	11	0.4896031141253365
219	12	0.48929182984025654
219	13	0.4901654328368609
219	14	0.48947738566571236
219	15	0.489274207398254
219	16	0.4894749453531727
219	17	0.4893983814052568
219	18	0.4893732518832691
219	19	0.4896649296339183
219	20	0.4892272628376553
219	21	0.4896865690108799
219	22	0.4896864846787216
219	23	0.4896224535427033
219	24	0.4892497508679538
219	25	0.48934135016828345
219	26	0.48950126261539145
219	27	0.4894386397832292
219	28	0.4896624915221493
219	29	0.48910808743873796
219	30	0.4899519844301473
220	0	0.4901581097668024
220	1	0.4901769318157458
220	2	0.4900935216246001
220	3	0.4897656404441209
220	4	0.49016425929174395
220	5	0.48928531107986206
220	6	0.48987988738373617
220	7	0.48929750976171843
220	8	0.489605095658232
221	0	0.4890437821255286
221	1	0.49016250921758503
221	2	0.4902583565166041
221	3	0.4904563055312728
221	4	0.4901623827801413
221	5	0.4901581110177218
221	6	0.4897427312084413
221	7	0.49017698339651805
221	8	0.4900964173983468
221	9	0.489240757870962
221	10	0.4896018258705006
221	11	0.4892926104467118
221	12	0.489884607759349
221	13	0.490165252112492
221	14	0.48942265360556014
221	15	0.489470580274243
221	16	0.489988686231824
222	0	0.48978696587394877
222	1	0.48903818328841975
222	2	0.48985707333662654
222	3	0.48945562340329435
222	4	0.49016270245775273
222	5	0.49015810081005123
222	6	0.4900384724109374
222	7	0.4892560496937831
222	8	0.4893247890501478
222	9	0.4894728492278353
222	10	0.4894345329990577
222	11	0.48919389806539637
222	12	0.489221174321316
222	13	0.4932185169107451
222	14	0.488839091038694
222	15	0.489187231863054
222	16	0.4890882692267065
222	17	0.4888301677096855
222	18	0.4891719571968622
222	19	0.48917256383316315
222	20	0.4893262165560755
222	21	0.48931868154793146
223	0	0.4890475902722462
223	1	0.4901617846119767
223	2	0.49018967276539877
223	3	0.4901926227842969
223	4	0.4901580983086722
223	5	0.48943455941031455
223	6	0.488854970403748
224	0	0.4901818501133034
224	1	0.49016173427241677
224	2	0.4904603386619245
224	3	0.49027337616095323
224	4	0.4901847914733404
224	5	0.4901580981621093
224	6	0.4901772668500423
224	7	0.4896303675773836
224	8	0.4901087660865528
