## RankNet
## Epochs = 50
## No. of features = 48
## No. of hidden layers = 2
## Layer 1: 10 neurons
## Layer 2: 10 neurons
1 2 3 4 5 6 7 8 9 10 11 12 13 14 15 16 17 18 19 20 21 22 23 24 25 26 27 28 29 30 31 32 33 34 35 36 37 38 39 40 41 42 43 44 45 46 47 48
2
10
10
0 0 -0.10635798910626962 0.043995091924871284 0.09305618773547439 0.1369650240650361 0.0679561014893737 0.05992528983850954 -0.04846013198553174 -0.08763834068339865 0.05658682432066657 -0.10457014525167539
0 1 -0.052241814320251406 0.013044565365066488 0.05121592503074779 0.0012055051376690627 0.028852821876393254 0.014210302485438107 0.07933805218321555 0.006871152746813533 0.034743616921540744 0.06159510747560232
0 2 0.0639290861590715 -0.08109254664941712 0.0574002459160857 0.060820974327687544 -0.06291152776815721 -0.08832955966737994 -0.06491004099538514 -0.002102886951237748 0.042346561254937555 -0.047015523275353015
0 3 -0.04175899115963436 -0.015145290471407127 -0.02681948063147781 0.07016905723911296 -0.035665360733694244 0.055384547276006606 0.08399682887066635 0.04283811139517027 -0.09766846797952218 -0.029060043175454568
0 4 0.05984369202434102 -0.04137006097162935 -0.09786022088914394 -0.024146526879334926 -0.057518689518536045 -0.09909774400570498 0.0772518746040793 -0.0778937792028257 -0.057428746473748904 0.07642509387622447
0 5 -0.05279660811656357 -0.07775773041344536 0.009501355938932542 0.09717250005036351 -0.02685228995148786 0.06314049398097918 0.08876927132329342 0.073415526511045 0.06525380098027324 -0.06665913907833931
0 6 -0.10079396895987738 0.04799668500390697 0.10288853453955696 -0.00540149383311635 -0.10218008045919519 -0.07556125376394773 -0.0748838496500022 0.05141007165399042 0.06558007324351195 -0.007816266248098173
0 7 -0.10131417618754834 -0.06741941092722367 -0.08500557484526558 -0.007196490152236317 0.06501507045622383 0.08372292723319348 0.04249887860648017 0.05495793137152964 -0.09144136272532873 0.008588513975674363
0 8 -0.023186320757199883 -0.08910350838617656 -0.029320632443348715 0.09759715669706945 -0.020141387181160337 -0.05684987554891571 -0.07010673105027226 0.04274888492860192 0.009779289420150146 0.08798921711200963
0 9 0.07558471491403401 -0.020116833615462428 -0.09457919128290782 0.06316315107897405 -0.08945912663805379 -0.026293710867003946 -0.07259933769013432 -0.09949496977291572 -0.06459156883934684 0.021258863130752193
0 10 -0.059970205417218855 0.023660007540628702 0.01195402928748165 -0.06075651581565928 -0.061308479321861044 -0.012229787843786631 -0.027931166234936983 -0.03833721907800685 0.05702052303247663 -0.012426792095743534
0 11 0.09931767940868381 -0.04051446268293712 0.09337700643121709 -0.06300664161670105 0.052226627434712805 -0.06379188052901903 0.060038372361949095 -0.08837676767875954 -0.06859471791364617 -0.03790137246661809
0 12 0.04946163846985551 0.06650613984623008 -0.052538390654065584 -0.05527552235093243 0.03120654383788909 0.002328836691993171 0.08785479648210051 -0.07518603306628194 0.03534047904153257 -0.07299829222436767
0 13 0.031104109728585745 0.07996513506801103 -0.04948121922826087 0.08346082766965023 0.08497264253266537 -0.004050411707779722 0.03922700346387562 0.0756643081851168 0.08796102445909888 0.08195256874374168
0 14 -0.06884926662739073 -0.010470711608293368 0.07736868446915855 0.007011688773533098 -0.06663773332097955 4.256288499844496E-4 0.03873674310417622 -0.029953554844471965 -0.09767183280459546 -0.0982728765676022
0 15 0.0738514272828067 -0.07391846107969499 0.03535787581210767 -0.027567907709477136 0.056689217359624726 -0.09200982189555416 -0.08979190897334031 0.0017103532748972876 0.08787856017482769 -0.029371100868812644
0 16 0.044625632720685676 -0.031108927503916743 -0.027201646891128313 0.03928428004090646 -0.07863841155398163 -0.09538093038440938 0.060335324658407574 0.007336899573494938 0.06721564732381788 0.038251939280579024
0 17 -0.02303027376059814 -0.0756275783525754 -0.00748451666142186 0.07694862391779232 7.721389889533465E-4 -0.010226688606645206 0.013062840508704083 -0.056198045348076285 -0.08456065250067617 -0.05733354553791817
0 18 -0.050800731396197785 -0.011752108471033198 -0.06383281640949995 -0.07970770708218808 0.08971362072734501 0.0909679291852131 -0.003606536124777646 0.026630408613666074 -0.08716427415323437 -0.013447964027990415
0 19 -0.1019132707300788 0.06757440125544856 -0.00656386462211133 -0.033589961780711323 0.005853457080871271 -0.06501371757188659 -0.05928117673630065 -0.06856740724803966 -0.04054788139023969 0.018521457798759376
0 20 -0.13579755616379316 0.06330104409884278 -0.024637546313825257 0.01940141665114054 -0.0017128324503392696 -0.01550586556810576 -0.02040676099095272 -0.015435883646754819 0.0984480209856439 -0.04522422257736389
0 21 -0.07372406967784922 0.005316893369641773 -0.00908472053710498 1.8851586590413745E-4 -0.05329301679149152 0.06812260447751846 0.015785235881675363 6.928656174033008E-4 -0.03271578519473297 -0.027699698095907343
0 22 -0.04859316043261302 0.027034542321709654 0.06195707492310607 -0.010258386790485501 0.04542864956363093 -0.07530646944346496 -0.011346330234694819 0.051383777892303896 -0.05568518185068615 0.06832771258341601
0 23 -0.01846782043904148 -0.07953953662911913 0.012798959415559402 0.012552886427836148 0.027883404570372652 0.06467677309116542 0.02447142001455389 0.048026542248706276 -0.03274488088050077 -0.048920624069888556
0 24 0.062022190541028976 -0.07554974406957626 0.09868623316287994 -0.0065108477137982845 0.0011408149730414152 0.08123341202735901 0.06021089479327202 -0.0573161244392395 0.02103797160089016 0.027766574174165726
0 25 -0.08495717259677135 -0.04254795493827248 0.09834430635055597 -0.02728311388668128 -0.09883648263297201 -0.07936627204913367 0.0461830330477458 -0.012452369858707568 0.05926587251876928 -0.0022930390864340762
0 26 -0.06421782821416855 -0.07584045827388763 -0.09682104736566544 0.022465473040938377 0.002648907946422696 0.03868776559829712 -0.03218161314725876 -0.08338498324155807 -0.0862412378191948 -0.03613615036010742
0 27 0.051248625165239994 -0.0069148357933153624 0.12319741504946984 0.08938319388644282 -0.07849848007523037 0.0904339421758984 0.03627241125307743 -0.05703553240769416 -0.08208131993426739 0.033599509951798424
0 28 -0.2802535051333758 -0.20506819494136938 0.2549395813640936 0.22586330148042244 -0.27816888426696035 0.27593733381604296 -0.29476238178690417 -0.17790268271435142 0.1332255965217634 -0.13648752189782398
0 29 -0.067037204859085 -0.11332216364589803 -0.018166321051195502 -0.012449323390740416 5.098362412850587E-4 0.04050909227255125 -0.1440710687200719 -0.016643043611694133 0.03847214370355149 -0.10211604145372132
0 30 -0.3274688241895481 -0.2566754944226746 0.2939888046652818 0.16624882494304447 -0.15190111751728336 0.24126329286115267 -0.21615863409329775 -0.13671947560407036 0.12665967767839073 -0.13723144496136624
0 31 -0.057696493909775014 -0.007182759404614802 0.17106730481099292 0.14578503486269884 -0.059884553623647876 0.12502996035557876 -0.08207391193829543 -0.12615293398413785 0.12794824397714982 -0.017148600950689628
0 32 -0.04113466409099375 -0.10358631161015514 0.12926000174616872 0.17530993949303866 -0.018150096517042445 -0.018887334048667905 -0.048775187571967936 -0.15734568082015707 0.023975715737351737 0.04716731391989028
0 33 -0.038994581792327614 0.07359768669709037 -0.08573210612664497 0.09813270541258223 0.018482771297054574 -0.08305479866369492 -0.10433621451264348 -0.03419380055446195 0.024041907232368178 -0.02402373899351235
0 34 -0.037815313724713556 -0.13245728730795162 0.05231657228718442 0.04451512132101138 0.008282749004742388 0.0997768746571543 -0.06168843851535729 -0.17113089811978602 0.1323303154659402 0.0480692970480327
0 35 -0.13136495351255897 -0.09608399524002395 0.19403385582209393 0.0964310635109683 -0.19931070635401663 0.16017936415938253 -0.24469058101728092 -0.06584816716790581 -0.012322753039318013 -0.12711192108621033
0 36 -0.012413354147082747 -0.1446609968522751 0.06114720423730092 0.02495802128012833 0.026397132818578205 0.0780188307437402 -0.13587258698637 -0.06006653715349078 -0.05850463671697289 -0.08346802749077278
0 37 -0.15627976066470486 -0.046260285362984016 0.00998036904066119 0.038118335168595634 -0.013825240474453415 0.011433600457875557 -0.16404674145837497 -0.1435504038421158 -0.054406132534329195 -0.05831948659906696
0 38 0.08149794858884749 0.044583158694855 0.0243069162863943 0.09091966244084114 -0.013257179116172104 -0.08253443742901166 -0.06889347410167466 -0.04386559954264811 -0.0063728964580005475 0.02512008910621888
0 39 0.027849756153344805 -0.07225782597745206 -0.062772858301953 0.007839817727628795 0.027166554066079086 0.013735103059709326 0.027966981247415434 -0.09087089157083578 -0.07391500702777437 0.08942565908278854
0 40 0.07431029651157245 -0.004655863703884908 -0.07656041271253121 0.07495153743920191 -0.05351972644453373 -0.0921412290807771 0.004790834026579683 -0.018173683288963374 0.008267489840366963 0.011216364313896594
0 41 -0.0022186869813801157 0.03155230259564069 -0.03977662212670152 -0.0651870912812938 0.03221887182734624 0.038489946950581326 -0.04415429062218367 -0.05205831278731867 -0.08713105463363595 0.08500713407582602
0 42 -0.029307390935061906 0.05197830231886591 0.07999920665551344 0.05844009661040465 -0.017934752653628896 0.05209527886737358 -0.07405285093180987 0.09693076291688552 0.05988592077124485 -0.07983327669356237
0 43 0.07482294570364391 0.0927378095463703 0.03317602443439677 0.0287222703522509 0.05255814712412893 -0.0558993446176256 -0.09648777153488927 -0.07334056648421199 0.09837585115035345 -0.015360445513051366
0 44 -0.126163939625624 -0.021273324668406812 0.09646174603819252 0.12030823050626517 0.003295590498196988 -0.005593347833342759 -0.0919039638128038 0.06649370158045392 0.06965014873999763 0.026752596960654414
0 45 -0.05760162571132276 -0.07050556357204854 0.05412447744726469 0.08601264922508091 -0.011048673323643296 0.09743519173484232 -0.041727551247168926 -0.06822233980567191 0.0476452426518854 -0.01809527962955592
0 46 -0.11483667836084098 -0.10385378732504374 -0.05335033562914158 0.07884668181721169 -0.1261561350869421 0.0018930800054878395 -0.06485352990853753 -0.0801238056437061 0.050242772453947 0.06350353607452809
0 47 0.049960295480192644 -0.08749918932119913 0.010295880984668437 0.09686936174471882 -0.09850624792024378 0.08399030222496122 0.056221175158672504 -0.10746115159751886 0.02909881237587668 -0.05758172657342669
0 48 -0.06664143293748852 0.05191970145371106 0.03539519496738608 -0.07751259421336548 -0.04492415655114039 0.07743604280462583 0.04710026779203714 0.060315050439333474 -0.08044653528310723 -0.07643374503069558 0.028551392237240337 0.013109636114045559 0.00802231923090794 0.028612593866089168 -0.02979127526935628 0.04844349240480872 0.09280837888969076 0.04693540709810273 0.08769429329784316 0.0246307162364139 0.028681947859143214
1 0 0.050256674563517394 -0.033076747047263905 -0.022466620671273873 0.027250788683672714 0.055370535614623746 -0.012531236572035651 -0.04290990103920767 -0.02461534600042485 -0.07786081633364764 -0.07464670691789459
1 1 0.0037669385496663732 0.015662585223909054 -0.038944459497130775 0.0940715183780046 0.00649317326470618 -0.010303655885651965 -0.02709000752033915 -0.09608883730571444 0.053187557776953644 0.06376526949568291
1 2 -0.05084431861522885 -0.053512487837723145 0.0918784729174067 0.0623209766557108 0.034362950572239155 -0.018313721552371893 -0.07538208159469988 0.022045632773490156 0.038758769127672794 0.018337089567138514
1 3 -0.05555807807003012 0.03516389294220505 0.041851049587324426 -0.011065645175847714 0.08419218254198753 -0.07104587364329502 -0.07380536545114977 -0.022525734957115545 0.046980424804326314 0.09171607241057131
1 4 0.008357283392675583 0.036987974990118126 0.0754283861061038 -0.058769287828998304 -0.00956191243222814 0.0683281615949243 -0.09165279074315705 -0.05564553842115832 -0.052031212592540135 -0.03978783021351829
1 5 -0.019308947674908778 -0.06541889965896346 -0.04050209243957362 -0.07498767172971424 0.09759329440761037 0.014266177777800692 0.0956839785039706 0.05147115542253187 -0.03107458283638346 0.06614708026844299
1 6 0.06494567062051025 0.026769215195406974 0.04219862506999894 0.059074918288748356 -0.09572421559556933 -0.04905688312081805 0.05171348001016733 -0.09358402964719664 0.022263256425419202 0.0602695462259212
1 7 0.07281507537474875 0.02155616540543013 -0.007188819501356602 -0.07125297535109097 -0.032416197495128946 -0.005052354386208929 0.043092907951457364 0.005593709502186114 -0.01991859739422145 0.0722295828222045
1 8 -0.07145171314173356 0.0736175550881236 -0.0030186966010805334 0.09344956369642098 -0.0910535774043147 -0.031983992112962226 0.02597473229689023 0.011829129713043084 0.06131101712921129 0.03350325763936346
1 9 0.1042243150493644 -0.00483230316655806 0.003117327047725833 0.05914831492910025 0.055282829781456475 -0.09457587063902158 0.06990306594720089 -0.09515031506517953 0.0027475420445770456 -0.0030408695597727155
2 0 0.10851406942992825
2 1 -0.015263463774215386
2 2 -0.07836489638338523
2 3 0.03646491864593727
2 4 -0.07879784031926725
2 5 0.04593461196951688
2 6 -0.04868155584015375
2 7 -0.06420899401673878
2 8 -0.1020456223801524
2 9 0.019342613760668103
