3	0	0.260639534858717
3	1	0.0
3	2	0.260639534858717
3	3	0.0
3	4	0.014119018145236202
3	5	0.0833762608316092
3	6	0.0833762608316092
3	7	0.260639534858717
4	0	0.260639534858717
4	1	0.260639534858717
4	2	0.260639534858717
4	3	0.0
4	4	0.0
4	5	0.0
4	6	0.260639534858717
4	7	0.19215544227830855
4	8	0.260639534858717
4	9	0.0
4	10	0.0
4	11	0.0833762608316092
4	12	0.0
4	13	0.0
4	14	0.0
4	15	0.014119018145236202
4	16	0.0833762608316092
5	0	0.260639534858717
5	1	0.260639534858717
5	2	0.260639534858717
5	3	0.0
5	4	0.19215544227830855
5	5	0.0
5	6	0.260639534858717
5	7	0.0
5	8	0.260639534858717
5	9	0.0
5	10	0.0
5	11	3.036922860343799
5	12	0.0
5	13	0.0
5	14	1.6402847599483845
5	15	0.0
5	16	0.0
5	17	0.014119018145236202
5	18	0.0833762608316092
5	19	0.0833762608316092
5	20	1.1123876524902379
5	21	0.0
5	22	0.7839913814747708
5	23	0.260639534858717
5	24	0.0
5	25	0.260639534858717
6	0	0.260639534858717
6	1	0.260639534858717
6	2	0.0
6	3	0.0
6	4	0.0
6	5	0.014119018145236202
6	6	0.19215544227830855
6	7	0.260639534858717
6	8	0.260639534858717
6	9	0.0
6	10	0.260639534858717
6	11	0.0833762608316092
6	12	0.0
6	13	0.0833762608316092
6	14	0.0
6	15	0.260639534858717
6	16	0.0
6	17	0.0
7	0	0.7839913814747708
7	1	0.260639534858717
7	2	1.1123876524902379
7	3	0.0
7	4	0.0
7	5	0.260639534858717
7	6	0.0
7	7	0.0
7	8	0.0
7	9	0.260639534858717
7	10	0.19215544227830855
7	11	0.260639534858717
7	12	0.0
7	13	0.260639534858717
7	14	0.0
7	15	0.260639534858717
7	16	3.036922860343799
7	17	0.0
7	18	0.0833762608316092
7	19	0.0833762608316092
7	20	0.260639534858717
7	21	0.014119018145236202
7	22	0.0
7	23	0.0
8	0	0.260639534858717
8	1	0.0
8	2	0.0
8	3	0.0
8	4	0.0
8	5	0.260639534858717
8	6	0.014119018145236202
8	7	0.0
8	8	0.260639534858717
8	9	0.260639534858717
8	10	0.0833762608316092
8	11	0.19215544227830855
8	12	0.0
8	13	0.0
8	14	0.260639534858717
8	15	0.0833762608316092
8	16	0.0
8	17	0.260639534858717
8	18	0.0
9	0	0.0
9	1	0.0
9	2	0.7839913814747708
9	3	0.260639534858717
9	4	0.0
9	5	0.260639534858717
9	6	0.0
9	7	0.0
9	8	0.0833762608316092
9	9	0.260639534858717
9	10	0.0
9	11	0.014119018145236202
9	12	0.260639534858717
9	13	0.260639534858717
9	14	0.260639534858717
9	15	0.0833762608316092
9	16	0.0
9	17	0.19215544227830855
9	18	0.0
9	19	0.0
9	20	1.6402847599483845
10	0	0.260639534858717
10	1	0.0
10	2	0.0
10	3	0.260639534858717
10	4	0.260639534858717
10	5	0.0
10	6	0.260639534858717
10	7	0.260639534858717
10	8	0.19215544227830855
10	9	0.014119018145236202
10	10	0.0833762608316092
10	11	0.0
10	12	0.260639534858717
10	13	0.0
10	14	0.0
10	15	0.0
10	16	0.0833762608316092
10	17	0.0
11	0	0.19215544227830855
11	1	0.260639534858717
11	2	0.0
11	3	0.260639534858717
11	4	0.260639534858717
11	5	0.0833762608316092
11	6	0.0
11	7	0.0
11	8	0.260639534858717
11	9	0.0
11	10	0.0
11	11	0.0833762608316092
11	12	0.260639534858717
11	13	0.014119018145236202
11	14	0.0
11	15	0.0
11	16	0.0
11	17	0.260639534858717
12	0	0.260639534858717
12	1	1.1123876524902379
12	2	0.0
12	3	0.260639534858717
12	4	0.0
12	5	0.7839913814747708
12	6	0.0
12	7	0.0
12	8	0.0
12	9	0.260639534858717
12	10	3.036922860343799
12	11	0.260639534858717
12	12	0.260639534858717
12	13	0.260639534858717
12	14	0.0
12	15	0.19215544227830855
12	16	0.0
12	17	0.0
12	18	0.0
12	19	0.014119018145236202
12	20	0.0833762608316092
12	21	0.0833762608316092
12	22	0.0
12	23	0.260639534858717
13	0	0.014119018145236202
13	1	0.0
13	2	0.0
13	3	0.260639534858717
13	4	0.0
13	5	0.0
13	6	0.260639534858717
13	7	0.260639534858717
13	8	0.0833762608316092
13	9	0.0
13	10	0.260639534858717
13	11	0.19215544227830855
13	12	0.0
13	13	0.260639534858717
13	14	0.260639534858717
13	15	0.0
13	16	0.0833762608316092
13	17	0.0
14	0	0.260639534858717
14	1	0.260639534858717
14	2	0.0
14	3	0.260639534858717
14	4	0.014119018145236202
14	5	0.260639534858717
14	6	0.0833762608316092
14	7	0.0833762608316092
14	8	0.0
14	9	0.0
14	10	0.0
14	11	0.0
14	12	0.014119018145236202
14	13	0.0
14	14	0.0
15	0	0.0
15	1	0.7839913814747708
15	2	0.0
15	3	0.0
15	4	0.260639534858717
15	5	0.0
15	6	0.260639534858717
15	7	0.0
15	8	0.0
15	9	0.260639534858717
15	10	0.260639534858717
15	11	0.260639534858717
15	12	0.0833762608316092
15	13	0.0
15	14	0.0833762608316092
15	15	0.014119018145236202
15	16	0.0
15	17	0.260639534858717
15	18	0.19215544227830855
15	19	0.0
15	20	1.6402847599483845
16	0	0.0833762608316092
16	1	0.260639534858717
16	2	0.0
16	3	0.014119018145236202
16	4	0.0833762608316092
16	5	0.260639534858717
16	6	0.0
16	7	0.0
16	8	0.19215544227830855
16	9	0.0
16	10	0.0
16	11	0.260639534858717
16	12	0.0
16	13	0.0
16	14	0.260639534858717
16	15	0.0
16	16	0.260639534858717
16	17	0.260639534858717
16	18	0.0
17	0	0.260639534858717
17	1	0.0833762608316092
17	2	0.014119018145236202
17	3	0.0
17	4	0.260639534858717
17	5	0.260639534858717
17	6	0.014119018145236202
17	7	0.0
17	8	0.260639534858717
17	9	0.260639534858717
17	10	0.19215544227830855
17	11	0.0
17	12	0.0
17	13	0.0
17	14	0.0
17	15	0.0
17	16	0.0833762608316092
17	17	0.0
17	18	0.0
17	19	0.260639534858717
17	20	0.260639534858717
17	21	0.0
18	0	0.260639534858717
18	1	0.0833762608316092
18	2	0.014119018145236202
18	3	0.0833762608316092
18	4	0.260639534858717
18	5	0.260639534858717
18	6	0.0
18	7	0.0
19	0	0.260639534858717
19	1	0.0833762608316092
19	2	0.260639534858717
19	3	0.014119018145236202
19	4	0.260639534858717
19	5	0.0833762608316092
20	0	0.260639534858717
20	1	0.260639534858717
20	2	0.19215544227830855
20	3	0.0
20	4	0.0
20	5	0.260639534858717
20	6	0.0
20	7	0.0833762608316092
20	8	0.0
20	9	0.0
20	10	0.014119018145236202
20	11	0.0
20	12	0.260639534858717
20	13	0.0
20	14	0.260639534858717
20	15	0.0833762608316092
20	16	0.0
20	17	0.260639534858717
21	0	0.260639534858717
21	1	0.0
21	2	3.036922860343799
21	3	0.0833762608316092
21	4	0.260639534858717
21	5	0.260639534858717
21	6	0.19215544227830855
21	7	0.260639534858717
21	8	0.0
21	9	0.260639534858717
21	10	0.260639534858717
21	11	0.0833762608316092
21	12	0.0
21	13	0.014119018145236202
21	14	0.0
21	15	0.0
21	16	0.0
21	17	0.0
21	18	0.0
22	0	0.0
22	1	0.260639534858717
22	2	0.0833762608316092
22	3	0.0833762608316092
22	4	0.260639534858717
22	5	0.260639534858717
22	6	0.014119018145236202
22	7	0.0
22	8	0.0
22	9	0.014119018145236202
22	10	0.0
22	11	0.0
23	0	0.260639534858717
23	1	0.0
23	2	0.0
23	3	0.260639534858717
23	4	0.014119018145236202
23	5	0.0
23	6	0.0
23	7	0.0
23	8	0.014119018145236202
23	9	0.7839913814747708
23	10	0.0833762608316092
23	11	0.0833762608316092
24	0	0.0833762608316092
24	1	0.7839913814747708
24	2	0.0833762608316092
24	3	0.0
24	4	0.0
24	5	0.0
24	6	0.260639534858717
24	7	0.0
24	8	0.014119018145236202
24	9	0.014119018145236202
24	10	0.0
24	11	0.260639534858717
25	0	0.260639534858717
25	1	0.260639534858717
25	2	0.014119018145236202
25	3	0.0833762608316092
25	4	0.0
25	5	0.0833762608316092
25	6	0.7839913814747708
25	7	0.0
25	8	0.0
26	0	0.7839913814747708
26	1	0.7839913814747708
26	2	0.0
26	3	0.0
26	4	0.0
26	5	0.0
26	6	1.6402847599483845
26	7	0.260639534858717
26	8	0.260639534858717
26	9	0.260639534858717
26	10	0.19215544227830855
26	11	0.260639534858717
26	12	0.0
26	13	0.0
26	14	0.260639534858717
26	15	0.0
26	16	0.0
26	17	0.014119018145236202
26	18	0.0833762608316092
26	19	0.0
26	20	0.0833762608316092
27	0	0.0
27	1	0.260639534858717
27	2	0.260639534858717
27	3	0.19215544227830855
27	4	0.0
27	5	0.260639534858717
27	6	0.0
27	7	0.0833762608316092
27	8	0.014119018145236202
27	9	0.0833762608316092
27	10	0.260639534858717
27	11	0.0
27	12	0.7839913814747708
27	13	0.0
27	14	0.0
27	15	0.0
27	16	0.260639534858717
27	17	0.0
27	18	0.0
28	0	0.0
28	1	0.0
28	2	0.0
28	3	0.014119018145236202
28	4	0.0
28	5	0.260639534858717
28	6	0.0833762608316092
28	7	0.260639534858717
28	8	0.0
28	9	0.19215544227830855
28	10	0.7839913814747708
28	11	0.260639534858717
28	12	0.0
28	13	0.0
28	14	0.260639534858717
28	15	0.260639534858717
28	16	0.260639534858717
28	17	0.0833762608316092
28	18	0.0
28	19	0.0
28	20	0.0
28	21	0.0
29	0	0.0
29	1	0.0
29	2	0.0
29	3	0.0
29	4	0.014119018145236202
29	5	0.0833762608316092
29	6	0.0
29	7	0.19215544227830855
29	8	0.260639534858717
29	9	0.0
29	10	0.260639534858717
29	11	0.0
29	12	0.7839913814747708
29	13	0.260639534858717
29	14	0.260639534858717
29	15	0.260639534858717
29	16	0.0833762608316092
29	17	0.0
29	18	0.0
29	19	0.0
29	20	0.0
29	21	0.260639534858717
30	0	0.7839913814747708
30	1	0.0
30	2	0.7839913814747708
30	3	0.0
30	4	0.0
30	5	1.6402847599483845
30	6	0.0
30	7	0.19215544227830855
30	8	0.260639534858717
30	9	0.260639534858717
30	10	0.260639534858717
30	11	0.260639534858717
30	12	0.0
30	13	0.260639534858717
30	14	0.0
30	15	0.0
30	16	0.014119018145236202
30	17	0.0
30	18	0.0833762608316092
30	19	0.0
30	20	0.0833762608316092
31	0	0.0
31	1	0.0833762608316092
31	2	0.0
31	3	0.260639534858717
31	4	0.260639534858717
31	5	0.260639534858717
31	6	0.7839913814747708
31	7	0.0
31	8	0.260639534858717
31	9	0.260639534858717
31	10	0.0
31	11	0.0
31	12	0.19215544227830855
31	13	0.014119018145236202
31	14	0.0
31	15	0.0
31	16	0.0
31	17	0.0833762608316092
32	0	0.7839913814747708
32	1	0.0
32	2	0.0
32	3	0.0
32	4	0.7839913814747708
32	5	0.19215544227830855
32	6	0.0
32	7	0.260639534858717
32	8	0.260639534858717
32	9	0.260639534858717
32	10	0.260639534858717
32	11	0.260639534858717
32	12	0.0
32	13	0.0
32	14	1.6402847599483845
32	15	0.0
32	16	0.0
32	17	0.0833762608316092
32	18	0.014119018145236202
32	19	0.0
32	20	0.0833762608316092
33	0	0.7839913814747708
33	1	0.0
33	2	0.0
33	3	0.0
33	4	0.260639534858717
33	5	0.19215544227830855
33	6	0.260639534858717
33	7	1.1123876524902379
33	8	0.260639534858717
33	9	0.260639534858717
33	10	0.260639534858717
33	11	0.7839913814747708
33	12	0.0
33	13	0.260639534858717
33	14	0.0
33	15	0.0
33	16	0.0
33	17	0.0
33	18	0.0
33	19	0.260639534858717
33	20	0.0
34	0	0.260639534858717
34	1	0.260639534858717
34	2	0.260639534858717
34	3	0.260639534858717
34	4	0.0
34	5	0.19215544227830855
35	0	0.260639534858717
35	1	0.0
35	2	0.7839913814747708
35	3	0.0
35	4	0.0833762608316092
35	5	0.0
35	6	0.0
35	7	0.0
35	8	0.260639534858717
35	9	0.0
35	10	0.0833762608316092
35	11	0.19215544227830855
35	12	0.0
35	13	0.014119018145236202
35	14	0.260639534858717
35	15	0.0
35	16	0.260639534858717
35	17	0.260639534858717
36	0	0.260639534858717
36	1	0.0
36	2	0.0
36	3	0.260639534858717
36	4	0.0
36	5	0.0833762608316092
36	6	0.7839913814747708
36	7	0.260639534858717
36	8	0.19215544227830855
36	9	0.0
36	10	0.0
36	11	0.260639534858717
36	12	0.0
36	13	0.0
36	14	0.260639534858717
36	15	0.014119018145236202
36	16	0.0833762608316092
36	17	0.0
37	0	0.260639534858717
37	1	0.260639534858717
37	2	0.260639534858717
37	3	0.260639534858717
37	4	0.0
37	5	0.19215544227830855
38	0	0.0
38	1	0.260639534858717
38	2	0.0833762608316092
38	3	0.260639534858717
38	4	0.014119018145236202
38	5	0.260639534858717
38	6	0.0
38	7	0.0
38	8	0.260639534858717
38	9	0.0833762608316092
38	10	0.19215544227830855
38	11	0.0
38	12	0.0
38	13	0.0
38	14	0.0
38	15	0.7839913814747708
38	16	0.260639534858717
38	17	0.0
39	0	0.0
39	1	0.0
39	2	0.0
39	3	1.1123876524902379
39	4	0.7839913814747708
39	5	0.0
39	6	0.7839913814747708
39	7	0.260639534858717
39	8	0.260639534858717
39	9	0.0
39	10	0.260639534858717
39	11	0.0833762608316092
39	12	0.0833762608316092
39	13	0.0
39	14	0.0
39	15	0.014119018145236202
39	16	0.0
39	17	0.260639534858717
39	18	0.0
39	19	0.260639534858717
39	20	0.0
39	21	0.19215544227830855
39	22	0.260639534858717
39	23	3.036922860343799
40	0	0.0
40	1	0.260639534858717
40	2	0.7839913814747708
40	3	0.014119018145236202
40	4	0.0
40	5	0.0
40	6	0.0
40	7	0.260639534858717
40	8	0.260639534858717
40	9	0.0
40	10	0.19215544227830855
40	11	0.0833762608316092
40	12	0.0
40	13	0.0833762608316092
40	14	0.0
40	15	0.260639534858717
40	16	0.0
40	17	0.260639534858717
41	0	0.0
41	1	0.7839913814747708
41	2	0.0
41	3	0.0
41	4	0.260639534858717
41	5	1.1123876524902379
41	6	0.0
41	7	0.260639534858717
41	8	0.7839913814747708
41	9	0.0
41	10	0.0
41	11	0.19215544227830855
41	12	0.260639534858717
41	13	0.260639534858717
41	14	0.0
41	15	0.260639534858717
41	16	0.260639534858717
42	0	0.0833762608316092
42	1	0.0833762608316092
42	2	0.0
42	3	0.0
42	4	0.0
42	5	0.7839913814747708
42	6	0.260639534858717
42	7	0.260639534858717
42	8	0.260639534858717
42	9	0.19215544227830855
42	10	0.260639534858717
42	11	0.014119018145236202
42	12	0.0
42	13	0.0
42	14	0.0
42	15	0.0
42	16	0.0
42	17	0.260639534858717
43	0	0.260639534858717
43	1	0.260639534858717
43	2	1.1123876524902379
43	3	0.0
43	4	0.0
43	5	0.0
43	6	0.0
43	7	0.7839913814747708
43	8	0.0
43	9	0.7839913814747708
43	10	0.0
43	11	0.260639534858717
43	12	0.0
43	13	3.036922860343799
43	14	0.260639534858717
43	15	0.260639534858717
43	16	0.0
43	17	0.19215544227830855
43	18	0.0833762608316092
43	19	0.014119018145236202
43	20	0.0
43	21	0.260639534858717
43	22	0.0833762608316092
43	23	0.0
44	0	0.260639534858717
44	1	0.260639534858717
44	2	0.260639534858717
44	3	0.260639534858717
44	4	0.0
44	5	0.19215544227830855
45	0	0.0
45	1	0.0
45	2	0.19215544227830855
45	3	0.260639534858717
45	4	0.260639534858717
45	5	0.260639534858717
45	6	0.0
45	7	0.0
45	8	0.0
45	9	0.7839913814747708
45	10	0.260639534858717
45	11	0.260639534858717
45	12	0.0
45	13	3.036922860343799
45	14	0.014119018145236202
45	15	0.0
45	16	0.0833762608316092
45	17	0.0833762608316092
45	18	0.0
45	19	0.0
45	20	1.6402847599483845
46	0	0.0
46	1	0.7839913814747708
46	2	0.0
46	3	0.0
46	4	0.0
46	5	0.260639534858717
46	6	0.7839913814747708
46	7	1.1123876524902379
46	8	0.260639534858717
46	9	0.0
46	10	0.0
46	11	0.260639534858717
46	12	3.036922860343799
46	13	0.0
46	14	0.260639534858717
46	15	0.260639534858717
46	16	0.0
46	17	0.0833762608316092
46	18	0.0
46	19	0.260639534858717
46	20	0.0833762608316092
46	21	0.0
46	22	0.014119018145236202
46	23	0.19215544227830855
47	0	0.0
47	1	0.0
47	2	0.0
47	3	0.0833762608316092
47	4	0.0
47	5	0.014119018145236202
47	6	0.7839913814747708
47	7	0.0
47	8	0.260639534858717
47	9	0.0
47	10	0.19215544227830855
47	11	0.0
47	12	0.260639534858717
47	13	0.260639534858717
47	14	0.260639534858717
47	15	0.260639534858717
47	16	0.0833762608316092
47	17	0.0
47	18	0.0
47	19	0.0
47	20	0.0
47	21	0.260639534858717
48	0	0.0
48	1	0.0
48	2	0.260639534858717
48	3	0.260639534858717
48	4	0.0
48	5	1.1123876524902379
48	6	0.7839913814747708
48	7	0.7839913814747708
48	8	0.0
48	9	0.0
48	10	0.0
48	11	0.260639534858717
48	12	0.260639534858717
48	13	0.260639534858717
48	14	0.0
48	15	3.036922860343799
48	16	0.0
48	17	0.260639534858717
48	18	0.0833762608316092
48	19	0.0
48	20	0.0833762608316092
48	21	0.014119018145236202
48	22	0.19215544227830855
48	23	0.0
49	0	0.0
49	1	0.0
49	2	0.0
49	3	0.0833762608316092
49	4	0.260639534858717
49	5	0.0
49	6	0.0
49	7	0.0
49	8	0.0
49	9	0.0
49	10	0.0
49	11	0.0833762608316092
49	12	0.014119018145236202
49	13	0.260639534858717
49	14	0.260639534858717
49	15	0.19215544227830855
49	16	0.0
49	17	0.260639534858717
49	18	0.260639534858717
49	19	0.7839913814747708
49	20	0.0
49	21	0.260639534858717
50	0	0.260639534858717
50	1	0.260639534858717
50	2	0.260639534858717
50	3	0.0
50	4	0.0
50	5	0.0
50	6	0.014119018145236202
50	7	0.0
50	8	0.0833762608316092
50	9	0.7839913814747708
50	10	0.260639534858717
50	11	0.260639534858717
50	12	0.0
50	13	0.0833762608316092
50	14	0.0
50	15	0.0
50	16	0.0
50	17	0.19215544227830855
50	18	0.0
50	19	0.0
50	20	0.7839913814747708
50	21	0.260639534858717
50	22	0.0
50	23	0.7839913814747708
50	24	3.036922860343799
51	0	0.260639534858717
51	1	0.0
51	2	0.260639534858717
51	3	0.260639534858717
51	4	0.0
51	5	0.19215544227830855
51	6	0.7839913814747708
51	7	0.0
51	8	0.0
51	9	0.0
51	10	0.260639534858717
51	11	0.260639534858717
51	12	0.0
51	13	1.6402847599483845
51	14	3.036922860343799
51	15	0.0
51	16	0.0833762608316092
51	17	0.0
51	18	0.014119018145236202
51	19	0.0
51	20	0.0833762608316092
51	21	0.0
51	22	0.0
51	23	0.260639534858717
52	0	0.0
52	1	0.0833762608316092
52	2	0.0
52	3	0.0
52	4	0.0
52	5	0.19215544227830855
52	6	0.260639534858717
52	7	0.7839913814747708
52	8	0.0
52	9	0.0
52	10	0.260639534858717
52	11	0.0
52	12	0.260639534858717
52	13	0.0833762608316092
52	14	0.014119018145236202
52	15	0.260639534858717
52	16	0.0
52	17	0.0
52	18	0.0
52	19	0.0
52	20	0.260639534858717
52	21	0.260639534858717
53	0	0.014119018145236202
53	1	0.014119018145236202
53	2	0.0
53	3	0.0833762608316092
53	4	0.7839913814747708
53	5	0.0
53	6	0.0
53	7	0.0
53	8	0.0
53	9	0.0833762608316092
53	10	0.260639534858717
53	11	0.260639534858717
54	0	0.7839913814747708
54	1	0.0
54	2	0.0
54	3	0.0
54	4	0.0833762608316092
54	5	0.260639534858717
54	6	0.0
54	7	0.260639534858717
54	8	0.0
54	9	0.260639534858717
54	10	0.0
54	11	0.0
54	12	0.0
54	13	0.014119018145236202
54	14	0.260639534858717
54	15	0.19215544227830855
54	16	0.260639534858717
54	17	0.0833762608316092
55	0	0.0
55	1	0.7839913814747708
55	2	0.0
55	3	0.0
55	4	0.0
55	5	0.260639534858717
55	6	0.260639534858717
55	7	0.260639534858717
55	8	0.0
55	9	0.260639534858717
55	10	0.0
55	11	0.19215544227830855
55	12	0.260639534858717
55	13	1.6402847599483845
55	14	3.036922860343799
55	15	0.0
55	16	0.0
55	17	0.0833762608316092
55	18	0.0
55	19	0.0833762608316092
55	20	0.014119018145236202
55	21	0.0
55	22	1.1123876524902379
55	23	0.0
55	24	0.0
55	25	0.260639534858717
55	26	0.7839913814747708
55	27	0.260639534858717
56	0	0.0
56	1	0.0
56	2	0.260639534858717
56	3	0.260639534858717
56	4	0.0833762608316092
56	5	0.0833762608316092
56	6	0.7839913814747708
56	7	0.014119018145236202
57	0	0.260639534858717
57	1	0.0
57	2	0.014119018145236202
57	3	0.260639534858717
57	4	0.260639534858717
57	5	0.0
57	6	0.0833762608316092
57	7	0.0
57	8	0.0
57	9	0.0
57	10	0.260639534858717
57	11	0.260639534858717
57	12	0.260639534858717
57	13	0.19215544227830855
57	14	0.0
57	15	0.0
57	16	0.0
57	17	0.7839913814747708
57	18	0.0833762608316092
57	19	0.260639534858717
57	20	0.0
57	21	0.0
58	0	0.7839913814747708
58	1	0.260639534858717
58	2	0.0
58	3	0.0
58	4	0.0
58	5	0.0
58	6	0.260639534858717
58	7	0.7839913814747708
58	8	0.7839913814747708
58	9	0.0
58	10	0.260639534858717
58	11	0.260639534858717
58	12	0.260639534858717
58	13	0.0
58	14	0.0
58	15	3.036922860343799
58	16	0.19215544227830855
58	17	0.260639534858717
58	18	0.0
58	19	0.0833762608316092
58	20	0.0
58	21	0.0
58	22	0.014119018145236202
58	23	0.0833762608316092
59	0	0.260639534858717
59	1	0.0
59	2	0.7839913814747708
59	3	0.0
59	4	0.19215544227830855
59	5	0.260639534858717
59	6	0.260639534858717
59	7	0.0
59	8	0.260639534858717
59	9	0.0
59	10	0.0
59	11	0.260639534858717
59	12	0.0
59	13	0.260639534858717
59	14	3.036922860343799
59	15	0.0833762608316092
59	16	0.0833762608316092
59	17	0.0
59	18	0.0
59	19	0.0
59	20	0.014119018145236202
59	21	1.6402847599483845
59	22	0.0
59	23	0.0
59	24	0.260639534858717
59	25	0.7839913814747708
59	26	0.0
59	27	0.260639534858717
59	28	0.0
59	29	0.260639534858717
59	30	0.0
59	31	0.7839913814747708
59	32	0.014119018145236202
60	0	0.014119018145236202
60	1	0.0
60	2	0.260639534858717
60	3	0.260639534858717
60	4	0.0
60	5	0.7839913814747708
61	0	0.260639534858717
61	1	0.0
61	2	0.260639534858717
61	3	0.260639534858717
61	4	0.0
61	5	0.260639534858717
61	6	0.19215544227830855
61	7	0.0
61	8	0.260639534858717
61	9	0.7839913814747708
61	10	0.0
61	11	0.260639534858717
61	12	0.0
61	13	0.0
61	14	0.0
61	15	1.6402847599483845
61	16	0.0
61	17	3.036922860343799
61	18	0.0
61	19	0.014119018145236202
61	20	0.0833762608316092
61	21	0.0833762608316092
61	22	0.0
62	0	0.0
62	1	0.260639534858717
62	2	0.260639534858717
62	3	0.19215544227830855
62	4	0.260639534858717
62	5	0.260639534858717
62	6	0.0
62	7	0.0
62	8	0.260639534858717
62	9	0.0
62	10	0.7839913814747708
62	11	0.0
62	12	0.260639534858717
62	13	1.6402847599483845
62	14	0.0
62	15	0.0
62	16	0.0
62	17	0.0833762608316092
62	18	0.0833762608316092
62	19	0.014119018145236202
62	20	0.0
62	21	3.036922860343799
62	22	0.0
63	0	0.7839913814747708
63	1	0.0
63	2	0.0
63	3	0.260639534858717
63	4	0.260639534858717
63	5	0.260639534858717
63	6	0.014119018145236202
63	7	0.0833762608316092
63	8	0.0
63	9	0.0
63	10	0.0
63	11	0.260639534858717
63	12	0.0
63	13	0.260639534858717
63	14	0.0833762608316092
63	15	0.260639534858717
63	16	0.0
63	17	0.19215544227830855
63	18	0.0
63	19	0.0
63	20	0.7839913814747708
63	21	0.0
63	22	0.0
63	23	0.7839913814747708
63	24	0.260639534858717
63	25	3.036922860343799
64	0	0.260639534858717
64	1	0.260639534858717
64	2	0.19215544227830855
64	3	0.0
64	4	0.260639534858717
64	5	0.0833762608316092
64	6	0.7839913814747708
64	7	0.0
64	8	0.0
64	9	0.260639534858717
64	10	0.0
64	11	0.014119018145236202
64	12	0.0
64	13	0.0
64	14	0.0833762608316092
64	15	0.260639534858717
64	16	0.260639534858717
64	17	0.0
64	18	0.0
65	0	0.260639534858717
65	1	0.7839913814747708
65	2	0.0
65	3	0.260639534858717
65	4	0.260639534858717
65	5	0.0
65	6	0.0
65	7	0.19215544227830855
65	8	0.0
65	9	0.260639534858717
65	10	0.0
65	11	0.260639534858717
65	12	1.6402847599483845
65	13	0.0
65	14	0.0
65	15	0.0
65	16	0.0833762608316092
65	17	0.0833762608316092
65	18	0.0
65	19	0.014119018145236202
65	20	3.036922860343799
65	21	0.0
65	22	0.7839913814747708
65	23	0.0
65	24	0.7839913814747708
65	25	0.260639534858717
66	0	0.0
66	1	0.260639534858717
66	2	3.036922860343799
66	3	0.260639534858717
66	4	0.0833762608316092
66	5	0.0
66	6	0.19215544227830855
66	7	0.0
66	8	0.0833762608316092
66	9	0.260639534858717
66	10	0.0
66	11	0.260639534858717
66	12	0.0
66	13	0.014119018145236202
66	14	0.0
66	15	0.0
66	16	0.0
66	17	0.260639534858717
66	18	0.7839913814747708
67	0	0.260639534858717
67	1	0.0
67	2	3.036922860343799
67	3	0.260639534858717
67	4	0.0
67	5	0.0
67	6	0.0833762608316092
67	7	0.260639534858717
67	8	0.0
67	9	0.260639534858717
67	10	0.0
67	11	0.0833762608316092
67	12	0.260639534858717
67	13	0.19215544227830855
67	14	0.0
67	15	0.014119018145236202
67	16	0.0
67	17	0.0
67	18	0.7839913814747708
68	0	0.260639534858717
68	1	0.0
68	2	0.0
68	3	0.260639534858717
68	4	0.260639534858717
68	5	0.0
68	6	0.0
68	7	0.0
68	8	0.0
68	9	0.0833762608316092
68	10	0.19215544227830855
68	11	0.260639534858717
68	12	0.0
68	13	0.260639534858717
68	14	0.260639534858717
68	15	0.0
68	16	0.014119018145236202
68	17	0.0833762608316092
68	18	0.7839913814747708
69	0	0.014119018145236202
69	1	0.0
69	2	0.260639534858717
69	3	0.260639534858717
69	4	0.0
69	5	0.7839913814747708
70	0	0.014119018145236202
70	1	0.260639534858717
70	2	0.260639534858717
70	3	0.0
70	4	0.0833762608316092
70	5	0.7839913814747708
70	6	0.0833762608316092
70	7	0.260639534858717
70	8	0.0
71	0	0.260639534858717
71	1	0.0
71	2	3.036922860343799
71	3	0.0
71	4	0.0
71	5	0.0
71	6	0.260639534858717
71	7	0.0
71	8	0.014119018145236202
71	9	0.7839913814747708
71	10	0.0833762608316092
71	11	0.0
71	12	0.260639534858717
71	13	0.19215544227830855
71	14	0.260639534858717
71	15	0.0833762608316092
71	16	0.0
71	17	0.260639534858717
71	18	0.0
72	0	0.260639534858717
72	1	0.014119018145236202
72	2	0.260639534858717
72	3	0.7839913814747708
72	4	0.0
72	5	0.0833762608316092
72	6	0.0833762608316092
72	7	0.260639534858717
73	0	0.0
73	1	0.260639534858717
73	2	0.260639534858717
73	3	0.260639534858717
73	4	0.0
73	5	0.260639534858717
73	6	0.260639534858717
73	7	0.0
73	8	0.19215544227830855
73	9	0.260639534858717
73	10	0.0
73	11	0.7839913814747708
73	12	0.0
73	13	0.0
73	14	0.014119018145236202
73	15	0.0833762608316092
73	16	0.0833762608316092
73	17	0.0
73	18	0.0
73	19	0.0
73	20	1.6402847599483845
73	21	3.036922860343799
73	22	0.7839913814747708
73	23	0.260639534858717
73	24	0.0
73	25	0.7839913814747708
73	26	0.0
74	0	0.260639534858717
74	1	0.014119018145236202
74	2	0.260639534858717
74	3	0.0
74	4	0.260639534858717
74	5	0.7839913814747708
74	6	0.0833762608316092
74	7	0.0833762608316092
74	8	0.0
75	0	0.0
75	1	0.260639534858717
75	2	3.036922860343799
75	3	0.0833762608316092
75	4	0.260639534858717
75	5	0.0
75	6	0.0
75	7	0.7839913814747708
75	8	0.260639534858717
75	9	0.014119018145236202
75	10	0.0833762608316092
75	11	0.0
75	12	0.19215544227830855
75	13	0.0
75	14	0.0
75	15	0.0
75	16	0.0
75	17	0.260639534858717
75	18	0.260639534858717
75	19	0.260639534858717
76	0	0.260639534858717
76	1	0.0
76	2	0.7839913814747708
76	3	0.0
76	4	0.0
76	5	0.19215544227830855
76	6	0.014119018145236202
76	7	0.260639534858717
76	8	0.0833762608316092
76	9	0.260639534858717
76	10	0.0833762608316092
76	11	0.260639534858717
76	12	0.0
76	13	0.0
76	14	0.0
76	15	0.0
76	16	0.260639534858717
76	17	0.0
76	18	0.260639534858717
76	19	0.7839913814747708
76	20	0.260639534858717
76	21	0.0
76	22	0.0
76	23	0.0
76	24	0.7839913814747708
76	25	3.036922860343799
77	0	0.260639534858717
77	1	0.0
77	2	0.260639534858717
77	3	0.7839913814747708
77	4	0.19215544227830855
77	5	0.260639534858717
77	6	0.0
77	7	0.0
77	8	0.0
77	9	0.260639534858717
77	10	0.0
77	11	0.0
77	12	0.260639534858717
77	13	0.0
77	14	0.260639534858717
77	15	0.260639534858717
77	16	0.0
77	17	0.014119018145236202
77	18	0.0833762608316092
77	19	0.0833762608316092
77	20	0.0
77	21	0.260639534858717
77	22	1.6402847599483845
78	0	0.260639534858717
78	1	0.260639534858717
78	2	3.036922860343799
78	3	0.260639534858717
78	4	0.0
78	5	0.19215544227830855
78	6	0.0
78	7	0.0
78	8	0.260639534858717
78	9	0.260639534858717
78	10	0.0833762608316092
78	11	0.0
78	12	0.0
78	13	0.014119018145236202
78	14	0.7839913814747708
78	15	0.0
78	16	0.0
78	17	0.260639534858717
78	18	0.0833762608316092
78	19	0.260639534858717
79	0	0.260639534858717
79	1	0.260639534858717
79	2	3.036922860343799
79	3	0.7839913814747708
79	4	0.19215544227830855
79	5	0.014119018145236202
79	6	0.0
79	7	0.0
79	8	0.0833762608316092
79	9	0.0
79	10	0.0
79	11	0.260639534858717
79	12	0.0
79	13	0.0833762608316092
79	14	0.260639534858717
79	15	0.260639534858717
79	16	0.0
79	17	0.260639534858717
79	18	0.260639534858717
79	19	0.0
80	0	0.260639534858717
80	1	0.0
80	2	0.7839913814747708
80	3	0.0
80	4	0.0
80	5	0.0833762608316092
80	6	0.260639534858717
80	7	0.0
80	8	0.0
80	9	0.260639534858717
80	10	0.0
80	11	0.19215544227830855
80	12	0.0
80	13	0.014119018145236202
80	14	0.260639534858717
80	15	0.0833762608316092
80	16	0.0
80	17	0.260639534858717
80	18	0.260639534858717
80	19	0.0
80	20	0.7839913814747708
80	21	0.0
80	22	0.0
80	23	0.260639534858717
80	24	0.7839913814747708
80	25	3.036922860343799
80	26	0.0
81	0	0.0
81	1	0.260639534858717
81	2	0.260639534858717
81	3	0.0833762608316092
81	4	0.0833762608316092
81	5	0.0
81	6	0.0
81	7	0.260639534858717
81	8	0.260639534858717
81	9	0.19215544227830855
81	10	0.0
81	11	0.7839913814747708
81	12	0.260639534858717
81	13	0.0
81	14	0.0
81	15	0.014119018145236202
81	16	0.260639534858717
81	17	0.0
81	18	0.0
81	19	1.6402847599483845
81	20	0.260639534858717
82	0	0.260639534858717
82	1	0.260639534858717
82	2	0.0
82	3	0.0
82	4	0.260639534858717
82	5	0.0833762608316092
82	6	0.19215544227830855
82	7	0.7839913814747708
82	8	0.260639534858717
82	9	0.0
82	10	0.0833762608316092
82	11	0.0
82	12	0.260639534858717
82	13	0.0
82	14	0.0
82	15	0.0
82	16	0.014119018145236202
82	17	0.0
82	18	0.260639534858717
83	0	0.0
83	1	0.0
83	2	0.7839913814747708
83	3	0.014119018145236202
83	4	0.0
83	5	0.0
83	6	0.260639534858717
83	7	0.0833762608316092
83	8	0.0
83	9	0.0
83	10	0.0
83	11	0.0833762608316092
83	12	0.260639534858717
83	13	0.260639534858717
83	14	0.0
83	15	0.19215544227830855
83	16	0.260639534858717
83	17	0.260639534858717
83	18	0.260639534858717
83	19	1.6402847599483845
83	20	0.260639534858717
84	0	0.0
84	1	0.0
84	2	0.7839913814747708
84	3	0.0
84	4	0.0
84	5	0.014119018145236202
84	6	0.0833762608316092
84	7	0.0833762608316092
84	8	0.19215544227830855
84	9	0.0
84	10	0.260639534858717
84	11	0.260639534858717
84	12	0.0
84	13	0.0
84	14	0.260639534858717
84	15	0.0
84	16	0.260639534858717
84	17	0.260639534858717
84	18	0.260639534858717
84	19	0.260639534858717
84	20	1.6402847599483845
85	0	0.7839913814747708
85	1	0.0
85	2	0.0
85	3	0.260639534858717
85	4	0.0
85	5	0.19215544227830855
85	6	0.260639534858717
85	7	0.0
85	8	0.0833762608316092
85	9	0.260639534858717
85	10	0.0
85	11	0.260639534858717
85	12	0.0833762608316092
85	13	0.014119018145236202
85	14	0.0
85	15	0.0
85	16	0.0
85	17	0.260639534858717
85	18	0.260639534858717
85	19	1.6402847599483845
85	20	0.260639534858717
86	0	0.260639534858717
86	1	0.0
86	2	0.0
86	3	0.0833762608316092
86	4	0.7839913814747708
86	5	0.260639534858717
86	6	0.260639534858717
86	7	0.260639534858717
86	8	0.0
86	9	0.0833762608316092
86	10	0.0
86	11	0.0
86	12	0.014119018145236202
86	13	0.260639534858717
86	14	0.0
86	15	0.0
86	16	0.19215544227830855
86	17	0.260639534858717
86	18	0.0
86	19	1.6402847599483845
86	20	0.260639534858717
87	0	0.260639534858717
87	1	0.260639534858717
87	2	3.036922860343799
87	3	0.0
87	4	0.7839913814747708
87	5	0.0
87	6	0.0
87	7	0.0
87	8	0.0833762608316092
87	9	0.260639534858717
87	10	0.260639534858717
87	11	0.260639534858717
87	12	0.0
87	13	0.014119018145236202
87	14	0.19215544227830855
87	15	0.260639534858717
87	16	0.260639534858717
87	17	0.0
87	18	0.0833762608316092
87	19	0.0
88	0	0.260639534858717
88	1	0.260639534858717
88	2	3.036922860343799
88	3	0.0
88	4	0.0833762608316092
88	5	0.260639534858717
88	6	0.260639534858717
88	7	0.0
88	8	0.260639534858717
88	9	0.0
88	10	0.014119018145236202
88	11	0.0
88	12	0.19215544227830855
88	13	0.0
88	14	0.0
88	15	0.260639534858717
88	16	0.0
88	17	0.7839913814747708
88	18	0.0833762608316092
88	19	0.260639534858717
89	0	0.0
89	1	0.0
89	2	0.7839913814747708
89	3	0.0833762608316092
89	4	0.260639534858717
89	5	0.260639534858717
89	6	0.0
89	7	0.260639534858717
89	8	0.0
89	9	0.260639534858717
89	10	0.19215544227830855
89	11	0.0
89	12	0.260639534858717
89	13	0.0
89	14	0.0
89	15	0.0833762608316092
89	16	0.260639534858717
89	17	0.0
89	18	0.014119018145236202
89	19	1.6402847599483845
89	20	0.260639534858717
90	0	0.260639534858717
90	1	0.260639534858717
90	2	0.260639534858717
90	3	0.260639534858717
90	4	0.0833762608316092
90	5	0.0
90	6	0.0
90	7	0.19215544227830855
90	8	0.0833762608316092
90	9	0.7839913814747708
90	10	0.0
90	11	0.260639534858717
90	12	0.0
90	13	0.014119018145236202
90	14	0.260639534858717
90	15	0.0
90	16	0.260639534858717
90	17	0.0
90	18	0.0
90	19	3.036922860343799
91	0	0.0
91	1	0.260639534858717
91	2	0.0
91	3	0.0
91	4	0.260639534858717
91	5	0.19215544227830855
91	6	0.014119018145236202
91	7	0.260639534858717
91	8	0.0
91	9	0.0
91	10	0.260639534858717
91	11	0.0
91	12	0.260639534858717
91	13	0.7839913814747708
91	14	0.0833762608316092
91	15	0.0
91	16	0.260639534858717
91	17	0.0833762608316092
91	18	0.0
91	19	3.036922860343799
92	0	0.0
92	1	0.7839913814747708
92	2	0.0
92	3	0.0
92	4	0.0
92	5	0.260639534858717
92	6	0.7839913814747708
92	7	0.0
92	8	0.0
92	9	0.260639534858717
92	10	0.260639534858717
92	11	0.7839913814747708
92	12	0.0
92	13	0.260639534858717
92	14	0.0
92	15	0.0
92	16	0.260639534858717
92	17	0.260639534858717
92	18	0.260639534858717
92	19	0.0
92	20	0.19215544227830855
92	21	0.0833762608316092
92	22	0.0
92	23	0.014119018145236202
92	24	0.0833762608316092
92	25	3.036922860343799
93	0	0.0
93	1	0.0
93	2	0.7839913814747708
93	3	0.0
93	4	0.0
93	5	0.0
93	6	0.014119018145236202
93	7	0.260639534858717
93	8	0.260639534858717
93	9	0.260639534858717
93	10	0.0833762608316092
93	11	0.0
93	12	0.0
93	13	0.260639534858717
93	14	0.0833762608316092
93	15	0.260639534858717
93	16	0.260639534858717
93	17	0.19215544227830855
93	18	0.260639534858717
93	19	0.260639534858717
93	20	1.6402847599483845
93	21	3.036922860343799
93	22	0.0
94	0	0.0
94	1	0.0
94	2	0.260639534858717
94	3	0.7839913814747708
94	4	0.260639534858717
94	5	0.0
94	6	0.0
94	7	0.014119018145236202
94	8	0.0
94	9	0.260639534858717
94	10	0.260639534858717
94	11	0.19215544227830855
94	12	0.0
94	13	0.260639534858717
94	14	0.260639534858717
94	15	0.0833762608316092
94	16	0.260639534858717
94	17	0.0
94	18	0.0833762608316092
95	0	0.0
95	1	0.0
95	2	0.260639534858717
95	3	0.0833762608316092
95	4	0.260639534858717
95	5	0.260639534858717
95	6	0.014119018145236202
95	7	0.0
95	8	0.260639534858717
95	9	0.7839913814747708
95	10	0.260639534858717
95	11	0.0
95	12	0.0833762608316092
95	13	0.0
95	14	0.19215544227830855
95	15	0.260639534858717
95	16	0.0
95	17	0.0
95	18	0.260639534858717
95	19	1.6402847599483845
95	20	0.260639534858717
96	0	0.260639534858717
96	1	0.0
96	2	0.0
96	3	0.260639534858717
96	4	0.260639534858717
96	5	0.7839913814747708
96	6	0.260639534858717
96	7	0.0
96	8	0.0
96	9	0.260639534858717
96	10	0.19215544227830855
96	11	0.260639534858717
96	12	0.260639534858717
96	13	3.036922860343799
96	14	0.0
96	15	0.0
96	16	0.0
96	17	1.6402847599483845
96	18	0.0833762608316092
96	19	0.0833762608316092
96	20	0.014119018145236202
96	21	0.0
97	0	0.0833762608316092
97	1	0.0
97	2	0.19215544227830855
97	3	0.260639534858717
97	4	0.260639534858717
97	5	0.0
97	6	0.7839913814747708
97	7	0.014119018145236202
97	8	0.260639534858717
97	9	0.0
97	10	0.0
97	11	0.0
97	12	0.0
97	13	0.0833762608316092
97	14	0.0
97	15	0.260639534858717
97	16	0.260639534858717
97	17	0.260639534858717
97	18	0.260639534858717
97	19	0.260639534858717
97	20	1.6402847599483845
98	0	0.260639534858717
98	1	0.0
98	2	0.7839913814747708
98	3	0.0
98	4	0.0833762608316092
98	5	0.0
98	6	0.19215544227830855
98	7	0.0
98	8	0.260639534858717
98	9	0.0833762608316092
98	10	0.014119018145236202
98	11	0.260639534858717
98	12	0.260639534858717
98	13	0.260639534858717
98	14	0.0
98	15	0.260639534858717
98	16	0.260639534858717
98	17	0.0
98	18	0.0
99	0	0.260639534858717
99	1	0.0
99	2	0.260639534858717
99	3	0.260639534858717
99	4	0.19215544227830855
99	5	0.0
99	6	0.260639534858717
99	7	0.7839913814747708
99	8	0.0
99	9	0.260639534858717
99	10	0.260639534858717
99	11	0.0
99	12	0.260639534858717
99	13	0.0
99	14	1.6402847599483845
99	15	0.0
99	16	0.0
99	17	3.036922860343799
99	18	0.014119018145236202
99	19	0.0
99	20	0.0833762608316092
99	21	0.0833762608316092
99	22	0.7839913814747708
99	23	0.0
99	24	0.260639534858717
99	25	0.0
99	26	0.7839913814747708
99	27	0.0
99	28	0.0
99	29	0.260639534858717
100	0	0.7839913814747708
100	1	0.260639534858717
100	2	0.260639534858717
100	3	0.0
100	4	0.0
100	5	0.0
100	6	0.0
100	7	0.7839913814747708
100	8	0.260639534858717
100	9	0.0
100	10	0.0
100	11	0.7839913814747708
100	12	0.0
100	13	0.260639534858717
100	14	0.260639534858717
100	15	0.260639534858717
100	16	0.260639534858717
100	17	0.0833762608316092
100	18	0.0
100	19	0.19215544227830855
100	20	0.0
100	21	0.0833762608316092
100	22	0.014119018145236202
100	23	0.260639534858717
100	24	0.0
100	25	3.036922860343799
101	0	0.7839913814747708
101	1	0.7839913814747708
101	2	0.260639534858717
101	3	0.260639534858717
101	4	0.0
101	5	0.0
101	6	0.0
101	7	0.0
101	8	0.0
101	9	0.7839913814747708
101	10	0.260639534858717
101	11	0.0
101	12	0.0
101	13	0.0
101	14	0.260639534858717
101	15	0.260639534858717
101	16	0.260639534858717
101	17	0.260639534858717
101	18	3.036922860343799
101	19	0.0
101	20	0.260639534858717
101	21	0.0833762608316092
101	22	0.0
101	23	0.19215544227830855
101	24	0.0833762608316092
101	25	0.014119018145236202
102	0	0.260639534858717
102	1	0.0
102	2	0.0
102	3	0.0
102	4	0.260639534858717
102	5	0.0833762608316092
102	6	0.0
102	7	0.260639534858717
102	8	0.0
102	9	0.014119018145236202
102	10	0.260639534858717
102	11	0.19215544227830855
102	12	0.0
102	13	0.0
102	14	0.260639534858717
102	15	0.0833762608316092
102	16	0.260639534858717
102	17	0.7839913814747708
102	18	0.260639534858717
103	0	0.7839913814747708
103	1	0.7839913814747708
103	2	0.0
103	3	0.0
103	4	0.0
103	5	0.7839913814747708
103	6	0.0
103	7	0.260639534858717
103	8	0.260639534858717
103	9	0.260639534858717
103	10	0.0
103	11	0.0
103	12	0.260639534858717
103	13	0.260639534858717
103	14	3.036922860343799
103	15	0.0
103	16	0.260639534858717
103	17	0.260639534858717
103	18	0.0833762608316092
103	19	0.19215544227830855
103	20	0.0
103	21	0.014119018145236202
103	22	0.0
103	23	0.260639534858717
103	24	0.0
103	25	0.0833762608316092
104	0	0.0
104	1	0.7839913814747708
104	2	0.260639534858717
104	3	0.0
104	4	0.7839913814747708
104	5	0.0
104	6	0.0
104	7	0.0
104	8	0.0
104	9	0.260639534858717
104	10	0.7839913814747708
104	11	0.260639534858717
104	12	0.0
104	13	0.260639534858717
104	14	0.260639534858717
104	15	0.260639534858717
104	16	0.0
104	17	3.036922860343799
104	18	0.260639534858717
104	19	0.0833762608316092
104	20	0.0
104	21	0.0
104	22	0.0833762608316092
104	23	0.014119018145236202
104	24	0.19215544227830855
104	25	0.260639534858717
105	0	0.0
105	1	0.7839913814747708
105	2	0.260639534858717
105	3	0.7839913814747708
105	4	0.0
105	5	0.0
105	6	0.260639534858717
105	7	0.260639534858717
105	8	0.7839913814747708
105	9	0.0
105	10	0.0
105	11	0.0
105	12	0.0
105	13	0.260639534858717
105	14	0.260639534858717
105	15	0.260639534858717
105	16	0.0
105	17	0.0833762608316092
105	18	0.260639534858717
105	19	0.0833762608316092
105	20	0.0
105	21	0.014119018145236202
105	22	0.0
105	23	0.260639534858717
105	24	0.19215544227830855
105	25	3.036922860343799
106	0	0.260639534858717
106	1	0.260639534858717
106	2	0.0
106	3	0.0
106	4	0.260639534858717
106	5	0.260639534858717
106	6	0.0833762608316092
106	7	0.014119018145236202
106	8	0.260639534858717
106	9	0.0
106	10	0.19215544227830855
106	11	0.0833762608316092
106	12	0.260639534858717
106	13	0.260639534858717
106	14	0.0
106	15	0.0
106	16	0.7839913814747708
106	17	0.0
106	18	0.0
107	0	0.260639534858717
107	1	0.19215544227830855
107	2	0.7839913814747708
107	3	0.260639534858717
107	4	0.260639534858717
107	5	0.0
107	6	0.260639534858717
107	7	0.0
107	8	0.260639534858717
107	9	0.260639534858717
107	10	0.0
107	11	0.0
107	12	0.260639534858717
107	13	0.0
107	14	0.0
107	15	1.6402847599483845
107	16	0.0
107	17	3.036922860343799
107	18	0.0833762608316092
107	19	0.014119018145236202
107	20	0.0
107	21	0.0833762608316092
107	22	0.7839913814747708
107	23	0.0
107	24	0.260639534858717
107	25	0.0
107	26	0.7839913814747708
107	27	0.0
107	28	0.0
107	29	0.260639534858717
108	0	0.0
108	1	0.260639534858717
108	2	0.260639534858717
108	3	0.0
108	4	0.0
108	5	0.260639534858717
108	6	0.260639534858717
108	7	0.260639534858717
108	8	0.0
108	9	0.19215544227830855
108	10	0.7839913814747708
108	11	0.0833762608316092
108	12	0.0
108	13	0.0
108	14	0.014119018145236202
108	15	0.0833762608316092
108	16	0.260639534858717
108	17	0.260639534858717
108	18	0.0
108	19	0.260639534858717
108	20	1.6402847599483845
109	0	0.0
109	1	0.0
109	2	0.0
109	3	0.0833762608316092
109	4	0.260639534858717
109	5	0.0
109	6	0.260639534858717
109	7	0.0833762608316092
109	8	0.0
109	9	0.260639534858717
109	10	0.260639534858717
109	11	0.0
109	12	0.19215544227830855
109	13	0.260639534858717
109	14	0.014119018145236202
109	15	0.260639534858717
109	16	0.260639534858717
109	17	0.7839913814747708
109	18	0.0
110	0	0.260639534858717
110	1	0.0
110	2	0.7839913814747708
110	3	0.0
110	4	0.260639534858717
110	5	0.260639534858717
110	6	0.19215544227830855
110	7	0.0
110	8	0.0
110	9	0.0
110	10	0.0
110	11	0.260639534858717
110	12	0.014119018145236202
110	13	0.0833762608316092
110	14	0.260639534858717
110	15	0.0833762608316092
110	16	0.0
110	17	0.260639534858717
110	18	0.260639534858717
111	0	0.260639534858717
111	1	0.260639534858717
111	2	0.260639534858717
111	3	0.7839913814747708
111	4	0.0
111	5	0.0833762608316092
111	6	0.0
111	7	0.19215544227830855
111	8	0.260639534858717
111	9	0.260639534858717
111	10	0.0
111	11	0.014119018145236202
111	12	0.0
111	13	0.0
111	14	0.0
111	15	0.260639534858717
111	16	0.0833762608316092
111	17	0.0
111	18	0.260639534858717
112	0	0.260639534858717
112	1	0.0
112	2	0.0
112	3	0.260639534858717
112	4	0.0
112	5	0.0833762608316092
112	6	0.260639534858717
112	7	0.0
112	8	0.0833762608316092
112	9	0.7839913814747708
112	10	0.260639534858717
112	11	0.19215544227830855
112	12	0.0
112	13	0.260639534858717
112	14	0.0
112	15	0.260639534858717
112	16	0.014119018145236202
112	17	0.260639534858717
112	18	0.0
113	0	0.260639534858717
113	1	0.260639534858717
113	2	0.0
113	3	0.7839913814747708
113	4	0.260639534858717
113	5	0.260639534858717
113	6	0.0
113	7	0.0
113	8	0.0
113	9	0.0
113	10	0.7839913814747708
113	11	0.260639534858717
113	12	0.7839913814747708
113	13	0.260639534858717
113	14	0.0
113	15	0.260639534858717
113	16	3.036922860343799
113	17	0.0
113	18	0.0
113	19	0.0
113	20	0.19215544227830855
113	21	0.260639534858717
113	22	0.0833762608316092
113	23	0.0
113	24	0.014119018145236202
113	25	0.0833762608316092
114	0	0.260639534858717
114	1	0.0
114	2	0.0
114	3	0.19215544227830855
114	4	0.0
114	5	0.260639534858717
114	6	0.260639534858717
114	7	0.0
114	8	0.014119018145236202
114	9	0.0
114	10	0.0
114	11	0.0833762608316092
114	12	0.260639534858717
114	13	0.0
114	14	0.7839913814747708
114	15	0.0833762608316092
114	16	0.260639534858717
114	17	0.260639534858717
114	18	0.260639534858717
114	19	0.260639534858717
114	20	1.6402847599483845
115	0	0.260639534858717
115	1	0.260639534858717
115	2	0.014119018145236202
115	3	0.0
115	4	0.260639534858717
115	5	0.0
115	6	0.0833762608316092
115	7	0.0
115	8	0.19215544227830855
115	9	0.260639534858717
115	10	0.7839913814747708
115	11	0.0
115	12	0.260639534858717
115	13	0.0
115	14	0.0833762608316092
115	15	0.0
115	16	0.260639534858717
115	17	0.260639534858717
115	18	0.0
116	0	0.0
116	1	0.0
116	2	0.7839913814747708
116	3	0.260639534858717
116	4	0.19215544227830855
116	5	0.260639534858717
116	6	0.0
116	7	0.260639534858717
116	8	0.260639534858717
116	9	0.260639534858717
116	10	0.0
116	11	0.260639534858717
116	12	0.260639534858717
116	13	0.0
116	14	1.6402847599483845
116	15	0.0
116	16	0.0
116	17	3.036922860343799
116	18	0.0
116	19	0.0833762608316092
116	20	0.0833762608316092
116	21	0.014119018145236202
116	22	0.7839913814747708
117	0	0.0
117	1	0.7839913814747708
117	2	0.0
117	3	0.19215544227830855
117	4	0.0
117	5	0.260639534858717
117	6	0.0
117	7	0.260639534858717
117	8	0.260639534858717
117	9	0.0
117	10	0.260639534858717
117	11	0.260639534858717
117	12	0.260639534858717
117	13	0.260639534858717
117	14	0.0
117	15	0.014119018145236202
117	16	0.0833762608316092
117	17	0.0
117	18	0.0833762608316092
117	19	0.0
117	20	3.036922860343799
117	21	1.6402847599483845
117	22	0.7839913814747708
118	0	0.7839913814747708
118	1	0.0
118	2	0.0
118	3	0.7839913814747708
118	4	0.0
118	5	0.0
118	6	0.260639534858717
118	7	1.6402847599483845
118	8	0.0
118	9	0.0
118	10	0.260639534858717
118	11	0.19215544227830855
118	12	0.260639534858717
118	13	0.014119018145236202
118	14	0.0833762608316092
118	15	0.0
118	16	0.0
118	17	0.0833762608316092
118	18	0.260639534858717
118	19	0.260639534858717
118	20	0.260639534858717
118	21	0.260639534858717
119	0	0.260639534858717
119	1	0.0
119	2	0.0
119	3	0.260639534858717
119	4	0.0
119	5	0.260639534858717
119	6	0.0833762608316092
119	7	0.014119018145236202
119	8	0.014119018145236202
119	9	0.0833762608316092
119	10	0.0
119	11	0.7839913814747708
119	12	0.0
119	13	0.0
119	14	0.0
119	15	0.0
119	16	0.260639534858717
119	17	0.0
119	18	0.260639534858717
119	19	0.260639534858717
119	20	0.260639534858717
119	21	0.19215544227830855
119	22	0.260639534858717
120	0	0.260639534858717
120	1	0.260639534858717
120	2	0.260639534858717
120	3	0.260639534858717
120	4	0.0833762608316092
120	5	0.0
120	6	0.19215544227830855
120	7	0.0833762608316092
120	8	0.0
120	9	0.7839913814747708
120	10	0.0
120	11	0.014119018145236202
120	12	0.0
120	13	0.260639534858717
120	14	0.260639534858717
120	15	0.0
120	16	0.0
120	17	0.0
120	18	0.260639534858717
121	0	0.260639534858717
121	1	0.0
121	2	0.0
121	3	0.0
121	4	0.260639534858717
121	5	0.260639534858717
121	6	0.260639534858717
121	7	0.7839913814747708
121	8	0.0
121	9	0.014119018145236202
121	10	0.0833762608316092
121	11	0.260639534858717
121	12	0.260639534858717
121	13	0.0
121	14	0.0
121	15	0.260639534858717
121	16	0.0
121	17	0.19215544227830855
121	18	0.0833762608316092
121	19	0.0
122	0	0.0
122	1	0.260639534858717
122	2	0.260639534858717
122	3	0.0
122	4	0.014119018145236202
122	5	0.0
122	6	0.260639534858717
122	7	0.0833762608316092
122	8	0.0
122	9	0.0
122	10	0.0
122	11	0.014119018145236202
122	12	0.0833762608316092
122	13	0.7839913814747708
122	14	0.260639534858717
122	15	0.0
122	16	0.19215544227830855
122	17	0.260639534858717
122	18	0.0
122	19	0.260639534858717
122	20	0.0
122	21	0.260639534858717
122	22	0.260639534858717
122	23	0.0
123	0	0.0
123	1	0.0
123	2	0.7839913814747708
123	3	0.0
123	4	0.0
123	5	0.260639534858717
123	6	0.19215544227830855
123	7	0.260639534858717
123	8	0.0
123	9	0.0833762608316092
123	10	0.260639534858717
123	11	0.0
123	12	0.0833762608316092
123	13	0.0
123	14	0.014119018145236202
123	15	0.260639534858717
123	16	0.260639534858717
123	17	0.260639534858717
123	18	0.260639534858717
123	19	0.260639534858717
124	0	0.7839913814747708
124	1	0.0
124	2	0.0
124	3	0.0
124	4	0.0
124	5	0.0833762608316092
124	6	0.0
124	7	0.014119018145236202
124	8	0.260639534858717
124	9	0.19215544227830855
124	10	0.260639534858717
124	11	0.260639534858717
124	12	0.260639534858717
124	13	0.260639534858717
124	14	0.260639534858717
124	15	0.0833762608316092
124	16	0.260639534858717
124	17	0.0
124	18	0.0
125	0	0.260639534858717
125	1	0.260639534858717
125	2	0.0833762608316092
125	3	0.0833762608316092
125	4	0.260639534858717
125	5	0.260639534858717
125	6	0.0
125	7	0.0
125	8	0.0
125	9	0.7839913814747708
125	10	0.014119018145236202
125	11	0.0
125	12	0.19215544227830855
125	13	0.260639534858717
125	14	0.0
125	15	0.0
125	16	0.260639534858717
125	17	0.0
125	18	0.260639534858717
125	19	0.260639534858717
125	20	1.6402847599483845
126	0	0.260639534858717
126	1	0.260639534858717
126	2	0.0
126	3	0.7839913814747708
126	4	0.0
126	5	0.260639534858717
126	6	0.0
126	7	0.260639534858717
126	8	0.0
126	9	0.260639534858717
126	10	0.19215544227830855
126	11	0.260639534858717
126	12	0.260639534858717
126	13	0.0
126	14	0.014119018145236202
126	15	0.0
126	16	0.0833762608316092
126	17	0.0
126	18	0.0833762608316092
126	19	0.0
126	20	3.036922860343799
126	21	1.6402847599483845
127	0	0.0
127	1	0.260639534858717
127	2	0.260639534858717
127	3	0.19215544227830855
127	4	0.260639534858717
127	5	0.260639534858717
127	6	0.0
127	7	0.260639534858717
127	8	0.260639534858717
127	9	0.0
127	10	0.260639534858717
127	11	0.7839913814747708
127	12	0.0
127	13	0.0
127	14	1.6402847599483845
127	15	3.036922860343799
127	16	0.0833762608316092
127	17	0.0833762608316092
127	18	0.0
127	19	0.0
127	20	0.0
127	21	0.014119018145236202
128	0	0.0
128	1	0.260639534858717
128	2	0.0
128	3	0.260639534858717
128	4	0.260639534858717
128	5	0.260639534858717
128	6	0.260639534858717
128	7	0.0
128	8	0.0
128	9	0.014119018145236202
128	10	0.260639534858717
128	11	0.260639534858717
128	12	0.0
128	13	0.7839913814747708
128	14	0.0
128	15	0.19215544227830855
128	16	0.0
128	17	0.0833762608316092
128	18	0.0833762608316092
128	19	1.6402847599483845
128	20	0.260639534858717
129	0	0.0
129	1	0.7839913814747708
129	2	0.0
129	3	0.0
129	4	0.260639534858717
129	5	0.260639534858717
129	6	0.260639534858717
129	7	0.260639534858717
129	8	0.19215544227830855
129	9	0.260639534858717
129	10	0.260639534858717
129	11	0.260639534858717
129	12	0.0
129	13	0.0
129	14	0.0
129	15	0.0833762608316092
129	16	0.0833762608316092
129	17	0.0
129	18	0.014119018145236202
130	0	0.260639534858717
130	1	0.260639534858717
130	2	0.0833762608316092
130	3	0.19215544227830855
130	4	0.260639534858717
130	5	0.260639534858717
130	6	0.0
130	7	0.0
130	8	0.0
130	9	0.0833762608316092
130	10	0.014119018145236202
130	11	0.260639534858717
130	12	0.260639534858717
130	13	0.0
130	14	0.0
130	15	0.7839913814747708
130	16	0.260639534858717
130	17	0.0
130	18	0.0
131	0	0.0
131	1	0.260639534858717
131	2	0.7839913814747708
131	3	0.0
131	4	0.0
131	5	0.260639534858717
131	6	0.260639534858717
131	7	0.260639534858717
131	8	0.260639534858717
131	9	0.19215544227830855
131	10	0.260639534858717
131	11	0.260639534858717
131	12	0.0
131	13	3.036922860343799
131	14	0.0
131	15	1.6402847599483845
131	16	0.0
131	17	0.0
131	18	0.0833762608316092
131	19	0.014119018145236202
131	20	0.0
131	21	0.0833762608316092
132	0	0.260639534858717
132	1	0.19215544227830855
132	2	0.260639534858717
132	3	0.260639534858717
132	4	0.0
132	5	0.7839913814747708
132	6	0.260639534858717
132	7	0.0
132	8	0.260639534858717
132	9	0.260639534858717
132	10	0.0
132	11	0.0
132	12	0.260639534858717
132	13	0.0
132	14	1.6402847599483845
132	15	0.0
132	16	0.0
132	17	0.0833762608316092
132	18	0.0
132	19	0.014119018145236202
132	20	0.0833762608316092
132	21	3.036922860343799
133	0	0.260639534858717
133	1	0.0
133	2	0.0833762608316092
133	3	0.19215544227830855
133	4	0.260639534858717
133	5	0.0
133	6	0.0
133	7	0.7839913814747708
133	8	0.260639534858717
133	9	0.260639534858717
133	10	0.0833762608316092
133	11	0.260639534858717
133	12	0.260639534858717
133	13	0.0
133	14	0.0
133	15	0.0
133	16	0.0
133	17	0.260639534858717
133	18	0.014119018145236202
134	0	0.0
134	1	0.260639534858717
134	2	0.0
134	3	0.260639534858717
134	4	0.260639534858717
134	5	0.260639534858717
134	6	0.7839913814747708
134	7	0.0
134	8	0.0
134	9	0.260639534858717
134	10	0.260639534858717
134	11	0.19215544227830855
134	12	0.260639534858717
135	0	0.260639534858717
135	1	0.260639534858717
135	2	0.0
135	3	0.0
135	4	0.0
135	5	0.260639534858717
135	6	0.19215544227830855
135	7	0.260639534858717
135	8	0.260639534858717
135	9	0.260639534858717
135	10	0.7839913814747708
135	11	0.260639534858717
135	12	0.0
135	13	0.0
135	14	1.6402847599483845
135	15	0.0
135	16	0.0
135	17	0.014119018145236202
135	18	0.0
135	19	0.0833762608316092
135	20	0.0833762608316092
135	21	3.036922860343799
136	0	0.260639534858717
136	1	0.260639534858717
136	2	0.260639534858717
136	3	0.0
136	4	0.260639534858717
136	5	0.7839913814747708
136	6	0.0
136	7	0.260639534858717
136	8	0.19215544227830855
136	9	0.260639534858717
136	10	0.0
136	11	0.260639534858717
136	12	0.0
136	13	0.0
136	14	0.0
136	15	0.0833762608316092
136	16	0.0833762608316092
136	17	0.0
136	18	0.014119018145236202
136	19	0.0
136	20	1.6402847599483845
136	21	3.036922860343799
137	0	0.0
137	1	0.014119018145236202
137	2	0.0833762608316092
137	3	0.0
137	4	0.0
137	5	0.260639534858717
137	6	0.0
137	7	0.260639534858717
137	8	0.260639534858717
137	9	0.0
137	10	0.0
137	11	0.260639534858717
137	12	0.19215544227830855
137	13	0.7839913814747708
137	14	0.0833762608316092
137	15	0.260639534858717
137	16	0.260639534858717
137	17	0.260639534858717
137	18	0.0
138	0	0.260639534858717
138	1	0.0
138	2	0.7839913814747708
138	3	0.260639534858717
138	4	0.260639534858717
138	5	0.260639534858717
138	6	0.260639534858717
138	7	0.0
138	8	0.0
138	9	0.260639534858717
138	10	0.19215544227830855
138	11	0.260639534858717
138	12	0.0
138	13	0.0
138	14	1.6402847599483845
138	15	0.0833762608316092
138	16	0.0
138	17	0.0833762608316092
138	18	0.0
138	19	0.014119018145236202
138	20	0.0
138	21	3.036922860343799
138	22	0.260639534858717
138	23	0.7839913814747708
138	24	0.0
138	25	0.260639534858717
138	26	0.014119018145236202
138	27	0.0
139	0	0.260639534858717
139	1	0.7839913814747708
139	2	0.0
139	3	0.260639534858717
139	4	0.19215544227830855
139	5	0.0
139	6	0.260639534858717
139	7	0.0
139	8	0.260639534858717
139	9	0.260639534858717
139	10	0.260639534858717
139	11	0.260639534858717
139	12	0.0
139	13	0.0
139	14	3.036922860343799
139	15	0.0
139	16	0.0
139	17	1.6402847599483845
139	18	0.0833762608316092
139	19	0.0
139	20	0.014119018145236202
139	21	0.0833762608316092
140	0	0.260639534858717
140	1	0.260639534858717
140	2	0.260639534858717
140	3	0.0
140	4	0.19215544227830855
140	5	0.0
140	6	0.260639534858717
140	7	0.260639534858717
140	8	0.0
140	9	0.260639534858717
140	10	0.0
140	11	0.7839913814747708
140	12	0.260639534858717
140	13	0.0833762608316092
140	14	0.0
140	15	0.0
140	16	0.0
140	17	0.0833762608316092
140	18	0.0
140	19	0.014119018145236202
140	20	3.036922860343799
140	21	1.6402847599483845
140	22	0.260639534858717
141	0	0.0
141	1	0.7839913814747708
141	2	0.0
141	3	0.0
141	4	0.0
141	5	0.260639534858717
141	6	0.0
141	7	0.260639534858717
141	8	0.260639534858717
141	9	0.260639534858717
141	10	0.19215544227830855
141	11	0.260639534858717
141	12	0.260639534858717
141	13	0.260639534858717
141	14	0.0
141	15	0.0
141	16	1.6402847599483845
141	17	0.0833762608316092
141	18	0.014119018145236202
141	19	0.0
141	20	0.0833762608316092
141	21	3.036922860343799
141	22	0.7839913814747708
142	0	0.260639534858717
142	1	0.260639534858717
142	2	0.260639534858717
142	3	0.0
142	4	0.260639534858717
142	5	0.260639534858717
142	6	0.0
142	7	0.260639534858717
142	8	0.7839913814747708
142	9	0.0
142	10	0.260639534858717
142	11	0.0
142	12	0.19215544227830855
142	13	0.0
142	14	0.0
142	15	0.0
142	16	1.6402847599483845
142	17	3.036922860343799
142	18	0.0
142	19	0.0833762608316092
142	20	0.0833762608316092
142	21	0.014119018145236202
143	0	0.19215544227830855
143	1	0.260639534858717
143	2	0.260639534858717
143	3	0.260639534858717
143	4	0.260639534858717
143	5	0.260639534858717
143	6	0.0
143	7	0.260639534858717
143	8	0.7839913814747708
143	9	0.0
143	10	0.0
143	11	0.260639534858717
143	12	0.0
143	13	3.036922860343799
143	14	0.0
143	15	1.6402847599483845
143	16	0.0
143	17	0.0
143	18	0.0833762608316092
143	19	0.0
143	20	0.0833762608316092
143	21	0.014119018145236202
143	22	0.260639534858717
144	0	0.7839913814747708
144	1	0.260639534858717
144	2	0.0
144	3	0.260639534858717
144	4	0.0
144	5	0.260639534858717
144	6	0.260639534858717
144	7	0.0
144	8	0.260639534858717
144	9	0.0
144	10	0.260639534858717
144	11	0.19215544227830855
144	12	0.260639534858717
144	13	3.036922860343799
144	14	0.0
144	15	0.0
144	16	0.0833762608316092
144	17	0.0
144	18	0.0
144	19	0.0833762608316092
144	20	0.014119018145236202
144	21	1.6402847599483845
145	0	0.260639534858717
145	1	0.7839913814747708
145	2	0.260639534858717
145	3	0.260639534858717
145	4	0.260639534858717
145	5	0.0
145	6	0.0
145	7	0.0
145	8	0.19215544227830855
145	9	0.260639534858717
145	10	0.0
145	11	0.260639534858717
145	12	0.260639534858717
145	13	0.0
145	14	0.0
145	15	1.6402847599483845
145	16	0.0
145	17	0.0
145	18	0.014119018145236202
145	19	0.0833762608316092
145	20	0.0833762608316092
145	21	3.036922860343799
146	0	0.260639534858717
146	1	0.19215544227830855
146	2	0.260639534858717
146	3	0.0
146	4	0.260639534858717
146	5	0.260639534858717
146	6	0.0
146	7	0.260639534858717
146	8	0.0
146	9	0.260639534858717
146	10	0.7839913814747708
146	11	0.0
146	12	0.260639534858717
146	13	3.036922860343799
146	14	0.0
146	15	0.0
146	16	0.0
146	17	1.6402847599483845
146	18	0.0833762608316092
146	19	0.0833762608316092
146	20	0.014119018145236202
146	21	0.0
147	0	0.014119018145236202
147	1	0.0
147	2	0.260639534858717
147	3	0.0
147	4	0.19215544227830855
147	5	0.260639534858717
147	6	0.260639534858717
147	7	0.0833762608316092
147	8	0.0833762608316092
147	9	0.260639534858717
147	10	0.260639534858717
147	11	0.0
147	12	0.0
147	13	0.7839913814747708
147	14	0.260639534858717
147	15	0.0
147	16	0.0
147	17	0.0
147	18	0.260639534858717
148	0	0.260639534858717
148	1	0.260639534858717
148	2	0.0
148	3	0.19215544227830855
148	4	0.0
148	5	0.260639534858717
148	6	0.0833762608316092
148	7	0.260639534858717
148	8	0.260639534858717
148	9	0.260639534858717
148	10	0.0
148	11	0.260639534858717
148	12	0.0
148	13	0.0
148	14	0.0
148	15	0.014119018145236202
148	16	0.7839913814747708
148	17	0.0833762608316092
148	18	0.0
148	19	3.036922860343799
148	20	0.0
148	21	0.0
148	22	0.7839913814747708
148	23	0.7839913814747708
148	24	0.260639534858717
148	25	0.0
149	0	0.260639534858717
149	1	0.0
149	2	0.0
149	3	0.0
149	4	0.0
149	5	0.260639534858717
149	6	0.260639534858717
149	7	0.0833762608316092
149	8	0.7839913814747708
149	9	0.0
149	10	0.260639534858717
149	11	0.0
149	12	0.260639534858717
149	13	0.014119018145236202
149	14	0.0
149	15	0.260639534858717
149	16	0.260639534858717
149	17	0.0833762608316092
149	18	0.19215544227830855
149	19	3.036922860343799
149	20	0.0
149	21	0.7839913814747708
149	22	0.7839913814747708
149	23	0.0
149	24	0.260639534858717
149	25	0.0
150	0	0.260639534858717
150	1	0.0833762608316092
150	2	0.260639534858717
150	3	0.260639534858717
150	4	0.260639534858717
150	5	0.0
150	6	0.014119018145236202
150	7	0.0
150	8	0.8673676423063801
150	9	0.260639534858717
150	10	0.260639534858717
150	11	0.0
150	12	0.0
150	13	0.260639534858717
150	14	0.19215544227830855
150	15	0.0
150	16	0.0
150	17	0.0833762608316092
150	18	0.0
150	19	0.0
150	20	0.0
150	21	0.0
150	22	0.7839913814747708
150	23	0.260639534858717
150	24	0.7839913814747708
150	25	3.036922860343799
151	0	0.19215544227830855
151	1	0.0833762608316092
151	2	0.0
151	3	0.260639534858717
151	4	0.014119018145236202
151	5	0.0
151	6	0.0
151	7	0.260639534858717
151	8	0.260639534858717
151	9	0.8673676423063801
151	10	0.260639534858717
151	11	0.260639534858717
151	12	0.0
151	13	0.260639534858717
151	14	0.0
151	15	0.260639534858717
151	16	0.0833762608316092
151	17	0.0
151	18	0.0
152	0	0.014119018145236202
152	1	0.0833762608316092
152	2	0.260639534858717
152	3	0.260639534858717
152	4	0.0
152	5	0.0
152	6	0.0833762608316092
152	7	0.0
152	8	0.8673676423063801
152	9	0.0
152	10	0.260639534858717
152	11	0.260639534858717
152	12	0.19215544227830855
152	13	0.260639534858717
152	14	0.260639534858717
152	15	0.0
152	16	0.0
152	17	0.0
152	18	0.260639534858717
153	0	0.260639534858717
153	1	0.260639534858717
153	2	0.0
153	3	0.260639534858717
153	4	0.260639534858717
153	5	0.19215544227830855
153	6	0.260639534858717
153	7	0.260639534858717
153	8	0.0
153	9	0.8673676423063801
153	10	0.0
153	11	0.260639534858717
153	12	0.0
153	13	3.036922860343799
153	14	0.0
153	15	0.0
153	16	1.6402847599483845
153	17	0.0
153	18	0.0833762608316092
153	19	0.0833762608316092
153	20	0.014119018145236202
153	21	0.0
154	0	0.0
154	1	0.0
154	2	0.260639534858717
154	3	0.8673676423063801
154	4	0.260639534858717
154	5	0.260639534858717
154	6	0.0
154	7	0.260639534858717
154	8	0.0
154	9	0.260639534858717
154	10	0.260639534858717
154	11	0.19215544227830855
154	12	0.260639534858717
154	13	3.036922860343799
154	14	0.0
154	15	1.6402847599483845
154	16	0.0
154	17	0.0
154	18	0.014119018145236202
154	19	0.0
154	20	0.0833762608316092
154	21	0.0833762608316092
154	22	0.260639534858717
155	0	0.0833762608316092
155	1	0.0
155	2	0.8673676423063801
155	3	0.260639534858717
155	4	0.0
155	5	0.014119018145236202
155	6	0.0
155	7	0.260639534858717
155	8	0.260639534858717
155	9	0.260639534858717
155	10	0.19215544227830855
155	11	0.0
155	12	0.0
155	13	0.0
155	14	0.260639534858717
155	15	0.0
155	16	0.260639534858717
155	17	0.260639534858717
155	18	0.0833762608316092
156	0	0.260639534858717
156	1	0.260639534858717
156	2	0.19215544227830855
156	3	0.0
156	4	0.0
156	5	0.0
156	6	0.260639534858717
156	7	0.0
156	8	0.0833762608316092
156	9	0.0
156	10	0.8673676423063801
156	11	0.0
156	12	0.260639534858717
156	13	0.260639534858717
156	14	0.260639534858717
156	15	0.0833762608316092
156	16	0.260639534858717
156	17	0.0
156	18	0.014119018145236202
156	19	0.7839913814747708
156	20	0.0
156	21	0.7839913814747708
156	22	0.0
156	23	0.260639534858717
156	24	0.0
156	25	3.036922860343799
157	0	0.0
157	1	0.0
157	2	0.260639534858717
157	3	0.260639534858717
157	4	0.260639534858717
157	5	0.0
157	6	0.8673676423063801
157	7	0.19215544227830855
157	8	0.260639534858717
157	9	0.0
157	10	0.260639534858717
157	11	0.260639534858717
157	12	0.260639534858717
157	13	3.036922860343799
157	14	0.0
157	15	1.6402847599483845
157	16	0.0
157	17	0.0
157	18	0.014119018145236202
157	19	0.0833762608316092
157	20	0.0833762608316092
157	21	0.0
158	0	0.0
158	1	0.014119018145236202
158	2	0.260639534858717
158	3	0.0
158	4	0.260639534858717
158	5	0.19215544227830855
158	6	0.260639534858717
158	7	0.260639534858717
158	8	0.0
158	9	0.0
158	10	0.0
158	11	0.260639534858717
158	12	0.0833762608316092
158	13	0.0
158	14	0.0
158	15	0.260639534858717
158	16	0.0833762608316092
158	17	0.8673676423063801
158	18	0.260639534858717
158	19	0.260639534858717
158	20	1.6402847599483845
159	0	0.0
159	1	0.0
159	2	0.260639534858717
159	3	0.0
159	4	0.0
159	5	0.260639534858717
159	6	0.260639534858717
159	7	0.260639534858717
159	8	0.8673676423063801
159	9	0.260639534858717
159	10	0.260639534858717
159	11	0.19215544227830855
159	12	0.260639534858717
159	13	3.036922860343799
159	14	0.0
159	15	0.0
159	16	0.0
159	17	1.6402847599483845
159	18	0.0833762608316092
159	19	0.0
159	20	0.014119018145236202
159	21	0.0833762608316092
159	22	0.0
160	0	0.260639534858717
160	1	0.260639534858717
160	2	0.260639534858717
160	3	0.260639534858717
160	4	0.260639534858717
160	5	0.0
160	6	0.0
160	7	0.260639534858717
160	8	0.0
160	9	0.260639534858717
160	10	0.19215544227830855
160	11	0.8673676423063801
160	12	0.0
160	13	0.0833762608316092
160	14	0.0833762608316092
160	15	0.0
160	16	0.0
160	17	0.0
160	18	0.014119018145236202
160	19	3.036922860343799
161	0	0.0
161	1	0.260639534858717
161	2	0.0
161	3	0.260639534858717
161	4	0.0833762608316092
161	5	0.260639534858717
161	6	0.0
161	7	0.8673676423063801
161	8	0.0833762608316092
161	9	0.260639534858717
161	10	0.0
161	11	0.0
161	12	0.014119018145236202
161	13	0.260639534858717
161	14	0.260639534858717
161	15	0.19215544227830855
161	16	0.0
161	17	0.0
161	18	0.260639534858717
162	0	0.260639534858717
162	1	0.8673676423063801
162	2	0.19215544227830855
162	3	0.260639534858717
162	4	0.0
162	5	0.0
162	6	0.260639534858717
162	7	0.0
162	8	0.260639534858717
162	9	0.260639534858717
162	10	0.260639534858717
162	11	0.260639534858717
162	12	0.0
162	13	3.036922860343799
162	14	0.0
162	15	0.014119018145236202
162	16	0.0
162	17	0.0
162	18	0.0833762608316092
162	19	0.0833762608316092
162	20	0.0
162	21	1.6402847599483845
162	22	0.0
163	0	0.0
163	1	0.19215544227830855
163	2	0.260639534858717
163	3	0.0
163	4	0.260639534858717
163	5	0.260639534858717
163	6	0.0
163	7	0.260639534858717
163	8	0.260639534858717
163	9	0.260639534858717
163	10	0.8673676423063801
163	11	0.260639534858717
163	12	0.0
163	13	3.036922860343799
163	14	0.0
163	15	1.6402847599483845
163	16	0.0
163	17	0.0
163	18	0.0833762608316092
163	19	0.0833762608316092
163	20	0.014119018145236202
163	21	0.0
163	22	0.0
164	0	0.0833762608316092
164	1	0.260639534858717
164	2	0.260639534858717
164	3	0.260639534858717
164	4	0.0
164	5	0.260639534858717
164	6	0.0
164	7	0.0
164	8	0.0
164	9	0.260639534858717
164	10	0.8673676423063801
164	11	0.19215544227830855
164	12	0.260639534858717
164	13	0.014119018145236202
164	14	0.0
164	15	0.0
164	16	0.0833762608316092
164	17	0.260639534858717
164	18	0.0
165	0	0.260639534858717
165	1	0.260639534858717
165	2	0.0
165	3	0.260639534858717
165	4	0.260639534858717
165	5	0.8673676423063801
165	6	0.260639534858717
165	7	0.260639534858717
165	8	0.0
165	9	0.0
165	10	0.260639534858717
165	11	0.19215544227830855
165	12	0.0
165	13	3.036922860343799
165	14	0.0
165	15	0.014119018145236202
165	16	0.0833762608316092
165	17	0.0
165	18	0.0
165	19	0.0
165	20	0.0833762608316092
165	21	1.6402847599483845
166	0	0.260639534858717
166	1	0.0
166	2	0.0
166	3	0.8673676423063801
166	4	0.260639534858717
166	5	0.0
166	6	0.260639534858717
166	7	0.260639534858717
166	8	0.260639534858717
166	9	0.260639534858717
166	10	0.19215544227830855
166	11	0.260639534858717
166	12	0.0
166	13	0.0
166	14	0.0833762608316092
166	15	0.014119018145236202
166	16	0.0
166	17	0.0
166	18	0.0833762608316092
166	19	0.0
166	20	3.036922860343799
166	21	1.6402847599483845
166	22	0.0
166	23	0.0
167	0	0.0
167	1	0.0
167	2	0.8673676423063801
167	3	0.0
167	4	0.0
167	5	0.7839913814747708
167	6	0.260639534858717
167	7	0.0
167	8	0.260639534858717
167	9	0.0833762608316092
167	10	0.260639534858717
167	11	0.260639534858717
167	12	0.014119018145236202
167	13	0.0
167	14	0.0
167	15	0.0
167	16	0.260639534858717
167	17	0.19215544227830855
167	18	0.260639534858717
167	19	0.260639534858717
167	20	0.0833762608316092
167	21	1.6402847599483845
168	0	0.0
168	1	0.260639534858717
168	2	0.0
168	3	0.0
168	4	0.0833762608316092
168	5	0.0
168	6	0.0
168	7	0.260639534858717
168	8	0.260639534858717
168	9	0.0833762608316092
168	10	0.014119018145236202
168	11	0.19215544227830855
168	12	0.260639534858717
168	13	0.0
168	14	0.0
168	15	0.260639534858717
168	16	0.8673676423063801
168	17	0.260639534858717
168	18	0.260639534858717
168	19	0.260639534858717
168	20	1.6402847599483845
169	0	0.8673676423063801
169	1	0.260639534858717
169	2	0.260639534858717
169	3	0.0
169	4	0.260639534858717
169	5	0.260639534858717
169	6	0.260639534858717
169	7	0.0
169	8	0.0
169	9	0.0
169	10	0.260639534858717
169	11	0.19215544227830855
169	12	0.260639534858717
169	13	3.036922860343799
169	14	0.014119018145236202
169	15	0.0
169	16	0.0
169	17	0.0833762608316092
169	18	0.0
169	19	0.0833762608316092
169	20	0.0
169	21	1.6402847599483845
170	0	0.8673676423063801
170	1	0.260639534858717
170	2	0.19215544227830855
170	3	0.0
170	4	0.0
170	5	0.260639534858717
170	6	0.260639534858717
170	7	0.260639534858717
170	8	0.0833762608316092
170	9	0.260639534858717
170	10	0.0
170	11	0.0
170	12	0.014119018145236202
170	13	0.0
170	14	0.260639534858717
170	15	0.0
170	16	0.0833762608316092
170	17	0.0
170	18	0.260639534858717
170	19	3.036922860343799
170	20	0.260639534858717
171	0	0.7839913814747708
171	1	0.0
171	2	0.0
171	3	0.260639534858717
171	4	0.0
171	5	0.0
171	6	0.260639534858717
171	7	0.260639534858717
171	8	0.260639534858717
171	9	0.0
171	10	0.0
171	11	0.0
171	12	0.0
171	13	0.8673676423063801
171	14	0.260639534858717
171	15	0.260639534858717
171	16	0.7839913814747708
171	17	0.0
171	18	0.014119018145236202
171	19	0.260639534858717
171	20	0.260639534858717
171	21	0.19215544227830855
171	22	0.260639534858717
171	23	0.0833762608316092
171	24	0.0
171	25	0.0
171	26	0.0833762608316092
171	27	0.0
171	28	3.036922860343799
172	0	0.7839913814747708
172	1	0.8673676423063801
172	2	0.260639534858717
172	3	0.0
172	4	0.0
172	5	0.0
172	6	0.260639534858717
172	7	0.0
172	8	0.0
172	9	0.0
172	10	0.7839913814747708
172	11	0.260639534858717
173	0	0.19215544227830855
173	1	0.260639534858717
173	2	0.260639534858717
173	3	0.260639534858717
173	4	0.260639534858717
173	5	0.0
173	6	0.260639534858717
173	7	0.0
173	8	0.0
173	9	0.260639534858717
173	10	0.260639534858717
173	11	0.8673676423063801
173	12	0.0
173	13	1.6402847599483845
173	14	0.0
173	15	3.036922860343799
173	16	0.0
173	17	0.0833762608316092
173	18	0.0
173	19	0.014119018145236202
173	20	0.0833762608316092
173	21	0.0
173	22	0.0
173	23	0.7839913814747708
173	24	0.260639534858717
173	25	0.0
173	26	0.260639534858717
173	27	0.0
173	28	0.7839913814747708
173	29	0.0
174	0	0.7839913814747708
174	1	0.7839913814747708
174	2	0.260639534858717
174	3	0.0
174	4	0.0
174	5	0.260639534858717
174	6	0.8673676423063801
174	7	0.0
174	8	0.260639534858717
174	9	0.0
174	10	0.0
174	11	0.0
175	0	0.260639534858717
175	1	0.0
175	2	0.0
175	3	0.8673676423063801
175	4	0.0
175	5	0.260639534858717
175	6	0.0
175	7	0.260639534858717
175	8	0.260639534858717
176	0	0.260639534858717
176	1	0.19215544227830855
176	2	0.260639534858717
176	3	0.0
176	4	0.260639534858717
176	5	0.260639534858717
176	6	0.0
176	7	0.0
176	8	0.260639534858717
176	9	0.260639534858717
176	10	0.8673676423063801
176	11	0.0
176	12	0.260639534858717
176	13	0.0
176	14	0.0
176	15	1.6402847599483845
176	16	0.0
176	17	0.0
176	18	0.014119018145236202
176	19	0.0833762608316092
176	20	0.0833762608316092
176	21	3.036922860343799
176	22	0.0
176	23	0.7839913814747708
176	24	0.0
176	25	0.260639534858717
176	26	0.7839913814747708
177	0	0.0
177	1	0.7839913814747708
177	2	0.0
177	3	0.7839913814747708
177	4	0.0
177	5	0.0
177	6	0.0
177	7	0.260639534858717
177	8	0.8673676423063801
177	9	0.0
177	10	0.260639534858717
177	11	0.260639534858717
177	12	0.0
177	13	0.260639534858717
177	14	0.260639534858717
177	15	0.260639534858717
177	16	3.036922860343799
177	17	0.260639534858717
177	18	0.0
177	19	0.0
177	20	0.19215544227830855
177	21	0.260639534858717
177	22	0.0
177	23	0.0833762608316092
177	24	0.014119018145236202
177	25	0.0833762608316092
178	0	0.8673676423063801
178	1	0.8673676423063801
178	2	0.0
178	3	0.260639534858717
178	4	0.0
178	5	0.0
178	6	0.260639534858717
178	7	0.7839913814747708
178	8	0.0
178	9	0.0
178	10	0.0
178	11	0.260639534858717
179	0	0.260639534858717
179	1	0.0
179	2	0.260639534858717
179	3	0.014119018145236202
179	4	0.0
179	5	0.0833762608316092
179	6	0.0
179	7	0.19215544227830855
179	8	0.0
179	9	0.260639534858717
179	10	0.0
179	11	0.8673676423063801
179	12	0.0
179	13	0.260639534858717
179	14	0.260639534858717
179	15	0.260639534858717
179	16	0.260639534858717
179	17	0.0833762608316092
179	18	0.0
180	0	0.260639534858717
180	1	0.0
180	2	0.8673676423063801
180	3	0.260639534858717
180	4	0.260639534858717
180	5	0.0
180	6	0.260639534858717
180	7	0.0833762608316092
180	8	0.0
180	9	0.260639534858717
180	10	0.260639534858717
180	11	0.0
180	12	0.0
180	13	0.0
180	14	0.19215544227830855
180	15	0.0833762608316092
180	16	0.014119018145236202
180	17	0.0
180	18	0.260639534858717
181	0	0.0833762608316092
181	1	0.260639534858717
181	2	0.260639534858717
181	3	0.0
181	4	0.260639534858717
181	5	0.260639534858717
181	6	0.260639534858717
181	7	0.19215544227830855
181	8	0.260639534858717
181	9	0.8673676423063801
181	10	0.0
181	11	0.0
181	12	0.0
181	13	0.0833762608316092
181	14	0.0
181	15	0.260639534858717
181	16	0.0
181	17	0.0
181	18	0.014119018145236202
182	0	0.0
182	1	0.260639534858717
182	2	0.0
182	3	0.8673676423063801
182	4	0.0
182	5	0.260639534858717
182	6	0.7839913814747708
182	7	0.0
182	8	0.260639534858717
182	9	0.0
182	10	0.8673676423063801
182	11	0.0
182	12	0.260639534858717
182	13	0.260639534858717
182	14	0.0
182	15	0.19215544227830855
182	16	0.014119018145236202
182	17	0.0
182	18	0.0
182	19	0.0
182	20	0.0833762608316092
182	21	0.0833762608316092
182	22	0.260639534858717
182	23	0.260639534858717
182	24	0.260639534858717
182	25	3.036922860343799
183	0	0.0
183	1	0.8673676423063801
183	2	0.0
183	3	0.260639534858717
183	4	0.260639534858717
183	5	0.0833762608316092
183	6	0.260639534858717
183	7	0.0833762608316092
183	8	0.014119018145236202
183	9	0.0
183	10	0.0
183	11	0.0
183	12	0.014119018145236202
184	0	0.0
184	1	0.0
184	2	0.0
184	3	0.7839913814747708
184	4	0.8673676423063801
184	5	0.0
184	6	0.260639534858717
184	7	0.19215544227830855
184	8	0.260639534858717
184	9	0.260639534858717
184	10	0.260639534858717
184	11	0.260639534858717
184	12	0.260639534858717
184	13	0.260639534858717
184	14	0.0833762608316092
184	15	0.0
184	16	0.014119018145236202
184	17	0.0833762608316092
184	18	0.0
184	19	0.0
184	20	0.0
184	21	1.6402847599483845
185	0	0.0
185	1	0.014119018145236202
185	2	0.0
185	3	0.0
185	4	0.0833762608316092
185	5	0.0
185	6	0.260639534858717
185	7	0.014119018145236202
185	8	0.260639534858717
185	9	0.8673676423063801
185	10	0.0833762608316092
185	11	0.260639534858717
185	12	0.0
186	0	0.260639534858717
186	1	0.0
186	2	0.0
186	3	0.0
186	4	0.260639534858717
186	5	0.0
186	6	0.0833762608316092
186	7	0.0
186	8	0.8673676423063801
186	9	0.014119018145236202
186	10	0.014119018145236202
186	11	0.260639534858717
186	12	0.0833762608316092
187	0	0.8673676423063801
187	1	0.0
187	2	0.0
187	3	0.260639534858717
187	4	0.260639534858717
187	5	0.0
187	6	0.260639534858717
187	7	0.0
187	8	0.014119018145236202
187	9	0.260639534858717
187	10	0.260639534858717
187	11	0.0833762608316092
187	12	0.260639534858717
187	13	0.260639534858717
187	14	0.0833762608316092
187	15	0.0
187	16	0.0
187	17	0.19215544227830855
187	18	0.0
187	19	0.0
188	0	0.0
188	1	0.7839913814747708
188	2	0.0
188	3	0.0
188	4	0.0
188	5	0.8673676423063801
188	6	0.260639534858717
188	7	0.260639534858717
188	8	0.0833762608316092
188	9	0.0
188	10	0.0
188	11	0.0
188	12	0.260639534858717
188	13	0.260639534858717
188	14	0.260639534858717
188	15	0.19215544227830855
188	16	0.014119018145236202
188	17	0.0833762608316092
188	18	0.260639534858717
188	19	0.260639534858717
188	20	0.0
188	21	1.6402847599483845
188	22	0.014119018145236202
188	23	0.260639534858717
189	0	0.8673676423063801
189	1	0.0
189	2	0.0
189	3	0.260639534858717
189	4	0.260639534858717
189	5	0.7839913814747708
189	6	0.8673676423063801
189	7	0.0
189	8	0.260639534858717
189	9	0.0
189	10	0.0
189	11	0.0
190	0	0.260639534858717
190	1	0.260639534858717
190	2	0.0833762608316092
190	3	0.0
190	4	0.260639534858717
190	5	0.0
190	6	0.19215544227830855
190	7	0.0
190	8	0.0833762608316092
190	9	0.0
190	10	0.0
190	11	0.260639534858717
190	12	0.260639534858717
190	13	0.0
190	14	0.8673676423063801
190	15	0.0
190	16	0.014119018145236202
190	17	0.260639534858717
190	18	0.260639534858717
191	0	0.260639534858717
191	1	0.260639534858717
191	2	0.260639534858717
191	3	0.0
191	4	0.0
191	5	0.19215544227830855
191	6	0.260639534858717
191	7	0.0
191	8	0.260639534858717
191	9	0.260639534858717
191	10	0.0833762608316092
191	11	0.260639534858717
191	12	0.0833762608316092
191	13	0.0
191	14	0.0
191	15	0.014119018145236202
191	16	0.8673676423063801
191	17	0.0
191	18	0.0
192	0	0.0
192	1	0.0
192	2	0.0
192	3	0.8673676423063801
192	4	0.260639534858717
192	5	0.260639534858717
192	6	0.260639534858717
192	7	0.260639534858717
192	8	0.260639534858717
192	9	0.260639534858717
192	10	0.19215544227830855
192	11	0.260639534858717
192	12	0.0
192	13	3.036922860343799
192	14	0.0
192	15	0.0
192	16	0.0
192	17	0.0833762608316092
192	18	0.014119018145236202
192	19	0.0833762608316092
192	20	0.0
192	21	1.6402847599483845
192	22	0.7839913814747708
192	23	0.8673676423063801
192	24	0.0
192	25	0.0
192	26	0.260639534858717
192	27	0.260639534858717
192	28	0.0
192	29	0.0
192	30	0.7839913814747708
192	31	0.014119018145236202
193	0	0.260639534858717
193	1	0.19215544227830855
193	2	0.260639534858717
193	3	0.0
193	4	0.0833762608316092
193	5	0.0
193	6	0.0
193	7	0.260639534858717
193	8	0.0
193	9	0.260639534858717
193	10	0.260639534858717
193	11	0.260639534858717
193	12	0.0
193	13	0.0833762608316092
193	14	0.0
193	15	0.014119018145236202
193	16	0.260639534858717
193	17	0.8673676423063801
193	18	0.0
194	0	0.260639534858717
194	1	0.260639534858717
194	2	0.260639534858717
194	3	0.0833762608316092
194	4	0.0833762608316092
194	5	0.0
194	6	0.260639534858717
194	7	0.0
194	8	0.0
194	9	0.260639534858717
194	10	0.014119018145236202
194	11	0.260639534858717
194	12	0.0
194	13	0.260639534858717
194	14	0.0
194	15	0.8673676423063801
194	16	0.19215544227830855
194	17	0.0
194	18	0.0
195	0	0.260639534858717
195	1	0.260639534858717
195	2	0.260639534858717
195	3	0.0
195	4	0.260639534858717
195	5	0.0
195	6	0.0
195	7	0.014119018145236202
195	8	0.260639534858717
195	9	0.0833762608316092
195	10	0.0
195	11	0.19215544227830855
195	12	0.0833762608316092
195	13	0.260639534858717
195	14	0.260639534858717
195	15	0.0
195	16	0.8673676423063801
195	17	0.0
195	18	0.0
196	0	0.260639534858717
196	1	0.8673676423063801
196	2	0.0
196	3	0.0
196	4	0.260639534858717
196	5	0.0
196	6	0.260639534858717
196	7	0.260639534858717
196	8	0.014119018145236202
196	9	0.260639534858717
196	10	0.0
196	11	0.260639534858717
196	12	0.19215544227830855
196	13	0.260639534858717
196	14	0.0
196	15	0.0833762608316092
196	16	0.0
196	17	0.0833762608316092
196	18	0.0
197	0	0.260639534858717
197	1	0.0
197	2	0.260639534858717
197	3	0.0
197	4	0.0
197	5	0.260639534858717
197	6	0.0
197	7	0.0833762608316092
197	8	0.0833762608316092
197	9	0.0
197	10	0.260639534858717
197	11	0.8673676423063801
197	12	0.014119018145236202
197	13	0.0
197	14	0.260639534858717
197	15	0.0
197	16	0.19215544227830855
197	17	0.260639534858717
197	18	0.260639534858717
198	0	0.0833762608316092
198	1	0.260639534858717
198	2	0.0
198	3	0.260639534858717
198	4	0.260639534858717
198	5	0.014119018145236202
198	6	0.8673676423063801
198	7	0.260639534858717
198	8	0.0
198	9	0.0
198	10	0.260639534858717
198	11	0.260639534858717
198	12	0.0
198	13	0.19215544227830855
198	14	0.0833762608316092
198	15	0.0
198	16	0.0
198	17	0.260639534858717
198	18	0.0
198	19	0.260639534858717
198	20	1.6402847599483845
199	0	0.014119018145236202
199	1	0.0
199	2	0.260639534858717
199	3	0.0
199	4	0.260639534858717
199	5	0.260639534858717
199	6	0.0
199	7	0.0
199	8	0.260639534858717
199	9	0.0
199	10	0.0
199	11	0.0
199	12	0.0833762608316092
199	13	0.19215544227830855
199	14	0.260639534858717
199	15	0.260639534858717
199	16	0.0833762608316092
199	17	0.8673676423063801
199	18	0.260639534858717
200	0	0.260639534858717
200	1	0.260639534858717
200	2	0.260639534858717
200	3	0.0
200	4	0.0
200	5	0.0833762608316092
200	6	0.0
200	7	0.0
200	8	0.8673676423063801
200	9	0.0
200	10	0.260639534858717
200	11	0.0
200	12	0.260639534858717
200	13	0.0
200	14	0.014119018145236202
200	15	0.19215544227830855
200	16	0.260639534858717
200	17	0.260639534858717
200	18	0.0833762608316092
201	0	0.260639534858717
201	1	0.0
201	2	0.260639534858717
201	3	0.19215544227830855
201	4	0.260639534858717
201	5	0.0
201	6	0.260639534858717
201	7	0.260639534858717
201	8	0.0833762608316092
201	9	0.0
201	10	0.8673676423063801
201	11	0.0
201	12	0.260639534858717
201	13	0.0
201	14	0.0
201	15	0.260639534858717
201	16	0.0
201	17	0.0833762608316092
201	18	0.014119018145236202
202	0	0.260639534858717
202	1	0.8673676423063801
202	2	0.014119018145236202
202	3	0.0
202	4	0.0
202	5	0.0
202	6	0.19215544227830855
202	7	0.0
202	8	0.0
202	9	0.260639534858717
202	10	0.0833762608316092
202	11	0.260639534858717
202	12	0.0
202	13	0.0
202	14	0.0833762608316092
202	15	0.260639534858717
202	16	0.260639534858717
202	17	0.260639534858717
202	18	0.260639534858717
202	19	0.0
202	20	0.0
202	21	0.260639534858717
202	22	0.0
203	0	0.0
203	1	0.19215544227830855
203	2	0.0
203	3	0.0833762608316092
203	4	0.260639534858717
203	5	0.0833762608316092
203	6	0.0
203	7	0.260639534858717
203	8	0.260639534858717
203	9	0.8673676423063801
203	10	0.260639534858717
203	11	0.260639534858717
203	12	0.0
203	13	0.260639534858717
203	14	0.0
203	15	0.0
203	16	0.014119018145236202
203	17	0.0
203	18	0.260639534858717
204	0	0.0833762608316092
204	1	0.0
204	2	0.0833762608316092
204	3	0.8673676423063801
204	4	0.19215544227830855
204	5	0.0
204	6	0.0
204	7	0.0
204	8	0.0
204	9	0.0
204	10	0.0
204	11	0.260639534858717
204	12	0.260639534858717
204	13	0.260639534858717
204	14	0.260639534858717
204	15	0.260639534858717
204	16	0.260639534858717
204	17	0.260639534858717
204	18	0.014119018145236202
205	0	0.260639534858717
205	1	0.0
205	2	0.0
205	3	0.19215544227830855
205	4	0.0833762608316092
205	5	0.0
205	6	0.0833762608316092
205	7	0.0
205	8	0.260639534858717
205	9	0.260639534858717
205	10	0.0
205	11	0.8673676423063801
205	12	0.260639534858717
205	13	0.260639534858717
205	14	0.260639534858717
205	15	0.260639534858717
205	16	0.014119018145236202
205	17	0.0
205	18	0.0
205	19	0.260639534858717
205	20	1.6402847599483845
205	21	0.0
206	0	0.260639534858717
206	1	0.19215544227830855
206	2	0.0833762608316092
206	3	0.0
206	4	0.0
206	5	0.8673676423063801
206	6	0.0
206	7	0.260639534858717
206	8	0.260639534858717
206	9	0.0
206	10	0.014119018145236202
206	11	0.0833762608316092
206	12	0.260639534858717
206	13	0.260639534858717
206	14	0.0
206	15	0.0
206	16	0.260639534858717
206	17	0.260639534858717
206	18	0.0
206	19	0.260639534858717
206	20	0.0
206	21	0.0
206	22	0.0
207	0	0.260639534858717
207	1	0.19215544227830855
207	2	0.260639534858717
207	3	0.260639534858717
207	4	0.0833762608316092
207	5	0.0833762608316092
207	6	0.8673676423063801
207	7	0.014119018145236202
207	8	0.260639534858717
207	9	0.260639534858717
207	10	0.0
207	11	0.0
207	12	0.0
207	13	0.0
207	14	0.260639534858717
207	15	0.0
207	16	0.260639534858717
207	17	0.0
207	18	0.0
208	0	0.0
208	1	0.0
208	2	0.8673676423063801
208	3	0.19215544227830855
208	4	0.260639534858717
208	5	0.014119018145236202
208	6	0.0
208	7	0.260639534858717
208	8	0.0
208	9	0.260639534858717
208	10	0.260639534858717
208	11	0.0833762608316092
208	12	0.260639534858717
208	13	0.0833762608316092
208	14	0.0
208	15	0.0
208	16	0.0
208	17	0.260639534858717
208	18	0.260639534858717
208	19	0.260639534858717
208	20	1.6402847599483845
209	0	0.0
209	1	0.0
209	2	0.8673676423063801
209	3	0.260639534858717
209	4	0.0
209	5	0.19215544227830855
209	6	0.0833762608316092
209	7	0.260639534858717
209	8	0.260639534858717
209	9	0.0
209	10	0.260639534858717
209	11	0.0
209	12	0.0
209	13	0.0833762608316092
209	14	0.0
209	15	0.260639534858717
209	16	0.260639534858717
209	17	0.014119018145236202
209	18	0.260639534858717
209	19	0.260639534858717
209	20	0.0
209	21	0.0
210	0	0.260639534858717
210	1	0.19215544227830855
210	2	0.8673676423063801
210	3	0.260639534858717
210	4	0.260639534858717
210	5	0.260639534858717
210	6	0.260639534858717
210	7	0.0
210	8	0.0
210	9	0.0
210	10	0.0
210	11	0.260639534858717
210	12	0.260639534858717
210	13	3.036922860343799
210	14	0.0
210	15	1.6402847599483845
210	16	0.014119018145236202
210	17	0.0
210	18	0.0833762608316092
210	19	0.0
210	20	0.0
210	21	0.0833762608316092
211	0	0.8673676423063801
211	1	0.0
211	2	0.0
211	3	0.260639534858717
211	4	0.0
211	5	0.260639534858717
211	6	0.0
211	7	0.260639534858717
211	8	0.260639534858717
211	9	0.0
211	10	0.260639534858717
211	11	0.260639534858717
211	12	0.0833762608316092
211	13	0.0
211	14	0.0833762608316092
211	15	0.014119018145236202
211	16	0.19215544227830855
211	17	0.0
211	18	0.260639534858717
211	19	0.260639534858717
211	20	0.0
211	21	0.0
212	0	0.0
212	1	0.260639534858717
212	2	0.8673676423063801
212	3	0.260639534858717
212	4	0.260639534858717
212	5	0.260639534858717
212	6	0.0
212	7	0.260639534858717
212	8	0.19215544227830855
212	9	0.260639534858717
212	10	0.0
212	11	0.260639534858717
212	12	0.0
212	13	3.036922860343799
212	14	0.0
212	15	0.0
212	16	0.0
212	17	1.6402847599483845
212	18	0.0833762608316092
212	19	0.0833762608316092
212	20	0.0
212	21	0.014119018145236202
212	22	0.0
213	0	0.0
213	1	0.260639534858717
213	2	0.260639534858717
213	3	0.19215544227830855
213	4	0.8673676423063801
213	5	0.260639534858717
213	6	0.0
213	7	0.260639534858717
213	8	0.260639534858717
213	9	0.0
213	10	0.260639534858717
213	11	0.260639534858717
213	12	0.0
213	13	0.0833762608316092
213	14	0.0
213	15	0.014119018145236202
213	16	0.0
213	17	0.0
213	18	0.0
213	19	0.0833762608316092
213	20	3.036922860343799
213	21	1.6402847599483845
214	0	0.260639534858717
214	1	0.8673676423063801
214	2	0.0
214	3	0.260639534858717
214	4	0.0
214	5	0.19215544227830855
214	6	0.0
214	7	0.260639534858717
214	8	0.260639534858717
214	9	0.260639534858717
214	10	0.260639534858717
214	11	0.0
214	12	0.260639534858717
214	13	0.0
214	14	1.6402847599483845
214	15	3.036922860343799
214	16	0.0
214	17	0.0
214	18	0.0833762608316092
214	19	0.0
214	20	0.014119018145236202
214	21	0.0833762608316092
215	0	0.0
215	1	0.260639534858717
215	2	0.0
215	3	0.260639534858717
215	4	0.014119018145236202
215	5	0.260639534858717
215	6	0.0
215	7	0.19215544227830855
215	8	0.0
215	9	0.260639534858717
215	10	0.0833762608316092
215	11	0.0
215	12	0.260639534858717
215	13	0.260639534858717
215	14	0.0833762608316092
215	15	0.8673676423063801
215	16	0.260639534858717
215	17	0.0
215	18	0.0
216	0	0.260639534858717
216	1	0.260639534858717
216	2	0.260639534858717
216	3	0.0
216	4	0.014119018145236202
216	5	0.19215544227830855
216	6	0.260639534858717
216	7	0.260639534858717
216	8	0.260639534858717
216	9	0.260639534858717
216	10	0.0
216	11	0.0833762608316092
216	12	0.0833762608316092
216	13	0.0
216	14	0.0
216	15	0.0
216	16	0.8673676423063801
216	17	0.0
216	18	0.0
217	0	0.260639534858717
217	1	0.260639534858717
217	2	0.260639534858717
217	3	0.19215544227830855
217	4	0.260639534858717
217	5	0.0
217	6	0.0
217	7	0.260639534858717
217	8	0.0
217	9	0.014119018145236202
217	10	0.0
217	11	0.8673676423063801
217	12	0.260639534858717
217	13	0.0833762608316092
217	14	0.260639534858717
217	15	0.0
217	16	0.0
217	17	0.0833762608316092
217	18	0.0
218	0	0.0
218	1	0.260639534858717
218	2	0.0
218	3	0.0
218	4	0.260639534858717
218	5	0.0
218	6	0.0
218	7	0.260639534858717
218	8	0.8673676423063801
218	9	0.260639534858717
218	10	0.260639534858717
218	11	0.0
218	12	0.014119018145236202
218	13	0.0
218	14	0.260639534858717
218	15	0.19215544227830855
218	16	0.0833762608316092
218	17	0.0833762608316092
218	18	0.260639534858717
219	0	0.0
219	1	0.0
219	2	0.8673676423063801
219	3	0.0
219	4	0.0
219	5	0.0833762608316092
219	6	0.260639534858717
219	7	0.0
219	8	0.260639534858717
219	9	0.014119018145236202
219	10	0.0
219	11	0.0
219	12	0.0
219	13	0.19215544227830855
219	14	0.0833762608316092
219	15	0.260639534858717
219	16	0.260639534858717
219	17	0.260639534858717
219	18	0.260639534858717
219	19	0.260639534858717
219	20	0.260639534858717
220	0	0.0
220	1	0.8673676423063801
220	2	0.0
220	3	0.260639534858717
220	4	0.260639534858717
220	5	0.0
220	6	0.19215544227830855
220	7	0.260639534858717
220	8	0.260639534858717
220	9	0.0
220	10	0.0
220	11	0.260639534858717
220	12	0.260639534858717
220	13	0.260639534858717
220	14	0.0
220	15	0.0
220	16	1.6402847599483845
220	17	0.014119018145236202
220	18	0.0
220	19	0.0833762608316092
220	20	0.0
220	21	0.0833762608316092
220	22	3.036922860343799
220	23	0.260639534858717
221	0	0.0
221	1	0.0
221	2	0.0
221	3	0.0833762608316092
221	4	0.0
221	5	0.260639534858717
221	6	0.260639534858717
221	7	0.260639534858717
221	8	0.0
221	9	0.0833762608316092
221	10	0.0
221	11	0.0
221	12	0.260639534858717
221	13	0.19215544227830855
221	14	0.8673676423063801
221	15	0.260639534858717
221	16	0.260639534858717
221	17	0.260639534858717
221	18	0.014119018145236202
221	19	0.0
222	0	0.0
222	1	0.260639534858717
222	2	0.0833762608316092
222	3	0.260639534858717
222	4	0.0
222	5	0.260639534858717
222	6	0.19215544227830855
222	7	0.260639534858717
222	8	0.260639534858717
222	9	0.014119018145236202
222	10	0.8673676423063801
222	11	0.0
222	12	0.0
222	13	0.260639534858717
222	14	0.260639534858717
222	15	0.0
222	16	0.0
222	17	0.0
222	18	0.0833762608316092
222	19	0.0
222	20	1.6402847599483845
222	21	0.260639534858717
222	22	0.0
223	0	0.0
223	1	0.19215544227830855
223	2	0.0
223	3	0.260639534858717
223	4	0.8673676423063801
223	5	0.0
223	6	0.0
223	7	0.260639534858717
223	8	0.260639534858717
223	9	0.260639534858717
223	10	0.260639534858717
223	11	0.260639534858717
223	12	0.260639534858717
223	13	0.0833762608316092
223	14	0.0
223	15	0.0
223	16	0.0
223	17	0.0
223	18	0.0
223	19	0.0833762608316092
223	20	0.014119018145236202
223	21	3.036922860343799
223	22	1.6402847599483845
224	0	0.0
224	1	0.0
224	2	0.0
224	3	0.0833762608316092
224	4	0.0
224	5	0.0
224	6	0.260639534858717
224	7	0.014119018145236202
224	8	0.0833762608316092
224	9	0.260639534858717
224	10	0.260639534858717
224	11	0.19215544227830855
224	12	0.8673676423063801
224	13	0.260639534858717
224	14	0.260639534858717
224	15	0.260639534858717
224	16	0.260639534858717
224	17	0.0
224	18	0.0
224	19	0.0
225	0	0.0
225	1	0.014119018145236202
225	2	0.0
225	3	0.260639534858717
225	4	0.0833762608316092
225	5	0.260639534858717
225	6	0.0
225	7	0.0833762608316092
225	8	0.260639534858717
225	9	0.260639534858717
225	10	0.0
225	11	0.19215544227830855
225	12	0.0
225	13	0.0
225	14	0.0
225	15	0.260639534858717
225	16	0.260639534858717
225	17	0.8673676423063801
225	18	0.260639534858717
225	19	0.0
226	0	0.0
226	1	0.0
226	2	0.8673676423063801
226	3	0.260639534858717
226	4	0.260639534858717
226	5	0.260639534858717
226	6	0.260639534858717
226	7	0.0
226	8	0.19215544227830855
226	9	0.260639534858717
226	10	0.0
226	11	0.260639534858717
226	12	0.0
226	13	0.260639534858717
226	14	0.0
226	15	0.014119018145236202
226	16	0.0833762608316092
226	17	0.0
226	18	0.0
226	19	0.0833762608316092
226	20	0.0
226	21	1.6402847599483845
226	22	3.036922860343799
227	0	0.0
227	1	0.8673676423063801
227	2	0.0
227	3	0.260639534858717
227	4	0.0
227	5	0.19215544227830855
227	6	0.260639534858717
227	7	0.260639534858717
227	8	0.260639534858717
227	9	0.0
227	10	0.0
227	11	0.260639534858717
227	12	0.260639534858717
227	13	0.260639534858717
227	14	0.0
227	15	0.0
227	16	0.014119018145236202
227	17	0.0
227	18	0.0833762608316092
227	19	0.0
227	20	0.0833762608316092
227	21	3.036922860343799
227	22	1.6402847599483845
228	0	0.0
228	1	0.260639534858717
228	2	0.8673676423063801
228	3	0.0
228	4	0.260639534858717
228	5	0.260639534858717
228	6	0.260639534858717
228	7	0.014119018145236202
228	8	0.19215544227830855
228	9	0.0
228	10	0.0833762608316092
228	11	0.0
228	12	0.0
228	13	0.0
228	14	0.260639534858717
228	15	0.260639534858717
228	16	0.0
228	17	0.260639534858717
228	18	0.0833762608316092
228	19	0.0
228	20	0.0
229	0	0.014119018145236202
229	1	0.260639534858717
229	2	0.260639534858717
229	3	0.260639534858717
229	4	0.260639534858717
229	5	0.19215544227830855
229	6	0.0
229	7	0.0
229	8	0.0833762608316092
229	9	0.8673676423063801
229	10	0.0
229	11	0.0
229	12	0.0833762608316092
229	13	0.0
229	14	0.260639534858717
229	15	0.260639534858717
229	16	0.0
229	17	0.0
229	18	0.260639534858717
229	19	0.0
230	0	0.0
230	1	0.260639534858717
230	2	0.260639534858717
230	3	0.19215544227830855
230	4	0.260639534858717
230	5	0.260639534858717
230	6	0.260639534858717
230	7	0.0
230	8	0.0
230	9	0.260639534858717
230	10	0.260639534858717
230	11	0.0
230	12	0.8673676423063801
230	13	0.0
230	14	0.0
230	15	0.0
230	16	0.0
230	17	0.014119018145236202
230	18	0.0
230	19	0.0
230	20	0.0833762608316092
230	21	0.0833762608316092
230	22	1.6402847599483845
230	23	3.036922860343799
230	24	0.260639534858717
231	0	0.8673676423063801
231	1	0.0
231	2	0.260639534858717
231	3	0.260639534858717
231	4	0.260639534858717
231	5	0.0
231	6	0.260639534858717
231	7	0.0
231	8	0.0
231	9	0.19215544227830855
231	10	0.260639534858717
231	11	0.260639534858717
231	12	0.260639534858717
231	13	0.0
231	14	0.0
231	15	0.0
231	16	0.0
231	17	3.036922860343799
231	18	1.6402847599483845
231	19	0.0833762608316092
231	20	0.0
231	21	0.0
231	22	0.014119018145236202
231	23	0.0833762608316092
