## RankNet
## Epochs = 50
## No. of features = 48
## No. of hidden layers = 2
## Layer 1: 10 neurons
## Layer 2: 10 neurons
1 2 3 4 5 6 7 8 9 10 11 12 13 14 15 16 17 18 19 20 21 22 23 24 25 26 27 28 29 30 31 32 33 34 35 36 37 38 39 40 41 42 43 44 45 46 47 48
2
10
10
0 0 0.09904667341587232 0.00937438443918598 -0.022554573690861654 0.06622260873533463 -0.1073134967038339 0.08757211857040882 -0.07680036765744738 -0.09095077956357248 0.09293345833377756 0.02983922170681776
0 1 0.07497631123020071 -0.016801965156154595 -0.030371644233183483 -0.0401445415186917 0.09914093851918154 -0.05249569615633724 -0.07134153235732282 0.09981174979278745 0.04542860305390363 -5.985749206521948E-4
0 2 -0.08962711610974602 -0.04993859810838958 -0.08126264928075612 -0.06402178606553363 -0.09310241044466601 0.08733057374015632 -0.09578874086596069 -0.07252845445851143 -0.09514359652385476 0.03217944796591755
0 3 0.07744805388010505 0.013198814178791226 -0.09420246321602407 0.07846977340962384 -0.050016994527257545 0.09764467985593035 0.02963740464791335 -0.060449938343101466 -0.09645960726330435 -0.07332485183686924
0 4 0.048336619171161124 -0.0854150551383157 0.026498105213175933 0.09427861482195489 -0.037882301160551524 0.09861880249963076 -0.08540656968270927 0.016001543222363086 -0.06985683397879591 0.0535568221510644
0 5 0.059167279092101864 0.06809633883264817 -0.04876714892107966 0.05770717729426178 0.004289680482145957 0.08926078386920244 0.08139999571691732 -0.05183295650414347 0.019427830866740565 -0.07929259073020847
0 6 -0.06509616947165206 -0.060073706880189905 -0.0801372907501542 0.034565136713259406 -0.04350107826971761 0.01647457267649757 -0.07823198441355071 -0.08580089957573295 -0.09196773137833683 0.034274183016348506
0 7 0.043001727034427166 0.04813792997854327 0.08002221986192443 0.03456365894339312 0.07304817622939626 0.02956123268230637 0.09839714731296378 -0.09022970150643783 -0.07162468726123437 0.01534794752716929
0 8 -0.05747011051248594 0.07843956455736201 -0.06827177664102185 0.05949862993708218 -0.03501925075330991 0.04752587025642405 -0.0972337803725117 -0.07566320761904193 0.0010493013921169117 -0.02858043366795374
0 9 -0.025454839027634266 -0.006617383918175517 0.05083925465284593 -0.016358562340828157 0.048792062160584744 0.09579055999994468 -0.056086287546526024 -0.04349217429623242 -0.02018257645825076 0.056945019422714745
0 10 0.08237168072987865 -0.05503990396709374 0.034661682342875075 -0.05722045578607952 -0.027788033875612284 0.06619868671179008 0.07238005037270849 -0.08695378020271731 0.008890661914551666 -0.05227255353456255
0 11 0.09245076655675243 0.08849085971860926 -0.057643840069186617 -0.07644859381565626 -0.0781529938606274 0.05575235431671153 0.09551294828616445 -0.008559928795845625 -0.05699061272600951 -0.09664969423537917
0 12 -0.01902695486211167 0.025662900869968332 -0.058170862416192445 0.0705490535777328 0.06939412268290539 0.015688433833760656 -0.023555418460271857 -0.07838550545159507 -0.04405277329181283 -0.017210358536266734
0 13 0.06159504635666642 0.07137076555031298 -0.0010450115288144865 0.05591349608937303 -0.010003595737565256 0.015238773532033494 0.004242814426801555 -0.013260564835397028 -0.09093436473027058 0.09288660567799342
0 14 -0.08217633118432009 -0.0764257338761065 0.039733909999989304 0.08459532019169863 0.019047955128316082 0.08975096597298429 0.03602755747115817 -0.011984858767532799 0.029100277821714357 -0.001309196018587874
0 15 -0.005530519581740198 -0.039881264218592866 -0.06277222968813446 0.062392159777560324 -0.03216276461209221 -0.08244922028562023 0.04620675763520866 0.09214578514834908 -0.0845372247380157 -0.03881803353564912
0 16 -0.08147878354367466 0.05859752938757091 -0.08254207282589987 0.010155779794326799 -0.031414553884400995 0.07339101247130116 -0.006406020742880113 -0.030362064878851076 0.056939896842176145 -0.00864490036896811
0 17 -0.008623816402851724 0.030080213834402396 -0.011382930322143547 -0.07247505940531193 -0.007840778915198921 -0.023554209012883152 0.06942509012431214 -0.07950672558521227 -0.016952626621342157 -0.08212310491843379
0 18 -0.030347849572300318 0.05232820256507154 0.018437696279433376 -0.09710713334415852 -0.04922487237862018 0.07912158281694165 0.09989368813246796 0.0011226499451948571 -0.03776874600908792 -0.028974011975958145
0 19 -0.02914687752597244 0.021417595316341433 0.017025616544835673 -0.11785447145103503 -0.01600224163482044 -0.04791652666033397 -0.0355510353447743 -0.0016071918613462792 -0.040023264082734995 0.0494378269222774
0 20 0.09485834702975716 0.04987153956728329 0.04657280125057088 -0.07754157031177578 0.04624816251819847 -0.043089317843328416 -0.053569862187081735 0.07249024918235675 -0.08460032248741925 -0.03933707023586851
0 21 -0.0066932421963690775 0.05989597569387545 -0.06124738144675289 -0.0968537895586582 0.06430204085346952 0.09558802527595205 0.06189330626499699 -0.07872026699649719 0.054172815430314984 0.008851257080012756
0 22 -0.0849426310925034 0.006181021654605825 -0.052579858250462325 -0.04966896711376649 -0.027114926623671712 0.02917885373384064 -0.07346306493300125 -0.038562634586605554 -0.04176374365681885 -0.08921819593097419
0 23 -0.036304534821438667 0.06643426219063016 -0.06741283781493283 -0.06398860657810167 -0.0438453607457328 0.058998954728235305 0.06720340853912148 0.06455087324537173 -0.03832668864971917 -0.09446592027868753
0 24 0.0380590482808455 -0.08401407361784963 0.08379622285947154 -0.09802368606284977 0.0344480433793448 -0.012839495317819182 0.033178135999150656 -0.06250323589297702 0.07664367679434608 -0.05833359704532909
0 25 0.09911429070023227 0.05638404404881013 -0.0877242244235962 0.07915955529307356 0.014248143390909105 0.007370873716206417 0.05947544417757941 -0.023652243036056994 0.04060921754098093 0.004606650405919776
0 26 0.09026609214426753 0.018722999118240918 -0.024929084812363143 -0.0908151508380916 -0.09209010761138406 0.031146029540881616 0.06646790804288212 -0.05735300262669519 0.0705900330040439 0.007774070922374791
0 27 -0.05432054685865987 0.07354437465157877 0.03565570630579534 0.06141005898476503 0.07923120548334585 0.032918912291235364 -0.04345696283011472 0.006634622928125042 -0.031111713503957854 -0.047886646311193236
0 28 0.2226181376839087 -0.14755514789887228 -0.1084721252487765 -0.24568471883735368 -0.10520476263910176 0.23443133834822097 0.12933098717097394 -0.0357487031864502 0.14251344423976328 -0.10964177206388684
0 29 0.04871597086714015 0.031566693803659084 0.02096509627527828 -0.10733549810147668 -0.02082892002221661 0.09177887797039769 0.07752518508057747 0.03138977936330585 -0.014832126892468466 0.021768643649004323
0 30 0.2811853795416645 -0.16480219091963605 0.017112859837497277 -0.23986142270109204 -0.0072729405571328055 0.06040795854962135 0.09531246693692205 -0.023070835485171987 0.03566157785495838 -0.04990724116636437
0 31 0.15344324483840172 -0.05846413650301372 0.00404313044082046 -0.16987418288889736 0.05023941684425771 0.06012510270373843 0.11661028574975786 0.01650813581791569 0.07935909847723363 -0.09077667463509491
0 32 0.16922731542406674 -0.06394320142676932 -0.06350916769789311 -0.07533694701234177 -0.1065038482321591 0.14208570959123795 0.1418295852900181 -0.10392574434452248 0.10040221619262042 -0.041886205519955734
0 33 0.05142421358662301 0.01304957831888884 -0.07291022171548013 -0.06953396542271433 -0.08129831610261146 0.053154179713781655 0.05175892525471618 -0.05142267805854962 -0.006914715312792848 -0.02199446017411494
0 34 0.17266016770086662 -0.134296214451135 0.06667752224322916 -0.1999813997937543 -0.10063304920811214 0.14233900191436877 0.09695630910695457 0.02281309421161342 0.14025338850009544 -0.09051999092150156
0 35 0.12370686462994894 -0.012252644054154467 -0.005504670145670181 -0.18593617900555665 -0.042366332503873526 0.04528396862183047 0.1322690324769501 -0.046264508836691406 0.07940862768371015 -0.0036673565397542713
0 36 0.1325844559305472 -0.1043228729558254 -0.03798556753852671 -0.16806043778126115 -0.09243367102610044 2.546394981735677E-4 0.11046720573596058 -0.03953337951644117 0.1085615908973508 0.05308780815173914
0 37 0.02168534409643177 -0.08468438357396565 0.03515417129896804 -0.10454728918850652 0.05407869758799855 0.12962353042022348 -0.04633311814497811 0.009269136400981471 0.007855242215078717 -0.1272127237704241
0 38 -0.01813372327769803 0.010798806417837424 0.003281172540608787 -0.07679998213988387 -0.09592983864084081 0.036007774883067264 0.042027404449694404 0.009905931280953658 8.373873840160156E-4 -4.608617287372347E-5
0 39 0.06437532686804616 -0.06371561521653751 -0.030617950774159776 0.021651926537933047 -0.05383333928719472 0.0368900279338714 -0.011570371769555107 0.013967642301721346 -0.021940128661591986 -0.0518078921840736
0 40 0.052576669391146545 -0.08653338337306599 -0.09467236167880426 0.07645467584389604 -0.06476896993652181 -0.007119435462051489 -0.07193397180009854 0.010735508726937544 -0.0854739321096718 -0.010231327872092237
0 41 0.07982499032546352 -0.004221033191690264 0.07612109372555148 0.08859059534421389 0.002600715561794093 0.07414590811014365 -0.014124481651554352 -0.06740833684668017 0.09448901893636179 -0.001205231041964934
0 42 0.07884327479104211 -0.06922611908165746 -0.06588814213665944 -0.061653047510867906 0.08149788200925139 -0.02438122952927705 -0.07464223205742167 -0.0559943376848477 0.027151536387268606 0.08936640580928727
0 43 0.09221819238931857 0.049678649083043286 0.05948659369197476 -0.03780072097912295 -0.06857403680363276 -0.020085819624934876 -0.022432356731882465 -0.09792546609212088 0.0010242140394196436 0.04662877731496395
0 44 0.09168191231067228 -0.09660377067462492 0.08878800508266697 0.02068364033115885 -0.10511407080422319 -0.06527244340304186 -0.07407129294389954 -0.05274020093324075 0.0258347318063395 0.0010977766653589279
0 45 0.043711660199118575 0.017479819311344017 0.020010399191438714 0.04219291889680444 0.06267199095954024 0.089777521382534 -0.014148163787667615 -0.014321855779909139 0.062425183180989094 -0.07240982472988931
0 46 -0.04065766208593783 -0.05733889427915952 -0.08821487936490764 0.024702233910689347 0.06308876898755156 0.08478803892012785 -0.0334366682838837 0.05811823201534893 -0.08050741809207226 0.015369732602505874
0 47 -0.03412524744741911 -0.0011952450865297711 0.061670646596306535 -0.12042130822538424 -0.03253242710704127 -0.050745988950143005 0.1111191124318315 0.09347309580005542 0.013625476901764879 -0.020903277719279325
0 48 -0.051253696239700754 -0.08206562593431432 0.008366797139634763 0.09820532373538439 0.05108433758935672 0.06317817663431358 0.06813090975247686 0.005451543667762361 -0.06670500753382254 -9.030176232018101E-4 -0.09159381056268186 0.0724864442563668 0.07680912977175047 -0.03933802254203671 -0.0321122531662628 0.07382356316360456 -0.01366670748946768 -0.05872026627496051 -0.021110114180871702 -0.018660567129715755 0.019122272510214117
1 0 -0.0019113005952015026 -0.05314579156765532 0.03905498152388871 0.09771904501977725 -0.042571915018941704 0.04316734560146356 0.054244964899265675 -0.07931084545953011 -0.0397723462503522 0.05802431681748518
1 1 0.08904620036875738 0.04442279580999594 0.0925456030510233 -0.09087084034609558 -0.04364347229332373 0.015260165646809272 -0.05725581409178604 0.004584605997064123 0.033479967761362195 0.010633341266542768
1 2 -0.05570335293466688 0.10040361777021903 0.04695941694937414 0.09808778474230694 0.05980631973251725 -0.079755129186394 -0.030728712347189886 -0.0032971966109957783 -0.07450064535658721 -0.04593398529387105
1 3 0.01807762013750575 -0.07952108193060735 0.08331964431811449 0.09108531097951396 0.01680601203399114 0.08094165299429759 -0.08185769971138224 0.07223103074870135 0.03962683666214256 -0.0012301813146922355
1 4 -0.08277260327786026 -0.03774013099095067 0.003643477144383445 -0.013105441091196943 0.06661262715704179 0.08824032618612103 0.062081110955993966 -0.09436361215499182 -0.09501990376648389 -0.009004353305700418
1 5 0.07350774522365251 0.08170182826662509 0.03269033475803928 0.0033907285378799723 0.03457485495010837 -0.07523330066335616 -0.03770257950216718 -0.06516736535942788 -0.0013866391148728604 0.00820895378970735
1 6 -0.07585479558628061 0.09557611891112051 -0.07305784017757266 0.03664876749160933 0.07768345887640178 0.032026111846460814 0.024769126229433083 -0.06057015411909283 -0.09732767479532782 0.06220167950300908
1 7 -0.07941221452779655 0.04392654267167219 -0.0649691203142476 -0.0410979110287835 0.04140750740833778 0.012505085695562542 -0.049084290156858945 0.04182043691230098 -0.041488897490007705 0.056770274958594664
1 8 -0.04399344409037122 0.06791323509588186 -0.019108932305831345 0.04503807560727977 -0.023629916037802876 0.06856487917287518 0.04404407714429976 0.02709519332331745 -0.056996372486951614 0.07503415766672242
1 9 -0.023652554424887385 0.09615806932484047 -0.03490107346868247 0.052370146191124144 -0.01318241794648251 0.08061641875330046 -0.023578532339487743 0.04366325324563551 -0.020982551248970253 0.024718391449052066
2 0 -0.06834354776115753
2 1 0.02791030960816075
2 2 0.042108872564879864
2 3 -0.03853929012794587
2 4 0.05144090585091929
2 5 0.06093490672475699
2 6 -0.007666564174391152
2 7 0.03459344160790417
2 8 0.06994290010257316
2 9 -0.08336326275460011
