## RankNet
## Epochs = 50
## No. of features = 48
## No. of hidden layers = 2
## Layer 1: 10 neurons
## Layer 2: 10 neurons
1 2 3 4 5 6 7 8 9 10 11 12 13 14 15 16 17 18 19 20 21 22 23 24 25 26 27 28 29 30 31 32 33 34 35 36 37 38 39 40 41 42 43 44 45 46 47 48
2
10
10
0 0 -0.028945580776215698 0.04517186585218632 0.03146141371582252 0.10486810981183665 0.018666312286162556 0.04303176214393851 -0.04933864914287767 -0.08928156807000176 0.05160850223699812 0.05617124222244435
0 1 -0.10025254500135333 -0.0888601872458785 0.01231836370164291 -0.07138986859643244 -0.05379897518496092 -0.07490447262372343 0.08523188156253339 0.057849740148837044 -0.07348653270056607 -0.07978393516822273
0 2 0.09185697339974555 0.08855505722189044 0.09211215982579919 0.02056211651383624 -0.0018375860353780622 0.011394020069881319 -0.05667648180812563 -0.07252296051358041 -0.05113356531654455 -0.04273399840663751
0 3 -0.08509544235456147 0.041493612050519026 -0.04508254620655855 -0.009252197385805681 0.08460696490538427 -0.0685997983945132 0.0695462239889557 -0.0605178582564597 0.03897773969613438 0.06631840402847788
0 4 0.05966718847104377 0.0974164427591076 -0.024275280684922896 0.04157618586168765 0.0988355160455707 0.04384346623315518 -0.09543573870708448 -0.01621459110425713 -0.08953477334407968 -0.06991827992246702
0 5 0.08542380299449691 0.027387754915707507 0.05804092490324834 -0.07559765157903159 0.08153285469958663 -0.017659421554610602 0.03750237346391463 0.050303574990561345 0.050426135406295404 0.03820301636036758
0 6 -0.003970014515773906 -0.054552444281266495 0.034088521555993824 0.0262083842896199 -0.09561754000707406 0.050348807129574985 0.0196815766889014 0.0723019719662653 -0.05661913501639079 -0.08728001150688514
0 7 0.013375879283831889 -0.07962673619227469 0.08649083308342742 0.046417577958091906 0.0031260904974806276 -0.047030971643207485 0.07239436263671478 0.09088273172393732 -0.02817847597783373 0.004186132525670731
0 8 -0.08082607510002295 -0.05259399221195161 0.06961749065028787 -0.0164458415595983 0.003600732085054156 -0.00965056519147269 0.04020889331348271 0.05925488209412897 0.08230280694967036 0.073035979067965
0 9 -0.07512971135290304 0.03517321392046035 -0.0880286512960279 -0.007765945897826972 0.02610922850364984 -0.0696940538206364 0.09192795906908786 -0.055943152699009534 -0.011379130133930987 -0.07248301675351099
0 10 -0.04753514500768931 0.020191331273780283 0.006648822122386542 0.002759286748787355 -0.09316508412664624 0.09003705114934193 -0.0486585214292255 0.09966558327959403 -7.653015857007411E-4 0.06214016059605783
0 11 0.07674804420920373 0.07869551783344281 0.02049092444084148 -0.012293421614466372 0.06726303003074281 0.09929297628146154 0.010533140341236515 -0.0312232315668413 -0.09260751108070542 -0.02229229919041958
0 12 -7.80679538341618E-4 -0.018368361253408412 0.09487772259709372 -0.06993830854203514 0.0242983212514264 0.052695568650270884 -0.002876715994842844 0.09591308873957502 -0.0938501203036367 -0.08783076811050115
0 13 -0.01804883901442207 0.029401241443940945 -0.08414859681727706 -0.07177603644146004 0.02560832896538517 -0.07085264156298762 -0.03035261085135566 0.09604660039345377 -0.07149014478821661 -0.025358898706752776
0 14 -0.09622416602046367 -0.024493856222131967 0.011432601667555406 0.03451298665617069 -0.08725568582384054 0.011532080891115381 0.015381778294218567 0.029154375594380545 -0.01693926454062448 0.037477837040320636
0 15 0.06168146774315021 -0.016168823915425238 0.0014680685037588303 -0.08306786683277824 -0.0037526592525738882 0.058187209417025036 0.05182184399106466 0.09954990208108436 -0.02368294085275263 -0.017748119213167757
0 16 0.01127156281793044 0.08133916778113684 0.058645872676482226 -0.04336957957634598 0.025872882280965286 0.04724502131056389 0.08551385338797732 -0.05083497509216051 -0.012968056745477212 0.015369474812138455
0 17 0.006534081883728504 0.06086413934826851 0.042228858917951584 0.0407453291118145 -0.0869138166308403 -0.0166019257158041 -0.0274745412170887 -0.03549469634890556 0.0621161088347435 0.07328544557094574
0 18 0.013635410407403176 -0.083368981707048 -0.07343985912095513 0.010078709076251578 -0.05399076523303617 -0.007034866237940929 -0.09103073683415865 -0.06066098740761645 -0.09554466608886351 -0.022552114061468818
0 19 0.07185980610280407 0.08686302163197637 -0.05475644286041332 -0.03182780490006186 -0.09908920569604318 -0.06723490374063762 -0.007084984844291934 -0.01613836654585133 0.07489487060188639 0.03893576496608288
0 20 0.03578435189752899 -0.03050299800441562 -0.09754317890172066 0.07156659915362776 0.003711173811200204 -0.11673032136534867 -0.05930251609508222 0.053620126907413065 -0.0481834011447477 -0.007091556402373077
0 21 0.1164119572165532 -0.0655350542764459 0.041537800028275326 0.03732917337929066 0.07592608736569006 -0.1189284736094397 0.06745275128658756 -0.0588326259807896 -0.09372508994460714 -0.05129923923544832
0 22 0.07724384218454361 0.06125161796808243 0.07332010567188263 0.03376530855894089 -0.03664817288517952 -0.0736333355307579 -0.011949891224503517 -0.0439709834754467 -0.004557269625365734 -0.01802421733736992
0 23 0.08133483238249253 0.013796671559354516 -0.03988345789973798 0.06989401831542433 -0.04943347765391786 -0.07741668464516925 -0.053742900304238256 0.05669443017679936 0.06829923667787897 -0.07410715772442734
0 24 -0.09358105808496475 -0.08090106397867203 0.03021727129817009 0.01194376964122057 -0.0706232488155365 -0.09030672162771225 -0.03180313855409622 0.02299335040152073 0.0860934853553772 -0.07876737415790558
0 25 0.006841869970628771 -0.06515316151375729 0.038114711375126765 0.09269222940048225 -0.006531825978751577 -0.06818965646058614 0.015619543000708757 0.05780956962639921 -0.07738541815404525 0.05647246345186935
0 26 -0.08525539189577103 -0.0619862899184227 -0.08306194841861725 0.0491149015724659 -0.09574667364358902 -0.06884625554084778 0.07341749966144562 -0.023149829357862473 0.058570414781570435 -0.033253759145736694
0 27 -0.06172903363101487 -0.07810831277778385 -0.008335983889041432 -0.014999757292128556 0.04894808146887914 0.059242160922832965 0.09330084697217794 -0.01663612748182128 -0.026413357809146925 0.10557829530996707
0 28 0.3149512468582766 -0.1594928932256573 -0.4987087439314666 0.10504217874506079 -0.19888994563355517 -0.42302244236184533 -0.1510882156420736 0.06022442325521355 -0.07187249731375524 0.18140830597760219
0 29 0.07759207290910311 0.04488606114293523 -0.12612148701106787 -0.08917328385763644 -0.005864712545404651 0.0190572243791629 0.0758695054900934 -0.041655164368248475 0.012354677803519286 0.0018617997135856078
0 30 0.22657547699053182 -0.2165323191022457 -0.40214969269747736 0.1359786361892924 -0.10560190082864951 -0.3669771827886604 0.03135083611033556 0.09142669430736466 -0.06993614938209114 0.18400246483848304
0 31 0.01868797410334688 -0.026881839878364816 -0.03847216558885396 -0.04290185378878915 0.025791712494374782 -0.1706161995369598 -0.008420583770728242 -0.05920593699866241 0.03978674028115041 -0.04000513730898928
0 32 0.10826946224561362 -0.19941176352612536 -0.3104759960006652 0.07591436516300629 -0.023404316902523252 -0.40812079068846674 -0.11992301843154478 0.04976007934997812 -0.12750101063873404 0.13896496464037392
0 33 -0.08298462792108457 -0.01803027283219937 0.08296711243395923 -0.05987286038686531 0.02162981475064005 0.05667427134577384 -0.06263287172806598 0.06340796761223375 0.0889861926805193 -0.03857902372876656
0 34 0.1665584239031555 -0.19379271445927596 -0.26291849500179154 0.10020658447446014 -0.010996753335562128 -0.24624422703606336 -0.03290452363596492 0.11564813054602302 0.04510373144340735 0.0859143586702776
0 35 0.2103461210704511 -0.025110638256015828 -0.2365333537398322 0.05011341794695435 -0.0913952454822963 -0.33381467734009757 -0.04709804801992337 8.484703725380977E-4 -0.0862486862787013 0.1180755318879355
0 36 0.09508135339351158 -0.10211299774934526 -0.02106852216103014 -0.08043168250114673 0.02110740113834133 -0.03716566383917261 -0.010487689011405617 -0.04860236593369541 0.016909317674258146 0.0313709265531841
0 37 0.13433960069750475 -0.18176244391624466 -0.34068170121617486 0.11570196810123341 0.006596528005534244 -0.3282518897618049 -0.06601457592016166 -0.020070251846890517 -0.07714357350454613 0.13704309992616637
0 38 -0.027657286221499135 -0.0901226442404801 0.06605035477184902 0.037632025652546454 -0.07623421804943309 0.023040822574100592 -0.096451942554633 -0.05616388129125537 -0.040001180467293264 0.03223628004673615
0 39 0.03872528955865413 0.06352579927958903 0.05677633025550508 -0.030612146607618154 -0.039656486678508 0.06349728708823714 -0.08113051646105467 -0.07659035952816887 -0.03836179196564913 -0.09493618632074691
0 40 0.08127660215426205 0.04918824098028585 0.07809570842289577 -0.03476600734053178 -0.008744422662643029 -0.06456684613863423 -0.07775424116007505 -0.09563893111477775 -0.040565971729443075 0.07040671085599565
0 41 0.06724120767565728 0.06286730324766171 -0.06251942125656107 0.05717499279648249 -0.061778738579735065 0.09578577192765218 0.06760483078886413 -0.06145583802252524 0.00794525922844496 -0.08814865722681905
0 42 -0.051063273468690704 -0.01829379531484793 0.032791365596078675 -0.08566754612915274 0.0514393864391424 0.009391812039878378 0.007360423785220999 -0.04587065178986969 0.02375476382475779 -0.010922249766327349
0 43 -0.0397718887802627 0.09238031603514196 0.038133479257272763 -0.0601398950900213 -0.028005001099978156 0.0950746855459303 -0.05703892759075546 0.029386659484485475 -0.0839037358393759 0.050813956482869974
0 44 -0.05205271349051503 -0.07771131087142219 0.046711417958659254 0.10520674935573561 0.006518681386988133 -0.09778511384576945 -0.056806069876503086 -0.00932893519802185 -0.03220632553831545 0.07083316034319241
0 45 0.04218993379971603 0.018982342741907958 -0.09434397973068351 -0.04478997089868591 -6.33333024997729E-4 -0.0879279249355235 -0.09806800734574622 -0.09342278623534449 -0.04799110323921604 0.035899516927621986
0 46 0.10109501376053849 -0.00370836973237934 -0.016212434395628816 0.020915067708434775 -0.1045315183302952 -0.09156270558089406 -0.01413062129492634 0.007938750651197575 0.036643733523927496 0.030352398554406513
0 47 -0.008961868214317813 0.03355587952329809 -0.05783965516154838 0.07869562014256895 -0.0762033839363424 -0.12329445423459229 -0.03569742646042531 -0.07417541288893845 0.07442701139330256 0.059059889329147665
0 48 0.02431338557752008 0.03374645566484619 0.09676397832534811 0.09113989123374397 -0.07120846905468352 -0.0042169518183488046 -0.04734606824587399 0.04551038927048929 0.0778975506649382 0.09252089635108088 0.09743125315229585 0.09143666684386327 -0.08621691862650542 0.022511140153179388 -0.09184160358929527 -0.04157217293013154 0.0035253730710156825 -0.05692288696684909 -0.07451552009680808 -0.07085335794478503 0.05184048911114392
1 0 0.09190882183688245 0.07419406212441969 0.044056434493991936 -0.038996573360193645 0.0019487990348602724 0.04505575481415615 -0.037883611326345976 -0.08034867975612695 0.005169037504056621 -0.04433076281970523
1 1 -0.07653789116468042 0.08696918332831152 0.04175170434230769 -0.021301917035412177 0.06224070348126323 -0.0305231769626285 0.045794393142600025 -0.03549641840803717 0.07090556637966693 -0.03952043375227617
1 2 0.06469377656664971 -0.013873772150109534 -0.04943761410621253 0.06139210094368251 0.017859208223562503 0.0022779770959418474 -0.033207950851961904 0.0940885321490741 0.08663795910802129 0.08208289842385885
1 3 0.015005889649396876 0.09318875753883961 -0.01904404459756071 0.09697008790384999 -0.06559161063822086 0.004810511175193519 0.0550013328739521 -0.04851406245577518 -0.0036364023780468997 -0.053876316020803804
1 4 -0.043037422495032396 0.07489072656420791 -0.06478126221985216 -0.016641622362711266 -0.08618668108796573 0.09316953003872068 -0.012561759133096354 -0.011785275091401811 -0.014462309776186927 0.07607213720815556
1 5 0.06574330590640261 -0.09193311485205401 -0.08562984342686802 -0.037538189845098296 0.09030246098659857 0.018850395278672865 -0.07296080627840498 -0.07043565583531788 0.08752813714581756 0.04528782348179237
1 6 0.047782991399041456 0.008111592554552554 0.011746697742729798 -0.09811893968511479 0.09578134919282831 0.09057381143380085 0.07956579612740598 0.04462956840450494 -0.0772116421680105 0.030992735781125613
1 7 -0.04945519738871049 -0.08294559017349931 0.060939234787273124 -0.09048643620216901 -0.02047022055495403 0.030142221834649915 0.06548310416928767 -0.06127549511442641 -0.013137168076055519 -0.1005153793272194
1 8 -0.008359396578177225 -0.0027075473175820633 -0.06064591248070705 0.08275079940810656 0.017159034216475008 -0.01801863793531685 -0.07954275259582465 -0.09690526642158805 0.09588166686251899 -0.07220639871567515
1 9 -0.03164641738945462 -0.022960860619443992 0.050528496486245536 -0.014437634556591313 0.005217175767705545 -0.05517172394867683 -0.01985523673702538 -0.018018520029328737 -0.08118637186991307 0.04774873290723405
2 0 -0.014509906443884522
2 1 -0.029447113292499636
2 2 -0.03619158242312721
2 3 -0.004235335279518853
2 4 0.020267498907796055
2 5 0.010662814874408963
2 6 0.05388818480725776
2 7 -0.0030950262867597386
2 8 0.07832029498587503
2 9 0.05860167688577428
