## RankNet
## Epochs = 50
## No. of features = 48
## No. of hidden layers = 2
## Layer 1: 10 neurons
## Layer 2: 10 neurons
1 2 3 4 5 6 7 8 9 10 11 12 13 14 15 16 17 18 19 20 21 22 23 24 25 26 27 28 29 30 31 32 33 34 35 36 37 38 39 40 41 42 43 44 45 46 47 48
2
10
10
0 0 -0.02472079895830672 0.09623992621434004 0.05127643021944483 0.1118608423833465 -0.09571758049581316 0.0421849222546449 -0.05089903792676204 0.03358115167737687 0.07534503238266203 -0.03109846678532768
0 1 -0.0818685739560312 -0.028821221009189563 -0.040808195084249155 -0.00485408879531832 -0.006075389527265871 0.04640578108655974 -0.038328528018073085 0.06864812347390312 -0.02969384007696412 0.04326095231822311
0 2 -0.08116870943591376 -0.05501221211260954 -0.05722644775196927 0.004657306405931005 -0.002442709423480127 0.07487908079613965 0.02408244544538789 0.04700815925304132 0.07515216726598639 0.07853715722915375
0 3 -0.06911817979135136 -0.0028223385541406945 -0.00540110513250671 0.022476919874314997 -0.02803155270828786 0.025873497183404714 -0.007729368974217202 0.05618714060886009 -0.06090174319999615 0.015725823165686697
0 4 -0.07097035159487292 0.044892429037958155 -0.07687597994061644 0.011424440899152516 -0.05564745445911074 -0.09148291178209195 -0.06060874651375118 -0.07192405709301183 0.03818298921431302 -0.032970892325976775
0 5 -0.03644586783582634 0.0427901990439201 0.03180772755060238 0.0640720416999811 -0.029069183487663235 -0.006807277487360335 0.0690700337204091 -0.08486844741367733 0.09210421098355655 -0.030482426572184362
0 6 -0.026638269914727425 0.07786108897159072 -0.07964440091905173 -0.046990523975327325 -0.009544521931239948 0.094532269284651 -0.030479619713906746 -0.06202598181762483 -0.08945303621367641 -0.07334419053511852
0 7 -0.018559039188151015 0.028475133291172707 0.00812101736239315 -0.012795978373157933 -2.3710398711007416E-4 0.014276250112161371 -0.017675879540618077 0.0012400198850820692 0.053442056346483795 0.07519306341217451
0 8 -0.02347038887802044 -0.03756648523319634 -0.062207290569006916 -0.059995379447255505 -0.044734822728777636 -0.07767061224080969 0.04509763881621437 0.08819260090500276 -0.07345261075500896 -0.019960038913456737
0 9 0.06716543420787963 -0.08715775085199703 -0.04809563387340259 0.06449512377449147 5.834008072358663E-4 -0.027581966350452458 -0.009704177304527441 -0.08953027784913618 0.020549762761553902 -0.06498296986338925
0 10 0.014516152288881843 0.05016295018087951 -0.03175810877388668 0.08181800678440206 -0.018835757070327804 -0.036163975353019066 -0.021685908585212257 -0.02592182330876407 0.035175241297442164 -0.021955675063697635
0 11 -0.027900653112563286 -0.05757442337978753 0.08281344767504643 0.0046337408392997876 0.08842719145761017 0.05037725636862057 0.02029647395072219 -0.05314321056097384 0.016429550713261742 0.03881817628625257
0 12 0.052425158201546945 0.08610085016735633 -0.0030738340607547655 0.07014026123773272 0.05189818659969983 -0.05038881956540342 0.011078172583445334 -0.09260977111067295 0.015894871010766993 -0.01097921327102629
0 13 -0.044765987274796505 -0.025956880823651274 0.01689280211144246 -0.028529501993188044 0.06691726563659124 0.02700900092452238 -0.06182379077111266 -0.08598205552306834 -0.08285107586276313 0.05489352135965572
0 14 -0.08853998489688569 -0.019432911028652744 -0.004266224136550675 0.017332225736444794 -0.0777725721569643 -0.022513221734350195 0.06273929188768876 -0.07828551019457469 0.04802414150578201 0.018109490588472762
0 15 -0.0545033741393664 -0.069228065528166 -0.025807282679148492 0.041978776739879556 -0.098698137841204 0.0242245035264026 -0.06490719481231236 -0.027285113029391624 0.0439909390092739 0.08307445113835288
0 16 0.08691375412922357 0.07522998450562482 -0.0522822481370905 0.010625730064630225 0.0788711325203203 0.06463697981935404 -0.03521944747045843 -0.022026763827263665 0.07064862290653066 0.07729825587559216
0 17 0.07040331741617441 0.0590109780124238 -0.0469588773281853 0.027902048764169646 -0.06986450541970372 -0.018351015664089646 0.02691162631103742 -0.023268668859323736 -0.0021454106580878194 -0.029164020449354667
0 18 -0.05597588894358311 -0.04086867944085868 0.09074080995375858 -0.0636503583515778 -0.010291447890395137 0.06454897894444607 -0.028050160336944054 -0.08453126532369813 0.010636893676084771 0.023821234156611193
0 19 -0.051623140216364286 0.08578514643207305 -0.057041254423990904 -0.037977707936778106 0.06250943130399389 0.012251763414237072 -0.018436812465277664 -0.03868363177290731 0.08053207663039429 0.026225558417246605
0 20 -0.03912429580141501 -0.06791407652005427 0.007330431073472555 0.018208097127383204 -0.01274652240280726 -0.08002505936136435 -0.0655545263040912 0.11099142456540192 -0.00972651238401359 -0.10771725798924128
0 21 -0.033272545034641936 -0.02003297541756449 -0.0647572446364028 -0.0030134619444153288 -0.021903976548684884 0.03482027522011795 0.0853399770639538 0.051260770861317015 0.011477155149797604 0.06779331289493998
0 22 -0.01321331554277211 0.07374222099469961 -0.03345335042430438 -0.07382436654666374 0.012988183406778507 -0.05191824035794263 -0.05313158339315777 -0.051253631308057206 0.05111673726721031 -0.02344011264147621
0 23 -0.06845349514533296 0.06071208752885567 0.1037075924049466 0.045824913874850166 -0.009427038221105122 -0.048193817217257705 0.11688405587783934 -0.02487721791377878 0.05674673137406984 -0.05775421584923465
0 24 -0.026764774774918173 0.07537257012207677 0.0020792714243757075 0.08413518841761303 0.09358115225499063 0.017148148855529698 -0.08172967428764864 -0.02841281395301723 0.03420411973078901 -0.0198581131303384
0 25 0.07293061354595574 0.016652013633520802 -0.02994871648823629 -0.020375812646969065 -0.025922131563298607 -0.03246472711226868 0.07723015058769483 0.06730231460724118 -0.08472409693354958 0.09957681608864637
0 26 -0.0025369443649458784 0.041459262086252224 0.029752354341717153 -0.05816110996024179 0.04875447240362587 0.06334579918769583 -0.0685983148548415 -0.07847787146589709 0.08206233077732117 0.0018769677912199958
0 27 -0.028729248694355548 0.016330061008517794 0.014959624958321444 0.09110069877107507 -0.03821982781293277 -0.00681744934253846 0.09590743654879898 -0.05593215288061105 0.03671062233972132 -0.06830222616973301
0 28 -0.17277475075038287 0.18925220002879836 0.22302330139460166 0.13009020060514104 -6.124525835484574E-4 -0.16884892344812338 0.3049327421099472 0.2595844162605425 0.011404281186165868 -0.24579517010854826
0 29 0.018563687764168176 0.07219090310038252 -0.006062953881566225 0.1321619810395107 -0.04826351379299761 0.052468953448521434 -0.042922321803550365 0.1102893418751741 0.09794894494762585 -0.04570392434984105
0 30 -0.1671428656056258 0.20761517911077898 0.2139530927240295 0.1226558500816407 0.04612503219907606 -0.2424050876722178 0.12982141558452845 0.17469074542156157 -0.05568559292637816 -0.18553642155001343
0 31 0.054631745928031765 0.07369710800713215 0.00719222541272722 0.07214344558731414 0.04414200905755787 -0.011614847999880986 0.028383322669426787 0.08019561226465359 -0.04624561651231218 -0.02986604702475253
0 32 -0.07060709780711004 0.2338636474353243 0.20097936994368892 0.039630553947997985 0.09064710451715052 -0.030231080378222704 0.24776318004582157 0.10431326648142672 -0.04180926880043698 -0.10498741885339352
0 33 0.04662934666595159 -0.03903622921567668 0.010180633142018688 -0.006286025289364173 -0.020199700146479583 -0.0756255255185378 0.08900292398994196 0.11227213603816916 0.034209387237407615 -0.028928047534055094
0 34 -0.07261572327111081 0.18175104110888896 0.1787707723363206 0.13625693064505656 0.10213390169240702 -0.17708260469564102 0.0829486362471515 0.1440260792793386 -0.04735243166295535 -0.0962123010688858
0 35 -0.0780905445578598 0.20988961899870986 0.15847248707960335 0.1676110946796733 -0.022502404454266614 -0.23715468426498473 0.14622779450417783 0.17924375835494777 -0.005529612799522941 -0.06234256500269743
0 36 -0.12480189286625006 0.05418367144801748 0.1302594397559116 0.07406841889083111 0.0049365019031959384 -0.09991304585161606 0.06548150264576447 0.0453763322367458 0.04151344308622758 -0.1530883153709298
0 37 -0.002560862960152242 0.15551587951437476 0.03408221704320837 0.13833075931608058 0.10168583983478523 -0.15948523502677855 -0.009898110571047577 0.03562565920347985 0.09433821343509295 -0.049527075588110564
0 38 -0.06321769192967817 -0.0844505612972728 -0.06361667679892549 0.0286295566417674 0.02028019336512511 0.06317442798802103 0.05392317708535864 0.02713343470314993 -0.03941168448620128 -0.01920152954672718
0 39 -0.03790856138024648 -0.013566999440231433 -0.08144519346104631 -0.06753997284095406 0.04349082504859241 0.009826530272153567 -0.003629124239544674 -0.09843514704187734 -0.07675831204943913 -0.06988754063759955
0 40 0.0680140109344919 0.08656213830676163 0.002836407550706772 -0.021948644547869784 0.053109062663224064 -0.015512065460892965 -0.0693757175286229 -0.06647042029579503 0.0975716021031831 0.024677824825893403
0 41 0.08797693982359084 -0.025436593569405253 0.07168131168776463 0.06288085118003957 -0.031570216783428896 -0.07554372480012823 0.08945978522358022 0.09149540603071611 -0.024797963210979324 -0.09398245493886304
0 42 0.021359984183618747 0.006319719455366367 0.015938067380162013 -0.08401347029806881 -0.0651560328465365 -4.474069945819574E-4 -0.09936775640380954 0.009082906655995458 -0.05984612556696746 0.06524238494335304
0 43 0.09346953741036138 0.016402394112184127 -0.00854036722107033 0.020659438610377206 -0.0938399622945593 -0.03398712700394553 -0.08291087726124499 -0.047515519588478015 -0.07447005293055438 -0.09549503390506438
0 44 -0.053245472610823456 0.07441445061273502 0.11329464392973491 0.10843434449767544 -0.007770400983135362 0.041238541753947346 -0.041483539769430325 0.0577626265644974 0.019150128201392124 -0.004445907475923236
0 45 0.013750338106520987 -0.030999347630071727 -0.021361200490461026 0.11629062410926297 -0.0023981444769010265 -0.07463609516435714 0.07485561104677393 0.073564350610965 0.036527105220403366 0.06969386823239526
0 46 -0.0113638293751399 0.07469689839787372 -0.051600071021780776 0.07140359547471488 0.08515572312768273 0.06378258302992784 0.10064223813078965 0.010704182094330618 -0.06547064279690708 -0.053236736732100144
0 47 0.045389014541612246 -0.05658156461819799 -0.028245978586806608 0.06593314801214648 -0.0958181593701688 -0.0031703461002376967 -0.0011134861458211285 0.021997733657447914 0.015990173305972324 -0.02949424560148967
0 48 -0.06728056833509294 0.006248793680631086 0.017614141440332964 -0.059069968908343685 -0.03262623227491449 0.08025201330087732 -0.06692717879953303 -0.08528119683354933 0.034049261128861155 -0.051886637313333914 -0.02722144288884355 0.060447884642453514 -0.0949361197313003 0.014421315219894284 0.027077194901995578 -0.0867824744264831 -0.01974784131883183 -0.03462633146401936 -0.0675593977023527 -0.015834390986230407 0.0737386821002496
1 0 0.03292966937853046 0.08569812556902236 0.024965986313619164 -0.01004266201432867 0.06732115918685562 0.062461294575551864 0.02100184693008951 0.06857288953556463 -0.015775012733081517 -0.03323798684506148
1 1 -0.09794275045134697 -0.06574911573459737 -0.013822802129168652 -0.0940102532405469 -0.04670371477842116 -0.002741181330001984 0.009184700160776892 -0.07951347670972073 -0.008470202963951495 0.07512708782019925
1 2 -0.06737016361439459 0.04589205939643456 0.04351706949149311 0.09770861738765213 -0.04857243286950393 0.03497071331727934 0.02384641319858108 -0.005569285608409642 0.05810379767062034 0.010592128274804958
1 3 -0.09732093390988528 -0.03842127964433486 -0.02330694155650157 -0.09450084042638583 0.023948866017843448 0.015753280282141017 0.013146067859074878 -0.013859333193882266 -0.018485515655762227 0.013735058827307424
1 4 -0.052488552664962065 0.028705435887425874 -0.05871355959576155 0.0830766168449508 0.017228624866409876 -0.025588878577709636 0.03516580075270968 0.09201902163867834 0.028414574952693516 -0.0667644077083973
1 5 -0.026004437630863006 0.03561980676769767 0.05793686833465001 -0.009366904740324086 0.0697888565467839 -0.016035595318331375 0.09363777522457292 0.05546269698956276 -0.01524207037860602 0.006448181569962659
1 6 -0.07393860250969037 -0.06173384086323314 -0.08391458083595968 -0.09593303741069932 0.020235074652594044 0.09202034441356934 0.06664571488927241 -0.04413677401002048 0.045089645163090795 0.007332203319463668
1 7 0.027678856995977608 0.007810514180268072 0.003271820754120268 0.07910164820727628 -0.04500846770694871 -0.047461964819313515 -0.09884603465708149 -0.045669802876985806 0.043330227817358194 0.010113501551334274
1 8 0.007199763386341987 -0.05092496472687093 -0.02877613812952443 -0.016366942129220394 0.011083475163711741 -0.0700187982932747 0.07295060125161379 -0.048662403472650675 0.06536747686628369 0.03081343232686818
1 9 0.06778057493997063 -0.02081401906972723 -0.05989243884882433 -0.013095631721225031 -0.09882455815619196 0.03382074338103736 -0.0625104105783398 -0.027270702914556785 -0.02247787936558553 -0.050654197169756346
2 0 0.08543361437800093
2 1 -0.07803775535854399
2 2 0.05149010930422324
2 3 -0.012348327971157234
2 4 -0.051560853970122424
2 5 -0.0163438463364002
2 6 0.06729832168697132
2 7 0.0808802117868605
2 8 -0.04344887748625901
2 9 -0.03519192511343292
