228	0	0.5105892812492442
228	1	0.5105892812492442
228	2	0.5105892812492442
228	3	0.5105892812492442
228	4	0.5105892812492442
228	5	0.5105892812492442
228	6	0.5105892812492442
228	7	0.5105892812492442
228	8	0.5105892812492442
228	9	0.5105892812492442
228	10	0.5105892812492442
228	11	0.5105892812492442
228	12	0.5105892812492442
228	13	0.5105892812492442
228	14	0.5105892812492442
228	15	0.5105892812492442
228	16	0.5105892812492442
228	17	0.5105892812492442
228	18	0.5105892812492442
228	19	0.5105892812492442
228	20	0.5105892812492442
228	21	0.5105892812492442
228	22	0.5105892812492442
228	23	0.5105892812492442
228	24	0.5105892812492442
228	25	0.5105892812492442
228	26	0.5105892812492442
228	27	0.5105892812492442
228	28	0.5105892812492442
228	29	0.5105892812492442
228	30	0.5105892812492442
228	31	0.5105892812492442
228	32	0.5105892812492442
228	33	0.5105892812492442
228	34	0.5105892812492442
228	35	0.5105892812492442
228	36	0.5105892812492442
228	37	0.5105892812492442
228	38	0.5105892812492442
228	39	0.5105892812492442
228	40	0.5105892812492442
228	41	0.5105892812492442
228	42	0.5105892812492442
228	43	0.5105892812492442
228	44	0.5105892812492442
228	45	0.5105892812492442
228	46	0.5105892812492442
228	47	0.5105892812492442
228	48	0.5105892812492442
228	49	0.5105892812492442
228	50	0.5105892812492442
228	51	0.5105892812492442
228	52	0.5105892812492442
228	53	0.5105892812492442
228	54	0.5105892812492442
228	55	0.5105892812492442
228	56	0.5105892812492442
228	57	0.5105892812492442
228	58	0.5105892812492442
228	59	0.5105892812492442
228	60	0.5105892812492442
228	61	0.5105892812492442
228	62	0.5105892812492442
228	63	0.5105892812492442
228	64	0.5105892812492442
228	65	0.5105892812492442
228	66	0.5105892812492442
228	67	0.5105892812492442
228	68	0.5105892812492442
228	69	0.5105892812492442
228	70	0.5105892812492442
228	71	0.5105892812492442
229	0	0.5105892812492442
229	1	0.5105892812492442
229	2	0.5105892812492442
229	3	0.5105892812492442
229	4	0.5105892812492442
229	5	0.5105892812492442
229	6	0.5105892812492442
229	7	0.5105892812492442
229	8	0.5105892812492442
229	9	0.5105892812492442
229	10	0.5105892812492442
229	11	0.5105892812492442
229	12	0.5105892812492442
230	0	0.5105892812492442
230	1	0.5105892812492442
230	2	0.5105892812492442
230	3	0.5105892812492442
230	4	0.5105892812492442
230	5	0.5105892812492442
230	6	0.5105892812492442
230	7	0.5105892812492442
230	8	0.5105892812492442
230	9	0.5105892812492442
230	10	0.5105892812492442
230	11	0.5105892812492442
230	12	0.5105892812492442
230	13	0.5105892812492442
230	14	0.5105892812492442
230	15	0.5105892812492442
230	16	0.5105892812492442
230	17	0.5105892812492442
230	18	0.5105892812492442
230	19	0.5105892812492442
230	20	0.5105892812492442
230	21	0.5105892812492442
230	22	0.5105892812492442
230	23	0.5105892812492442
230	24	0.5105892812492442
230	25	0.5105892812492442
230	26	0.5105892812492442
230	27	0.5105892812492442
230	28	0.5105892812492442
230	29	0.5105892812492442
230	30	0.5105892812492442
230	31	0.5105892812492442
230	32	0.5105892812492442
230	33	0.5105892812492442
230	34	0.5105892812492442
230	35	0.5105892812492442
230	36	0.5105892812492442
230	37	0.5105892812492442
230	38	0.5105892812492442
230	39	0.5105892812492442
230	40	0.5105892812492442
231	0	0.5105892812492442
231	1	0.5105892812492442
231	2	0.5105892812492442
231	3	0.5105892812492442
231	4	0.5105892812492442
231	5	0.5105892812492442
231	6	0.5105892812492442
231	7	0.5105892812492442
231	8	0.5105892812492442
231	9	0.5105892812492442
231	10	0.5105892812492442
231	11	0.5105892812492442
231	12	0.5105892812492442
231	13	0.5105892812492442
231	14	0.5105892812492442
231	15	0.5105892812492442
231	16	0.5105892812492442
231	17	0.5105892812492442
231	18	0.5105892812492442
231	19	0.5105892812492442
231	20	0.5105892812492442
231	21	0.5105892812492442
231	22	0.5105892812492442
231	23	0.5105892812492442
231	24	0.5105892812492442
231	25	0.5105892812492442
231	26	0.5105892812492442
231	27	0.5105892812492442
231	28	0.5105892812492442
231	29	0.5105892812492442
231	30	0.5105892812492442
231	31	0.5105892812492442
231	32	0.5105892812492442
231	33	0.5105892812492442
231	34	0.5105892812492442
231	35	0.5105892812492442
231	36	0.5105892812492442
231	37	0.5105892812492442
231	38	0.5105892812492442
231	39	0.5105892812492442
231	40	0.5105892812492442
231	41	0.5105892812492442
231	42	0.5105892812492442
231	43	0.5105892812492442
231	44	0.5105892812492442
231	45	0.5105892812492442
231	46	0.5105892812492442
231	47	0.5105892812492442
231	48	0.5105892812492442
231	49	0.5105892812492442
231	50	0.5105892812492442
231	51	0.5105892812492442
231	52	0.5105892812492442
231	53	0.5105892812492442
231	54	0.5105892812492442
231	55	0.5105892812492442
231	56	0.5105892812492442
231	57	0.5105892812492442
231	58	0.5105892812492442
231	59	0.5105892812492442
231	60	0.5105892812492442
231	61	0.5105892812492442
231	62	0.5105892812492442
231	63	0.5105892812492442
231	64	0.5105892812492442
231	65	0.5105892812492442
231	66	0.5105892812492442
231	67	0.5105892812492442
231	68	0.5105892812492442
231	69	0.5105892812492442
231	70	0.5105892812492442
231	71	0.5105892812492442
232	0	0.5105892812492442
232	1	0.5105892812492442
232	2	0.5105892812492442
232	3	0.5105892812492442
232	4	0.5105892812492442
232	5	0.5105892812492442
232	6	0.5105892812492442
232	7	0.5105892812492442
232	8	0.5105892812492442
232	9	0.5105892812492442
232	10	0.5105892812492442
232	11	0.5105892812492442
232	12	0.5105892812492442
232	13	0.5105892812492442
232	14	0.5105892812492442
232	15	0.5105892812492442
232	16	0.5105892812492442
232	17	0.5105892812492442
232	18	0.5105892812492442
232	19	0.5105892812492442
232	20	0.5105892812492442
232	21	0.5105892812492442
232	22	0.5105892812492442
232	23	0.5105892812492442
232	24	0.5105892812492442
232	25	0.5105892812492442
232	26	0.5105892812492442
232	27	0.5105892812492442
232	28	0.5105892812492442
232	29	0.5105892812492442
232	30	0.5105892812492442
232	31	0.5105892812492442
232	32	0.5105892812492442
232	33	0.5105892812492442
232	34	0.5105892812492442
232	35	0.5105892812492442
232	36	0.5105892812492442
232	37	0.5105892812492442
232	38	0.5105892812492442
232	39	0.5105892812492442
232	40	0.5105892812492442
233	0	0.5105892812492442
233	1	0.5105892812492442
233	2	0.5105892812492442
233	3	0.5105892812492442
233	4	0.5105892812492442
233	5	0.5105892812492442
233	6	0.5105892812492442
233	7	0.5105892812492442
233	8	0.5105892812492442
233	9	0.5105892812492442
233	10	0.5105892812492442
233	11	0.5105892812492442
233	12	0.5105892812492442
233	13	0.5105892812492442
233	14	0.5105892812492442
233	15	0.5105892812492442
233	16	0.5105892812492442
233	17	0.5105892812492442
233	18	0.5105892812492442
233	19	0.5105892812492442
233	20	0.5105892812492442
233	21	0.5105892812492442
233	22	0.5105892812492442
233	23	0.5105892812492442
233	24	0.5105892812492442
233	25	0.5105892812492442
233	26	0.5105892812492442
233	27	0.5105892812492442
233	28	0.5105892812492442
233	29	0.5105892812492442
233	30	0.5105892812492442
233	31	0.5105892812492442
233	32	0.5105892812492442
233	33	0.5105892812492442
233	34	0.5105892812492442
233	35	0.5105892812492442
233	36	0.5105892812492442
233	37	0.5105892812492442
233	38	0.5105892812492442
233	39	0.5105892812492442
233	40	0.5105892812492442
233	41	0.5105892812492442
233	42	0.5105892812492442
233	43	0.5105892812492442
233	44	0.5105892812492442
233	45	0.5105892812492442
233	46	0.5105892812492442
233	47	0.5105892812492442
233	48	0.5105892812492442
233	49	0.5105892812492442
233	50	0.5105892812492442
233	51	0.5105892812492442
233	52	0.5105892812492442
233	53	0.5105892812492442
233	54	0.5105892812492442
233	55	0.5105892812492442
233	56	0.5105892812492442
233	57	0.5105892812492442
233	58	0.5105892812492442
233	59	0.5105892812492442
233	60	0.5105892812492442
233	61	0.5105892812492442
233	62	0.5105892812492442
233	63	0.5105892812492442
233	64	0.5105892812492442
233	65	0.5105892812492442
233	66	0.5105892812492442
233	67	0.5105892812492442
233	68	0.5105892812492442
233	69	0.5105892812492442
233	70	0.5105892812492442
233	71	0.5105892812492442
234	0	0.5105892812492442
234	1	0.5105892812492442
234	2	0.5105892812492442
234	3	0.5105892812492442
234	4	0.5105892812492442
234	5	0.5105892812492442
234	6	0.5105892812492442
234	7	0.5105892812492442
234	8	0.5105892812492442
234	9	0.5105892812492442
234	10	0.5105892812492442
234	11	0.5105892812492442
234	12	0.5105892812492442
234	13	0.5105892812492442
234	14	0.5105892812492442
234	15	0.5105892812492442
234	16	0.5105892812492442
235	0	0.5105892812492442
235	1	0.5105892812492442
235	2	0.5105892812492442
235	3	0.5105892812492442
235	4	0.5105892812492442
235	5	0.5105892812492442
235	6	0.5105892812492442
235	7	0.5105892812492442
235	8	0.5105892812492442
235	9	0.5105892812492442
235	10	0.5105892812492442
235	11	0.5105892812492442
235	12	0.5105892812492442
235	13	0.5105892812492442
235	14	0.5105892812492442
235	15	0.5105892812492442
235	16	0.5105892812492442
235	17	0.5105892812492442
235	18	0.5105892812492442
235	19	0.5105892812492442
235	20	0.5105892812492442
235	21	0.5105892812492442
235	22	0.5105892812492442
235	23	0.5105892812492442
235	24	0.5105892812492442
235	25	0.5105892812492442
235	26	0.5105892812492442
235	27	0.5105892812492442
235	28	0.5105892812492442
235	29	0.5105892812492442
235	30	0.5105892812492442
235	31	0.5105892812492442
235	32	0.5105892812492442
235	33	0.5105892812492442
235	34	0.5105892812492442
235	35	0.5105892812492442
235	36	0.5105892812492442
235	37	0.5105892812492442
235	38	0.5105892812492442
235	39	0.5105892812492442
235	40	0.5105892812492442
236	0	0.5105892812492442
236	1	0.5105892812492442
236	2	0.5105892812492442
236	3	0.5105892812492442
236	4	0.5105892812492442
236	5	0.5105892812492442
236	6	0.5105892812492442
236	7	0.5105892812492442
236	8	0.5105892812492442
236	9	0.5105892812492442
236	10	0.5105892812492442
236	11	0.5105892812492442
236	12	0.5105892812492442
236	13	0.5105892812492442
236	14	0.5105892812492442
236	15	0.5105892812492442
236	16	0.5105892812492442
236	17	0.5105892812492442
236	18	0.5105892812492442
236	19	0.5105892812492442
236	20	0.5105892812492442
236	21	0.5105892812492442
236	22	0.5105892812492442
236	23	0.5105892812492442
236	24	0.5105892812492442
236	25	0.5105892812492442
236	26	0.5105892812492442
236	27	0.5105892812492442
236	28	0.5105892812492442
236	29	0.5105892812492442
236	30	0.5105892812492442
236	31	0.5105892812492442
236	32	0.5105892812492442
236	33	0.5105892812492442
236	34	0.5105892812492442
236	35	0.5105892812492442
236	36	0.5105892812492442
236	37	0.5105892812492442
236	38	0.5105892812492442
236	39	0.5105892812492442
236	40	0.5105892812492442
237	0	0.5105892812492442
237	1	0.5105892812492442
237	2	0.5105892812492442
237	3	0.5105892812492442
237	4	0.5105892812492442
237	5	0.5105892812492442
237	6	0.5105892812492442
237	7	0.5105892812492442
237	8	0.5105892812492442
237	9	0.5105892812492442
237	10	0.5105892812492442
237	11	0.5105892812492442
237	12	0.5105892812492442
237	13	0.5105892812492442
237	14	0.5105892812492442
237	15	0.5105892812492442
237	16	0.5105892812492442
237	17	0.5105892812492442
237	18	0.5105892812492442
237	19	0.5105892812492442
237	20	0.5105892812492442
237	21	0.5105892812492442
237	22	0.5105892812492442
237	23	0.5105892812492442
237	24	0.5105892812492442
237	25	0.5105892812492442
237	26	0.5105892812492442
237	27	0.5105892812492442
237	28	0.5105892812492442
237	29	0.5105892812492442
237	30	0.5105892812492442
237	31	0.5105892812492442
237	32	0.5105892812492442
237	33	0.5105892812492442
237	34	0.5105892812492442
237	35	0.5105892812492442
237	36	0.5105892812492442
237	37	0.5105892812492442
237	38	0.5105892812492442
237	39	0.5105892812492442
237	40	0.5105892812492442
237	41	0.5105892812492442
237	42	0.5105892812492442
237	43	0.5105892812492442
237	44	0.5105892812492442
237	45	0.5105892812492442
237	46	0.5105892812492442
237	47	0.5105892812492442
237	48	0.5105892812492442
237	49	0.5105892812492442
237	50	0.5105892812492442
237	51	0.5105892812492442
237	52	0.5105892812492442
237	53	0.5105892812492442
237	54	0.5105892812492442
237	55	0.5105892812492442
237	56	0.5105892812492442
237	57	0.5105892812492442
237	58	0.5105892812492442
237	59	0.5105892812492442
237	60	0.5105892812492442
237	61	0.5105892812492442
237	62	0.5105892812492442
237	63	0.5105892812492442
237	64	0.5105892812492442
237	65	0.5105892812492442
237	66	0.5105892812492442
237	67	0.5105892812492442
237	68	0.5105892812492442
237	69	0.5105892812492442
238	0	0.5105892812492442
238	1	0.5105892812492442
238	2	0.5105892812492442
238	3	0.5105892812492442
238	4	0.5105892812492442
238	5	0.5105892812492442
238	6	0.5105892812492442
238	7	0.5105892812492442
238	8	0.5105892812492442
238	9	0.5105892812492442
238	10	0.5105892812492442
238	11	0.5105892812492442
238	12	0.5105892812492442
238	13	0.5105892812492442
238	14	0.5105892812492442
238	15	0.5105892812492442
238	16	0.5105892812492442
238	17	0.5105892812492442
238	18	0.5105892812492442
238	19	0.5105892812492442
238	20	0.5105892812492442
238	21	0.5105892812492442
238	22	0.5105892812492442
238	23	0.5105892812492442
238	24	0.5105892812492442
238	25	0.5105892812492442
238	26	0.5105892812492442
238	27	0.5105892812492442
238	28	0.5105892812492442
238	29	0.5105892812492442
238	30	0.5105892812492442
238	31	0.5105892812492442
238	32	0.5105892812492442
238	33	0.5105892812492442
238	34	0.5105892812492442
238	35	0.5105892812492442
238	36	0.5105892812492442
238	37	0.5105892812492442
238	38	0.5105892812492442
238	39	0.5105892812492442
238	40	0.5105892812492442
238	41	0.5105892812492442
238	42	0.5105892812492442
238	43	0.5105892812492442
238	44	0.5105892812492442
238	45	0.5105892812492442
238	46	0.5105892812492442
238	47	0.5105892812492442
238	48	0.5105892812492442
238	49	0.5105892812492442
238	50	0.5105892812492442
239	0	0.5105892812492442
239	1	0.5105892812492442
239	2	0.5105892812492442
239	3	0.5105892812492442
239	4	0.5105892812492442
239	5	0.5105892812492442
239	6	0.5105892812492442
239	7	0.5105892812492442
239	8	0.5105892812492442
239	9	0.5105892812492442
239	10	0.5105892812492442
239	11	0.5105892812492442
239	12	0.5105892812492442
239	13	0.5105892812492442
239	14	0.5105892812492442
239	15	0.5105892812492442
239	16	0.5105892812492442
239	17	0.5105892812492442
239	18	0.5105892812492442
239	19	0.5105892812492442
239	20	0.5105892812492442
239	21	0.5105892812492442
239	22	0.5105892812492442
239	23	0.5105892812492442
239	24	0.5105892812492442
239	25	0.5105892812492442
239	26	0.5105892812492442
239	27	0.5105892812492442
239	28	0.5105892812492442
239	29	0.5105892812492442
239	30	0.5105892812492442
239	31	0.5105892812492442
239	32	0.5105892812492442
239	33	0.5105892812492442
239	34	0.5105892812492442
239	35	0.5105892812492442
239	36	0.5105892812492442
239	37	0.5105892812492442
239	38	0.5105892812492442
239	39	0.5105892812492442
239	40	0.5105892812492442
239	41	0.5105892812492442
239	42	0.5105892812492442
239	43	0.5105892812492442
239	44	0.5105892812492442
239	45	0.5105892812492442
239	46	0.5105892812492442
239	47	0.5105892812492442
239	48	0.5105892812492442
239	49	0.5105892812492442
239	50	0.5105892812492442
240	0	0.5105892812492442
240	1	0.5105892812492442
240	2	0.5105892812492442
240	3	0.5105892812492442
240	4	0.5105892812492442
240	5	0.5105892812492442
240	6	0.5105892812492442
240	7	0.5105892812492442
240	8	0.5105892812492442
240	9	0.5105892812492442
240	10	0.5105892812492442
240	11	0.5105892812492442
240	12	0.5105892812492442
240	13	0.5105892812492442
240	14	0.5105892812492442
240	15	0.5105892812492442
240	16	0.5105892812492442
240	17	0.5105892812492442
240	18	0.5105892812492442
240	19	0.5105892812492442
240	20	0.5105892812492442
240	21	0.5105892812492442
240	22	0.5105892812492442
240	23	0.5105892812492442
240	24	0.5105892812492442
240	25	0.5105892812492442
240	26	0.5105892812492442
240	27	0.5105892812492442
240	28	0.5105892812492442
240	29	0.5105892812492442
240	30	0.5105892812492442
240	31	0.5105892812492442
240	32	0.5105892812492442
240	33	0.5105892812492442
240	34	0.5105892812492442
240	35	0.5105892812492442
240	36	0.5105892812492442
240	37	0.5105892812492442
240	38	0.5105892812492442
240	39	0.5105892812492442
240	40	0.5105892812492442
240	41	0.5105892812492442
240	42	0.5105892812492442
240	43	0.5105892812492442
240	44	0.5105892812492442
240	45	0.5105892812492442
240	46	0.5105892812492442
240	47	0.5105892812492442
240	48	0.5105892812492442
240	49	0.5105892812492442
240	50	0.5105892812492442
241	0	0.5105892812492442
241	1	0.5105892812492442
241	2	0.5105892812492442
241	3	0.5105892812492442
241	4	0.5105892812492442
241	5	0.5105892812492442
241	6	0.5105892812492442
241	7	0.5105892812492442
241	8	0.5105892812492442
241	9	0.5105892812492442
241	10	0.5105892812492442
241	11	0.5105892812492442
241	12	0.5105892812492442
241	13	0.5105892812492442
241	14	0.5105892812492442
241	15	0.5105892812492442
241	16	0.5105892812492442
241	17	0.5105892812492442
241	18	0.5105892812492442
241	19	0.5105892812492442
241	20	0.5105892812492442
241	21	0.5105892812492442
241	22	0.5105892812492442
241	23	0.5105892812492442
241	24	0.5105892812492442
241	25	0.5105892812492442
241	26	0.5105892812492442
241	27	0.5105892812492442
241	28	0.5105892812492442
241	29	0.5105892812492442
241	30	0.5105892812492442
241	31	0.5105892812492442
241	32	0.5105892812492442
241	33	0.5105892812492442
241	34	0.5105892812492442
241	35	0.5105892812492442
241	36	0.5105892812492442
241	37	0.5105892812492442
241	38	0.5105892812492442
241	39	0.5105892812492442
241	40	0.5105892812492442
241	41	0.5105892812492442
241	42	0.5105892812492442
241	43	0.5105892812492442
241	44	0.5105892812492442
241	45	0.5105892812492442
241	46	0.5105892812492442
241	47	0.5105892812492442
241	48	0.5105892812492442
241	49	0.5105892812492442
241	50	0.5105892812492442
242	0	0.5105892812492442
242	1	0.5105892812492442
242	2	0.5105892812492442
242	3	0.5105892812492442
242	4	0.5105892812492442
242	5	0.5105892812492442
242	6	0.5105892812492442
242	7	0.5105892812492442
242	8	0.5105892812492442
242	9	0.5105892812492442
242	10	0.5105892812492442
242	11	0.5105892812492442
242	12	0.5105892812492442
242	13	0.5105892812492442
242	14	0.5105892812492442
242	15	0.5105892812492442
242	16	0.5105892812492442
242	17	0.5105892812492442
242	18	0.5105892812492442
242	19	0.5105892812492442
242	20	0.5105892812492442
242	21	0.5105892812492442
242	22	0.5105892812492442
242	23	0.5105892812492442
242	24	0.5105892812492442
242	25	0.5105892812492442
242	26	0.5105892812492442
242	27	0.5105892812492442
242	28	0.5105892812492442
242	29	0.5105892812492442
242	30	0.5105892812492442
242	31	0.5105892812492442
242	32	0.5105892812492442
242	33	0.5105892812492442
242	34	0.5105892812492442
242	35	0.5105892812492442
242	36	0.5105892812492442
242	37	0.5105892812492442
242	38	0.5105892812492442
242	39	0.5105892812492442
242	40	0.5105892812492442
242	41	0.5105892812492442
242	42	0.5105892812492442
242	43	0.5105892812492442
242	44	0.5105892812492442
242	45	0.5105892812492442
242	46	0.5105892812492442
242	47	0.5105892812492442
242	48	0.5105892812492442
242	49	0.5105892812492442
242	50	0.5105892812492442
242	51	0.5105892812492442
242	52	0.5105892812492442
242	53	0.5105892812492442
242	54	0.5105892812492442
242	55	0.5105892812492442
242	56	0.5105892812492442
242	57	0.5105892812492442
242	58	0.5105892812492442
242	59	0.5105892812492442
243	0	0.5105892812492442
243	1	0.5105892812492442
243	2	0.5105892812492442
243	3	0.5105892812492442
243	4	0.5105892812492442
243	5	0.5105892812492442
243	6	0.5105892812492442
243	7	0.5105892812492442
243	8	0.5105892812492442
243	9	0.5105892812492442
243	10	0.5105892812492442
243	11	0.5105892812492442
243	12	0.5105892812492442
243	13	0.5105892812492442
243	14	0.5105892812492442
243	15	0.5105892812492442
243	16	0.5105892812492442
243	17	0.5105892812492442
243	18	0.5105892812492442
243	19	0.5105892812492442
243	20	0.5105892812492442
243	21	0.5105892812492442
243	22	0.5105892812492442
243	23	0.5105892812492442
243	24	0.5105892812492442
243	25	0.5105892812492442
243	26	0.5105892812492442
243	27	0.5105892812492442
243	28	0.5105892812492442
243	29	0.5105892812492442
243	30	0.5105892812492442
243	31	0.5105892812492442
243	32	0.5105892812492442
243	33	0.5105892812492442
243	34	0.5105892812492442
243	35	0.5105892812492442
243	36	0.5105892812492442
243	37	0.5105892812492442
243	38	0.5105892812492442
243	39	0.5105892812492442
243	40	0.5105892812492442
243	41	0.5105892812492442
243	42	0.5105892812492442
243	43	0.5105892812492442
243	44	0.5105892812492442
243	45	0.5105892812492442
243	46	0.5105892812492442
243	47	0.5105892812492442
243	48	0.5105892812492442
243	49	0.5105892812492442
243	50	0.5105892812492442
243	51	0.5105892812492442
243	52	0.5105892812492442
243	53	0.5105892812492442
243	54	0.5105892812492442
243	55	0.5105892812492442
243	56	0.5105892812492442
243	57	0.5105892812492442
243	58	0.5105892812492442
243	59	0.5105892812492442
243	60	0.5105892812492442
243	61	0.5105892812492442
243	62	0.5105892812492442
243	63	0.5105892812492442
243	64	0.5105892812492442
243	65	0.5105892812492442
243	66	0.5105892812492442
243	67	0.5105892812492442
243	68	0.5105892812492442
243	69	0.5105892812492442
243	70	0.5105892812492442
243	71	0.5105892812492442
243	72	0.5105892812492442
243	73	0.5105892812492442
243	74	0.5105892812492442
244	0	0.5105892812492442
244	1	0.5105892812492442
244	2	0.5105892812492442
244	3	0.5105892812492442
244	4	0.5105892812492442
244	5	0.5105892812492442
244	6	0.5105892812492442
244	7	0.5105892812492442
244	8	0.5105892812492442
244	9	0.5105892812492442
244	10	0.5105892812492442
244	11	0.5105892812492442
244	12	0.5105892812492442
244	13	0.5105892812492442
244	14	0.5105892812492442
244	15	0.5105892812492442
244	16	0.5105892812492442
244	17	0.5105892812492442
244	18	0.5105892812492442
244	19	0.5105892812492442
244	20	0.5105892812492442
244	21	0.5105892812492442
244	22	0.5105892812492442
244	23	0.5105892812492442
244	24	0.5105892812492442
244	25	0.5105892812492442
244	26	0.5105892812492442
244	27	0.5105892812492442
244	28	0.5105892812492442
244	29	0.5105892812492442
244	30	0.5105892812492442
244	31	0.5105892812492442
244	32	0.5105892812492442
244	33	0.5105892812492442
244	34	0.5105892812492442
244	35	0.5105892812492442
244	36	0.5105892812492442
244	37	0.5105892812492442
244	38	0.5105892812492442
244	39	0.5105892812492442
244	40	0.5105892812492442
244	41	0.5105892812492442
244	42	0.5105892812492442
244	43	0.5105892812492442
244	44	0.5105892812492442
244	45	0.5105892812492442
244	46	0.5105892812492442
244	47	0.5105892812492442
244	48	0.5105892812492442
244	49	0.5105892812492442
244	50	0.5105892812492442
244	51	0.5105892812492442
244	52	0.5105892812492442
244	53	0.5105892812492442
244	54	0.5105892812492442
244	55	0.5105892812492442
244	56	0.5105892812492442
244	57	0.5105892812492442
244	58	0.5105892812492442
244	59	0.5105892812492442
244	60	0.5105892812492442
244	61	0.5105892812492442
244	62	0.5105892812492442
244	63	0.5105892812492442
244	64	0.5105892812492442
244	65	0.5105892812492442
244	66	0.5105892812492442
244	67	0.5105892812492442
244	68	0.5105892812492442
244	69	0.5105892812492442
244	70	0.5105892812492442
244	71	0.5105892812492442
244	72	0.5105892812492442
244	73	0.5105892812492442
244	74	0.5105892812492442
245	0	0.5105892812492442
245	1	0.5105892812492442
245	2	0.5105892812492442
245	3	0.5105892812492442
245	4	0.5105892812492442
245	5	0.5105892812492442
245	6	0.5105892812492442
245	7	0.5105892812492442
245	8	0.5105892812492442
245	9	0.5105892812492442
245	10	0.5105892812492442
245	11	0.5105892812492442
245	12	0.5105892812492442
245	13	0.5105892812492442
245	14	0.5105892812492442
245	15	0.5105892812492442
245	16	0.5105892812492442
245	17	0.5105892812492442
245	18	0.5105892812492442
245	19	0.5105892812492442
245	20	0.5105892812492442
245	21	0.5105892812492442
245	22	0.5105892812492442
245	23	0.5105892812492442
245	24	0.5105892812492442
245	25	0.5105892812492442
245	26	0.5105892812492442
245	27	0.5105892812492442
245	28	0.5105892812492442
245	29	0.5105892812492442
245	30	0.5105892812492442
245	31	0.5105892812492442
245	32	0.5105892812492442
245	33	0.5105892812492442
245	34	0.5105892812492442
245	35	0.5105892812492442
245	36	0.5105892812492442
245	37	0.5105892812492442
245	38	0.5105892812492442
245	39	0.5105892812492442
245	40	0.5105892812492442
245	41	0.5105892812492442
245	42	0.5105892812492442
245	43	0.5105892812492442
245	44	0.5105892812492442
245	45	0.5105892812492442
245	46	0.5105892812492442
245	47	0.5105892812492442
245	48	0.5105892812492442
245	49	0.5105892812492442
245	50	0.5105892812492442
245	51	0.5105892812492442
245	52	0.5105892812492442
245	53	0.5105892812492442
245	54	0.5105892812492442
245	55	0.5105892812492442
245	56	0.5105892812492442
245	57	0.5105892812492442
245	58	0.5105892812492442
245	59	0.5105892812492442
245	60	0.5105892812492442
245	61	0.5105892812492442
245	62	0.5105892812492442
245	63	0.5105892812492442
245	64	0.5105892812492442
245	65	0.5105892812492442
245	66	0.5105892812492442
245	67	0.5105892812492442
245	68	0.5105892812492442
245	69	0.5105892812492442
245	70	0.5105892812492442
245	71	0.5105892812492442
245	72	0.5105892812492442
245	73	0.5105892812492442
245	74	0.5105892812492442
246	0	0.5105892812492442
246	1	0.5105892812492442
246	2	0.5105892812492442
246	3	0.5105892812492442
246	4	0.5105892812492442
246	5	0.5105892812492442
246	6	0.5105892812492442
246	7	0.5105892812492442
246	8	0.5105892812492442
246	9	0.5105892812492442
246	10	0.5105892812492442
246	11	0.5105892812492442
246	12	0.5105892812492442
246	13	0.5105892812492442
246	14	0.5105892812492442
246	15	0.5105892812492442
246	16	0.5105892812492442
246	17	0.5105892812492442
246	18	0.5105892812492442
246	19	0.5105892812492442
246	20	0.5105892812492442
246	21	0.5105892812492442
246	22	0.5105892812492442
246	23	0.5105892812492442
246	24	0.5105892812492442
246	25	0.5105892812492442
246	26	0.5105892812492442
246	27	0.5105892812492442
246	28	0.5105892812492442
246	29	0.5105892812492442
246	30	0.5105892812492442
246	31	0.5105892812492442
246	32	0.5105892812492442
246	33	0.5105892812492442
246	34	0.5105892812492442
246	35	0.5105892812492442
246	36	0.5105892812492442
246	37	0.5105892812492442
246	38	0.5105892812492442
246	39	0.5105892812492442
246	40	0.5105892812492442
246	41	0.5105892812492442
246	42	0.5105892812492442
246	43	0.5105892812492442
246	44	0.5105892812492442
246	45	0.5105892812492442
246	46	0.5105892812492442
246	47	0.5105892812492442
246	48	0.5105892812492442
246	49	0.5105892812492442
246	50	0.5105892812492442
246	51	0.5105892812492442
246	52	0.5105892812492442
246	53	0.5105892812492442
246	54	0.5105892812492442
246	55	0.5105892812492442
246	56	0.5105892812492442
246	57	0.5105892812492442
246	58	0.5105892812492442
246	59	0.5105892812492442
246	60	0.5105892812492442
246	61	0.5105892812492442
246	62	0.5105892812492442
246	63	0.5105892812492442
246	64	0.5105892812492442
246	65	0.5105892812492442
246	66	0.5105892812492442
246	67	0.5105892812492442
246	68	0.5105892812492442
246	69	0.5105892812492442
246	70	0.5105892812492442
246	71	0.5105892812492442
246	72	0.5105892812492442
246	73	0.5105892812492442
246	74	0.5105892812492442
247	0	0.5105892812492442
247	1	0.5105892812492442
247	2	0.5105892812492442
247	3	0.5105892812492442
247	4	0.5105892812492442
247	5	0.5105892812492442
247	6	0.5105892812492442
247	7	0.5105892812492442
247	8	0.5105892812492442
247	9	0.5105892812492442
247	10	0.5105892812492442
247	11	0.5105892812492442
247	12	0.5105892812492442
247	13	0.5105892812492442
247	14	0.5105892812492442
247	15	0.5105892812492442
247	16	0.5105892812492442
247	17	0.5105892812492442
247	18	0.5105892812492442
247	19	0.5105892812492442
247	20	0.5105892812492442
247	21	0.5105892812492442
247	22	0.5105892812492442
247	23	0.5105892812492442
247	24	0.5105892812492442
247	25	0.5105892812492442
247	26	0.5105892812492442
248	0	0.5105892812492442
248	1	0.5105892812492442
248	2	0.5105892812492442
248	3	0.5105892812492442
248	4	0.5105892812492442
248	5	0.5105892812492442
248	6	0.5105892812492442
248	7	0.5105892812492442
248	8	0.5105892812492442
248	9	0.5105892812492442
248	10	0.5105892812492442
248	11	0.5105892812492442
248	12	0.5105892812492442
248	13	0.5105892812492442
248	14	0.5105892812492442
248	15	0.5105892812492442
248	16	0.5105892812492442
248	17	0.5105892812492442
248	18	0.5105892812492442
248	19	0.5105892812492442
248	20	0.5105892812492442
248	21	0.5105892812492442
248	22	0.5105892812492442
248	23	0.5105892812492442
248	24	0.5105892812492442
248	25	0.5105892812492442
248	26	0.5105892812492442
248	27	0.5105892812492442
248	28	0.5105892812492442
248	29	0.5105892812492442
248	30	0.5105892812492442
248	31	0.5105892812492442
248	32	0.5105892812492442
248	33	0.5105892812492442
248	34	0.5105892812492442
248	35	0.5105892812492442
248	36	0.5105892812492442
248	37	0.5105892812492442
248	38	0.5105892812492442
248	39	0.5105892812492442
248	40	0.5105892812492442
248	41	0.5105892812492442
248	42	0.5105892812492442
248	43	0.5105892812492442
248	44	0.5105892812492442
248	45	0.5105892812492442
248	46	0.5105892812492442
248	47	0.5105892812492442
248	48	0.5105892812492442
248	49	0.5105892812492442
248	50	0.5105892812492442
248	51	0.5105892812492442
248	52	0.5105892812492442
249	0	0.5105892812492442
249	1	0.5105892812492442
249	2	0.5105892812492442
249	3	0.5105892812492442
249	4	0.5105892812492442
249	5	0.5105892812492442
249	6	0.5105892812492442
249	7	0.5105892812492442
249	8	0.5105892812492442
249	9	0.5105892812492442
249	10	0.5105892812492442
249	11	0.5105892812492442
249	12	0.5105892812492442
249	13	0.5105892812492442
249	14	0.5105892812492442
249	15	0.5105892812492442
249	16	0.5105892812492442
249	17	0.5105892812492442
249	18	0.5105892812492442
249	19	0.5105892812492442
249	20	0.5105892812492442
249	21	0.5105892812492442
249	22	0.5105892812492442
249	23	0.5105892812492442
249	24	0.5105892812492442
249	25	0.5105892812492442
249	26	0.5105892812492442
249	27	0.5105892812492442
249	28	0.5105892812492442
249	29	0.5105892812492442
249	30	0.5105892812492442
249	31	0.5105892812492442
249	32	0.5105892812492442
249	33	0.5105892812492442
249	34	0.5105892812492442
249	35	0.5105892812492442
249	36	0.5105892812492442
249	37	0.5105892812492442
249	38	0.5105892812492442
249	39	0.5105892812492442
249	40	0.5105892812492442
249	41	0.5105892812492442
249	42	0.5105892812492442
249	43	0.5105892812492442
249	44	0.5105892812492442
249	45	0.5105892812492442
249	46	0.5105892812492442
249	47	0.5105892812492442
249	48	0.5105892812492442
249	49	0.5105892812492442
249	50	0.5105892812492442
249	51	0.5105892812492442
249	52	0.5105892812492442
250	0	0.5105892812492442
250	1	0.5105892812492442
250	2	0.5105892812492442
250	3	0.5105892812492442
250	4	0.5105892812492442
250	5	0.5105892812492442
250	6	0.5105892812492442
250	7	0.5105892812492442
250	8	0.5105892812492442
250	9	0.5105892812492442
250	10	0.5105892812492442
250	11	0.5105892812492442
250	12	0.5105892812492442
250	13	0.5105892812492442
250	14	0.5105892812492442
250	15	0.5105892812492442
250	16	0.5105892812492442
250	17	0.5105892812492442
250	18	0.5105892812492442
250	19	0.5105892812492442
250	20	0.5105892812492442
250	21	0.5105892812492442
250	22	0.5105892812492442
250	23	0.5105892812492442
250	24	0.5105892812492442
250	25	0.5105892812492442
250	26	0.5105892812492442
250	27	0.5105892812492442
250	28	0.5105892812492442
250	29	0.5105892812492442
250	30	0.5105892812492442
250	31	0.5105892812492442
250	32	0.5105892812492442
250	33	0.5105892812492442
250	34	0.5105892812492442
250	35	0.5105892812492442
250	36	0.5105892812492442
250	37	0.5105892812492442
250	38	0.5105892812492442
250	39	0.5105892812492442
250	40	0.5105892812492442
250	41	0.5105892812492442
250	42	0.5105892812492442
250	43	0.5105892812492442
250	44	0.5105892812492442
250	45	0.5105892812492442
250	46	0.5105892812492442
250	47	0.5105892812492442
250	48	0.5105892812492442
250	49	0.5105892812492442
250	50	0.5105892812492442
250	51	0.5105892812492442
250	52	0.5105892812492442
251	0	0.5105892812492442
251	1	0.5105892812492442
251	2	0.5105892812492442
251	3	0.5105892812492442
251	4	0.5105892812492442
251	5	0.5105892812492442
251	6	0.5105892812492442
251	7	0.5105892812492442
251	8	0.5105892812492442
251	9	0.5105892812492442
251	10	0.5105892812492442
251	11	0.5105892812492442
251	12	0.5105892812492442
251	13	0.5105892812492442
251	14	0.5105892812492442
251	15	0.5105892812492442
251	16	0.5105892812492442
251	17	0.5105892812492442
251	18	0.5105892812492442
251	19	0.5105892812492442
251	20	0.5105892812492442
251	21	0.5105892812492442
251	22	0.5105892812492442
251	23	0.5105892812492442
251	24	0.5105892812492442
251	25	0.5105892812492442
251	26	0.5105892812492442
251	27	0.5105892812492442
251	28	0.5105892812492442
251	29	0.5105892812492442
251	30	0.5105892812492442
251	31	0.5105892812492442
251	32	0.5105892812492442
251	33	0.5105892812492442
251	34	0.5105892812492442
251	35	0.5105892812492442
251	36	0.5105892812492442
251	37	0.5105892812492442
251	38	0.5105892812492442
251	39	0.5105892812492442
251	40	0.5105892812492442
251	41	0.5105892812492442
251	42	0.5105892812492442
251	43	0.5105892812492442
251	44	0.5105892812492442
251	45	0.5105892812492442
251	46	0.5105892812492442
251	47	0.5105892812492442
251	48	0.5105892812492442
251	49	0.5105892812492442
251	50	0.5105892812492442
251	51	0.5105892812492442
251	52	0.5105892812492442
251	53	0.5105892812492442
251	54	0.5105892812492442
251	55	0.5105892812492442
251	56	0.5105892812492442
251	57	0.5105892812492442
251	58	0.5105892812492442
251	59	0.5105892812492442
251	60	0.5105892812492442
251	61	0.5105892812492442
251	62	0.5105892812492442
251	63	0.5105892812492442
251	64	0.5105892812492442
251	65	0.5105892812492442
251	66	0.5105892812492442
251	67	0.5105892812492442
252	0	0.5105892812492442
252	1	0.5105892812492442
252	2	0.5105892812492442
252	3	0.5105892812492442
252	4	0.5105892812492442
252	5	0.5105892812492442
252	6	0.5105892812492442
252	7	0.5105892812492442
252	8	0.5105892812492442
252	9	0.5105892812492442
252	10	0.5105892812492442
253	0	0.5105892812492442
253	1	0.5105892812492442
253	2	0.5105892812492442
253	3	0.5105892812492442
253	4	0.5105892812492442
253	5	0.5105892812492442
253	6	0.5105892812492442
253	7	0.5105892812492442
253	8	0.5105892812492442
253	9	0.5105892812492442
253	10	0.5105892812492442
253	11	0.5105892812492442
253	12	0.5105892812492442
253	13	0.5105892812492442
253	14	0.5105892812492442
253	15	0.5105892812492442
253	16	0.5105892812492442
253	17	0.5105892812492442
253	18	0.5105892812492442
253	19	0.5105892812492442
253	20	0.5105892812492442
253	21	0.5105892812492442
253	22	0.5105892812492442
253	23	0.5105892812492442
253	24	0.5105892812492442
253	25	0.5105892812492442
253	26	0.5105892812492442
253	27	0.5105892812492442
253	28	0.5105892812492442
253	29	0.5105892812492442
253	30	0.5105892812492442
253	31	0.5105892812492442
253	32	0.5105892812492442
253	33	0.5105892812492442
253	34	0.5105892812492442
253	35	0.5105892812492442
253	36	0.5105892812492442
253	37	0.5105892812492442
253	38	0.5105892812492442
253	39	0.5105892812492442
253	40	0.5105892812492442
253	41	0.5105892812492442
253	42	0.5105892812492442
253	43	0.5105892812492442
253	44	0.5105892812492442
253	45	0.5105892812492442
253	46	0.5105892812492442
253	47	0.5105892812492442
253	48	0.5105892812492442
253	49	0.5105892812492442
253	50	0.5105892812492442
253	51	0.5105892812492442
253	52	0.5105892812492442
253	53	0.5105892812492442
253	54	0.5105892812492442
253	55	0.5105892812492442
253	56	0.5105892812492442
253	57	0.5105892812492442
253	58	0.5105892812492442
253	59	0.5105892812492442
254	0	0.5105892812492442
254	1	0.5105892812492442
254	2	0.5105892812492442
254	3	0.5105892812492442
254	4	0.5105892812492442
254	5	0.5105892812492442
254	6	0.5105892812492442
254	7	0.5105892812492442
254	8	0.5105892812492442
254	9	0.5105892812492442
254	10	0.5105892812492442
254	11	0.5105892812492442
254	12	0.5105892812492442
254	13	0.5105892812492442
254	14	0.5105892812492442
254	15	0.5105892812492442
254	16	0.5105892812492442
254	17	0.5105892812492442
254	18	0.5105892812492442
254	19	0.5105892812492442
254	20	0.5105892812492442
254	21	0.5105892812492442
254	22	0.5105892812492442
254	23	0.5105892812492442
254	24	0.5105892812492442
254	25	0.5105892812492442
254	26	0.5105892812492442
254	27	0.5105892812492442
254	28	0.5105892812492442
254	29	0.5105892812492442
254	30	0.5105892812492442
254	31	0.5105892812492442
254	32	0.5105892812492442
254	33	0.5105892812492442
254	34	0.5105892812492442
254	35	0.5105892812492442
254	36	0.5105892812492442
254	37	0.5105892812492442
254	38	0.5105892812492442
254	39	0.5105892812492442
254	40	0.5105892812492442
254	41	0.5105892812492442
254	42	0.5105892812492442
254	43	0.5105892812492442
254	44	0.5105892812492442
254	45	0.5105892812492442
254	46	0.5105892812492442
254	47	0.5105892812492442
254	48	0.5105892812492442
254	49	0.5105892812492442
254	50	0.5105892812492442
254	51	0.5105892812492442
254	52	0.5105892812492442
254	53	0.5105892812492442
254	54	0.5105892812492442
254	55	0.5105892812492442
254	56	0.5105892812492442
254	57	0.5105892812492442
254	58	0.5105892812492442
254	59	0.5105892812492442
254	60	0.5105892812492442
254	61	0.5105892812492442
254	62	0.5105892812492442
254	63	0.5105892812492442
254	64	0.5105892812492442
254	65	0.5105892812492442
254	66	0.5105892812492442
254	67	0.5105892812492442
254	68	0.5105892812492442
254	69	0.5105892812492442
254	70	0.5105892812492442
254	71	0.5105892812492442
254	72	0.5105892812492442
254	73	0.5105892812492442
254	74	0.5105892812492442
254	75	0.5105892812492442
254	76	0.5105892812492442
254	77	0.5105892812492442
254	78	0.5105892812492442
254	79	0.5105892812492442
254	80	0.5105892812492442
254	81	0.5105892812492442
255	0	0.5105892812492442
255	1	0.5105892812492442
255	2	0.5105892812492442
255	3	0.5105892812492442
255	4	0.5105892812492442
255	5	0.5105892812492442
255	6	0.5105892812492442
255	7	0.5105892812492442
255	8	0.5105892812492442
255	9	0.5105892812492442
255	10	0.5105892812492442
255	11	0.5105892812492442
255	12	0.5105892812492442
255	13	0.5105892812492442
255	14	0.5105892812492442
255	15	0.5105892812492442
255	16	0.5105892812492442
255	17	0.5105892812492442
255	18	0.5105892812492442
255	19	0.5105892812492442
255	20	0.5105892812492442
255	21	0.5105892812492442
255	22	0.5105892812492442
255	23	0.5105892812492442
255	24	0.5105892812492442
255	25	0.5105892812492442
255	26	0.5105892812492442
255	27	0.5105892812492442
255	28	0.5105892812492442
255	29	0.5105892812492442
255	30	0.5105892812492442
255	31	0.5105892812492442
255	32	0.5105892812492442
255	33	0.5105892812492442
255	34	0.5105892812492442
255	35	0.5105892812492442
255	36	0.5105892812492442
255	37	0.5105892812492442
255	38	0.5105892812492442
255	39	0.5105892812492442
255	40	0.5105892812492442
255	41	0.5105892812492442
255	42	0.5105892812492442
255	43	0.5105892812492442
255	44	0.5105892812492442
255	45	0.5105892812492442
255	46	0.5105892812492442
255	47	0.5105892812492442
255	48	0.5105892812492442
255	49	0.5105892812492442
255	50	0.5105892812492442
255	51	0.5105892812492442
255	52	0.5105892812492442
255	53	0.5105892812492442
255	54	0.5105892812492442
255	55	0.5105892812492442
255	56	0.5105892812492442
255	57	0.5105892812492442
255	58	0.5105892812492442
255	59	0.5105892812492442
255	60	0.5105892812492442
255	61	0.5105892812492442
256	0	0.5105892812492442
256	1	0.5105892812492442
256	2	0.5105892812492442
256	3	0.5105892812492442
256	4	0.5105892812492442
256	5	0.5105892812492442
256	6	0.5105892812492442
256	7	0.5105892812492442
256	8	0.5105892812492442
256	9	0.5105892812492442
256	10	0.5105892812492442
256	11	0.5105892812492442
256	12	0.5105892812492442
256	13	0.5105892812492442
256	14	0.5105892812492442
256	15	0.5105892812492442
256	16	0.5105892812492442
256	17	0.5105892812492442
256	18	0.5105892812492442
256	19	0.5105892812492442
256	20	0.5105892812492442
256	21	0.5105892812492442
256	22	0.5105892812492442
256	23	0.5105892812492442
256	24	0.5105892812492442
256	25	0.5105892812492442
256	26	0.5105892812492442
256	27	0.5105892812492442
256	28	0.5105892812492442
256	29	0.5105892812492442
256	30	0.5105892812492442
256	31	0.5105892812492442
256	32	0.5105892812492442
256	33	0.5105892812492442
256	34	0.5105892812492442
256	35	0.5105892812492442
256	36	0.5105892812492442
256	37	0.5105892812492442
256	38	0.5105892812492442
256	39	0.5105892812492442
256	40	0.5105892812492442
256	41	0.5105892812492442
256	42	0.5105892812492442
256	43	0.5105892812492442
256	44	0.5105892812492442
256	45	0.5105892812492442
256	46	0.5105892812492442
256	47	0.5105892812492442
256	48	0.5105892812492442
256	49	0.5105892812492442
257	0	0.5105892812492442
257	1	0.5105892812492442
257	2	0.5105892812492442
257	3	0.5105892812492442
257	4	0.5105892812492442
257	5	0.5105892812492442
257	6	0.5105892812492442
257	7	0.5105892812492442
257	8	0.5105892812492442
257	9	0.5105892812492442
257	10	0.5105892812492442
257	11	0.5105892812492442
257	12	0.5105892812492442
257	13	0.5105892812492442
257	14	0.5105892812492442
257	15	0.5105892812492442
257	16	0.5105892812492442
257	17	0.5105892812492442
257	18	0.5105892812492442
257	19	0.5105892812492442
257	20	0.5105892812492442
257	21	0.5105892812492442
257	22	0.5105892812492442
257	23	0.5105892812492442
257	24	0.5105892812492442
257	25	0.5105892812492442
257	26	0.5105892812492442
257	27	0.5105892812492442
257	28	0.5105892812492442
257	29	0.5105892812492442
257	30	0.5105892812492442
257	31	0.5105892812492442
257	32	0.5105892812492442
257	33	0.5105892812492442
257	34	0.5105892812492442
257	35	0.5105892812492442
257	36	0.5105892812492442
257	37	0.5105892812492442
257	38	0.5105892812492442
257	39	0.5105892812492442
257	40	0.5105892812492442
257	41	0.5105892812492442
257	42	0.5105892812492442
257	43	0.5105892812492442
257	44	0.5105892812492442
257	45	0.5105892812492442
257	46	0.5105892812492442
257	47	0.5105892812492442
257	48	0.5105892812492442
257	49	0.5105892812492442
258	0	0.5105892812492442
258	1	0.5105892812492442
258	2	0.5105892812492442
258	3	0.5105892812492442
258	4	0.5105892812492442
258	5	0.5105892812492442
258	6	0.5105892812492442
258	7	0.5105892812492442
258	8	0.5105892812492442
258	9	0.5105892812492442
258	10	0.5105892812492442
258	11	0.5105892812492442
258	12	0.5105892812492442
258	13	0.5105892812492442
258	14	0.5105892812492442
258	15	0.5105892812492442
258	16	0.5105892812492442
258	17	0.5105892812492442
258	18	0.5105892812492442
258	19	0.5105892812492442
258	20	0.5105892812492442
258	21	0.5105892812492442
258	22	0.5105892812492442
258	23	0.5105892812492442
258	24	0.5105892812492442
258	25	0.5105892812492442
258	26	0.5105892812492442
258	27	0.5105892812492442
258	28	0.5105892812492442
258	29	0.5105892812492442
258	30	0.5105892812492442
258	31	0.5105892812492442
258	32	0.5105892812492442
258	33	0.5105892812492442
258	34	0.5105892812492442
258	35	0.5105892812492442
258	36	0.5105892812492442
258	37	0.5105892812492442
258	38	0.5105892812492442
258	39	0.5105892812492442
258	40	0.5105892812492442
258	41	0.5105892812492442
258	42	0.5105892812492442
258	43	0.5105892812492442
258	44	0.5105892812492442
258	45	0.5105892812492442
258	46	0.5105892812492442
258	47	0.5105892812492442
258	48	0.5105892812492442
258	49	0.5105892812492442
259	0	0.5105892812492442
259	1	0.5105892812492442
259	2	0.5105892812492442
259	3	0.5105892812492442
259	4	0.5105892812492442
259	5	0.5105892812492442
259	6	0.5105892812492442
259	7	0.5105892812492442
259	8	0.5105892812492442
259	9	0.5105892812492442
259	10	0.5105892812492442
259	11	0.5105892812492442
259	12	0.5105892812492442
259	13	0.5105892812492442
259	14	0.5105892812492442
259	15	0.5105892812492442
259	16	0.5105892812492442
259	17	0.5105892812492442
259	18	0.5105892812492442
259	19	0.5105892812492442
259	20	0.5105892812492442
260	0	0.5105892812492442
260	1	0.5105892812492442
260	2	0.5105892812492442
260	3	0.5105892812492442
260	4	0.5105892812492442
260	5	0.5105892812492442
260	6	0.5105892812492442
260	7	0.5105892812492442
260	8	0.5105892812492442
260	9	0.5105892812492442
260	10	0.5105892812492442
260	11	0.5105892812492442
260	12	0.5105892812492442
260	13	0.5105892812492442
260	14	0.5105892812492442
260	15	0.5105892812492442
260	16	0.5105892812492442
260	17	0.5105892812492442
260	18	0.5105892812492442
260	19	0.5105892812492442
