## RankNet
## Epochs = 50
## No. of features = 48
## No. of hidden layers = 2
## Layer 1: 10 neurons
## Layer 2: 10 neurons
1 2 3 4 5 6 7 8 9 10 11 12 13 14 15 16 17 18 19 20 21 22 23 24 25 26 27 28 29 30 31 32 33 34 35 36 37 38 39 40 41 42 43 44 45 46 47 48
2
10
10
0 0 -0.09908965877013075 0.04518758993774701 0.05999706465949824 -0.07866616506810065 0.027288552519642104 0.07329307062123853 -0.012875970994107078 -0.09312721124884975 -0.08526387954736993 -0.0925602540204511
0 1 -0.04352070763707161 -0.04007446765899658 4.4566989527083933E-4 -0.09675022214651108 -0.010746568441390991 -0.0942889079451561 0.04041529446840286 -0.03593527153134346 0.06399967521429062 -0.09803548455238342
0 2 -0.004927975125610828 -0.018135184422135353 0.05716938525438309 0.06524702161550522 0.08565770089626312 0.086033396422863 -0.08734659850597382 -0.055899478495121 -0.03524208068847656 -0.03618614003062248
0 3 0.02554100751876831 -0.031092066317796707 0.09967602044343948 -0.04175228998064995 -0.0355205163359642 0.0539836660027504 0.057450901716947556 -0.05231264978647232 0.035915225744247437 -0.09058008342981339
0 4 0.06145085021853447 -0.04103313758969307 -0.03387260437011719 -0.09454283118247986 0.09807427227497101 -0.0574147030711174 0.0473201759159565 -0.03099069558084011 -0.06213121488690376 0.022486049681901932
0 5 0.03728650137782097 -0.005691146943718195 0.09577395021915436 -0.07253345102071762 0.09175082296133041 -0.018089568242430687 0.055050235241651535 -0.017325496301054955 0.03813622146844864 -0.049299828708171844
0 6 0.04862426968502232 -0.029282324556557784 -0.012839638246434016 0.029480328872727935 -0.03980129839456288 0.02112465880859292 -0.08302752850914967 0.002954681608104113 0.015184277515830031 -0.0013538071304916171
0 7 -0.09859548704402744 -0.023927066148886244 -0.001100728764548828 0.019194231826382677 -0.05018730453379976 0.07100984063814526 0.05253174963777863 0.023551778059069283 0.02285351516587024 0.06421690472977798
0 8 -0.0480727846219721 -0.06448265297919642 -0.0647219691483672 -0.004942740278985777 0.09953626789515618 0.05942216686999924 -0.034570018685324375 0.03615748491857463 -0.02476630896745836 0.03170642114074908
0 9 -0.05323770963098432 0.037871888441740054 -0.038511258742064 0.004141502117070875 0.05975041337674284 0.03125475891029961 -0.08751172844217527 0.09666732308242804 -0.06527217455624287 0.06354784077795236
0 10 -0.09344867218220221 0.03371819924219411 -0.005224062445848055 -0.08571251324319516 -0.0698663022626639 -0.014491109313980542 -0.013143931229979495 0.014721789652402935 0.048105758475561713 -0.036983733344591097
0 11 0.07883000223892427 -0.09324077817625652 -0.08084220214486114 -0.0956881119484025 0.00730246036245588 -0.021064153542800543 -0.09204635359954798 0.09163694608107938 0.06550951186141363 0.034336577647780746
0 12 -0.00713512173756714 0.0036896986053345997 0.08902691531104152 -0.051721842224992036 -0.027909680432110343 -0.07061940669362925 -0.02376173634191304 -0.08945408123435755 0.014942175428267724 0.023433789778498363
0 13 -0.08840763711303443 -0.0724320155251926 -0.0983461179946255 0.09062380487163478 -0.09074836926575244 -0.029435139016194305 -0.0723577774980532 0.07247312386448507 0.056275631975492436 0.07256996805151751
0 14 0.014736454823368493 -0.037796009694926955 -0.01472320565104046 0.09845051474955387 0.03784383127527949 -0.058129269725159416 -0.05287079702709358 -0.041767329339154544 -0.09805132212923022 -0.033551413790324926
0 15 0.04624173790216446 0.035921402275562286 0.08502323925495148 -0.09873851388692856 0.08831195533275604 -0.0021252096630632877 -0.06256885826587677 -0.02666369080543518 0.06259316951036453 0.001041626906953752
0 16 0.06096058271140957 -0.0618781788977393 0.04871349979859193 0.023953059886321102 0.0023057349429503374 -0.02023671538882716 -0.005817297414708816 -0.09497133341182859 -0.0965404302462628 0.09245278790046539
0 17 -0.053062357264142226 -0.08347334136948913 -0.0629896159591666 0.07463137959441501 -0.054987628638321566 -0.09734158216752327 0.016507887491477156 -0.028584043061181414 0.02356872206080662 0.039255257912044456
0 18 0.007388364218082738 0.04339353156158763 0.06914339302124965 -0.05980044846130004 0.018872609813500293 0.03006141558398541 -0.06828413461803128 0.03447537191508191 0.007697006261289934 0.030932151914783688
0 19 -0.06646447878147423 0.02413942764338 0.019253588261991302 0.06763139382992732 0.0035998137748836823 0.05433854393671224 -0.023065210783754307 -0.08191315812795905 -0.02804463779543878 -0.05812607002465368
0 20 0.0830251028034562 -0.04766966861847906 -0.06919013990184687 0.09365560875330912 0.04375195746189363 -0.04089635677625468 -0.043447238856826824 -0.025248471477921284 -0.08527592992400154 0.06956392484696285
0 21 0.010746214163033799 -0.015963043192803422 0.015671750634937247 -0.03935704890893349 -0.031295337453251505 0.032752103421568854 -0.07841619171516818 0.04195755228017703 0.03651592400408028 0.006066811101238845
0 22 0.0709200075133982 0.0013843878014559374 -0.011047305665146607 -0.023139981022197213 -0.052206237362812505 0.00433160193767405 0.06684020911342334 -0.05030715864079985 0.025593052956578554 -0.07639016908450325
0 23 0.0987259124610299 -0.006211525231489124 -0.01968390403410836 0.029749753112539842 -0.038281777306735446 -0.09697314418842154 -0.033252110237155956 0.0353894235399412 -0.05785879170512208 -0.042020880105181936
0 24 0.05875980108976364 -0.00522573571652174 0.03183899447321892 -0.07656938582658768 0.09181482344865799 0.09215059876441956 -0.03351261466741562 0.026233356446027756 -0.0980534479022026 -0.01629166677594185
0 25 0.02993885382117129 0.08842300821706031 0.04940196467334827 0.03839132263828766 -0.03901838056970776 0.035523187183059184 0.026575193451961077 -0.08273411506437414 -0.030434788161532184 -0.08408161991664749
0 26 -0.05403494834899902 0.09857552498579025 0.08393357694149017 -0.035666726529598236 0.059254240244627 -0.019853288307785988 0.06690508127212524 -5.531489732675254E-4 -0.042016077786684036 -0.04653459042310715
0 27 -0.056932581764126966 -0.0622023670547035 -0.09828634437040341 -0.02403521223440674 0.014146706770312044 0.025230589769667328 0.06630876456559255 0.04189239423566703 -0.0036624442658168 -0.01928766678650594
0 28 0.06114506581202202 -0.007983269170570201 -0.08278772277587343 -0.09662254539763157 -0.0010357918169970584 0.07381170326483279 0.06041550931154018 0.0686319583396572 -0.07832589534342853 -0.02255116188606769
0 29 0.009237155610387824 0.07129560311702011 -0.08257404699153553 -0.018549971852415182 0.0612427038378377 -0.07921297316156035 -0.06723678800193832 0.08287317454268112 0.05830752427574748 -0.014014185875924061
0 30 0.05173573504460852 -0.06665646245856394 -0.04643283922125212 0.010413158677988067 -0.0356357551213007 -0.0024884069286865247 -0.006492197679366452 -0.08404217074535039 0.05189952344342318 -0.037438842480866895
0 31 0.046377528856075226 -0.0861272913139306 0.005212007575670813 -0.09400969208639139 -0.09935618113586504 0.040236369285137095 -0.049251548611284106 0.03929848278690473 -0.004256537379114698 0.007642186190935034
0 32 -0.0027826754074487333 0.05057974377324528 -0.014327205739510766 -0.05681932915749272 -0.09231247532321386 0.08560869394328288 -0.03235037375888514 -0.053679809319332285 0.08501661413763335 -0.08528697413714793
0 33 -0.06608382550333393 -0.0674151506769419 0.07448961665155941 -0.019800679306796742 0.06130800250281088 0.0047620618972435864 -0.03062032094860803 0.06199578218834331 0.09550586885947364 -0.04969193616762886
0 34 0.07733682294430766 0.01250154823971506 -0.018772024388278893 0.004762400940815603 0.05594908487166005 0.07109234272926286 -0.005423921054652152 -4.4957091416474796E-4 -0.0856543356428235 -0.07107361550012638
0 35 0.031327252486091604 -0.07783014974508556 0.05810215359502406 -0.0975850033248267 -0.03936029069656666 0.02169360872822666 0.08026190745693522 -0.0539931717062394 0.051500794989612124 -0.037142610481270266
0 36 0.031126229616076504 0.048171279302160884 0.07075354587764054 -0.04757382820569671 -0.034467323935968006 0.035044693001863796 0.007448039665346944 -0.05919808701124132 -0.03402343174608449 0.0359659337023274
0 37 0.09824493775434369 0.046241517875532545 -0.06492846182144839 -0.06314093097373621 -0.01889939145585158 0.0013204023541388058 -0.07641923686951876 0.047259449263436976 0.03983560503588647 0.04154353814043067
0 38 -0.045994153219533256 0.034485750390401956 -0.0570793068145051 0.09426444534545998 -0.02258639833183075 0.05032233390559654 0.0013134756982708582 -0.016724007834500496 -0.09045637304971081 0.04924390317376581
0 39 -0.003487029318955641 -0.06697114135492684 -0.016673532325460136 0.005784339256195359 0.08519435995965202 -0.06695164870868209 -0.0834067245786629 0.019015967215591248 -0.08423677737901074 0.01948278622206178
0 40 4.0786286073465336E-4 0.07791342378753414 -0.011650102344021094 0.04192496857890761 -0.005839307507912768 0.07425716624473362 0.030882739875039224 -0.003668522677892295 0.05565098909494583 -0.08312233998287583
0 41 0.06166390552180518 0.020374216856292343 0.05812188462615004 0.05955748273190627 0.03379222341745261 0.06781693860323837 0.03137178383159642 -0.012693412945710586 -0.06311545636931071 -0.02697080419077931
0 42 0.048461782495494723 -0.028661467115602447 -0.07457071994133423 0.06055460370668844 0.08857368778796312 -0.008260444520286724 0.07339792850361117 0.05256552694927655 -0.030057152043173288 -0.07523867379671591
0 43 -0.05362598332607484 -0.01238871895838684 -0.0062912905735708026 0.0884465015661904 0.03619560366245652 0.05702485825503638 0.09398770414700032 0.06109255488861543 -0.05136592569114725 -0.03637396839888293
0 44 -0.01987544340211616 0.04980864954713932 0.013021425713003569 0.0599332298601729 -0.05144526842196199 -0.027457501982427742 -0.08813560558643783 0.016279526645607195 -0.08666376142038197 -0.09214075944562955
0 45 -0.019545548457090715 0.04885332865242115 -0.06445795633256317 0.0020736780001533723 0.06996794757287274 0.07337658641757858 -0.0017248849866223143 0.04046591802901703 -0.0113246825171837 0.061350111745395404
0 46 0.0038881566163624483 0.03564658996108748 -0.04210889593583576 0.032802029879655296 0.0036527572813572096 0.06199531517217463 0.00764492892268189 0.017387914060281028 0.053333782759423305 0.03372828097078485
0 47 0.07626546669934929 -0.027673858154454396 0.052202098983317104 -0.007201842804804208 -0.04477508868211501 -0.013589506707983513 0.07620717073055637 -0.06287766231029776 0.0726226302423574 -0.01045043808428871
0 48 0.059691151967222585 0.007876296313336957 -0.0798703484117984 -0.01432553386184772 0.06390719451873626 -0.0372716641482553 0.03298567644643788 0.06867501664058102 0.03589743259867975 -0.024596065735960584 -0.052811463568811064 -0.04813622906470598 0.011192900987054676 -0.020435616090732297 -0.08813046219750478 -0.017909020165813323 0.05774275069786003 -0.07227734874469373 -0.0216415314019979 0.08540734071687407 -0.0010716502731905541
1 0 0.06069798322185597 -0.015437466323323122 0.087708530381447 0.0036054030752982968 0.022190878010357854 -0.05389136333230023 -0.049829152484657725 0.06761949041791561 -0.01003200678715408 -0.06503624688801683
1 1 0.0595103599504593 -0.019848905128933284 -0.03814328210717878 -0.023062568856142548 0.05104508406008389 0.04675640714133594 -0.09408739737217199 -0.06554130197026105 0.05613341819844426 -0.02263376171353198
1 2 0.0099331135806285 0.08905030764191675 -0.09627694020001284 0.04862060464801134 -0.05844852520549992 -0.01353368178758458 -0.0525592210204776 -0.07316414711236556 0.051896260214211225 -0.05811837041462913
1 3 0.049939902017293494 -0.04441080417786354 -0.03499635279721494 0.0654670688800064 -0.029093036695739594 0.0693536321824996 -0.013213084974415392 0.09863718825026328 0.09132657569033914 0.014152658663060232
1 4 0.08963972573384758 -0.09477634863200755 0.0660486575466952 -0.09167046243233207 0.08024973387167954 -0.0357466420202974 -0.003974121076309377 -0.022597466449642292 0.030201073046731728 -0.03998922295919527
1 5 -0.0851897117520462 -0.04458547361494887 -0.0826838548983691 0.029065710838318607 0.02115425861041069 0.07546444943863644 -0.043964544799836 0.05879733713081287 0.0426284747825629 0.09494485088285244
1 6 -0.036820060424101006 0.01988792136858339 0.09450678634723121 0.02541476672965866 -0.06407721413464755 -0.04710190257955054 -0.09442405725385752 -0.04110751934247312 0.08744506635987574 -0.06051080621069346
1 7 0.07368720897033888 -0.016309821260442853 0.07994497637573608 -0.08592602164930363 -0.09303906499039052 -0.06525120711890633 0.026130749633635642 0.05872955591854288 0.010160883366360193 0.08711076393582907
1 8 -0.04037217314193723 -0.02548228740484533 0.08544419525320815 -0.0479196989383355 0.09808014529133278 0.002040990740134155 -0.028004271986692832 0.076573175519333 0.024056991374310128 0.02049041637541495
1 9 0.021904047249033852 0.05387377072166969 0.02965994442946856 0.04566889643303863 0.02502116489448471 -0.09534598442385642 0.06337130735660153 0.07423739252262712 -0.09582374444904872 -0.01540900730555896
2 0 -0.033646890285764376
2 1 0.07840061036972802
2 2 0.0910327258243025
2 3 0.060188458116251155
2 4 -0.052750769296207776
2 5 0.05871979144517829
2 6 -0.06950142023256682
2 7 -0.07078000576275942
2 8 0.08102419635549947
2 9 -0.099396958915612
