166	0	-2.748711109161377
166	1	-2.8178696632385254
166	2	-2.597749948501587
166	3	-2.8065385818481445
166	4	-2.868863582611084
166	5	-2.465254783630371
166	6	-2.767122507095337
166	7	-2.767122507095337
166	8	-2.767122507095337
166	9	-0.9262515902519226
166	10	-2.767122507095337
166	11	-2.4744997024536133
166	12	-2.953270196914673
166	13	-2.7618582248687744
166	14	-2.767122507095337
166	15	-2.767122507095337
166	16	-2.767122507095337
166	17	-2.9379236698150635
166	18	-2.767122507095337
166	19	-2.868863582611084
166	20	-3.118114948272705
166	21	-3.118114948272705
166	22	-3.2676889896392822
166	23	-2.588932752609253
166	24	-2.6162161827087402
167	0	-2.775386095046997
167	1	-2.8065385818481445
167	2	-2.6162161827087402
167	3	-2.6162161827087402
167	4	-2.588932752609253
167	5	-2.748711109161377
167	6	-2.597749948501587
167	7	-2.8178696632385254
168	0	-2.6162161827087402
168	1	-2.775386095046997
168	2	-2.8065385818481445
168	3	-2.6162161827087402
168	4	-2.588932752609253
168	5	-2.748711109161377
168	6	-2.597749948501587
168	7	-2.8178696632385254
169	0	-2.6162161827087402
169	1	-2.6162161827087402
169	2	-2.775386095046997
169	3	-2.8065385818481445
169	4	-2.588932752609253
169	5	-2.748711109161377
169	6	-2.597749948501587
169	7	-2.8178696632385254
170	0	-2.597749948501587
170	1	-3.118114948272705
170	2	-3.118114948272705
170	3	-2.8065385818481445
170	4	-2.588932752609253
170	5	-2.6162161827087402
170	6	-3.268836259841919
171	0	-2.6162161827087402
171	1	-2.8065385818481445
171	2	-2.6162161827087402
171	3	-2.588932752609253
171	4	-2.588932752609253
171	5	-2.748711109161377
171	6	-2.8178696632385254
171	7	-2.597749948501587
172	0	-2.588932752609253
172	1	-2.6162161827087402
172	2	-2.6162161827087402
172	3	-2.8065385818481445
172	4	-2.588932752609253
172	5	-2.748711109161377
172	6	-2.8178696632385254
172	7	-2.597749948501587
173	0	-2.6162161827087402
173	1	-2.6162161827087402
173	2	-2.8065385818481445
173	3	-2.588932752609253
173	4	-2.748711109161377
173	5	-2.597749948501587
173	6	-2.8178696632385254
173	7	-2.588932752609253
174	0	-2.8065385818481445
174	1	-2.6162161827087402
174	2	-2.6162161827087402
174	3	-2.588932752609253
174	4	-2.588932752609253
174	5	-2.748711109161377
174	6	-2.8178696632385254
174	7	-2.597749948501587
175	0	-3.118114948272705
175	1	-2.588932752609253
175	2	-3.2676889896392822
175	3	-2.8065385818481445
175	4	-2.6162161827087402
175	5	-3.118114948272705
175	6	-2.597749948501587
175	7	-2.8178696632385254
175	8	-2.748711109161377
175	9	-3.118114948272705
175	10	-2.6162161827087402
175	11	-2.9166901111602783
175	12	-3.1191213130950928
175	13	-2.9166901111602783
176	0	-2.6162161827087402
176	1	-2.6162161827087402
176	2	-2.588932752609253
176	3	-2.8065385818481445
176	4	-2.588932752609253
176	5	-2.748711109161377
176	6	-2.597749948501587
176	7	-2.8178696632385254
177	0	-3.0980241298675537
177	1	-2.8065385818481445
177	2	-2.7917656898498535
177	3	-3.1191213130950928
177	4	-2.5499978065490723
177	5	-3.259291648864746
177	6	-3.259291648864746
177	7	-2.6182334423065186
177	8	-2.875750780105591
177	9	-2.875750780105591
177	10	-2.875750780105591
177	11	-2.875750780105591
177	12	-2.5592427253723145
177	13	-2.953270196914673
177	14	-0.9709106683731079
177	15	-2.9215238094329834
177	16	-2.875750780105591
177	17	-3.2320449352264404
177	18	-2.875750780105591
177	19	-2.875750780105591
178	0	-2.8065385818481445
178	1	-2.597749948501587
178	2	-2.748711109161377
178	3	-2.8178696632385254
178	4	-2.767122507095337
178	5	-2.767122507095337
178	6	-2.465254783630371
178	7	-2.868863582611084
178	8	-2.767122507095337
178	9	-2.4744997024536133
178	10	-2.953270196914673
178	11	-0.9262515902519226
178	12	-2.767122507095337
178	13	-2.767122507095337
178	14	-2.7618582248687744
178	15	-2.767122507095337
178	16	-2.767122507095337
178	17	-2.9379236698150635
178	18	-2.767122507095337
178	19	-2.868863582611084
179	0	-2.7917656898498535
179	1	-3.118114948272705
179	2	-3.118114948272705
179	3	-2.8065385818481445
179	4	-2.986626148223877
179	5	-2.9166901111602783
179	6	-3.2676889896392822
179	7	-3.118114948272705
179	8	-3.1191213130950928
179	9	-3.0980241298675537
179	10	-2.986626148223877
179	11	-2.9166901111602783
179	12	-2.986626148223877
179	13	-3.1191213130950928
179	14	-2.9166901111602783
179	15	-2.9166901111602783
180	0	-2.775386095046997
180	1	-2.775386095046997
180	2	-2.597749948501587
180	3	-2.6162161827087402
180	4	-2.8065385818481445
180	5	-2.588932752609253
180	6	-2.9095985889434814
180	7	-2.748711109161377
180	8	-2.8178696632385254
180	9	-2.775386095046997
180	10	-2.588932752609253
180	11	-2.6162161827087402
180	12	-2.748711109161377
180	13	-2.588932752609253
180	14	-2.588932752609253
180	15	-2.6162161827087402
181	0	-2.8065385818481445
181	1	-2.6162161827087402
181	2	-2.6162161827087402
181	3	-2.588932752609253
181	4	-2.588932752609253
181	5	-2.8178696632385254
181	6	-2.748711109161377
181	7	-2.597749948501587
182	0	-2.588932752609253
182	1	-2.6162161827087402
182	2	-2.8065385818481445
182	3	-2.6162161827087402
182	4	-2.748711109161377
182	5	-2.597749948501587
182	6	-2.8178696632385254
182	7	-2.588932752609253
183	0	-2.6162161827087402
183	1	-2.6162161827087402
183	2	-2.8065385818481445
183	3	-2.588932752609253
183	4	-2.588932752609253
183	5	-2.748711109161377
183	6	-2.8178696632385254
183	7	-2.597749948501587
184	0	-2.775386095046997
184	1	-2.775386095046997
184	2	-2.597749948501587
184	3	-2.588932752609253
184	4	-2.8065385818481445
184	5	-2.6162161827087402
184	6	-2.930914878845215
184	7	-2.775386095046997
184	8	-2.748711109161377
184	9	-2.588932752609253
184	10	-2.588932752609253
184	11	-2.6162161827087402
184	12	-2.8178696632385254
184	13	-2.748711109161377
185	0	-2.588932752609253
185	1	-2.9095985889434814
185	2	-2.775386095046997
185	3	-2.775386095046997
185	4	-2.597749948501587
185	5	-2.8065385818481445
185	6	-2.6162161827087402
185	7	-2.748711109161377
185	8	-2.8178696632385254
185	9	-2.775386095046997
185	10	-2.748711109161377
185	11	-2.588932752609253
185	12	-2.588932752609253
185	13	-2.6162161827087402
186	0	-2.748711109161377
186	1	-2.8065385818481445
186	2	-2.597749948501587
186	3	-2.8178696632385254
186	4	-2.875750780105591
186	5	-2.5499978065490723
186	6	-3.2320449352264404
186	7	-3.259291648864746
186	8	-2.9215238094329834
186	9	-2.875750780105591
186	10	-2.875750780105591
186	11	-2.6182334423065186
186	12	-2.875750780105591
186	13	-3.2071876525878906
186	14	-2.875750780105591
186	15	-2.875750780105591
186	16	-0.9709106683731079
186	17	-2.5592427253723145
186	18	-2.875750780105591
186	19	-3.259291648864746
187	0	-2.934488296508789
187	1	-2.4560906887054443
187	2	-3.259291648864746
187	3	-2.875750780105591
187	4	-2.875750780105591
187	5	-2.781843662261963
187	6	-3.259291648864746
187	7	-2.814394235610962
187	8	-2.992856979370117
187	9	-2.8276166915893555
187	10	-2.997947931289673
187	11	-2.781843662261963
187	12	-2.875750780105591
187	13	-2.781843662261963
187	14	-2.781843662261963
187	15	-2.7526943683624268
187	16	-2.781843662261963
187	17	-2.781843662261963
187	18	-2.875750780105591
187	19	-0.8770036101341248
187	20	-2.781843662261963
187	21	-2.875750780105591
187	22	-3.010725975036621
187	23	-2.4653356075286865
187	24	-2.8591701984405518
187	25	-2.8488197326660156
187	26	-3.118114948272705
187	27	-3.118114948272705
187	28	-2.6978585720062256
187	29	-2.986626148223877
187	30	-2.9166901111602783
187	31	-3.2676889896392822
187	32	-2.986626148223877
187	33	-2.9166901111602783
187	34	-3.118114948272705
188	0	-2.775386095046997
188	1	-2.775386095046997
188	2	-2.597749948501587
188	3	-2.8065385818481445
188	4	-2.588932752609253
188	5	-2.6162161827087402
188	6	-2.857532501220703
189	0	-2.767122507095337
189	1	-2.5499978065490723
189	2	-3.3058950901031494
189	3	-3.1988461017608643
189	4	-2.875750780105591
189	5	-3.187356948852539
189	6	-2.875750780105591
189	7	-2.875750780105591
189	8	-2.875750780105591
189	9	-3.1988461017608643
189	10	-2.875750780105591
189	11	-3.259291648864746
189	12	-3.210871458053589
189	13	-3.3058950901031494
189	14	-3.259291648864746
189	15	-3.2236478328704834
189	16	-3.2320449352264404
189	17	-3.259291648864746
189	18	-3.259291648864746
189	19	-3.231708526611328
189	20	-2.875750780105591
189	21	-3.259291648864746
189	22	-3.0081372261047363
189	23	-2.875750780105591
189	24	-3.1426358222961426
189	25	-2.5592427253723145
189	26	-3.1191213130950928
189	27	-3.118114948272705
189	28	-3.118114948272705
189	29	-2.7917656898498535
189	30	-2.9166901111602783
189	31	-2.986626148223877
189	32	-3.2443745136260986
190	0	-2.465254783630371
190	1	-2.868863582611084
190	2	-2.9154670238494873
190	3	-3.103142261505127
190	4	-2.4744997024536133
190	5	-2.767122507095337
190	6	-2.8065385818481445
190	7	-2.748711109161377
190	8	-2.767122507095337
190	9	-2.767122507095337
190	10	-3.0453147888183594
190	11	-3.0044898986816406
190	12	-2.767122507095337
190	13	-2.767122507095337
190	14	-2.868863582611084
190	15	-2.868863582611084
190	16	-2.895399808883667
190	17	-2.767122507095337
190	18	-2.897188663482666
191	0	-2.868863582611084
191	1	-2.465254783630371
191	2	-3.0044898986816406
191	3	-2.767122507095337
191	4	-2.767122507095337
191	5	-3.0453147888183594
191	6	-2.4744997024536133
191	7	-2.767122507095337
191	8	-2.8065385818481445
191	9	-3.103142261505127
191	10	-2.767122507095337
191	11	-2.767122507095337
191	12	-2.748711109161377
192	0	-2.875750780105591
192	1	-3.185441493988037
192	2	-3.3058950901031494
192	3	-2.5499978065490723
192	4	-3.259291648864746
192	5	-3.259291648864746
192	6	-3.3058950901031494
192	7	-3.231708526611328
192	8	-3.1988461017608643
192	9	-3.0081372261047363
192	10	-3.259291648864746
192	11	-3.259291648864746
192	12	-2.875750780105591
192	13	-2.875750780105591
192	14	-3.210871458053589
192	15	-2.875750780105591
192	16	-2.875750780105591
192	17	-2.875750780105591
192	18	-2.875750780105591
192	19	-3.1988461017608643
192	20	-3.187356948852539
192	21	-2.875750780105591
192	22	-3.2320449352264404
192	23	-3.2236478328704834
192	24	-2.5592427253723145
192	25	-3.1426358222961426
192	26	-3.1191213130950928
193	0	-2.465254783630371
193	1	-2.868863582611084
193	2	-3.103142261505127
193	3	-2.767122507095337
193	4	-2.767122507095337
193	5	-2.767122507095337
193	6	-2.767122507095337
193	7	-2.767122507095337
193	8	-2.748711109161377
193	9	-2.4744997024536133
193	10	-3.0453147888183594
193	11	-2.8065385818481445
193	12	-3.0044898986816406
193	13	-2.767122507095337
194	0	-2.986626148223877
194	1	-2.9166901111602783
194	2	-2.6162161827087402
194	3	-2.8591701984405518
194	4	-2.9166901111602783
194	5	-2.8488197326660156
194	6	-2.5234172344207764
194	7	-2.7917656898498535
194	8	-3.155773639678955
195	0	-2.588932752609253
195	1	-2.8065385818481445
195	2	-2.6162161827087402
195	3	-2.6162161827087402
195	4	-2.3909220695495605
195	5	-2.748711109161377
195	6	-2.597749948501587
195	7	-3.103142261505127
195	8	-2.588932752609253
196	0	-2.3909220695495605
196	1	-2.597749948501587
196	2	-3.103142261505127
196	3	-2.8065385818481445
196	4	-2.748711109161377
196	5	-3.259291648864746
196	6	-2.5499978065490723
196	7	-3.0081372261047363
196	8	-2.875750780105591
196	9	-3.259291648864746
196	10	-3.259291648864746
196	11	-3.2320449352264404
196	12	-3.2236478328704834
196	13	-2.875750780105591
196	14	-2.875750780105591
196	15	-2.875750780105591
196	16	-3.187356948852539
196	17	-2.5592427253723145
196	18	-3.231708526611328
196	19	-2.875750780105591
196	20	-2.875750780105591
197	0	-2.8065385818481445
197	1	-2.6162161827087402
197	2	-2.588932752609253
197	3	-2.6162161827087402
197	4	-2.597749948501587
197	5	-2.748711109161377
197	6	-3.103142261505127
197	7	-2.3909220695495605
197	8	-2.588932752609253
197	9	-2.465254783630371
197	10	-2.8901798725128174
197	11	-3.3058950901031494
197	12	-3.118114948272705
197	13	-3.118114948272705
197	14	-3.2443745136260986
197	15	-2.9166901111602783
198	0	-2.897188663482666
198	1	-2.9379236698150635
198	2	-2.465254783630371
198	3	-2.7884390354156494
198	4	-2.7884390354156494
198	5	-3.0453147888183594
198	6	-2.7884390354156494
198	7	-2.748711109161377
198	8	-3.0044898986816406
198	9	-2.8065385818481445
198	10	-3.103142261505127
198	11	-2.7884390354156494
198	12	-2.4744997024536133
198	13	-2.7884390354156494
199	0	-2.5499978065490723
199	1	-3.118114948272705
199	2	-3.1191213130950928
199	3	-3.1191213130950928
199	4	-2.7504944801330566
199	5	-3.210871458053589
199	6	-3.1426358222961426
199	7	-2.7917656898498535
199	8	-2.5499978065490723
199	9	-2.875750780105591
199	10	-3.259291648864746
199	11	-3.259291648864746
199	12	-3.259291648864746
199	13	-3.187356948852539
199	14	-2.875750780105591
199	15	-2.5592427253723145
199	16	-3.231708526611328
199	17	-2.875750780105591
199	18	-2.875750780105591
199	19	-2.875750780105591
199	20	-2.875750780105591
199	21	-3.2236478328704834
199	22	-3.2320449352264404
199	23	-3.0081372261047363
199	24	-3.259291648864746
199	25	-3.3058950901031494
199	26	-2.875750780105591
199	27	-3.259291648864746
199	28	-3.185441493988037
199	29	-3.1191213130950928
199	30	-3.118114948272705
199	31	-2.986626148223877
199	32	-3.318282127380371
199	33	-3.168067693710327
199	34	-3.3108630180358887
200	0	-2.597749948501587
200	1	-2.8065385818481445
200	2	-2.748711109161377
200	3	-2.3909220695495605
200	4	-3.103142261505127
200	5	-2.8901798725128174
200	6	-2.465254783630371
200	7	-2.8901798725128174
200	8	-2.7884390354156494
200	9	-2.897188663482666
200	10	-2.9379236698150635
200	11	-2.6940391063690186
200	12	-2.8901798725128174
200	13	-2.7884390354156494
200	14	-2.7884390354156494
200	15	-3.0044898986816406
200	16	-2.7884390354156494
200	17	-2.7884390354156494
200	18	-3.0453147888183594
200	19	-2.4744997024536133
200	20	-2.7884390354156494
200	21	-2.986626148223877
200	22	-2.6162161827087402
200	23	-2.9166901111602783
200	24	-2.9166901111602783
201	0	-2.588932752609253
201	1	-2.6162161827087402
201	2	-2.8065385818481445
201	3	-2.6162161827087402
201	4	-2.748711109161377
201	5	-3.103142261505127
201	6	-2.597749948501587
201	7	-2.3909220695495605
201	8	-2.588932752609253
202	0	-2.588932752609253
202	1	-2.6162161827087402
202	2	-2.6162161827087402
202	3	-2.8065385818481445
202	4	-2.597749948501587
202	5	-2.748711109161377
202	6	-3.103142261505127
202	7	-2.3909220695495605
202	8	-2.588932752609253
203	0	-3.118114948272705
203	1	-3.118114948272705
203	2	-2.9801418781280518
203	3	-3.1603801250457764
203	4	-3.1191213130950928
203	5	-3.118114948272705
203	6	-2.986626148223877
203	7	-2.9166901111602783
203	8	-2.9166901111602783
203	9	-2.588932752609253
203	10	-2.6162161827087402
203	11	-2.8065385818481445
203	12	-2.588932752609253
203	13	-2.6162161827087402
203	14	-2.748711109161377
203	15	-2.3909220695495605
203	16	-2.597749948501587
203	17	-3.103142261505127
203	18	-2.986626148223877
204	0	-2.6162161827087402
204	1	-2.588932752609253
204	2	-2.8065385818481445
204	3	-2.6162161827087402
204	4	-3.103142261505127
204	5	-2.3909220695495605
204	6	-2.748711109161377
204	7	-2.597749948501587
204	8	-2.588932752609253
205	0	-2.588932752609253
205	1	-2.8065385818481445
205	2	-2.6162161827087402
205	3	-2.6162161827087402
205	4	-3.103142261505127
205	5	-2.3909220695495605
205	6	-2.748711109161377
205	7	-2.597749948501587
205	8	-2.588932752609253
206	0	-2.6162161827087402
206	1	-2.588932752609253
206	2	-2.8065385818481445
206	3	-2.6162161827087402
206	4	-2.3909220695495605
206	5	-2.588932752609253
206	6	-2.748711109161377
206	7	-2.597749948501587
206	8	-3.103142261505127
207	0	-2.875750780105591
207	1	-2.875750780105591
207	2	-3.1988461017608643
207	3	-2.875750780105591
207	4	-2.875750780105591
207	5	-3.187356948852539
207	6	-2.875750780105591
207	7	-3.0081372261047363
207	8	-2.5499978065490723
207	9	-3.1191213130950928
207	10	-2.5592427253723145
207	11	-3.210871458053589
207	12	-2.8065385818481445
207	13	-3.231708526611328
208	0	-2.465254783630371
208	1	-2.9801418781280518
208	2	-3.1191213130950928
208	3	-3.118114948272705
208	4	-2.986626148223877
208	5	-2.9166901111602783
208	6	-3.1191213130950928
208	7	-2.9166901111602783
208	8	-2.588019847869873
208	9	-2.7504944801330566
208	10	-2.7917656898498535
208	11	-3.210871458053589
208	12	-3.1191213130950928
208	13	-3.1426358222961426
208	14	-2.875750780105591
208	15	-3.231708526611328
208	16	-2.875750780105591
208	17	-2.875750780105591
208	18	-3.187356948852539
208	19	-2.5499978065490723
208	20	-2.875750780105591
208	21	-2.5592427253723145
208	22	-2.875750780105591
208	23	-3.259291648864746
208	24	-3.259291648864746
208	25	-3.2236478328704834
208	26	-3.2320449352264404
208	27	-3.259291648864746
208	28	-2.875750780105591
208	29	-3.0081372261047363
208	30	-2.9166901111602783
208	31	-2.986626148223877
208	32	-2.9166901111602783
208	33	-2.986626148223877
208	34	-2.6162161827087402
208	35	-3.118114948272705
208	36	-3.118114948272705
208	37	-3.2443745136260986
208	38	-0.9709106683731079
209	0	-2.465254783630371
209	1	-3.3058950901031494
209	2	-2.4744997024536133
209	3	-2.7884390354156494
209	4	-2.7884390354156494
209	5	-2.7884390354156494
209	6	-2.748711109161377
209	7	-2.7884390354156494
209	8	-3.0044898986816406
209	9	-2.7884390354156494
209	10	-3.103142261505127
209	11	-3.0453147888183594
209	12	-2.8065385818481445
209	13	-2.6162161827087402
210	0	-3.118114948272705
210	1	-3.1603801250457764
210	2	-1.832654595375061
210	3	-0.9262515902519226
210	4	-3.090670347213745
210	5	-3.2146711349487305
210	6	-3.4223263263702393
210	7	-2.932931423187256
210	8	-2.588932752609253
211	0	-2.588932752609253
211	1	-2.7383415699005127
211	2	-2.849400281906128
211	3	-1.324526309967041
211	4	-2.875750780105591
211	5	-2.875750780105591
211	6	-2.875750780105591
211	7	-2.5592427253723145
211	8	-3.076247453689575
211	9	-2.8291473388671875
211	10	-0.8436289429664612
212	0	-2.588932752609253
212	1	-2.4744997024536133
212	2	-2.767122507095337
212	3	-2.767122507095337
212	4	-2.6535983085632324
212	5	-2.767122507095337
212	6	-2.849400281906128
212	7	-1.2824360132217407
212	8	-0.8015385866165161
212	9	-2.875750780105591
212	10	-1.960927963256836
212	11	-2.7205190658569336
212	12	-2.672722578048706
213	0	-0.9262515902519226
213	1	-2.775386095046997
213	2	-3.118114948272705
213	3	-2.9166901111602783
213	4	-2.986626148223877
213	5	-3.318282127380371
214	0	-2.748711109161377
214	1	-2.6162161827087402
214	2	-2.588932752609253
214	3	-2.775386095046997
214	4	-2.9166901111602783
214	5	-2.6162161827087402
214	6	-2.986626148223877
214	7	-3.1426358222961426
214	8	-2.588932752609253
214	9	-2.9095985889434814
215	0	-2.9166901111602783
215	1	-2.6162161827087402
215	2	-2.748711109161377
215	3	-2.588932752609253
215	4	-2.775386095046997
215	5	-2.7504944801330566
215	6	-3.210871458053589
215	7	-2.8065385818481445
215	8	-3.1191213130950928
215	9	-2.7917656898498535
215	10	-3.259291648864746
215	11	-2.5499978065490723
215	12	-2.875750780105591
215	13	-3.0081372261047363
215	14	-3.2320449352264404
215	15	-3.2236478328704834
215	16	-3.259291648864746
215	17	-3.231708526611328
215	18	-2.875750780105591
215	19	-2.875750780105591
215	20	-2.5592427253723145
215	21	-2.875750780105591
215	22	-2.875750780105591
215	23	-3.187356948852539
215	24	-2.875750780105591
215	25	-3.259291648864746
216	0	-2.775386095046997
216	1	-2.748711109161377
216	2	-2.6162161827087402
216	3	-2.588932752609253
216	4	-2.6162161827087402
216	5	-2.588932752609253
216	6	-2.588932752609253
216	7	-2.8065385818481445
216	8	-2.6162161827087402
217	0	-2.775386095046997
217	1	-2.748711109161377
217	2	-2.6162161827087402
217	3	-2.588932752609253
217	4	-2.588932752609253
217	5	-2.8065385818481445
217	6	-2.6162161827087402
217	7	-2.6162161827087402
217	8	-2.3909220695495605
217	9	-2.588932752609253
217	10	-3.103142261505127
217	11	-2.597749948501587
217	12	-2.748711109161377
218	0	-2.781843662261963
218	1	-2.4560906887054443
218	2	-3.057121515274048
218	3	-2.781843662261963
218	4	-2.781843662261963
218	5	-2.8065385818481445
218	6	-2.781843662261963
218	7	-3.145423412322998
218	8	-2.781843662261963
218	9	-2.781843662261963
218	10	-2.748711109161377
218	11	-2.4653356075286865
218	12	-3.103142261505127
219	0	-3.118114948272705
219	1	-2.775386095046997
219	2	-2.748711109161377
219	3	-2.6162161827087402
219	4	-2.588932752609253
219	5	-2.8065385818481445
219	6	-2.6162161827087402
219	7	-2.588932752609253
219	8	-2.6162161827087402
219	9	-2.3909220695495605
219	10	-2.748711109161377
219	11	-3.103142261505127
219	12	-2.597749948501587
219	13	-2.588932752609253
219	14	-2.465254783630371
219	15	-3.185441493988037
219	16	-2.7884390354156494
219	17	-2.4744997024536133
219	18	-3.0453147888183594
219	19	-2.7884390354156494
219	20	-3.0044898986816406
219	21	-2.7884390354156494
219	22	-2.7884390354156494
219	23	-2.7884390354156494
219	24	-3.2146711349487305
219	25	-3.4223263263702393
219	26	-3.250046491622925
219	27	-2.875750780105591
219	28	-2.7383415699005127
219	29	-2.6917381286621094
219	30	-2.6098361015319824
220	0	-2.6162161827087402
220	1	-2.588932752609253
220	2	-2.8065385818481445
220	3	-2.6162161827087402
220	4	-2.588932752609253
220	5	-2.3909220695495605
220	6	-2.748711109161377
220	7	-2.597749948501587
220	8	-3.103142261505127
221	0	-3.118114948272705
221	1	-2.986626148223877
221	2	-3.118114948272705
221	3	-3.1191213130950928
221	4	-2.9166901111602783
221	5	-2.6162161827087402
221	6	-2.6162161827087402
221	7	-2.588932752609253
221	8	-2.8065385818481445
221	9	-2.3909220695495605
221	10	-3.103142261505127
221	11	-2.597749948501587
221	12	-2.748711109161377
221	13	-2.588932752609253
221	14	-3.423473596572876
221	15	-2.964512586593628
221	16	-2.9166901111602783
222	0	-3.1426358222961426
222	1	-3.1426358222961426
222	2	-2.9801418781280518
222	3	-3.1603801250457764
222	4	-2.986626148223877
222	5	-2.986626148223877
222	6	-2.986626148223877
222	7	-3.259291648864746
222	8	-3.0081372261047363
222	9	-3.185441493988037
222	10	-3.259291648864746
222	11	-3.259291648864746
222	12	-2.875750780105591
222	13	-3.259291648864746
222	14	-3.259291648864746
222	15	-2.9215238094329834
222	16	-3.2443745136260986
222	17	-3.090670347213745
222	18	-3.168067693710327
222	19	-3.168067693710327
222	20	-3.168067693710327
222	21	-3.4223263263702393
223	0	-2.8065385818481445
223	1	-2.6162161827087402
223	2	-2.9166901111602783
223	3	-2.9166901111602783
223	4	-2.6162161827087402
223	5	-2.875750780105591
223	6	-2.8805959224700928
224	0	-2.588932752609253
224	1	-2.6162161827087402
224	2	-3.1191213130950928
224	3	-3.118114948272705
224	4	-2.588932752609253
224	5	-2.6162161827087402
224	6	-2.9166901111602783
224	7	-2.986626148223877
224	8	-3.1426358222961426
