166	0	-0.3941622270179867
166	1	-0.5964052678117013
166	2	-0.6173395619228907
166	3	-0.785350878521855
166	4	-0.6107936960726498
166	5	-0.5821339974607869
166	6	-0.6465901614438733
166	7	-0.6465901606110945
166	8	-0.6055956132957772
166	9	-0.6503091375106266
166	10	-0.6449333433411257
166	11	-0.6217764580091131
166	12	-0.46390760824070726
166	13	-0.33192285825013224
166	14	-0.6285338622706681
166	15	-0.6256916973249783
166	16	-0.632333529015709
166	17	-0.5620973073203992
166	18	-0.6318415858826478
166	19	-0.5768371034840665
166	20	-0.5403546327698254
166	21	-0.5073165318587639
166	22	-0.5927753788442871
166	23	-2.333007556970516
166	24	-0.05199965219819382
167	0	-9.418196340093939
167	1	-0.7854001586312338
167	2	0.0015114522534354457
167	3	-0.49000014837078215
167	4	-2.333012363735192
167	5	-0.3941473409356498
167	6	-0.6173387941386866
167	7	-0.5964057809519004
168	0	-0.49000194650565315
168	1	-9.418189747873035
168	2	-0.7854019024043917
168	3	0.0015139962180526312
168	4	-2.333012388740218
168	5	-0.39413753978481353
168	6	-0.6173396851799559
168	7	-0.5964062447700905
169	0	-0.49000112431087733
169	1	0.0015135307213991855
169	2	-9.418080696235307
169	3	-0.7335605695418519
169	4	-2.3330068643252164
169	5	-0.39407726654777925
169	6	-0.6173388672837666
169	7	-0.5964054273123824
170	0	-0.6173389049325114
170	1	-0.5403542519921388
170	2	-0.507322139854882
170	3	-0.7336390382422482
170	4	-2.333013743127059
170	5	0.0015211994034818699
170	6	-0.5927801293723602
171	0	0.00149740852884243
171	1	-0.7336504192969551
171	2	-0.48999086260364305
171	3	-0.7505046163200442
171	4	-2.3330118632743124
171	5	-0.39345877309190996
171	6	-0.5964054326915229
171	7	-0.6173391570779041
172	0	-0.7499717517892455
172	1	-0.02279561479947187
172	2	-0.49000078694931065
172	3	-0.733643369724728
172	4	-2.333015081735208
172	5	-0.39427197435817957
172	6	-0.5964050893284595
172	7	-0.6173381017762054
173	0	-0.49000183408377856
173	1	-0.011905503389120737
173	2	-0.7336444165834453
173	3	-0.7499586760668266
173	4	-0.39345177636291934
173	5	-0.617339574985635
173	6	-0.5964061341042207
173	7	-2.3330131311126974
174	0	-0.7336410020354798
174	1	-0.0034940766216095616
174	2	-0.48999755918546245
174	3	-0.7500046389243886
174	4	-2.3330097184186562
174	5	-0.3940309294607664
174	6	-0.5964061405566805
174	7	-0.617339152280414
175	0	-0.5073223562983934
175	1	-2.333010668788375
175	2	-0.5927799214926422
175	3	-0.7336406647700113
175	4	-9.938551910406233E-4
175	5	-0.5403566025062246
175	6	-0.617338818624761
175	7	-0.5964053776609726
175	8	-0.39403401572250324
175	9	-4.918097006323717
175	10	-0.9599989663759172
175	11	-0.5525212224990436
175	12	-0.7979838122551467
175	13	-2.3373099281589487
176	0	-0.0010785885839434482
176	1	-0.49000105966034296
176	2	-0.7499692138538259
176	3	-0.7336452962796265
176	4	-2.333013583195892
176	5	-0.3935630132792168
176	6	-0.6173396003329605
176	7	-0.5964053048066589
177	0	-0.5964024107236733
177	1	-0.6934237874859492
177	2	-0.617335421644032
177	3	-0.39370340537929155
177	4	-0.5821234820564477
177	5	-0.5768257444603762
177	6	-0.610779755493443
177	7	-0.33191149134820774
177	8	-0.6055850968275766
177	9	-0.6465796408850368
177	10	-0.6449228271425402
177	11	-0.6465792129037288
177	12	-0.6217650849550519
177	13	-0.4639208063286396
177	14	-0.6502977638426235
177	15	-0.625677337695164
177	16	-0.6285220621279968
177	17	-0.5620867963655038
177	18	-0.6323221616273442
177	19	-0.6318327876919114
178	0	-0.6934716956835667
178	1	-0.6173395866892181
178	2	-0.3938213478069679
178	3	-0.5964040060220525
178	4	-0.6256921579524503
178	5	-0.6285338891284279
178	6	-0.5821340203469424
178	7	-0.6107945728042553
178	8	-0.6055956361215724
178	9	-0.6217760533018309
178	10	-0.4639849214733979
178	11	-0.65030916169698
178	12	-0.6449337934622834
178	13	-0.6465906086847857
178	14	-0.33192245353075955
178	15	-0.6465906073301269
178	16	-0.6323322748490986
178	17	-0.5620977634607084
178	18	-0.6318390504679308
178	19	-0.5768371284750369
179	0	-0.6173357094534672
179	1	-0.4977779243792101
179	2	-0.5308275479325548
179	3	-0.6837024752674415
179	4	-9.879104355911626E-4
179	5	-2.333003325789778
179	6	-0.5881670221972881
179	7	-4.91814061575629
179	8	-0.3937610060259901
179	9	-0.5964022650066072
179	10	-0.4899928762988383
179	11	-0.7500444379646651
179	12	-0.9600101526755669
179	13	-0.797989777460126
179	14	-0.5525271863307398
179	15	-2.3373073382424776
180	0	-0.49778896419197516
180	1	-0.5308385837646491
180	2	-0.6173390764514679
180	3	-0.0010780641046157023
180	4	-0.6837923127024849
180	5	-2.3330156296940436
180	6	-0.5881763519573796
180	7	-0.39411811179291384
180	8	-0.5964060655416661
180	9	-4.918087063725147
180	10	-0.7499733397957027
180	11	-0.489994063115831
180	12	-0.7979991065184345
180	13	-2.3373226568287615
180	14	-0.5525360883545039
180	15	-0.9599916766970571
181	0	-0.6837872547894169
181	1	-0.48998986322792165
181	2	-0.0010879727990890729
181	3	-0.7499943721211748
181	4	-2.3330144178110483
181	5	-0.596405709353831
181	6	-0.3939013232346959
181	7	-0.6173391452471112
182	0	-0.749954145488402
182	1	-0.0010113899622203402
182	2	-0.6837902251313958
182	3	-0.490001385262881
182	4	-0.3939731637194837
182	5	-0.6173395581840025
182	6	-0.5964061168747261
182	7	-2.333014825156781
183	0	-0.4900018266460559
183	1	-9.55793675895885E-4
183	2	-0.6837898083117245
183	3	-0.7499751080629309
183	4	-2.3330139803727565
183	5	-0.3936904400695524
183	6	-0.5964065525776114
183	7	-0.6173391364630199
184	0	-0.5308376188409774
184	1	-0.4977862871513844
184	2	-0.6173395529206146
184	3	-2.3330092593850917
184	4	-0.6837850855758797
184	5	-9.425139959524174E-4
184	6	-0.5881749590505619
184	7	-4.91813742781486
184	8	-0.797996430713032
184	9	-0.5525346970778474
184	10	-2.3373169857850384
184	11	-0.9599616292211568
184	12	-0.5964065334788125
184	13	-0.39413141090771614
185	0	-2.3330131060742834
185	1	-0.5881759687663177
185	2	-0.5308377680901876
185	3	-0.49778729305054725
185	4	-0.6173391176337617
185	5	-0.6837949209775928
185	6	-0.0010845203344615549
185	7	-0.3936519298407089
185	8	-0.5964065369136329
185	9	-4.918163241308613
185	10	-0.7979901630811003
185	11	-0.5525361279170692
185	12	-2.3373214119865406
185	13	-0.9599934297986854
186	0	-0.39398014586411184
186	1	-0.6729559045200448
186	2	-0.6173392655804217
186	3	-0.5964058276058312
186	4	-0.6323255020438858
186	5	-0.5821246796618551
186	6	-0.562090135495354
186	7	-0.5768295059995143
186	8	-0.6256840938934215
186	9	-0.6285249694889462
186	10	-0.6318356982338206
186	11	-0.33191225927690504
186	12	-0.6465825512367245
186	13	-0.46397686035096924
186	14	-0.6449257343520179
186	15	-0.6465829771980759
186	16	-0.6503015274196029
186	17	-0.6217688458414053
186	18	-0.6055875736124231
186	19	-0.6107912150080065
187	0	-0.6107944466136305
187	1	-0.5821317502848995
187	2	-0.5582636651986466
187	3	-0.6382452245881803
187	4	-0.6464574128881337
187	5	-0.6318414840914458
187	6	-0.6081956327909874
187	7	-0.5964038729524233
187	8	-0.5768352883860035
187	9	-0.6256894537881551
187	10	-0.562095917131737
187	11	-0.6323312822251149
187	12	-0.6347625936323669
187	13	-0.6285320394345155
187	14	-0.646587908924956
187	15	-0.331920182597747
187	16	-0.6465879094416198
187	17	-0.6449315213286175
187	18	-0.6318314614369921
187	19	-0.650306460123673
187	20	-0.605593364007002
187	21	-0.6431612211225225
187	22	-0.46398221791897715
187	23	-0.6217742064639393
187	24	-0.6730091874790143
187	25	-0.3941595404953096
187	26	-0.4977842738144641
187	27	-0.5308334647908266
187	28	-0.6173368777602521
187	29	-0.0010767956914489805
187	30	-2.33300451990141
187	31	-0.5881729415591436
187	32	-0.48999692760363817
187	33	-0.7499488305822588
187	34	-4.918135412426921
188	0	-0.49680642240521883
188	1	-0.4637995641036829
188	2	-0.6173384287142448
188	3	-0.6730547912296378
188	4	-2.3330102764509797
188	5	-0.0010560270492516253
188	6	-1.3330017024126186
189	0	-1.4221868736672871
189	1	-0.5821289080886144
189	2	-0.6265569452980954
189	3	-0.6337944721463805
189	4	-0.6424223843387733
189	5	-1.1096330414829274
189	6	-0.6407139025986812
189	7	-0.6424223835235375
189	8	-0.6012126381287859
189	9	-0.6210537883862691
189	10	-0.6464664873104804
189	11	-0.6156032523429893
189	12	-0.5771739724665392
189	13	-0.6248700097091978
189	14	-0.6035915880643317
189	15	-1.40812208564331
189	16	-0.5621117452448147
189	17	-0.543206948994153
189	18	-0.5722077515024929
189	19	-0.4263755359491347
189	20	-0.6153137276608567
189	21	-0.6061686092814764
189	22	-0.6272831159286261
189	23	-0.6424223717575139
189	24	-0.6730528810116914
189	25	-0.6217705062890557
189	26	-0.3940788568605193
189	27	-0.4637929955527626
189	28	-0.49689865733414734
189	29	-0.6173348019365453
189	30	-2.3330066496537567
189	31	-9.826816139943482E-4
189	32	-1.3329959920216814
190	0	-0.5821339165577617
190	1	-0.5722132019490717
190	2	-0.6248754538191315
190	3	-0.5700005691430948
190	4	-0.621776385737602
190	5	-0.6407197643496304
190	6	-0.6730545726401294
190	7	-0.3939910619798233
190	8	-0.6012176440010891
190	9	-0.642427387911538
190	10	-1.109638473078358
190	11	-0.4263779849373853
190	12	-0.6424273882645708
190	13	-0.6464714936049204
190	14	-0.5963396775693294
190	15	-0.6061689271813441
190	16	-0.6337994758819067
190	17	-0.6424278222217908
190	18	-1.4081275263360593
191	0	-0.5963397735007807
191	1	-0.5821344358243974
191	2	-0.4263802143621954
191	3	-0.6012198764568769
191	4	-0.642427483893569
191	5	-0.32278882801088515
191	6	-0.6217764662524462
191	7	-0.646472016112193
191	8	-0.6729994772418741
191	9	-0.56999851535935
191	10	-0.6407198532969303
191	11	-0.6424274819220496
191	12	-0.3921222671398405
192	0	-1.4221808852371736
192	1	-0.5906605703230673
192	2	-0.6265565231565782
192	3	-0.5821295259907585
192	4	-0.5722070485102093
192	5	-0.48840096010222905
192	6	-0.6248701581840589
192	7	-0.4263791492683048
192	8	-0.6337946228935686
192	9	-0.6272822884143117
192	10	-0.6156019842430072
192	11	-0.6061585031217565
192	12	-0.6153158886655106
192	13	-0.642422530616323
192	14	-0.5699974571566485
192	15	-0.6464675297844487
192	16	-0.601216671563555
192	17	-0.6424229959440779
192	18	-0.6424229986953125
192	19	-0.6210537958058588
192	20	-0.32278476732263306
192	21	-0.6407149433939889
192	22	-0.5621113341474325
192	23	-1.4081209525604388
192	24	-0.6217719797618472
192	25	-0.6730022627338597
192	26	-0.39242660551010916
193	0	-0.5821339960761652
193	1	-0.6154526147098102
193	2	-0.5699950867754248
193	3	-0.640719420343013
193	4	-0.6424279004108409
193	5	-0.6012138762925602
193	6	-0.6424274722872639
193	7	-0.6464715753067561
193	8	-0.39188700985081887
193	9	-0.6217760305829702
193	10	-0.3227866769593487
193	11	-0.6729528462998629
193	12	-0.42636779085877574
193	13	-0.624469214630739
194	0	-0.4899788241646585
194	1	-0.7498866682293421
194	2	0.0030794198397248655
194	3	-0.6729701127643077
194	4	-2.333002540159852
194	5	-0.3923067666680599
194	6	-0.2493425252847727
194	7	-0.6173306905742059
194	8	-0.5699978042750241
195	0	-0.7498044975113625
195	1	-0.6730581219035237
195	2	-0.48999930672445274
195	3	0.003092141810766606
195	4	-0.18662372753772635
195	5	-0.3924662083629637
195	6	-0.6173383346361916
195	7	-0.5699968511412542
195	8	-2.3330110347722024
196	0	-0.15372935930456058
196	1	-0.617338266025355
196	2	-0.5700010596743582
196	3	-0.6805295434409588
196	4	-0.3919614159670481
196	5	-0.6156053782249896
196	6	-0.5821238137133371
196	7	-0.6272801148325718
196	8	-0.6153120068646074
196	9	-0.5722034619366391
196	10	-0.6061510661332125
196	11	-0.5621117366890614
196	12	-1.4081225039823806
196	13	-0.6464669518751627
196	14	-0.6424224191247537
196	15	-0.601208822652757
196	16	-0.3227820530187794
196	17	-0.6217701209917784
196	18	-0.4263789984381524
196	19	-0.6407135065354227
196	20	-0.6424224159199481
197	0	-0.6805300627362312
197	1	-0.7726425240908962
197	2	-0.7488995845470211
197	3	-0.48999668640429367
197	4	-0.6173387762922384
197	5	-0.3920560299164903
197	6	-0.570001569469848
197	7	-0.15681936847351755
197	8	-2.3330096985353173
197	9	-0.5821336381225669
197	10	-0.5722129161930245
197	11	-0.6248678699296819
197	12	-0.463785829892783
197	13	-0.4968893542785639
197	14	-1.3329871191415874
197	15	-0.03449159572913744
198	0	-1.4081272085761916
198	1	-0.562118578922451
198	2	-0.5821344377545278
198	3	-0.6424266471241865
198	4	-0.6464707481815053
198	5	-0.3227871335169701
198	6	-0.6424266436477597
198	7	-0.391663311830362
198	8	-0.42637894573268886
198	9	-0.6805231483296224
198	10	-0.5699963760871815
198	11	-0.6012173234953772
198	12	-0.6217751998937018
198	13	-0.6407185889618374
199	0	-0.6362206492088153
199	1	-4.918025041924069
199	2	-0.7979686358852162
199	3	-0.39183567597677066
199	4	-0.15285718221781777
199	5	-0.5699976495899527
199	6	-0.6804547052893619
199	7	-0.6173339516427215
199	8	-0.5821297138118451
199	9	-0.615314083251905
199	10	-0.6061616987232771
199	11	-0.5722080930957344
199	12	-0.6156036024186519
199	13	-0.32278410308837324
199	14	-0.6464672902869477
199	15	-0.6217717463267001
199	16	-0.4263789098453227
199	17	-0.6424231847239732
199	18	-0.6012160077490843
199	19	-0.6407151338888105
199	20	-0.6424227569190263
199	21	-1.408119040469483
199	22	-0.5621112673775893
199	23	-0.6272821868009038
199	24	-0.4883165711103031
199	25	-0.6265448499727652
199	26	-0.624437557205662
199	27	-0.6149140881756728
199	28	-0.590088389497165
199	29	-0.579591924878005
199	30	-0.29688261822494844
199	31	-0.7726776742190763
199	32	-1.3450831809036097
199	33	-0.5793621271064097
199	34	-0.47439811641173507
200	0	-0.6173384379993729
200	1	-0.6805198805759121
200	2	-0.392008209663301
200	3	-0.1564935258866347
200	4	-0.5699943852090007
200	5	-0.6156050795716074
200	6	-0.5821328702228896
200	7	-0.5722087263035436
200	8	-0.6153172670712251
200	9	-1.4081230607395296
200	10	-0.5621165706505112
200	11	-0.6272845238048425
200	12	-0.6061315178752535
200	13	-0.6424271993880938
200	14	-0.6464700191521723
200	15	-0.42637393904327303
200	16	-0.6424254884229121
200	17	-0.6012148857445496
200	18	-0.32278597406285714
200	19	-0.6217757540300184
200	20	-0.6407191435460121
200	21	-0.4899894604655694
200	22	-0.7817165467533576
200	23	-0.7488530738265867
200	24	-2.333004610716271
201	0	-0.7488728210586738
201	1	-0.49000107590300007
201	2	-0.6805266694793772
201	3	-0.7816425017167021
201	4	-0.39175108941850806
201	5	-0.5699994644146139
201	6	-0.617338807179603
201	7	-0.15340439879578963
201	8	-2.332978156704477
202	0	-0.7489069925059159
202	1	-0.7816488743508394
202	2	-0.4899963244795486
202	3	-0.6805180765271164
202	4	-0.6173392008654908
202	5	-0.392337471557159
202	6	-0.5700011377863833
202	7	-0.152347867517326
202	8	-2.3330080528048445
203	0	-0.2969303838048629
203	1	-4.918180887035717
203	2	-1.3509931369195403
203	3	-0.055255821732659506
203	4	-0.7979911263286491
203	5	-9.489995589611588
203	6	-0.9599573957227867
203	7	-2.3372905091101766
203	8	-0.034533992538147186
203	9	-2.333008347786776
203	10	-0.7816483058893993
203	11	-0.6805222167654283
203	12	-0.7488876017550471
203	13	-0.48999704048140386
203	14	-0.3918569912931514
203	15	-0.1522916964602741
203	16	-0.6173386320310836
203	17	-0.5699984321775856
203	18	-0.43470627481206486
204	0	-0.7817336610097385
204	1	-0.748806573030046
204	2	-0.6805275843843619
204	3	-0.4899951397216908
204	4	-0.5700003823349894
204	5	-0.15256781965021918
204	6	-0.39232302627702625
204	7	-0.6173388701149627
204	8	-2.3330124227202473
205	0	-0.7489189987622679
205	1	-0.6805223850371034
205	2	-0.7816193864843766
205	3	-0.490001486893398
205	4	-0.5699977455417572
205	5	-0.1532504085432347
205	6	-0.39217581872013824
205	7	-0.6173392291250736
205	8	-2.3330097931942886
206	0	-0.7816590954938509
206	1	-0.7489356034175035
206	2	-0.6805325747756337
206	3	-0.49000141381410295
206	4	-0.15221223298142464
206	5	-2.333008866014876
206	6	-0.3922672798072017
206	7	-0.6173387281166336
206	8	-0.5700015200487235
207	0	-0.6424193700489476
207	1	-0.6424197962298811
207	2	-0.6210366440236854
207	3	-0.6012083398112771
207	4	-0.6464638996566496
207	5	-0.3227807128182494
207	6	-0.640711742772153
207	7	-0.6272801087310538
207	8	-0.5821263173333107
207	9	-0.39228605588519544
207	10	-0.6217679247030435
207	11	-0.5699972005347856
207	12	-0.6722056256495257
207	13	-0.42637081019872647
208	0	-0.6361918257252198
208	1	-1.3510404802511569
208	2	-0.797990337127991
208	3	-9.490044644746424
208	4	-0.9599705060459511
208	5	-2.3373019100936094
208	6	-0.5796320830769326
208	7	-0.5524937768219302
208	8	-0.03454936363429421
208	9	-0.1509630975049632
208	10	-0.6173319109990977
208	11	-0.5699977767817442
208	12	-0.3918648885730141
208	13	-0.672271192285318
208	14	-0.6012131404978612
208	15	-0.4263794687090906
208	16	-0.6424233127955834
208	17	-0.6424233119609728
208	18	-0.3227846578918595
208	19	-0.5821289854608596
208	20	-0.6407152593621982
208	21	-0.6217710164013804
208	22	-0.6464678437709542
208	23	-0.6155964506785934
208	24	-0.572199671133342
208	25	-1.4081148588660337
208	26	-0.5621045192380629
208	27	-0.6061485573412686
208	28	-0.6153065009506473
208	29	-0.6272836260885929
208	30	-2.3329943393350216
208	31	-0.7816329261676995
208	32	-0.748847078147128
208	33	-0.48998859579403004
208	34	-0.4346787888702523
208	35	-0.49688510405839653
208	36	-0.46377901229854984
208	37	-1.3329820103518382
208	38	-0.5626389522115923
209	0	-0.5821339926282019
209	1	-0.624854594966893
209	2	-0.6217760235970399
209	3	-0.6012168615163797
209	4	-0.6407194111685273
209	5	-0.6464715698206102
209	6	-0.39156277659074096
209	7	-0.6424270352441178
209	8	-0.42638147400523374
209	9	-0.6424270342116597
209	10	-0.5700019173929881
209	11	-0.3227879507302288
209	12	-0.6723497586239315
209	13	-0.9600148165578721
210	0	-0.2969206301392322
210	1	-0.05530148546762768
210	2	-0.6124470525836833
210	3	-0.5628389039097833
210	4	0.01337230642390081
210	5	-0.5783798722630451
210	6	-1.2922390251942544
210	7	-0.584443544879979
210	8	-0.03460124361944531
211	0	-0.03639688762307151
211	1	-0.6261439544186996
211	2	-0.5844054392096288
211	3	-0.6395299468006815
211	4	-0.6140516489461604
211	5	-0.6179887838828206
211	6	-0.6270085293979266
211	7	-0.6114242863163047
211	8	-1.4134108972576507
211	9	-0.6161229734761854
211	10	-0.6405483824413146
212	0	-0.03641996328247558
212	1	-0.6115373956654151
212	2	-0.6141643268082873
212	3	-0.6181172092195197
212	4	-0.6262566281452808
212	5	-0.6270750508752856
212	6	-0.584512349649858
212	7	-0.6396421935767982
212	8	-0.6406606352531445
212	9	-0.6376096857337535
212	10	-0.5295979140936768
212	11	-0.6162352236359528
212	12	-1.4135218617182284
213	0	-0.5628403054400684
213	1	-0.2961726370211325
213	2	-9.49004901688855
213	3	-0.7488648459180537
213	4	-0.7817354721616834
213	5	-1.3433355832283398
214	0	-0.7980073016447405
214	1	-0.959970787334608
214	2	-2.337318445660298
214	3	-9.490040646057903
214	4	-2.3330052399073242
214	5	-0.7816141985666056
214	6	-0.48999222914093704
214	7	-0.6722765030360485
214	8	-0.748830396742881
214	9	-1.3428310551656304
215	0	-0.552529234908782
215	1	-0.9599700979644297
215	2	-0.7979933488159371
215	3	-2.337315188887752
215	4	-9.490047230151225
215	5	-0.15328384971387335
215	6	-0.5699920884402098
215	7	-0.6723157482778075
215	8	-0.39178862322344304
215	9	-0.6173326485333482
215	10	-0.6061060629938463
215	11	-0.582128856381603
215	12	-0.6153119139451595
215	13	-0.6272821612826818
215	14	-0.5621133512915297
215	15	-1.4081219792969142
215	16	-0.6156005766935339
215	17	-0.42637377629535145
215	18	-0.6407142749612371
215	19	-0.6012091603168177
215	20	-0.6217713128934935
215	21	-0.6424223296197117
215	22	-0.6464664321850427
215	23	-0.3227802518728692
215	24	-0.6424227555606946
215	25	-0.5722072158592836
216	0	-9.490050954943476
216	1	-0.7979097636076894
216	2	-0.9599798066315732
216	3	-2.3373112113833945
216	4	-0.781640870553931
216	5	-2.333012883353905
216	6	-0.748875893007458
216	7	-0.6723476785349345
216	8	-0.4900002989151548
217	0	-9.490049894305278
217	1	-0.7980071338053777
217	2	-0.9599954279985847
217	3	-2.3373204176688853
217	4	-0.7488503238804457
217	5	-0.6723209698509001
217	6	-0.4899939786367404
217	7	-0.7817299296392357
217	8	-0.1562641941140084
217	9	-2.333010406998333
217	10	-0.5700004905063994
217	11	-0.6173372701045308
217	12	-0.39146468095111103
218	0	-0.6153154946848705
218	1	-0.5821315242703357
218	2	-0.4263794392096377
218	3	-0.6407173731078275
218	4	-0.6424254277178648
218	5	-0.6723466425615128
218	6	-0.6464695314864264
218	7	-0.3227850605195437
218	8	-0.6012152516687654
218	9	-0.6424249992909342
218	10	-0.3918586470215725
218	11	-0.6217739823543247
218	12	-0.5699996594398465
219	0	-0.29617172985201157
219	1	-9.490045155551075
219	2	-0.7979959807402507
219	3	-0.9600116515150017
219	4	-2.3373143977324724
219	5	-0.6722578091471163
219	6	-0.7817345961626625
219	7	-0.7488686691282246
219	8	-0.48999093952391554
219	9	-0.15270073601422965
219	10	-0.39154567689087766
219	11	-0.5700006458182373
219	12	-0.6173376668224647
219	13	-2.333012506504395
219	14	-0.5821327091903667
219	15	-0.5900692617686784
219	16	-0.6012168661037516
219	17	-0.6217751704040217
219	18	-0.32278752770359653
219	19	-0.6407181277435466
219	20	-0.42638275953288796
219	21	-0.6424257554391368
219	22	-0.6424266087605579
219	23	-0.6464707135789654
219	24	-0.5785065743199219
219	25	-1.2923918960875518
219	26	-0.6003340360546527
219	27	-0.592166400514897
219	28	-0.5917867846463832
219	29	-0.5818204371336625
219	30	-0.5905494310669049
220	0	-0.7817303410525058
220	1	-0.7489307162274835
220	2	-0.6723513154159133
220	3	-0.49000165691821224
220	4	-2.3330146697821283
220	5	-0.1505295952986008
220	6	-0.39152369832224304
220	7	-0.6173385433007887
220	8	-0.5700013362400002
221	0	-4.918167243944106
221	1	-0.9599658716869217
221	2	-9.490052839771364
221	3	-0.7979874110724273
221	4	-2.3373109616502354
221	5	-0.781648823852441
221	6	-0.4900001270251168
221	7	-0.7489711012227304
221	8	-0.6723463628719579
221	9	-0.15411758253223587
221	10	-0.5699951015247241
221	11	-0.6173378674405205
221	12	-0.3915987302048634
221	13	-2.333009284360308
221	14	-1.2923990976147661
221	15	-0.5787203069151249
221	16	-0.041860736864563965
222	0	-0.29667367573411463
222	1	-4.918810646983939
222	2	-1.3511521966736646
222	3	-0.05564089257311786
222	4	-0.9601192210692582
222	5	-0.7818413100308133
222	6	-0.4349571357390215
222	7	-0.6159187901460986
222	8	-0.6273237706125588
222	9	-0.5908070542332065
222	10	-0.6065245099213223
222	11	-0.6154550340159399
222	12	-0.6244937068021066
222	13	-0.48878915519463434
222	14	-0.6140585454506121
222	15	-0.5851385968232871
222	16	-0.5017275500681871
222	17	0.011094577097705905
222	18	-0.5794591918467845
222	19	-0.5793881876719524
222	20	-0.5791090994695947
222	21	-1.2927319447305528
223	0	-4.920727855817492
223	1	-0.9582990008850467
223	2	-2.338978787139456
223	3	-2.3346704797294113
223	4	-0.7800176644668195
223	5	-0.6464623056535518
223	6	-0.501854766110021
224	0	-2.3389918306019744
224	1	-0.9582667753205263
224	2	-0.7979959049594046
224	3	-9.490046789423282
224	4	-2.334675393163478
224	5	-0.7800153803813117
224	6	-0.7489177842540579
224	7	-0.4899874407549371
224	8	-0.6723460848466101
