166	0	0.0
166	1	1.2901972915677713
166	2	1.00773764894362
166	3	1.4419585082889026
166	4	0.646768828576088
166	5	1.5156376325958851
166	6	1.7693392219629476
166	7	1.7693392219629476
166	8	0.8559764322224888
166	9	1.7693392219629476
166	10	1.7693392219629476
166	11	1.3040022073831536
166	12	1.3605360502903485
166	13	0.7985300452972193
166	14	0.8559764322224888
166	15	0.8559764322224888
166	16	1.4353507842003936
166	17	1.4829427378811624
166	18	0.8559764322224888
166	19	0.646768828576088
166	20	1.3006618417987479
166	21	1.3006618417987479
166	22	0.646768828576088
166	23	0.7787275223798046
166	24	0.15176121672113121
167	0	0.7951896797128142
167	1	1.4419585082889026
167	2	0.15176121672113121
167	3	0.6572333788070652
167	4	0.7787275223798046
167	5	0.0
167	6	1.00773764894362
167	7	1.2901972915677713
168	0	0.6572333788070652
168	1	0.7951896797128142
168	2	1.4419585082889026
168	3	0.15176121672113121
168	4	0.7787275223798046
168	5	0.0
168	6	1.00773764894362
168	7	1.2901972915677713
169	0	0.6572333788070652
169	1	0.15176121672113121
169	2	0.7951896797128142
169	3	1.4419585082889026
169	4	0.7787275223798046
169	5	0.0
169	6	1.00773764894362
169	7	1.2901972915677713
170	0	1.00773764894362
170	1	1.3006618417987479
170	2	1.3006618417987479
170	3	1.4419585082889026
170	4	0.7787275223798046
170	5	0.15176121672113121
170	6	0.646768828576088
171	0	0.15176121672113121
171	1	1.4419585082889026
171	2	0.6572333788070652
171	3	0.7787275223798046
171	4	0.7787275223798046
171	5	0.0
171	6	1.2901972915677713
171	7	1.00773764894362
172	0	0.7787275223798046
172	1	0.15176121672113121
172	2	0.6572333788070652
172	3	1.4419585082889026
172	4	0.7787275223798046
172	5	0.0
172	6	1.2901972915677713
172	7	1.00773764894362
173	0	0.6572333788070652
173	1	0.15176121672113121
173	2	1.4419585082889026
173	3	0.7787275223798046
173	4	0.0
173	5	1.00773764894362
173	6	1.2901972915677713
173	7	0.7787275223798046
174	0	1.4419585082889026
174	1	0.15176121672113121
174	2	0.6572333788070652
174	3	0.7787275223798046
174	4	0.7787275223798046
174	5	0.0
174	6	1.2901972915677713
174	7	1.00773764894362
175	0	1.3006618417987479
175	1	0.7787275223798046
175	2	0.646768828576088
175	3	1.4419585082889026
175	4	0.15176121672113121
175	5	1.3006618417987479
175	6	1.00773764894362
175	7	1.2901972915677713
175	8	0.0
175	9	1.4419585082889026
175	10	0.15176121672113121
175	11	0.7787275223798046
175	12	0.7985300452972193
175	13	0.7787275223798046
176	0	0.15176121672113121
176	1	0.6572333788070652
176	2	0.7787275223798046
176	3	1.4419585082889026
176	4	0.7787275223798046
176	5	0.0
176	6	1.00773764894362
176	7	1.2901972915677713
177	0	1.2901972915677713
177	1	1.4419585082889026
177	2	1.00773764894362
177	3	0.0
177	4	1.5156376325958851
177	5	0.646768828576088
177	6	0.646768828576088
177	7	0.7985300452972193
177	8	0.8559764322224888
177	9	1.7693392219629476
177	10	1.7693392219629476
177	11	1.7693392219629476
177	12	1.3040022073831536
177	13	2.0073048788664365
177	14	1.7693392219629476
177	15	0.8559764322224888
177	16	0.8559764322224888
177	17	1.4829427378811624
177	18	1.4353507842003936
177	19	0.8559764322224888
178	0	1.4419585082889026
178	1	1.00773764894362
178	2	0.0
178	3	1.2901972915677713
178	4	0.8559764322224888
178	5	0.8559764322224888
178	6	1.5156376325958851
178	7	0.646768828576088
178	8	0.8559764322224888
178	9	1.3040022073831536
178	10	2.0073048788664365
178	11	1.7693392219629476
178	12	1.7693392219629476
178	13	1.7693392219629476
178	14	0.7985300452972193
178	15	1.7693392219629476
178	16	1.4353507842003936
178	17	1.4829427378811624
178	18	0.8559764322224888
178	19	0.646768828576088
179	0	1.00773764894362
179	1	1.3006618417987479
179	2	1.3006618417987479
179	3	1.4419585082889026
179	4	0.15176121672113121
179	5	0.7787275223798046
179	6	0.646768828576088
179	7	1.4419585082889026
179	8	0.0
179	9	1.2901972915677713
179	10	0.6572333788070652
179	11	0.7787275223798046
179	12	0.15176121672113121
179	13	0.7985300452972193
179	14	0.7787275223798046
179	15	0.7787275223798046
180	0	1.3006618417987479
180	1	1.3006618417987479
180	2	1.00773764894362
180	3	0.15176121672113121
180	4	1.4419585082889026
180	5	0.7787275223798046
180	6	0.646768828576088
180	7	0.0
180	8	1.2901972915677713
180	9	1.4419585082889026
180	10	0.7787275223798046
180	11	0.6572333788070652
180	12	0.7985300452972193
180	13	0.7787275223798046
180	14	0.7787275223798046
180	15	0.15176121672113121
181	0	1.4419585082889026
181	1	0.6572333788070652
181	2	0.15176121672113121
181	3	0.7787275223798046
181	4	0.7787275223798046
181	5	1.2901972915677713
181	6	0.0
181	7	1.00773764894362
182	0	0.7787275223798046
182	1	0.15176121672113121
182	2	1.4419585082889026
182	3	0.6572333788070652
182	4	0.0
182	5	1.00773764894362
182	6	1.2901972915677713
182	7	0.7787275223798046
183	0	0.6572333788070652
183	1	0.15176121672113121
183	2	1.4419585082889026
183	3	0.7787275223798046
183	4	0.7787275223798046
183	5	0.0
183	6	1.2901972915677713
183	7	1.00773764894362
184	0	1.3006618417987479
184	1	1.3006618417987479
184	2	1.00773764894362
184	3	0.7787275223798046
184	4	1.4419585082889026
184	5	0.15176121672113121
184	6	0.646768828576088
184	7	1.4419585082889026
184	8	0.7985300452972193
184	9	0.7787275223798046
184	10	0.7787275223798046
184	11	0.15176121672113121
184	12	1.2901972915677713
184	13	0.0
185	0	0.7787275223798046
185	1	0.646768828576088
185	2	1.3006618417987479
185	3	1.3006618417987479
185	4	1.00773764894362
185	5	1.4419585082889026
185	6	0.15176121672113121
185	7	0.0
185	8	1.2901972915677713
185	9	1.4419585082889026
185	10	0.7985300452972193
185	11	0.7787275223798046
185	12	0.7787275223798046
185	13	0.15176121672113121
186	0	0.0
186	1	1.4419585082889026
186	2	1.00773764894362
186	3	1.2901972915677713
186	4	1.4353507842003936
186	5	1.5156376325958851
186	6	1.4829427378811624
186	7	0.646768828576088
186	8	0.8559764322224888
186	9	0.8559764322224888
186	10	0.8559764322224888
186	11	0.7985300452972193
186	12	1.7693392219629476
186	13	2.0073048788664365
186	14	1.7693392219629476
186	15	1.7693392219629476
186	16	1.7693392219629476
186	17	1.3040022073831536
186	18	0.8559764322224888
186	19	0.646768828576088
187	0	0.646768828576088
187	1	1.5156376325958851
187	2	0.8559764322224888
187	3	0.8559764322224888
187	4	1.7693392219629476
187	5	0.8559764322224888
187	6	0.646768828576088
187	7	1.2901972915677713
187	8	0.646768828576088
187	9	0.8559764322224888
187	10	1.4829427378811624
187	11	1.4353507842003936
187	12	0.8559764322224888
187	13	0.8559764322224888
187	14	1.7693392219629476
187	15	0.7985300452972193
187	16	1.7693392219629476
187	17	1.7693392219629476
187	18	0.8559764322224888
187	19	1.7693392219629476
187	20	0.8559764322224888
187	21	1.4353507842003936
187	22	2.0073048788664365
187	23	1.3040022073831536
187	24	1.4419585082889026
187	25	0.0
187	26	1.3006618417987479
187	27	1.3006618417987479
187	28	1.00773764894362
187	29	0.15176121672113121
187	30	0.7787275223798046
187	31	0.646768828576088
187	32	0.6572333788070652
187	33	0.7787275223798046
187	34	1.4419585082889026
188	0	1.3006618417987479
188	1	1.3006618417987479
188	2	1.00773764894362
188	3	1.4419585082889026
188	4	0.7787275223798046
188	5	0.15176121672113121
188	6	0.0
189	0	0.8559764322224888
189	1	1.5156376325958851
189	2	0.8559764322224888
189	3	0.8559764322224888
189	4	1.4353507842003936
189	5	0.7985300452972193
189	6	1.4353507842003936
189	7	1.4353507842003936
189	8	0.8559764322224888
189	9	0.8559764322224888
189	10	1.7693392219629476
189	11	0.8559764322224888
189	12	1.2901972915677713
189	13	0.8559764322224888
189	14	0.646768828576088
189	15	1.4829427378811624
189	16	1.4829427378811624
189	17	0.646768828576088
189	18	0.646768828576088
189	19	1.3605360502903485
189	20	0.8559764322224888
189	21	0.646768828576088
189	22	0.8559764322224888
189	23	1.4353507842003936
189	24	1.4419585082889026
189	25	1.3040022073831536
189	26	0.0
189	27	1.3006618417987479
189	28	1.3006618417987479
189	29	1.00773764894362
189	30	0.7787275223798046
189	31	0.15176121672113121
189	32	0.0
190	0	1.5156376325958851
190	1	0.646768828576088
190	2	0.8559764322224888
190	3	1.2901972915677713
190	4	1.3040022073831536
190	5	1.4353507842003936
190	6	1.4419585082889026
190	7	0.0
190	8	0.8559764322224888
190	9	1.4353507842003936
190	10	0.7985300452972193
190	11	1.3605360502903485
190	12	1.4353507842003936
190	13	1.7693392219629476
190	14	0.646768828576088
190	15	0.646768828576088
190	16	0.8559764322224888
190	17	1.4353507842003936
190	18	1.4829427378811624
191	0	0.646768828576088
191	1	1.5156376325958851
191	2	1.3605360502903485
191	3	0.8559764322224888
191	4	1.4353507842003936
191	5	0.7985300452972193
191	6	1.3040022073831536
191	7	1.7693392219629476
191	8	1.4419585082889026
191	9	1.2901972915677713
191	10	1.4353507842003936
191	11	1.4353507842003936
191	12	0.0
192	0	0.8559764322224888
192	1	1.2737351342347618
192	2	0.8559764322224888
192	3	1.5156376325958851
192	4	0.646768828576088
192	5	0.646768828576088
192	6	0.8559764322224888
192	7	1.3605360502903485
192	8	0.8559764322224888
192	9	0.8559764322224888
192	10	0.8559764322224888
192	11	0.646768828576088
192	12	0.8559764322224888
192	13	1.4353507842003936
192	14	1.2901972915677713
192	15	1.7693392219629476
192	16	0.8559764322224888
192	17	1.4353507842003936
192	18	1.4353507842003936
192	19	0.8559764322224888
192	20	0.7985300452972193
192	21	1.4353507842003936
192	22	1.4829427378811624
192	23	1.4829427378811624
192	24	1.3040022073831536
192	25	1.4419585082889026
192	26	0.0
193	0	1.5156376325958851
193	1	0.8559764322224888
193	2	1.2901972915677713
193	3	1.4353507842003936
193	4	1.4353507842003936
193	5	0.8559764322224888
193	6	1.4353507842003936
193	7	1.7693392219629476
193	8	0.0
193	9	1.3040022073831536
193	10	0.7985300452972193
193	11	1.4419585082889026
193	12	1.3605360502903485
193	13	0.8559764322224888
194	0	0.6572333788070652
194	1	0.7787275223798046
194	2	0.15176121672113121
194	3	1.4419585082889026
194	4	0.7787275223798046
194	5	0.0
194	6	0.0
194	7	1.00773764894362
194	8	1.2901972915677713
195	0	0.7787275223798046
195	1	1.4419585082889026
195	2	0.6572333788070652
195	3	0.15176121672113121
195	4	0.15176121672113121
195	5	0.0
195	6	1.00773764894362
195	7	1.2901972915677713
195	8	0.7787275223798046
196	0	0.15176121672113121
196	1	1.00773764894362
196	2	1.2901972915677713
196	3	1.4419585082889026
196	4	0.0
196	5	0.8559764322224888
196	6	1.5156376325958851
196	7	0.8559764322224888
196	8	0.8559764322224888
196	9	0.646768828576088
196	10	0.646768828576088
196	11	1.4829427378811624
196	12	1.4829427378811624
196	13	1.7693392219629476
196	14	1.4353507842003936
196	15	0.8559764322224888
196	16	0.7985300452972193
196	17	1.3040022073831536
196	18	1.3605360502903485
196	19	1.4353507842003936
196	20	1.4353507842003936
197	0	1.4419585082889026
197	1	0.15176121672113121
197	2	0.7787275223798046
197	3	0.6572333788070652
197	4	1.00773764894362
197	5	0.0
197	6	1.2901972915677713
197	7	0.15176121672113121
197	8	0.7787275223798046
197	9	1.5156376325958851
197	10	0.646768828576088
197	11	0.8559764322224888
197	12	1.3006618417987479
197	13	1.3006618417987479
197	14	0.0
197	15	0.7787275223798046
198	0	1.4829427378811624
198	1	1.4829427378811624
198	2	1.5156376325958851
198	3	1.4353507842003936
198	4	1.7693392219629476
198	5	0.7985300452972193
198	6	1.4353507842003936
198	7	0.0
198	8	1.3605360502903485
198	9	1.4419585082889026
198	10	1.2901972915677713
198	11	0.8559764322224888
198	12	1.3040022073831536
198	13	1.4353507842003936
199	0	1.3040022073831536
199	1	1.4419585082889026
199	2	0.7985300452972193
199	3	0.0
199	4	0.15176121672113121
199	5	1.2901972915677713
199	6	1.4419585082889026
199	7	1.00773764894362
199	8	1.5156376325958851
199	9	0.8559764322224888
199	10	0.646768828576088
199	11	0.646768828576088
199	12	0.8559764322224888
199	13	0.7985300452972193
199	14	1.7693392219629476
199	15	1.3040022073831536
199	16	1.3605360502903485
199	17	1.4353507842003936
199	18	0.8559764322224888
199	19	1.4353507842003936
199	20	1.4353507842003936
199	21	1.4829427378811624
199	22	1.4829427378811624
199	23	0.8559764322224888
199	24	0.646768828576088
199	25	0.8559764322224888
199	26	0.8559764322224888
199	27	0.8559764322224888
199	28	1.2737351342347618
199	29	0.7985300452972193
199	30	0.7951896797128142
199	31	0.15176121672113121
199	32	1.3638764158747538
199	33	1.5730840195211546
199	34	0.646768828576088
200	0	1.00773764894362
200	1	1.4419585082889026
200	2	0.0
200	3	0.15176121672113121
200	4	1.2901972915677713
200	5	0.8559764322224888
200	6	1.5156376325958851
200	7	0.646768828576088
200	8	0.8559764322224888
200	9	1.4829427378811624
200	10	1.4829427378811624
200	11	0.8559764322224888
200	12	0.646768828576088
200	13	1.4353507842003936
200	14	1.7693392219629476
200	15	1.3605360502903485
200	16	1.4353507842003936
200	17	0.8559764322224888
200	18	0.7985300452972193
200	19	1.3040022073831536
200	20	1.4353507842003936
200	21	0.6572333788070652
200	22	0.15176121672113121
200	23	0.7787275223798046
200	24	0.7787275223798046
201	0	0.7787275223798046
201	1	0.6572333788070652
201	2	1.4419585082889026
201	3	0.15176121672113121
201	4	0.0
201	5	1.2901972915677713
201	6	1.00773764894362
201	7	0.15176121672113121
201	8	0.7787275223798046
202	0	0.7787275223798046
202	1	0.15176121672113121
202	2	0.6572333788070652
202	3	1.4419585082889026
202	4	1.00773764894362
202	5	0.0
202	6	1.2901972915677713
202	7	0.15176121672113121
202	8	0.7787275223798046
203	0	0.7951896797128142
203	1	1.4419585082889026
203	2	0.15176121672113121
203	3	1.344073892957339
203	4	0.7985300452972193
203	5	0.7951896797128142
203	6	0.15176121672113121
203	7	0.7787275223798046
203	8	0.7787275223798046
203	9	0.7787275223798046
203	10	0.15176121672113121
203	11	1.4419585082889026
203	12	0.7787275223798046
203	13	0.6572333788070652
203	14	0.0
203	15	0.15176121672113121
203	16	1.00773764894362
203	17	1.2901972915677713
203	18	0.15176121672113121
204	0	0.15176121672113121
204	1	0.7787275223798046
204	2	1.4419585082889026
204	3	0.6572333788070652
204	4	1.2901972915677713
204	5	0.15176121672113121
204	6	0.0
204	7	1.00773764894362
204	8	0.7787275223798046
205	0	0.7787275223798046
205	1	1.4419585082889026
205	2	0.15176121672113121
205	3	0.6572333788070652
205	4	1.2901972915677713
205	5	0.15176121672113121
205	6	0.0
205	7	1.00773764894362
205	8	0.7787275223798046
206	0	0.15176121672113121
206	1	0.7787275223798046
206	2	1.4419585082889026
206	3	0.6572333788070652
206	4	0.15176121672113121
206	5	0.7787275223798046
206	6	0.0
206	7	1.00773764894362
206	8	1.2901972915677713
207	0	1.4353507842003936
207	1	1.4353507842003936
207	2	0.8559764322224888
207	3	0.8559764322224888
207	4	1.7693392219629476
207	5	0.7985300452972193
207	6	1.4353507842003936
207	7	0.8559764322224888
207	8	1.5156376325958851
207	9	0.0
207	10	1.3040022073831536
207	11	1.2901972915677713
207	12	1.4419585082889026
207	13	1.3605360502903485
208	0	1.3040022073831536
208	1	0.15176121672113121
208	2	0.7985300452972193
208	3	0.7951896797128142
208	4	0.15176121672113121
208	5	0.7787275223798046
208	6	0.7985300452972193
208	7	0.7787275223798046
208	8	0.7787275223798046
208	9	0.15176121672113121
208	10	1.00773764894362
208	11	1.2901972915677713
208	12	0.0
208	13	1.4419585082889026
208	14	0.8559764322224888
208	15	1.3605360502903485
208	16	1.4353507842003936
208	17	1.4353507842003936
208	18	0.7985300452972193
208	19	1.5156376325958851
208	20	1.4353507842003936
208	21	1.3040022073831536
208	22	1.7693392219629476
208	23	0.8559764322224888
208	24	0.646768828576088
208	25	1.4829427378811624
208	26	1.4829427378811624
208	27	0.646768828576088
208	28	0.8559764322224888
208	29	0.8559764322224888
208	30	0.7787275223798046
208	31	0.15176121672113121
208	32	0.7787275223798046
208	33	0.6572333788070652
208	34	0.15176121672113121
208	35	1.3006618417987479
208	36	1.3006618417987479
208	37	0.0
208	38	2.6382080259827445
209	0	1.5156376325958851
209	1	0.8559764322224888
209	2	1.3040022073831536
209	3	0.8559764322224888
209	4	1.4353507842003936
209	5	1.7693392219629476
209	6	0.0
209	7	1.4353507842003936
209	8	1.3605360502903485
209	9	1.4353507842003936
209	10	1.2901972915677713
209	11	0.7985300452972193
209	12	1.4419585082889026
209	13	0.15176121672113121
210	0	0.7951896797128142
210	1	1.344073892957339
210	2	0.646768828576088
210	3	2.6382080259827445
210	4	1.5156376325958851
210	5	1.5730840195211546
210	6	1.3638764158747538
210	7	0.7985300452972193
210	8	0.7787275223798046
211	0	0.7787275223798046
211	1	1.00773764894362
211	2	0.7985300452972193
211	3	1.3040022073831536
211	4	0.8559764322224888
211	5	1.00773764894362
211	6	0.8559764322224888
211	7	1.00773764894362
211	8	0.8559764322224888
211	9	0.8559764322224888
211	10	1.00773764894362
212	0	0.7787275223798046
212	1	1.00773764894362
212	2	0.8559764322224888
212	3	1.00773764894362
212	4	1.00773764894362
212	5	0.8559764322224888
212	6	0.7985300452972193
212	7	1.3040022073831536
212	8	1.00773764894362
212	9	0.8559764322224888
212	10	0.15176121672113121
212	11	0.8559764322224888
212	12	0.8559764322224888
213	0	2.6382080259827445
213	1	0.7951896797128142
213	2	0.7951896797128142
213	3	0.7787275223798046
213	4	0.15176121672113121
213	5	1.3638764158747538
214	0	0.7985300452972193
214	1	0.15176121672113121
214	2	0.7787275223798046
214	3	0.7951896797128142
214	4	0.7787275223798046
214	5	0.15176121672113121
214	6	0.6572333788070652
214	7	1.4419585082889026
214	8	0.7787275223798046
214	9	1.3638764158747538
215	0	0.7787275223798046
215	1	0.15176121672113121
215	2	0.7985300452972193
215	3	0.7787275223798046
215	4	0.7951896797128142
215	5	0.15176121672113121
215	6	1.2901972915677713
215	7	1.4419585082889026
215	8	0.0
215	9	1.00773764894362
215	10	0.646768828576088
215	11	1.5156376325958851
215	12	0.8559764322224888
215	13	0.8559764322224888
215	14	1.4829427378811624
215	15	1.4829427378811624
215	16	0.8559764322224888
215	17	1.3605360502903485
215	18	1.4353507842003936
215	19	0.8559764322224888
215	20	1.3040022073831536
215	21	1.4353507842003936
215	22	1.7693392219629476
215	23	0.7985300452972193
215	24	1.4353507842003936
215	25	0.646768828576088
216	0	0.7951896797128142
216	1	0.7985300452972193
216	2	0.15176121672113121
216	3	0.7787275223798046
216	4	0.15176121672113121
216	5	0.7787275223798046
216	6	0.7787275223798046
216	7	1.4419585082889026
216	8	0.6572333788070652
217	0	0.7951896797128142
217	1	0.7985300452972193
217	2	0.15176121672113121
217	3	0.7787275223798046
217	4	0.7787275223798046
217	5	1.4419585082889026
217	6	0.6572333788070652
217	7	0.15176121672113121
217	8	0.15176121672113121
217	9	0.7787275223798046
217	10	1.2901972915677713
217	11	1.00773764894362
217	12	0.0
218	0	0.8559764322224888
218	1	1.5156376325958851
218	2	1.3605360502903485
218	3	1.4353507842003936
218	4	1.4353507842003936
218	5	1.4419585082889026
218	6	1.7693392219629476
218	7	0.7985300452972193
218	8	0.8559764322224888
218	9	1.4353507842003936
218	10	0.0
218	11	1.3040022073831536
218	12	1.2901972915677713
219	0	0.7951896797128142
219	1	0.7951896797128142
219	2	0.7985300452972193
219	3	0.15176121672113121
219	4	0.7787275223798046
219	5	1.4419585082889026
219	6	0.15176121672113121
219	7	0.7787275223798046
219	8	0.6572333788070652
219	9	0.15176121672113121
219	10	0.0
219	11	1.2901972915677713
219	12	1.00773764894362
219	13	0.7787275223798046
219	14	1.5156376325958851
219	15	1.2737351342347618
219	16	0.8559764322224888
219	17	1.3040022073831536
219	18	0.7985300452972193
219	19	1.4353507842003936
219	20	1.3605360502903485
219	21	1.4353507842003936
219	22	1.4353507842003936
219	23	1.7693392219629476
219	24	1.5730840195211546
219	25	1.3638764158747538
219	26	0.646768828576088
219	27	1.5730840195211546
219	28	1.7248452362422857
219	29	1.00773764894362
219	30	2.2303173983282196
220	0	0.15176121672113121
220	1	0.7787275223798046
220	2	1.4419585082889026
220	3	0.6572333788070652
220	4	0.7787275223798046
220	5	0.15176121672113121
220	6	0.0
220	7	1.00773764894362
220	8	1.2901972915677713
221	0	1.4419585082889026
221	1	0.15176121672113121
221	2	0.7951896797128142
221	3	0.7985300452972193
221	4	0.7787275223798046
221	5	0.15176121672113121
221	6	0.6572333788070652
221	7	0.7787275223798046
221	8	1.4419585082889026
221	9	0.15176121672113121
221	10	1.2901972915677713
221	11	1.00773764894362
221	12	0.0
221	13	0.7787275223798046
221	14	1.3638764158747538
221	15	1.3638764158747538
221	16	0.7787275223798046
222	0	0.6434284629916829
222	1	1.6511661119353032
222	2	0.15176121672113121
222	3	1.344073892957339
222	4	0.15176121672113121
222	5	0.15176121672113121
222	6	0.15176121672113121
222	7	0.8559764322224888
222	8	0.8559764322224888
222	9	1.2737351342347618
222	10	0.646768828576088
222	11	0.8559764322224888
222	12	0.8559764322224888
222	13	0.8559764322224888
222	14	0.646768828576088
222	15	1.5730840195211546
222	16	0.0
222	17	1.5156376325958851
222	18	1.5730840195211546
222	19	1.5730840195211546
222	20	1.3638764158747538
222	21	1.3638764158747538
223	0	1.6511661119353032
223	1	0.15176121672113121
223	2	0.7787275223798046
223	3	0.7787275223798046
223	4	0.15176121672113121
223	5	1.7693392219629476
223	6	0.0
224	0	0.7787275223798046
224	1	0.15176121672113121
224	2	0.7985300452972193
224	3	0.7951896797128142
224	4	0.7787275223798046
224	5	0.15176121672113121
224	6	0.7787275223798046
224	7	0.6572333788070652
224	8	1.4419585082889026
