## RankNet
## Epochs = 50
## No. of features = 48
## No. of hidden layers = 2
## Layer 1: 10 neurons
## Layer 2: 10 neurons
1 2 3 4 5 6 7 8 9 10 11 12 13 14 15 16 17 18 19 20 21 22 23 24 25 26 27 28 29 30 31 32 33 34 35 36 37 38 39 40 41 42 43 44 45 46 47 48
2
10
10
0 0 -0.0346879343441506 0.09063162454751798 -0.09180783912588011 0.09659785431806522 -0.09394957055821798 0.10215600072382036 0.06168133013394129 -0.6319021304703576 0.0038463371917909547 -0.5520792647255904
0 1 0.05112374012092405 -0.027864672071605662 -0.0857849320262545 -0.0638080424045663 0.02730250920888135 0.06118377985363716 0.08119651901642412 0.057456943028726115 -0.07947112244106429 0.08087020932982338
0 2 -0.08577676778099128 0.03185150379570432 -0.02384612812979344 -0.03354780707654731 0.04938529115783065 0.0069721826476974265 0.10010101894316445 -0.020473534258557562 -0.08657170771256976 -0.09361332454465894
0 3 -0.00908144679175138 -0.0907653567927355 0.07625505102284068 0.09104174727729951 -2.4222922993516328E-4 0.012452157164781472 0.09859818508436494 0.0885518785233985 0.08739906218409788 -0.029952117693234505
0 4 0.05587096909952881 -0.0774251927018042 0.025279868218037845 -0.12157524031624557 -0.06449557251151619 0.05523185152997239 0.02947236978763932 0.07574588615943136 0.07585982093920192 0.13367158927300615
0 5 -0.00597464841333402 -0.107809014475829 0.028261246923167442 0.04939806300768584 0.011500709090549446 0.023975405327671593 0.0831992195152202 0.11641248430368545 0.043873114621935376 0.1769306373848359
0 6 0.06261309876826876 -0.09373681826138289 0.011909257504767866 -0.10597138803561762 -0.054694020282211694 0.09429147692455321 -0.040052754510769326 -0.06753154362225704 0.10324260750474448 0.11801577122567226
0 7 -0.04916230231982293 0.08211202175885758 8.351894561819809E-4 -0.046580915226956295 -0.0879360150634538 0.07076444097419009 -0.06565191428044966 0.09705857544755415 -0.01754832041202651 0.018086379923373967
0 8 -0.06268196831138353 -0.03873708342860268 -0.07163726235271625 -0.06078124356657648 0.05912363569356517 0.01445281845747637 0.09366910769829372 0.0556942853013112 -0.04315574328202851 -0.004605659469679652
0 9 -0.06206354031951546 0.09708254168083269 0.0950111181056387 0.024277792002853623 0.0927869011006477 -0.04240625942826916 -0.015929761759549233 -0.06629670831765255 -0.01044884464491301 0.042700455338045354
0 10 0.07798264974470066 -0.08740911683849734 0.046750951295944816 0.0994940340937969 -0.07461174357018902 0.09501885835371443 -0.05973867724978671 -0.059288422330850216 -0.027654543932818573 0.05975925000574918
0 11 0.08460339977423388 0.09976574186057624 0.027706726783161013 0.03115110408605861 0.06209591847198491 -0.08379449193570415 0.0733839100356627 -0.048893826419422505 -0.055138493221439884 0.018015226015637088
0 12 -0.03539236335347566 0.022176550269154528 -0.06660012743584381 -0.005363564915886519 0.05394690478969981 0.030107801105613757 -0.05612241938017188 0.16157706947392467 -0.04043867628515458 0.07837886757951788
0 13 -0.0492953818743124 -0.09092819771977875 -0.09611590195386756 0.09063801680685991 0.02804542493409711 0.035164349848522576 0.023016877196964835 0.010764203422110034 -0.025515935181769357 0.036135167208818444
0 14 0.09764736925583051 -0.02486275850698213 0.005540063983766319 -0.09657052328808323 0.1060387734289386 -0.009791585485088511 0.06987719301623767 0.10629915339760887 0.03212236993024815 0.0421012181994367
0 15 -0.05041861845519691 0.06304890796195554 -0.03745816359582315 0.06845506032377631 0.043252831134978055 0.10037001552811604 0.020748380301868825 -0.08042381345892641 0.06176137393215527 -0.00937456065461396
0 16 0.08186199815302074 0.030844995234529143 0.06689239788915383 0.0587367398078818 -0.08272629762608379 0.07198487376022118 0.07416383118743189 -0.10020855377017827 -0.04578058114085873 -0.03625565871913085
0 17 -0.08037560689055706 -0.04286740869436072 0.027145700197973736 -0.07573045252654227 -0.09475233488671338 -0.042581158785077663 -0.024740474266086856 0.09155291590779396 -0.06813511813505091 0.0671896273467082
0 18 -0.10066888665033626 0.08676333396573221 0.023814247544254083 -0.02276344590697848 -0.006480694715664358 -0.07395067479709518 0.10621164272044206 -0.10362289807556344 -0.08863453509120889 -0.12883517428695812
0 19 -0.0821197862220899 0.14526149321736592 -0.12306432638694886 0.16480528809911543 -0.05804490346692059 -0.06924936221182482 0.14461164081163908 -0.7904790968405383 -0.08668992227329128 -0.7154672410330692
0 20 -0.16130359755583829 0.11430831948407626 -0.1571686517575607 0.12557013926698884 -0.10950189155795953 -0.03765181447664514 0.1886325068547795 -0.761760386707052 -0.03851588668149437 -0.7489143518032596
0 21 -0.04946162393020584 0.1433412900993732 -0.03499843918568113 0.2376184285400304 -0.17191189493327352 0.09186264370545827 0.10101531813090374 -0.7244631081770999 -0.04137242142051088 -0.7986110778713935
0 22 -0.06780204444738484 -0.05825476990211427 0.04643044263123232 -0.03494861901603493 -0.08999440220668833 -0.053819309245728045 -0.04473973841976827 -0.223712705445091 0.012808814452013992 -0.19572437348175006
0 23 -0.2243356788946267 0.20575982768477696 -0.030037602674268766 0.24833406382090434 -0.03292727519057003 0.014446803841591112 0.140633168608622 -0.6872921560662199 -0.09748389875902061 -0.7977762114248236
0 24 -0.025047993287444115 0.03150429204106331 -0.0553724579513073 -0.004364919848740101 -0.004911839962005615 -0.055162154138088226 0.03474622219800949 0.027567237615585327 -0.0681571513414383 0.08305792510509491
0 25 0.06019185054442958 0.005514812748484235 -0.07506114414323396 -0.06085754470415388 0.0796778315217444 -0.05843043495443515 0.10215445631984044 -0.07671845687413108 0.0491408815007688 -0.1546040225751348
0 26 -0.057819534093141556 -0.07568541169166565 0.03490712493658066 0.03941828012466431 0.003614270593971014 -0.0345221683382988 -0.008432978764176369 0.04389343783259392 -0.023382186889648438 0.04022396728396416
0 27 -0.15742185752662946 0.10673118809666779 -0.15652453197182462 0.21375733213795936 -0.07452579650375472 0.04720668616977262 0.042574780730650616 -0.6928840237268815 -0.11182348337000544 -0.8006620399668168
0 28 0.040330580751855256 0.10660027908077552 -0.02485660710379654 0.0693242187078706 0.017149678012900335 -0.08630489080880609 -0.06322124096668963 -0.8813831507914593 0.07797778762893698 -1.0994845622050633
0 29 -0.042542376864726165 0.13248997913841523 -0.07372984174072181 0.07783763007100389 -0.13526858198862335 0.006074254856129172 0.03908616362274954 -0.43821937560178476 0.07150867361372698 -0.4203359116142033
0 30 -0.001012234922789937 -0.14606564670720065 0.05339719012003383 0.008439026050138992 0.11416047174318572 -0.057925445636451744 -0.0018335768456049415 -0.40719041259746186 0.08431968167951699 -0.46467201941733227
0 31 0.075130961144957 -0.014297190244594294 -0.009247847183651757 0.0046224586292358694 0.07349914919898616 -0.10885928070294512 0.0664341044889082 -0.22121228411580096 -0.04909028218240621 -0.2655520767934041
0 32 0.13995673394545724 -0.3647344303744619 0.0338250627733717 -0.29179750880950117 0.26337453983611325 -0.10654624955380543 -0.13518803013013858 0.7811925594768026 0.13821080593230875 0.941716503953482
0 33 -0.07690170562350415 0.025980261572485255 -0.1342624123870535 0.04351313335334109 -0.005759387814152131 0.08911133423031929 0.13679222325173412 -0.3213217508913904 -0.031495663085123034 -0.3755302124678282
0 34 0.2962457334403657 -0.5667456961144187 0.2785621763365438 -0.5181391149458047 0.20440119633002102 -0.10113591112111187 -0.34068701028712256 1.1906626852641562 0.06800121945902783 1.3894083222086961
0 35 0.26135922385106375 -0.376678895307269 0.19648526833607513 -0.5492677183106408 0.21931664950268995 -0.05952629254268507 -0.28870561462587213 1.0492277856232743 0.1964086241141181 1.1565709474897738
0 36 0.27429606270974793 -0.2880148287279989 0.16560270685797213 -0.34593197234285444 0.10068643819957987 -0.07644057247543326 -0.1193974518413823 0.6454500229075817 0.11326296225551026 0.746363610805239
0 37 0.12762192022637558 -0.18733614430045 -0.03169474543027186 -0.16722839829564495 0.12931921218049486 -0.011223010538145272 -0.13508385418652466 0.1912681839098242 0.005500130094533708 0.3903218927428933
0 38 0.06271748710191691 0.047097826603122485 -0.027592883597212882 0.08553403201809998 -0.11059000723742468 0.010385131700643136 0.07406948239426996 -0.06954103249927546 0.08604279948073514 -0.09108075597115264
0 39 -0.016588905275562928 0.08922291942245407 -0.0026002443983137225 0.06980622518173671 0.08424706376410501 -0.05269148968651204 0.013242574353944964 -0.05246418814977298 -0.016713192261280634 -0.18935153432985957
0 40 -0.08495382459955851 -0.034216323342955345 0.04782663959698682 0.046744807872368774 -0.06572378243387453 -0.07332184130060304 0.08210010653158438 -0.10551366994842144 -0.03362328909431424 -0.1824904540316808
0 41 0.009019311322078196 -0.05617553588181401 -0.06718594268595282 0.0462811471158459 -0.017961549793311618 0.04091444740798305 0.030676550617387558 -0.044299619609424946 0.02453547503408064 0.04146256636996132
0 42 -0.07744502444895457 -0.026393216406758197 0.04001528686840399 -0.006886203316569841 -0.09263821955498594 0.04609460615773457 -0.08765483635591464 0.02762020657388052 0.026517904292633294 -0.0025285247736904003
0 43 -0.0697686846954335 -0.04253482643812706 -0.024827004867473586 -0.09762403760818718 0.08818218682767442 -0.08992131868692607 -0.05978314086202531 -0.06776427561096714 -0.09294594575363509 -0.09572350236652943
0 44 -0.03940483700621082 0.07751861020129679 0.0460066919553814 -0.012437772783524 -0.03940067688434238 0.09414956128140792 0.009510409413166257 -0.2803715738485218 -0.08034622776180901 -0.43643940533453013
0 45 -0.027835266256212084 0.1721567149846658 -0.034966346028839274 0.02599260505746817 -0.022242096289645432 -0.0854892044709076 0.06434972803134426 -0.33538268795409815 -0.10858381274014801 -0.34711073259763886
0 46 -0.027888389465291912 0.14205606622304998 0.00845133428410506 0.1076703636366492 -0.023361467296185615 -0.023944551484789432 0.056916067193003905 -0.37555640156825193 -0.03803955752107024 -0.3591616479835184
0 47 -0.06747610219250968 0.2615235938543247 -0.1658530107550787 0.18057484053856798 -0.08850089229873523 0.08679486765324934 0.06222378367252935 -0.6464059681402917 -0.061280819833409765 -0.7877568851915197
0 48 0.07155390902439791 -0.08647604134111825 0.07658306821549829 -0.0015309154326292392 -0.04706802893144603 0.019005717139502363 -0.07971446456951613 -0.10086215879948073 0.08649956222232724 -0.08666700158100368 0.0829873736599022 -0.1002605534733652 0.04947880563658511 -0.023976713930996218 -0.09436462637150886 -0.015538934986496439 0.005849889843111977 -0.03471589273646636 0.06604661383885999 0.0018438653983531396 -0.05964172590360829
1 0 -4.739878788552942E-4 0.061227899557091875 -3.6277603078977414E-4 0.02767783479042388 -0.08146839467217225 0.005362168646596345 -0.0772449396943821 0.09083436937387278 0.058647626877299366 0.036602613346188285
1 1 -0.01797619129648627 0.03618679379670759 0.0027354290826435068 0.07878042984359916 -0.08365696868601205 -0.07679065531920591 -0.061261498360610435 -0.06095875214695834 -0.021549555648167736 -0.09128384346147991
1 2 0.052659307253862225 -0.04938208054874248 0.08401921858119545 0.06989047559798217 0.07516866188272077 -0.032915815824150985 -0.060611890455660344 0.1130095274572835 0.07951784671031478 -0.002283992655748092
1 3 -0.08590923181169446 -0.0829662277615456 -0.01877014264633353 -0.04773898906992462 -0.06391131912160711 -0.05888226831186897 0.10274636926852013 0.03166282856635223 -0.07676523945179993 -0.0579032874912316
1 4 -0.010840669731331621 -0.02971784369126431 0.05407557015857066 0.008585224509344293 0.08706692031087115 0.019626490988558933 -0.0562950300757585 0.010709547961151282 0.05258674887969501 -0.02101441150651839
1 5 0.06520550296951871 0.08230632318611941 -0.09562760816691568 0.017115388716262045 -0.04536677863302137 0.0482696415585729 0.04149372014073605 -0.05187036334754129 -0.0034147079755440335 0.03262366626484983
1 6 -0.015632663615746792 -0.10178451275230353 -0.02797639943020446 -0.0041204455295318475 0.029951389455546568 0.0629019615894771 0.04008374484067538 -0.07569403584181272 -0.016989857890461896 -0.010240060201741055
1 7 -0.2055050840449475 0.27920020078409313 -0.01803300208960871 -0.17014946997459163 0.22531775960526562 0.12365395745493821 -0.1391040061635119 0.20531180697680845 0.14918557019402393 0.27653194192869157
1 8 0.02782398450965164 0.016999075537491585 0.045898339828139914 0.01894602770085353 -0.0909285969347282 0.04035446042795158 -0.09064941992426 0.062405621565301175 0.0645205241432477 -0.014070385641547757
1 9 -0.2289571791168644 0.19375499995087606 -0.14682062125042605 -0.17499684568477145 0.20790003275312588 0.14709717070790645 -0.07926788369042341 0.2782079465168524 0.26303891202936763 0.1648844836015862
2 0 -0.3019872356817912
2 1 0.3281821674895076
2 2 -0.11681640412511289
2 3 -0.23034113054059827
2 4 0.3311995820175541
2 5 0.17842592204816415
2 6 -0.19266657742694798
2 7 0.3556283256435027
2 8 0.30630499104160935
2 9 0.3316081242120079
