391	0	0.0
391	1	0.0
391	2	0.2043475350465886
391	3	0.0
391	4	0.3261416100723335
391	5	0.0
391	6	0.0
391	7	0.12179407502574492
391	8	0.0
391	9	0.0
391	10	0.2043475350465886
391	11	0.0
391	12	0.0
392	0	0.3261416100723335
392	1	0.2043475350465886
392	2	0.0
392	3	0.0
392	4	0.0
392	5	0.0
392	6	0.12179407502574492
392	7	0.0
392	8	0.2043475350465886
392	9	0.0
392	10	0.0
392	11	0.0
392	12	0.0
393	0	0.3261416100723335
393	1	0.0
393	2	0.0
393	3	0.0
393	4	0.2043475350465886
393	5	0.12179407502574492
393	6	0.0
393	7	0.0
393	8	0.0
393	9	0.0
393	10	0.2043475350465886
393	11	0.0
393	12	0.0
394	0	0.0
394	1	0.0
394	2	0.0
394	3	0.12179407502574492
394	4	0.0
394	5	0.2043475350465886
394	6	0.3261416100723335
394	7	0.0
394	8	0.0
394	9	0.0
394	10	0.2043475350465886
394	11	0.0
394	12	0.0
395	0	0.2043475350465886
395	1	0.12179407502574492
395	2	0.0
395	3	0.3261416100723335
395	4	0.0
395	5	0.0
395	6	0.0
395	7	0.0
395	8	0.2043475350465886
395	9	0.0
395	10	0.0
395	11	0.0
395	12	0.0
396	0	0.0
396	1	0.12179407502574492
396	2	0.0
396	3	0.0
396	4	0.0
396	5	0.3261416100723335
396	6	0.2043475350465886
396	7	0.0
397	0	0.0
397	1	0.12179407502574492
397	2	0.2043475350465886
397	3	0.0
397	4	0.0
397	5	0.0
397	6	0.3261416100723335
397	7	0.0
397	8	0.0
397	9	0.0
397	10	0.0
397	11	0.0
397	12	0.2043475350465886
398	0	0.0
398	1	0.0
398	2	0.12179407502574492
398	3	0.2043475350465886
398	4	0.0
398	5	0.0
398	6	0.0
398	7	0.3261416100723335
398	8	0.0
398	9	0.0
398	10	0.2043475350465886
398	11	0.0
398	12	0.0
399	0	0.0
399	1	0.0
399	2	0.12179407502574492
399	3	0.0
399	4	0.2043475350465886
399	5	0.3261416100723335
399	6	0.0
399	7	0.0
399	8	0.2043475350465886
399	9	0.0
399	10	0.0
399	11	0.0
399	12	0.0
400	0	0.0
400	1	0.0
400	2	0.0
400	3	0.12179407502574492
400	4	0.0
400	5	0.0
400	6	0.2043475350465886
400	7	0.0
400	8	0.0
400	9	0.2043475350465886
400	10	0.0
400	11	0.3261416100723335
400	12	0.0
401	0	0.0
401	1	0.0
401	2	0.0
401	3	0.12179407502574492
401	4	0.2043475350465886
401	5	0.0
401	6	0.3261416100723335
401	7	0.2043475350465886
401	8	0.0
401	9	0.0
401	10	0.0
401	11	0.0
401	12	0.0
402	0	0.0
402	1	0.0
402	2	0.2043475350465886
402	3	0.3261416100723335
402	4	0.0
402	5	0.0
402	6	0.0
402	7	0.2043475350465886
402	8	0.0
402	9	0.0
402	10	0.12179407502574492
402	11	0.0
402	12	0.0
403	0	0.0
403	1	0.0
403	2	0.0
403	3	0.0
403	4	0.0
403	5	0.0
403	6	0.0
403	7	0.0
403	8	0.2043475350465886
403	9	0.12179407502574492
403	10	0.0
403	11	0.2043475350465886
403	12	0.3261416100723335
404	0	0.0
404	1	0.0
404	2	0.0
404	3	0.0
404	4	0.12179407502574492
404	5	0.2043475350465886
404	6	0.0
404	7	0.2043475350465886
404	8	0.3261416100723335
404	9	0.0
404	10	0.0
404	11	0.0
404	12	0.0
405	0	0.12179407502574492
405	1	0.2043475350465886
405	2	0.0
405	3	0.3261416100723335
405	4	0.0
405	5	0.0
405	6	0.0
405	7	0.0
405	8	0.2043475350465886
405	9	0.0
405	10	0.0
405	11	0.0
405	12	0.0
406	0	0.3261416100723335
406	1	0.0
406	2	0.0
406	3	0.12179407502574492
406	4	0.0
406	5	0.2043475350465886
406	6	0.0
406	7	0.0
406	8	0.0
406	9	0.0
406	10	0.0
406	11	0.2043475350465886
406	12	0.0
407	0	0.0
407	1	0.0
407	2	0.0
407	3	0.3261416100723335
407	4	0.0
407	5	0.0
407	6	0.0
407	7	0.2043475350465886
407	8	0.0
407	9	0.12179407502574492
407	10	0.0
407	11	0.0
407	12	0.2043475350465886
408	0	0.3261416100723335
408	1	0.0
408	2	0.0
408	3	0.0
408	4	0.2043475350465886
408	5	0.0
408	6	0.0
408	7	0.2043475350465886
408	8	0.0
408	9	0.0
408	10	0.0
408	11	0.0
408	12	0.12179407502574492
409	0	0.2043475350465886
409	1	0.0
409	2	0.0
409	3	0.3261416100723335
409	4	0.0
409	5	0.0
409	6	0.0
409	7	0.0
409	8	0.12179407502574492
409	9	0.0
409	10	0.2043475350465886
409	11	0.0
409	12	0.0
410	0	0.0
410	1	0.0
410	2	0.12179407502574492
410	3	2.107783884755333
410	4	0.0
410	5	0.0
410	6	0.0
410	7	0.2043475350465886
410	8	0.0
410	9	0.0
410	10	0.0
410	11	0.3261416100723335
410	12	0.0
411	0	0.12179407502574492
411	1	0.0
411	2	2.168747465402839
411	3	0.0
411	4	0.0
411	5	0.0
411	6	0.0
411	7	0.2043475350465886
411	8	0.0
411	9	0.0
411	10	0.0
411	11	0.3261416100723335
411	12	0.0
412	0	0.0
412	1	0.0
412	2	0.551241845207802
412	3	0.3261416100723335
412	4	0.0
412	5	0.0
412	6	0.0
412	7	0.2043475350465886
412	8	0.0
412	9	0.0
412	10	0.0
412	11	0.0
412	12	0.12179407502574492
413	0	0.2043475350465886
413	1	0.0
413	2	0.0
413	3	0.0
413	4	0.3261416100723335
413	5	0.0
413	6	0.0
413	7	0.12179407502574492
413	8	0.0
413	9	0.0
413	10	0.0
413	11	0.0
413	12	0.26531111569409416
414	0	0.0
414	1	0.0
414	2	0.0
414	3	0.0
414	4	0.3261416100723335
414	5	0.0
414	6	0.0
414	7	0.0
414	8	0.0
414	9	0.0
414	10	0.2043475350465886
414	11	0.12179407502574492
414	12	0.2043475350465886
415	0	0.2043475350465886
415	1	0.0
415	2	0.0
415	3	0.3261416100723335
415	4	0.0
415	5	0.12179407502574492
415	6	0.0
415	7	0.0
415	8	0.2043475350465886
415	9	0.0
415	10	0.0
415	11	0.0
415	12	0.0
416	0	0.0
416	1	0.12179407502574492
416	2	0.0
416	3	0.2043475350465886
416	4	0.0
416	5	0.0
416	6	0.2043475350465886
416	7	0.0
416	8	0.0
416	9	0.0
416	10	0.0
416	11	0.12179407502574492
416	12	0.0
416	13	0.0
416	14	0.0
416	15	0.0
416	16	0.0
417	0	0.12179407502574492
417	1	0.0
417	2	0.0
417	3	0.12179407502574492
417	4	0.0
417	5	0.0
417	6	0.0
417	7	0.2043475350465886
417	8	0.0
417	9	0.0
417	10	0.2043475350465886
417	11	0.0
417	12	0.0
417	13	0.0
417	14	0.0
418	0	0.0
418	1	0.0
418	2	0.0
418	3	0.0
418	4	0.0
418	5	0.0
418	6	0.12179407502574492
418	7	0.0
418	8	0.0
418	9	0.2043475350465886
418	10	0.0
418	11	0.12179407502574492
418	12	0.0
418	13	0.2043475350465886
418	14	0.0
419	0	0.12179407502574492
419	1	0.0
419	2	0.2043475350465886
419	3	0.0
419	4	0.0
419	5	0.0
419	6	0.0
419	7	0.0
419	8	0.0
419	9	0.12179407502574492
419	10	0.0
419	11	0.0
419	12	0.0
419	13	0.2043475350465886
419	14	0.0
420	0	0.0
420	1	0.0
420	2	0.0
420	3	0.0
420	4	0.0
420	5	0.12179407502574492
420	6	0.2043475350465886
420	7	0.0
420	8	0.12179407502574492
420	9	0.0
421	0	0.0
421	1	0.0
421	2	0.12179407502574492
421	3	0.2043475350465886
421	4	0.0
421	5	0.0
421	6	0.0
421	7	0.12179407502574492
421	8	0.0
421	9	0.0
422	0	0.2043475350465886
422	1	0.0
422	2	0.0
422	3	0.0
422	4	0.0
422	5	0.0
422	6	0.0
422	7	0.2043475350465886
422	8	0.12179407502574492
422	9	0.0
422	10	0.0
422	11	0.0
422	12	0.0
422	13	0.12179407502574492
422	14	0.0
423	0	0.0
423	1	0.0
423	2	0.0
423	3	0.0
423	4	0.0
423	5	0.0
423	6	0.12179407502574492
423	7	0.12179407502574492
423	8	0.2043475350465886
423	9	0.0
424	0	0.0
424	1	0.0
424	2	0.0
424	3	0.0
424	4	0.12179407502574492
424	5	0.0
424	6	0.2043475350465886
424	7	0.12179407502574492
424	8	0.0
424	9	0.0
425	0	0.0
425	1	0.0
425	2	0.0
425	3	0.0
425	4	0.12179407502574492
425	5	0.12179407502574492
425	6	0.0
425	7	0.2043475350465886
425	8	0.0
425	9	0.0
425	10	0.0
426	0	0.0
426	1	0.0
426	2	0.12179407502574492
426	3	0.2043475350465886
426	4	0.0
426	5	0.0
426	6	0.0
426	7	0.12179407502574492
426	8	0.0
426	9	0.0
426	10	0.0
426	11	0.0
426	12	0.2043475350465886
426	13	0.0
426	14	0.0
426	15	0.0
427	0	0.0
427	1	0.12179407502574492
427	2	0.0
427	3	0.0
427	4	0.0
427	5	0.0
427	6	0.2043475350465886
427	7	0.0
427	8	0.0
427	9	0.0
427	10	0.12179407502574492
428	0	0.12179407502574492
428	1	0.0
428	2	0.0
428	3	0.0
428	4	0.0
428	5	0.0
428	6	0.2043475350465886
428	7	0.0
428	8	0.0
428	9	0.12179407502574492
428	10	0.0
429	0	0.12179407502574492
429	1	0.2043475350465886
429	2	0.0
429	3	0.2043475350465886
429	4	0.0
429	5	0.0
430	0	0.0
430	1	0.0
430	2	0.12179407502574492
430	3	0.12179407502574492
430	4	0.0
430	5	0.0
430	6	0.0
430	7	0.2043475350465886
430	8	0.0
430	9	0.2043475350465886
430	10	0.0
430	11	0.0
430	12	0.0
430	13	0.0
430	14	0.0
431	0	0.0
431	1	0.2043475350465886
431	2	0.2043475350465886
431	3	0.0
431	4	0.0
431	5	0.0
431	6	0.0
431	7	0.12179407502574492
431	8	0.0
431	9	0.0
431	10	0.0
431	11	0.12179407502574492
431	12	0.0
431	13	0.0
431	14	0.0
432	0	0.0
432	1	0.0
432	2	0.12179407502574492
432	3	0.0
432	4	0.12179407502574492
432	5	0.0
432	6	0.0
432	7	0.0
432	8	0.0
432	9	0.2043475350465886
432	10	0.0
433	0	0.0
433	1	0.0
433	2	0.0
433	3	0.0
433	4	0.0
433	5	0.0
433	6	0.0
433	7	0.2043475350465886
433	8	0.2043475350465886
433	9	0.12179407502574492
433	10	0.0
433	11	0.0
433	12	0.0
433	13	0.0
433	14	0.12179407502574492
433	15	0.0
434	0	0.0
434	1	0.0
434	2	0.0
434	3	0.0
434	4	0.0
434	5	0.12179407502574492
434	6	0.12179407502574492
434	7	0.0
434	8	0.0
434	9	0.0
434	10	0.0
434	11	0.0
434	12	0.2043475350465886
434	13	0.2043475350465886
434	14	0.0
434	15	0.0
434	16	0.0
435	0	0.0
435	1	0.0
435	2	0.2043475350465886
435	3	0.12179407502574492
435	4	0.0
435	5	0.0
435	6	0.0
435	7	0.0
435	8	0.0
435	9	0.12179407502574492
435	10	0.0
435	11	0.0
435	12	0.0
435	13	0.2043475350465886
435	14	0.0
435	15	0.0
435	16	0.0
435	17	0.0
436	0	0.0
436	1	0.0
436	2	0.2043475350465886
436	3	0.0
436	4	0.0
436	5	0.0
436	6	0.0
436	7	0.12179407502574492
436	8	0.2043475350465886
436	9	0.12179407502574492
436	10	0.0
436	11	0.0
436	12	0.0
436	13	0.0
436	14	0.0
436	15	0.0
436	16	0.0
437	0	0.0
437	1	0.2043475350465886
437	2	0.0
437	3	0.0
437	4	0.0
437	5	0.0
437	6	0.0
437	7	0.0
437	8	0.0
437	9	0.12179407502574492
437	10	0.0
437	11	0.0
437	12	0.2043475350465886
437	13	0.0
437	14	0.12179407502574492
437	15	0.0
437	16	0.0
438	0	0.0
438	1	0.0
438	2	0.0
438	3	0.0
438	4	0.0
438	5	0.12179407502574492
438	6	0.12179407502574492
438	7	0.0
438	8	0.0
438	9	0.0
438	10	0.0
438	11	0.2043475350465886
438	12	0.0
438	13	0.0
438	14	0.2043475350465886
438	15	0.0
438	16	0.0
438	17	0.0
439	0	0.12179407502574492
439	1	0.0
439	2	0.12179407502574492
439	3	0.0
439	4	0.0
439	5	0.0
439	6	0.0
439	7	0.2043475350465886
439	8	0.0
439	9	0.0
439	10	0.0
439	11	0.0
439	12	0.0
439	13	0.0
439	14	0.2043475350465886
439	15	0.0
439	16	0.0
439	17	0.0
440	0	0.0
440	1	0.0
440	2	0.0
440	3	0.2043475350465886
440	4	0.0
440	5	0.0
440	6	0.0
440	7	0.0
440	8	0.12179407502574492
440	9	0.0
440	10	0.0
440	11	0.12179407502574492
440	12	0.0
440	13	0.0
440	14	0.2043475350465886
440	15	0.0
440	16	0.0
440	17	0.0
440	18	0.0
440	19	0.0
441	0	0.12179407502574492
441	1	0.0
441	2	0.0
441	3	0.12179407502574492
441	4	0.0
441	5	0.0
442	0	0.0
442	1	0.0
442	2	0.0
442	3	0.2043475350465886
442	4	0.0
442	5	0.0
442	6	0.0
442	7	0.0
442	8	0.12179407502574492
442	9	0.12179407502574492
442	10	0.0
442	11	0.0
442	12	0.0
442	13	0.0
443	0	0.0
443	1	0.0
443	2	0.0
443	3	0.0
443	4	0.0
443	5	0.0
443	6	0.0
443	7	0.2043475350465886
443	8	0.0
443	9	0.12179407502574492
443	10	0.0
443	11	0.12179407502574492
443	12	0.0
443	13	0.0
444	0	0.0
444	1	0.0
444	2	0.0
444	3	0.0
444	4	0.12179407502574492
444	5	0.2043475350465886
444	6	0.0
444	7	0.12179407502574492
444	8	0.0
444	9	0.0
444	10	0.0
444	11	0.0
444	12	0.0
445	0	0.12179407502574492
445	1	0.0
445	2	0.0
445	3	0.0
445	4	0.0
445	5	0.0
445	6	0.0
445	7	0.0
445	8	0.2043475350465886
445	9	0.2043475350465886
445	10	0.0
445	11	0.0
445	12	0.0
445	13	0.0
445	14	0.0
445	15	0.0
445	16	0.12179407502574492
446	0	0.2043475350465886
446	1	0.2043475350465886
446	2	0.0
446	3	0.0
446	4	0.0
446	5	0.12179407502574492
446	6	0.0
446	7	0.0
446	8	0.0
446	9	0.0
446	10	0.0
446	11	0.0
446	12	0.0
446	13	0.12179407502574492
446	14	0.0
446	15	0.0
446	16	0.0
447	0	0.12179407502574492
447	1	0.0
447	2	0.0
447	3	0.0
447	4	0.0
447	5	0.0
447	6	0.0
447	7	0.0
447	8	0.0
447	9	0.12179407502574492
447	10	0.2043475350465886
447	11	0.0
447	12	0.0
447	13	0.2043475350465886
447	14	0.0
447	15	0.0
447	16	0.0
448	0	0.0
448	1	0.0
448	2	0.0
448	3	0.2043475350465886
448	4	0.0
448	5	0.0
448	6	0.0
448	7	0.12179407502574492
448	8	0.0
448	9	0.2043475350465886
448	10	0.0
448	11	0.0
448	12	0.12179407502574492
448	13	0.0
448	14	0.0
448	15	0.0
448	16	0.0
448	17	0.0
449	0	0.0
449	1	0.12179407502574492
449	2	0.0
449	3	0.0
449	4	0.0
449	5	0.12179407502574492
449	6	0.0
449	7	0.2043475350465886
449	8	0.0
449	9	0.0
449	10	0.0
449	11	0.0
449	12	0.0
449	13	0.0
449	14	0.0
449	15	0.2043475350465886
449	16	0.0
450	0	0.0
450	1	0.0
450	2	0.0
450	3	0.0
450	4	0.0
450	5	0.12179407502574492
450	6	0.0
450	7	0.12179407502574492
450	8	0.0
450	9	0.2043475350465886
450	10	0.0
450	11	0.0
450	12	0.2043475350465886
450	13	0.0
450	14	0.0
450	15	0.0
450	16	0.0
451	0	0.0
451	1	0.0
451	2	0.0
451	3	0.2043475350465886
451	4	0.12179407502574492
451	5	0.0
451	6	0.0
451	7	0.0
451	8	0.12179407502574492
451	9	0.0
451	10	0.0
451	11	0.0
451	12	0.0
451	13	0.0
451	14	0.2043475350465886
451	15	0.0
451	16	0.0
451	17	0.0
451	18	0.0
452	0	0.0
452	1	0.0
452	2	0.0
452	3	0.0
452	4	0.2043475350465886
452	5	0.0
452	6	0.12179407502574492
452	7	0.0
452	8	0.0
452	9	0.0
452	10	0.2043475350465886
452	11	0.0
452	12	0.0
452	13	0.0
452	14	0.0
452	15	0.0
452	16	0.12179407502574492
453	0	0.0
453	1	0.0
453	2	0.0
453	3	0.12179407502574492
453	4	0.12179407502574492
453	5	0.0
453	6	0.0
453	7	0.0
453	8	0.0
453	9	0.0
453	10	0.2043475350465886
453	11	0.0
453	12	0.0
454	0	0.0
454	1	0.0
454	2	0.2043475350465886
454	3	0.0
454	4	0.0
454	5	0.0
454	6	0.12179407502574492
454	7	0.0
454	8	0.0
454	9	0.2043475350465886
454	10	0.12179407502574492
454	11	0.0
454	12	0.0
454	13	0.0
454	14	0.0
454	15	0.0
454	16	0.0
455	0	0.0
455	1	0.0
455	2	0.0
455	3	0.0
455	4	0.0
455	5	0.2043475350465886
455	6	0.0
455	7	0.12179407502574492
455	8	0.0
455	9	0.0
455	10	0.0
455	11	0.0
455	12	0.12179407502574492
