## RankNet
## Epochs = 50
## No. of features = 48
## No. of hidden layers = 2
## Layer 1: 10 neurons
## Layer 2: 10 neurons
1 2 3 4 5 6 7 8 9 10 11 12 13 14 15 16 17 18 19 20 21 22 23 24 25 26 27 28 29 30 31 32 33 34 35 36 37 38 39 40 41 42 43 44 45 46 47 48
2
10
10
0 0 -0.7084260273125609 -1.7957776369754965 0.439380085286237 -1.2901801687897225 -0.7427217606648909 -0.8045640344800552 -0.2199148440933578 -0.2767532462004562 0.467541427997034 -1.491018526367193
0 1 -0.0069674335345603095 0.0963566140066104 0.05930685138070559 0.07965896942819382 0.06028212233888124 -0.054159133616819816 0.030190499291791743 -0.017395216095992372 0.06619758149354199 -0.008091667290998706
0 2 -0.05923442418361112 0.014311159991300509 -0.05590426352901272 -0.051544656059475405 -0.04566651204432744 0.03896547017780021 -0.06511072709328466 0.017826907694064368 -0.058378350482629196 -0.04083348792145941
0 3 0.06538747441525328 -0.008845122479873218 0.049786339320812445 0.11946794071002226 -0.05127036005839693 -0.03418566871621951 -0.052261949133956306 0.033001118528258065 0.04951223972521627 0.13544846618264292
0 4 -0.05166079823867127 -0.027796906864675695 0.0719522730197923 0.06631012400088533 -0.06723067318730293 -0.06535096901461725 -0.026355825923125437 -0.06635242298687723 -0.03487583386933259 0.1363560061926555
0 5 -0.07308280616883979 -0.0781879280898361 -0.03838349038989383 -0.041235731095931455 0.08439354942291302 -0.0331290356262391 -4.696081115379837E-4 -0.029337933552882226 0.028224898885120576 0.06957690108493475
0 6 -0.04026362161007606 -0.16187734507552154 -0.02415385509742947 -0.04222971273553325 0.02274461038794431 -0.07828248172814752 -0.047747205871572496 -0.027931777382510986 0.026730628685086383 -0.008944445198967933
0 7 0.019215623550655477 -0.017159066869432124 0.016989168327953004 0.03370809927094522 0.001056964046421027 -0.02205690450755499 -0.08666111061575667 0.07872899486150403 -0.03705549984281678 0.004468074629309886
0 8 0.05447778882506999 0.0937722430241911 -0.06021716365835813 0.05132475703570407 -0.01091436490812071 0.05484051982800545 -0.06038658509216308 0.06502811323569369 0.03236850989019149 0.05384428213871982
0 9 0.0043042663857109495 -0.024938237604149163 0.0946312517485301 0.014254387688945106 -0.05795680087555512 -0.004240491623309208 -0.02189279163441388 -0.06302110392882276 -0.007486010109813405 -0.06902393166582549
0 10 -0.04380664197679845 0.0633986250176268 -0.0899451329746564 -0.07397651836625484 -0.05035852369416817 -0.012886610077976876 0.07066279088866793 -0.09877717037035871 0.008232628787131454 -0.018487455589183098
0 11 -0.016878896594985197 0.051086069700901335 0.08203668644121372 -0.06127094813195545 -0.0331750967298475 -0.025964810435973158 0.0013423721556895284 0.06668760505925245 0.08387057263751495 0.027860488455744806
0 12 -0.07390770136260877 -0.40750882693651846 0.09451968582813094 -0.3133876063885968 -0.09822571207640293 -0.2476217549500072 -0.0626986387030875 0.0028502349723158785 0.11592643038054203 -0.26027575248970486
0 13 -0.07303005950258529 -0.030708642854697547 0.030769579932033497 0.01146550853581813 0.032762155222459365 0.08784982014326471 -0.02271180888064059 0.07027262214307474 0.07233428336331306 -0.03814141308902085
0 14 -0.20588820131586255 -0.31068118120406074 0.17546576303968683 -0.306151748282971 -0.22044333421971177 -0.11783639961976333 -0.05940446771387944 -0.008388909226734105 0.09993406260027692 -0.3973939604372111
0 15 0.07306896092857308 0.05942960222481164 0.07700873998949026 0.0380334028859072 0.021031665534720648 0.018983090052622408 -0.03914820448107448 -0.06983044011380582 -0.07348445490354778 0.08975526413335638
0 16 -0.04274270276001552 0.061850544856923095 -0.09637190114004962 0.04872152299797548 -0.0152005101185051 -0.051406682281030756 -0.03522663864024631 0.008791039666350272 0.06908180434160202 0.09064935944902211
0 17 -0.028368956354514856 0.02395943625120338 -0.09409539725133208 0.09598830563041921 -0.09114992480609987 0.033541264046593355 -0.021010620734507258 -0.03672302051657064 0.05675489577017266 -0.05424558361219297
0 18 0.02212286365599533 0.06597689388853438 -0.0067052409324323626 -0.002594700695338737 -0.03950140675756006 -0.07162820152332729 -0.0150413648030169 -0.06280750178288654 -0.008623551243426054 -0.05903985215396588
0 19 -0.8112607376740276 -1.8262880692838996 0.46337577300022903 -1.3784308339325737 -0.6683006011286775 -0.7331123596178497 -0.2178709646888378 -0.3078993558723857 0.2935396125803459 -1.3413623211561898
0 20 -0.7932700039304772 -1.782757318950016 0.5069990395928615 -1.3782425920457644 -0.6490573229257947 -0.8516190510158352 -0.18828705955475408 -0.3473289550784956 0.4145367948613282 -1.4148158101380859
0 21 -0.6278574590278833 -1.8244749693618683 0.5269625225788959 -1.3552980914289514 -0.7806673756964576 -0.8775798717978383 -0.22981587125992564 -0.2510170721921852 0.3384407513991386 -1.505573743462044
0 22 0.08234127458937719 -0.06044641174046135 0.017649045205271753 0.04944159384627394 0.06406731440907625 -0.03371034004234905 -0.04337819673817128 0.07838055513999653 -0.013380064537288402 -0.0482325807914602
0 23 -0.7259130390218705 -1.7651017966329647 0.44408622076612203 -1.287346426755761 -0.70910341985166 -0.6852354018138721 -0.22611419765430948 -0.26428474484277714 0.4472475601622631 -1.4995945034204674
0 24 -0.03516802191734314 0.041753966361284256 0.08189027011394501 0.08809754997491837 0.06338570266962051 0.060942549258470535 0.06310615688562393 0.04918871074914932 -0.09697632491588593 -0.05580213665962219
0 25 -0.08205734631784581 -0.05924157196583256 0.06650639547945003 -0.10780327444464802 -0.03154620278297134 -0.08909899053259118 0.06406927413182685 -0.06803885354429243 -0.020721335195019834 0.006922086587632008
0 26 -0.0058713434264063835 0.07166691869497299 0.056709129363298416 0.01594708487391472 0.07922081649303436 0.05419061705470085 -0.09233026951551437 0.0789375975728035 0.07218541204929352 0.0958259105682373
0 27 -0.7134207715281446 -1.7581844712842674 0.5024739823396559 -1.329102232909109 -0.6988344009691106 -0.8477396719188974 -0.247573035111317 -0.3254697800386161 0.40428914621062495 -1.4118867718998989
0 28 -11.220027103910164 -28.53861514406294 7.3981021661577016 -21.24179157860774 -10.927066100442016 -12.276001024957338 -2.630425146844816 -5.40073716047891 5.968982379857923 -22.0565549835124
0 29 -0.728693697254979 -2.0422953071550496 0.43174182664195987 -1.521787384515223 -0.6979537837270048 -0.8590716279364479 -0.10440870972729867 -0.44326901294811516 0.5290350211123531 -1.5028155288773557
0 30 -10.348515516273876 -26.521265961035734 6.824462893777887 -19.71942000136111 -10.052232817114458 -11.23411429680391 -2.4095787340383517 -4.893320981271697 5.526762005934633 -20.357699138506348
0 31 -2.0566200085008397 -5.215535265864928 1.3943861167283491 -3.944489551245645 -2.0531673981016096 -2.292971999199615 -0.5333233149012677 -1.0179120006431657 1.190202244383249 -4.049348966935244
0 32 -8.116349489840264 -20.385710056146372 5.31769305848657 -15.161012332011422 -7.676726963952499 -8.608656538952062 -1.940356860590875 -3.818366348893739 4.391208111127376 -15.675706684417962
0 33 -0.331750295513308 -0.6696674948622123 0.19281624014679904 -0.554732488924057 -0.26316392529813887 -0.3926966847357798 -0.04671692955066569 -0.11174163503701463 0.24600117651752637 -0.5326229918282891
0 34 -7.735128992382897 -19.55207671482965 5.034673054367922 -14.551596575840556 -7.427271764765275 -8.448163910426027 -1.8108694637068614 -3.6060248988822834 4.192928680638076 -15.012127338853833
0 35 -8.548129309164947 -22.00693512809415 5.623540148160092 -16.3359119266168 -8.311236336973051 -9.442236883996284 -2.0721279617928907 -4.0460959279790645 4.679358281870491 -16.823653805214303
0 36 -1.330276159690038 -3.4402331089893954 0.9446926684451699 -2.6949738300323487 -1.2397044188891226 -1.5033871987695044 -0.3536310148613946 -0.5780362787948855 0.821565367475058 -2.6573962030924356
0 37 -7.225554019289527 -18.40257851747504 4.742661343502076 -13.690077504976749 -6.938574984854101 -7.8534099570023335 -1.7591383553455988 -3.500356731429733 3.8403837462123507 -14.10985854915953
0 38 0.025100474589638537 -0.03166658921748704 -0.02648973793736702 -0.09024792926275145 -0.08013809112489137 0.04345667337352801 -0.08957410417564726 0.08207274974401384 0.014893879589192785 -0.1396142274099183
0 39 -0.05160490580910344 -0.11851714959399597 0.033874279457815334 0.022667754899959994 -0.11104695997587988 -0.0013497563769823797 0.011066596897665234 -0.06572757501667718 -0.07272049374612868 0.019291244533651133
0 40 0.014181671076613243 -0.09357593047078802 0.04842534332523254 -0.10925956459608188 -0.12231861440124811 0.04265619044477732 0.007179587147183133 -0.10249672829095931 -0.025035861938697602 -0.15394730418490382
0 41 -0.05251522717721283 0.002607141446219468 -0.008025883787918636 -0.02278633681697645 0.09810918162433278 0.0067073403084309076 -0.08979158392154586 0.015529782153513057 0.010551304125374637 -0.00989891290715434
0 42 -0.09755181556169625 -0.016294495456907133 0.058312542505566445 -0.12731499008794572 -0.04060071367598276 -0.0425103353847494 0.0549401387001669 -0.015591349520168177 -0.0077553458174747635 -0.10434038901907175
0 43 0.049928532723259464 0.006488970083879548 0.023202706118975926 -0.08568114131094871 -0.02855223975200639 0.07791727378098745 0.05676735292279393 -0.05170640299155411 0.054122564059216845 0.01969100153217121
0 44 -0.9803882741286217 -2.296007315114422 0.6160077086377798 -1.7325180489395635 -0.8666472919674759 -1.0271697207834753 -0.11843665682463789 -0.4711488612305899 0.416937775309103 -1.8814876351285268
0 45 -0.8980574626231317 -2.3590548750092153 0.6090569088816739 -1.7217764925455579 -0.9276330890701847 -0.9867167716190888 -0.2315421967374811 -0.41886148859788197 0.533140394221207 -1.8581514695334855
0 46 -0.8184991131778145 -2.2957321724470687 0.6800903807731226 -1.6322914572976275 -0.9165090423031292 -0.9418141253101082 -0.2934731037082197 -0.4738375839703675 0.5719928356402655 -1.852334824739683
0 47 -0.6271626641374414 -1.864779645764274 0.46442195378943685 -1.4462182696168742 -0.7565470094750596 -0.7002956691235697 -0.259596300633486 -0.3670326376527672 0.36507439634653316 -1.415739746127855
0 48 0.06501531871858895 -0.08346870811595128 0.022500307144148836 -0.04949536222983586 0.08500382591769252 -0.020692852132010244 -0.0020173073518998615 0.09142085672712448 -0.013881764992542855 -0.019776764940098224 0.06878486622780652 0.058591885742830585 0.07758604837967396 0.00618146123796095 0.05317326437972868 0.03161220190060055 0.007135139772953153 -0.0357086468087409 0.06391319975205213 3.1326363502700097E-4 -0.034138582917267124
1 0 0.002400096479487712 0.09097420654951509 0.056633659283961316 -0.003015148409869771 0.06634424507419076 -0.07850405038355178 -0.08787587232818385 0.0927576777108115 0.024893012173070304 -0.04173821395932442
1 1 -0.031964398024165064 -0.0781766023492 0.03259156680177698 0.08821656574524955 -0.08722443361155147 0.051536019050883064 -0.07237649543648433 0.01342090482523681 -0.005548388127799949 -0.021972890239100807
1 2 -0.06962584429590213 0.021967576029168354 0.06200518656689671 0.09201038727629984 0.09099777322803865 0.08600769173523075 -0.08919269524822744 0.08533199360575078 0.0017814759220523314 0.08561309705377047
1 3 0.04730052472412202 -0.028335292839500686 0.08241900656555921 -0.001360399230835029 -0.01899046081901059 -0.051088442958122884 -0.009209893183304129 -0.02942291559458562 -0.03200727343380484 0.058794084954049135
1 4 0.07652803289719039 0.07406228518465954 0.08896685333840958 -0.01607489522694728 -0.08911940044477357 0.01775550198696839 0.016265723068227055 -0.05791423922508551 0.02600332531750778 0.04113794749973096
1 5 0.05555658662096858 -0.043461690931891325 0.09215199318263724 -0.0308394100294818 0.0616932754183944 0.034570354500065605 -0.016965666669939573 0.05079756846414185 -0.006149650730107789 -0.03920662487189299
1 6 0.04451839950929704 -0.006320550750779884 0.047102669748199225 -0.05418881982954873 0.08297453539696227 0.0559050185543002 -0.016873541578009833 -0.08104023604610529 0.07453857524926571 -0.07314896574880976
1 7 7.240367310641108E-4 -0.026155494464756224 -0.08630923426457691 0.08021698982796753 -0.09178175256535873 -0.09513373072152705 0.08321510969624575 -0.00918049914902437 0.0659441545010666 -0.009304439584605577
1 8 0.0636717463750251 -0.027666584956557307 -0.029275458572758366 -0.0698651128155507 0.04170033858415012 0.06910841369910097 -0.03847335318065854 0.01297576584821895 -0.0896565294171371 -0.02360039340691885
1 9 0.0057712380970527215 -0.06707419722740664 -0.056443371097278906 0.04920631473584398 -0.09695611183819196 -0.05492589922559741 -0.023771498173619794 0.060800359882060874 0.05698930344336466 0.027478459332256858
2 0 0.02467721109211386
2 1 -0.07100440202963672
2 2 0.07471269927256503
2 3 0.00684776579698066
2 4 -0.06494728946388521
2 5 -0.06278418999218821
2 6 -0.07820793646953164
2 7 -0.007128419123916426
2 8 0.021490689603266756
2 9 -0.030041490731329272
