## RankNet
## Epochs = 50
## No. of features = 48
## No. of hidden layers = 2
## Layer 1: 10 neurons
## Layer 2: 10 neurons
1 2 3 4 5 6 7 8 9 10 11 12 13 14 15 16 17 18 19 20 21 22 23 24 25 26 27 28 29 30 31 32 33 34 35 36 37 38 39 40 41 42 43 44 45 46 47 48
2
10
10
0 0 -0.06754885959899033 0.007604903746600268 -0.017172864014221138 0.01768660142179455 -0.062463952683752835 0.09133792388909173 0.0727474372772231 -0.09065868208256989 0.08577929053061813 0.043726901225788
0 1 -0.032964251935482025 0.03406675532460213 0.08859170973300934 -0.015016508288681507 0.04839112237095833 0.06730891764163971 -0.042170632630586624 -0.08189670741558075 0.011454671621322632 -0.07326009124517441
0 2 -0.0851871520280838 0.0017892599571496248 0.019511085003614426 -0.0815083235502243 0.06948027014732361 0.05875038355588913 0.09216784685850143 -0.08527953922748566 0.04796922206878662 -0.05137447267770767
0 3 -0.046223234385252 -0.048839371651411057 -0.04417704790830612 0.06690564751625061 0.0466919019818306 -0.08445718884468079 -0.005135565996170044 -0.06669165939092636 0.08515255153179169 0.042770884931087494
0 4 -0.06727676093578339 -0.08057834208011627 0.08479827642440796 -0.06556665897369385 0.058372862637043 0.07083127647638321 -0.09533943980932236 -0.09578894823789597 -0.01766909286379814 -0.07978437095880508
0 5 0.020303750410676003 -0.02602124772965908 0.041060447692871094 0.01965358853340149 0.014297652058303356 0.09372951090335846 0.04849565029144287 0.09781713038682938 -0.09843751788139343 -0.09923551231622696
0 6 0.026746713067290605 0.0963498617473788 0.0684267800785868 0.03068826332153599 0.022277951479613048 -0.040728205156943004 -0.01166327567498065 -0.029230480919635385 -0.046114310144864744 0.09930797243708585
0 7 -0.007246609848440592 -0.0170858496030705 -0.005506784802700961 -0.05263886464555191 -0.05593189342941889 -0.041544900643579984 0.09559757325742842 0.05956480138032451 0.07586652071333026 0.058469969518564854
0 8 0.06837423318735125 0.025713065066378528 0.004252721500547088 0.09057827919244914 0.04592855150104644 0.04925553257883879 -0.06520467955933601 -0.04761931311506644 -0.06037947915770865 0.07861180013554617
0 9 0.0996388884793854 0.088364673205655 -0.08372092671602832 -0.06730281681299062 0.004351552261422826 0.03755317013086172 -0.05749926675425558 0.05227500933986291 0.09428704149744663 0.04493128663437886
0 10 -0.04438804662117024 0.013721642442982617 0.08457292936831845 0.08799254774570613 -0.0016089481884506841 -0.0968320803779236 -0.0869930456982711 0.07528441387992482 0.019523411911942002 0.08885729468005224
0 11 0.029372606293473137 0.002881095404740378 -0.07789898343294727 0.04849891617417504 -0.035735362523783426 -0.053094434185611286 -0.04699277464614897 -0.07888948183674235 -0.0500944555578456 -0.0015183150158591193
0 12 -9.483164527671576E-4 -0.020271806036084142 -0.047422368645492645 -0.016183693361744352 -0.01692597523304215 -0.013919006776481764 0.051519757043340435 -0.09092250978080717 0.005127456004334229 0.05521321603142727
0 13 0.07161937044150282 -0.053863711577516814 -0.05177636641064782 -0.009966652213269452 0.07680347005206083 -0.03187954071588985 -0.06024064518811611 0.016275087984791423 0.05051636635331257 0.031244464543063975
0 14 0.04378800538722418 0.03122968431795154 0.006519219470066714 0.016557571996759866 -0.05772023175381466 -0.011339441818924484 0.0016572310481078 0.03051823127079307 0.05784527807226827 -0.033920455229615114
0 15 -0.05080784112215042 -0.09979572892189026 -0.03848391771316528 -0.07737655937671661 -0.03570329025387764 -0.014432216063141823 0.033073365688323975 0.07796894758939743 -0.0993863195180893 -0.05209791660308838
0 16 0.05793458023777942 -0.07256657873745642 0.03620506770998374 -0.04179296389698814 -0.04143073534368394 0.017974277393234726 0.018917832930221177 -0.026648257041162384 -0.008799778374813562 0.050185532928877306
0 17 -0.0530100092291832 -0.09040454030036926 -0.08632455766201019 0.009751105681061745 -0.011955189518630505 0.05800864100456238 0.04763352870941162 0.013074517250061035 0.08663728088140488 0.06721054017543793
0 18 0.049585613578346316 -0.09370753931604045 -0.0770833232427468 0.03505935200021897 -0.09558245467452918 0.07255186096642811 0.06534433042972902 -0.010907302069039648 -0.019985620838520467 -0.04144647726815488
0 19 -0.03469762193086387 0.0157396895865538 -0.009196240298011304 -0.060566577628201106 -0.04191023963589413 0.017013282813517678 0.06149257553707015 -0.07701399399027167 0.007643425890748848 0.07644199177496885
0 20 -0.04173558192374946 0.06888615619936977 -0.06203947759375811 -0.040580737903660395 0.004111452818920706 -0.008628396950276243 0.07195928154478885 -0.012711994704454428 -0.04129977053260293 0.01448740687095362
0 21 0.08137907845852127 -0.05647502187093702 -0.06698931924209817 0.03342289893334522 -0.01549820709128134 -0.035364812872918004 0.055836355518206475 0.05385474638953874 0.03354995423698936 0.08229805871718382
0 22 -0.04388677326989311 -0.09972301705498288 -0.07131768635549243 0.028390885293728126 -0.04045715333179203 0.09732512431200332 -0.07455693481558542 -0.09446237032534774 0.01340643433092895 0.03984774412134863
0 23 -0.012894594911959184 0.0611869199256042 -0.08959963343248589 0.09399414478247775 -0.05808065193791134 0.0917598393935842 -0.05319666283239472 0.008852107095868105 0.026892918215637513 -0.07380751922852541
0 24 0.03668082505464554 -0.08944675326347351 -0.01606426201760769 -0.08703578263521194 0.06935923546552658 0.09105034172534943 -0.0032855928875505924 -0.07641174644231796 0.09533104300498962 -0.07758118212223053
0 25 0.04853384119251067 -0.0319399127622665 0.07178391134492257 -0.059659443269508734 -0.005865975492285674 0.031608834423764526 -0.03496510484844817 0.09667051172020877 -0.04805303641867398 -0.0047545918266131875
0 26 0.05616281181573868 -0.0026045204140245914 0.014023011550307274 -0.011746102944016457 -0.013468253426253796 0.04307210445404053 0.011889761313796043 0.016455739736557007 -0.07354971021413803 -0.0490742102265358
0 27 -0.04950005098085938 0.04863164871336623 0.011505243617221505 -0.0014267505387918925 -0.0183327271847948 0.014962761468931421 0.09719488553326162 0.05914806764376383 -0.027512915404078638 0.018792383166897148
0 28 0.03954788086875848 0.014860099294852986 0.06850967532713954 0.09281102923831706 -0.019194240009899204 -0.06281865738070287 -0.09680672173702638 0.030258997102702433 0.015254208573081653 -0.04662975103166361
0 29 -0.024927351485549823 -0.0284143702605094 -0.03437584512144963 0.05869959451030886 0.06156689939308127 -0.008990382483603395 -0.02410508029497099 -1.2032580392194439E-4 0.08638101179974793 0.01505729339437363
0 30 0.09823364167561646 -0.011091612397686367 0.08636743052830666 0.0890942571164188 -0.024229363660211344 -0.004533773354054528 0.09739787588847172 0.05944722666371955 -0.06252756661911463 0.0022322851240800775
0 31 -0.0488863438181391 -0.07021044386410702 0.04650073568281469 -0.08680243956179655 -0.06889512409427462 0.05528941107435147 0.021075460919728065 0.03329796081837475 0.0732957889299244 0.0885672417279788
0 32 -0.006456880673919158 -0.07473582050568978 0.06165515801016766 -0.05448386442981184 0.031553977847839275 0.07846923736144092 0.06393244201870339 -0.009262641003930087 -0.026619675304070903 0.010019939769866216
0 33 -0.0636112242937088 0.005918252281844616 0.0905228704214096 -0.029281223192811012 0.028330719098448753 0.04787158966064453 -0.03780928999185562 -0.06984677165746689 0.04962240532040596 0.026728535071015358
0 34 0.06564682183211404 0.09689065504164586 -0.05034532077927539 -0.07222145534654151 0.010087199978121596 -0.017483371474521173 0.026616340880413557 0.01956552672102069 0.03126161889807845 -0.05183433444404743
0 35 0.05805953239137014 -0.04302502324447414 0.023016887759816276 -0.033100532383463104 0.0813016900932885 -0.06543584583607863 -0.05000551691148857 0.013185680700942476 0.09671265694442113 -0.09242711911691798
0 36 -0.08864649698486768 0.09889578216075595 0.0968189658738774 -0.04122509319772285 0.09987404518548544 -0.029421317934673764 -0.09844629777872359 0.0592150212629066 -0.07318509819452784 0.03685622397370526
0 37 0.09701173712894245 0.052162125278859495 -0.036884821922688285 -0.0024502992183879873 -0.011204637058704248 -0.01358292985647292 0.09554753862728314 0.020602061327061945 0.03897279267795438 0.07519020454683951
0 38 0.043954202772292894 -0.052670254013497446 -0.030937914325891536 0.05083736285090615 0.08527804786563992 0.016870093898190018 -0.06699381728039772 -0.04546629648823157 0.014052284804202552 0.026090806038551802
0 39 -0.043040176986541945 -0.040032396665770624 0.03533634863883391 0.019886708552838854 -0.08806225782035709 -0.04675987978159098 0.0507669713689229 -0.08594191085714717 -0.07482444875218716 -0.045617474554605054
0 40 -0.08199549293407438 -0.08925573771353446 0.040888703838886174 -0.07692626983404012 0.0997875171363461 -0.048154583765851536 0.006710854765607967 -0.06624145817179103 0.09272700912974033 0.005901598991327775
0 41 0.06325828456989291 -4.655802820306705E-4 -0.04035900585263833 -0.0471677829372866 -0.0028149765800577894 -0.057412556006299534 0.05221323709620447 0.09972844261508565 -0.08361985914685574 -0.014993387586004244
0 42 -0.09636969864368439 -0.043493278324604034 -0.05138744041323662 -0.03074362315237522 0.06902556121349335 0.021359866484999657 0.08901470899581909 0.08756352961063385 -0.05003006383776665 0.009327584877610207
0 43 -0.029471945017576218 -0.04738030955195427 0.04837552458047867 0.05696816369891167 0.046308182179927826 0.04083571583032608 -0.06639063358306885 -0.05355415865778923 0.031207358464598656 0.048171065747737885
0 44 0.001647222218561743 0.009986505849156663 -0.07872576437101586 0.09414849846070422 0.06184796881776111 0.07245683793017096 -0.02417396919836156 -0.08821669442638694 -0.08865448361491637 -0.09878985986239458
0 45 0.02427615610835314 0.08955894690552746 -0.0751018317709945 -0.037488121107166865 -0.023712477787325246 0.06802795950361915 0.012575966510578492 0.04346756415382096 0.029276228563433 -0.05812801450616882
0 46 -0.022866438944365977 0.056330005643759104 -0.09817037901983483 0.0799128231257738 0.014175011635830476 0.041709949560849315 0.0515168441642369 -0.006010734364985739 0.05025786259913955 0.06897971376650786
0 47 -0.04708782943012954 0.010390733374152467 0.036128925316474436 0.056110065862590215 0.07759559047322513 0.025851524733392823 0.007309776935383174 -0.06410712225422202 -0.014221072143370777 0.06824307486289
0 48 -0.019870380072679626 -0.06728686635847769 0.05774626828819648 0.08039269476652293 -0.03077105743585953 -0.08194134999691163 0.024168875475062943 0.06867337215524297 0.0013172811987176008 0.026228714422755713 0.008073318432823889 -0.038350137370990474 0.020103333389922838 0.08957657705280984 -0.061084741418752114 -0.04830410116098318 -0.03593881455256941 0.09750218244289816 0.06364109410715489 -0.0549769001215788 7.571123155879782E-4
1 0 0.05148251701166142 -0.06336298304552493 -0.08047681734797402 -0.06413132220104051 -0.010246901214658212 -0.028648412987727735 0.026462127795475597 0.028779823696988553 0.07882592326428788 -0.03774806160985361
1 1 -0.0677577866759547 0.09789480068600717 -0.07206649472871056 -0.06578331952384023 -0.07208534623107091 0.014083148592913574 -0.029511409252946003 -0.06860176817884084 -1.3280731664680812E-4 0.0024379672459973628
1 2 -0.008769480562944696 0.04259057481158981 0.05888778254836263 -0.04937778783965798 0.05681634736628849 -0.03527445178844317 -0.07983828399781037 -0.014652273127688348 0.05489571282117896 -0.0541422731791226
1 3 0.015722460873852526 -0.06556557631348 -0.0028237055846952776 0.08850978300025283 0.03788587282440897 0.021922499964831983 -0.048042724836855503 -0.01586166635998853 -0.027142795066468994 -0.03812747001677834
1 4 -0.06538884446168673 -0.011806485014097057 -0.06997805682236054 -0.03123129622211397 -0.06372786778192234 0.01914736940995441 -0.015828144437528033 0.08207718476422182 -0.028360795712968092 -0.06240470980593601
1 5 -1.3351655664965942E-4 -7.455188824401676E-5 0.00907329570208474 0.012467836853773869 0.01239728335861171 -0.04396868324983345 0.027615789060814685 -0.014389608162688564 0.07208143233708726 0.03183868738919709
1 6 0.010381418892327984 0.09474619397195154 0.07577822760531591 0.05963947420812337 0.04835732659616489 0.05389940694099495 0.09740819174916299 -0.06849222215698776 0.04947549236276696 -0.030537756989800626
1 7 -0.05566881592201209 -0.06929729471400037 -0.07323386136067937 -0.09972894913974543 0.010021821063208676 -0.033312853963632885 0.03590198239541504 0.02585757241982021 -0.010362729629492683 -0.008742054875105962
1 8 0.028509519120023082 0.04876736897196493 -0.006669674945920045 -0.005151993158791904 -0.019259227915746586 -0.02337859305690808 -0.01826818723596187 0.017724140736535585 -0.09775953630512825 -0.0684504905318583
1 9 0.07238332939315659 -0.02877249445271909 0.07842276163083102 -0.005826130216920465 -0.05049223791217938 -0.034473581869549845 -0.10001633779928303 0.08758399840987331 -0.0204524132252144 0.09116245588932811
2 0 -0.04350202314762522
2 1 -0.01636566668443809
2 2 -0.09070352892480335
2 3 -0.06805632504467554
2 4 0.051281914209824815
2 5 -0.057102281094613086
2 6 -0.09759773264639852
2 7 -0.01980131262887394
2 8 0.03447226021600044
2 9 -0.03435839722479426
