## RankNet
## Epochs = 50
## No. of features = 48
## No. of hidden layers = 2
## Layer 1: 10 neurons
## Layer 2: 10 neurons
1 2 3 4 5 6 7 8 9 10 11 12 13 14 15 16 17 18 19 20 21 22 23 24 25 26 27 28 29 30 31 32 33 34 35 36 37 38 39 40 41 42 43 44 45 46 47 48
2
10
10
0 0 -0.04285538089101473 0.06627940332471927 -0.08160125506328393 0.012046926696708737 -0.10328597466890642 0.019742733636555335 0.06360050240273492 0.007325523996849744 -0.07918226466864196 -0.0632145635142924
0 1 0.07632371038198471 -0.036307670176029205 0.09958820790052414 -0.0596901960670948 -0.03595320135354996 0.06597024947404861 -0.03999760001897812 0.028194714337587357 0.07419360429048538 -0.0989253968000412
0 2 -0.0598747618496418 0.007862555794417858 0.06015070155262947 -0.03178916499018669 0.006992620415985584 -0.06387723982334137 -0.08746962249279022 0.054453909397125244 0.07977870851755142 0.036188602447509766
0 3 -0.030721675604581833 -0.03968041017651558 0.0591445155441761 -0.08350752294063568 0.06013547629117966 0.020420556887984276 0.0421055443584919 0.09955418109893799 0.011941218748688698 -0.07589404284954071
0 4 0.004978376440703869 -0.05192909389734268 0.048412956297397614 0.06316536664962769 -0.02481985092163086 0.03626133129000664 -0.03163557127118111 -0.024814974516630173 0.09177741408348083 -0.008698510937392712
0 5 -0.07808925211429596 -0.07527109980583191 -0.05214866250753403 -0.05833830311894417 0.057335734367370605 0.018466418609023094 -0.032201968133449554 0.007861291989684105 0.047407109290361404 0.07770645618438721
0 6 0.006358015832998306 0.08554078052781912 0.061743517229688225 0.024893497123717415 0.08845195344334462 -0.09362340045182263 0.019753642312735655 0.08155918786739967 -0.04940064315716863 -0.013377083955879814
0 7 -0.03542896647818034 0.023400070773392834 0.07697494687868531 -0.01582084067574639 -0.07463809303840482 -0.06832125561916061 -0.03338736342055906 0.0323607982640474 -0.024925878825473525 0.0363679086714816
0 8 -0.08085421710253161 0.012998820653816136 0.011998814952230364 -0.07646198956662724 -0.09468641598349031 0.03959196734675286 -0.007352407868200049 -0.01993662043679484 0.08759112634988793 -0.01590193389423304
0 9 0.033627949740528254 0.09700218302409644 -0.06195318629262066 -0.005198285017145149 -0.032910004040751985 -0.03116965335157808 -0.07431662212355213 -0.05170604503965942 -0.02270137604468858 -0.02421786818966127
0 10 0.024511420282479338 -0.08934906309155265 0.0810606205786888 0.0170718398138398 -0.03385276752148685 0.06013342823578569 0.039926470151738475 -0.006480641893050635 -0.04272731407619806 -0.030034503163139974
0 11 -0.0388291962607483 -0.00957791994396806 0.09054786355079267 -0.019271142544237268 0.06616965009416614 0.00429631577883933 0.09498961159482665 -0.014959403586128975 0.06528434812305216 -0.005049585334257843
0 12 -0.06812051169346696 0.0738753554764323 -0.05381527015947445 0.03526890163512749 0.08502479170706478 -0.0641642822706316 0.01618866249122005 -0.07875193578918926 0.029599423244981816 -0.05090119837979887
0 13 -0.10078353096340874 -0.04331656754988132 -0.05098627688741329 -0.014794036618550513 0.09632088813072687 -0.007987144169725218 0.040296336667994835 0.004225793817144437 0.08597263252916115 -0.020158927824227103
0 14 0.026394673290748176 -0.0859915868729723 -0.07453129631501046 0.05635422724350708 -0.09019524226012579 -0.011599723824787845 -0.09836609749302531 0.08317872370752098 -0.09275286885487971 0.011507802303920981
0 15 -7.535001849020017E-4 -0.02157032571190305 0.009257723977133106 -0.05548363940907919 0.023290636914856798 -0.07463733059156945 0.09553445291619096 2.908839376598038E-4 0.07493196375956966 -0.0930797215835909
0 16 -0.0969122644456277 0.03715660274442144 0.04417508538307549 0.08957765062527842 0.07553232783468426 -0.048249980643134696 -0.03754483233741829 -0.013816460872644081 -0.0814386848031851 0.014260255287578651
0 17 0.04349731763978091 -0.05745235757166218 0.053322130533084384 0.03689013021893584 -0.05976060400658387 0.0610476948236567 -0.07993858247699656 -0.038970009711651446 -0.0031598219692263 0.07099920211387514
0 18 0.01839636952169139 -0.09227027942428419 0.054844878924980564 0.09222699786121291 -0.09987185772197736 -0.09591380170072075 0.0476645202761546 0.018968673653480848 -0.026036489315715262 0.0864920759098046
0 19 0.04239873041939715 -0.06619369259096954 0.04377500740033576 -0.04875350982309478 0.045400898661198515 0.01797855998615661 0.017363274101448632 0.06470053583821762 0.06340680034577109 -0.0982523960867712
0 20 0.06507749914732629 -0.02990216782309526 0.025535822186292897 -0.005799857493351582 -0.050288468841729266 -0.088452708169416 -0.0650163771544559 0.05748888791045714 0.03203238682567416 -0.09832100475819808
0 21 0.09406036460228516 -0.005947516307072745 0.016940692992405894 0.015158423899926695 -0.05841842322695514 0.057067126595865214 0.08640358965948898 0.015787973696170427 -0.025544506998708826 -0.08835816734179752
0 22 -0.03981489629123172 0.08347826646517034 0.04682119566983995 0.03636734495065788 0.05471763043275935 0.0023171907728894003 0.09710787686353238 -0.025173843428086186 0.06669424381732172 0.02629141307085293
0 23 0.0451871968207955 0.05708517486236651 -0.1329144832755899 -0.0918689021504017 -0.04450940364998351 0.04780749584774383 -0.0624912412797077 -0.05942522793570029 0.056798977271907344 -0.046320083538610356
0 24 0.06977701187133789 0.07457638531923294 0.007906275801360607 -0.025779981166124344 0.00722579937428236 0.07349604368209839 0.05401744693517685 0.040126364678144455 -0.07257204502820969 -0.057861603796482086
0 25 0.09659390803400586 -0.07482112061912974 0.0029034437356348637 0.08766189152941523 -0.01966698488507037 0.09701058909616818 0.08332131756341563 -0.047069815232060996 0.09361533433626845 0.026477069661507247
0 26 0.005644011311233044 0.009651106782257557 -0.02502136304974556 0.05196244269609451 0.05197799950838089 -0.07417174428701401 0.026933688670396805 -0.05113700032234192 0.07982149720191956 -0.03247475624084473
0 27 0.028295454230239124 0.04567471734004522 -0.1311631199726199 -0.04468963096843672 0.04462590623906751 0.04949269528407097 -0.02899545328162888 -0.06722440512169087 0.051660483342298426 -0.09492041921159404
0 28 0.7109786673194318 0.5363868931483025 -0.733626856738342 -0.43794092686415864 -0.20782188038251154 0.1769053354266835 0.34893806222065255 0.47111724656452314 -0.06621381629872213 -0.820057400135489
0 29 0.048635708011217096 0.1318503786888975 -0.15613702488636527 -0.13821184998420163 -0.041146018585217686 0.10020808329263203 0.011923279211945899 0.019227153251353324 -0.04579031837310392 -0.20435451834961554
0 30 0.45384732379172854 0.4230453439545929 -0.5574937087315794 -0.2806486130020456 -0.17063365659969765 0.1862110714969668 0.29628759600706184 0.3356390352668489 -0.01816441634688495 -0.6789895246461621
0 31 0.11654354601255411 0.20404969214034965 -0.15887296620106214 -0.16982395028140945 -0.009993103195583657 -0.010168144783874343 0.0541180598478145 0.17406723488839346 0.00413236519039065 -0.21496158376146166
0 32 0.32246227577239883 0.3622603772993169 -0.4415808726511298 -0.16374996608948006 -0.13139488450292697 0.05207281886093498 0.2276133850826469 0.14496786729258918 0.08988337585844224 -0.41996615207712346
0 33 0.011243681349443972 0.029076574973553575 -0.11786242186313588 0.036606848466634825 0.014322716400787684 0.008882460165689603 0.06735420754171674 0.014476255769149337 -0.03305236313667809 -0.11448324341164867
0 34 0.35841630815368763 0.26848135669875867 -0.46203448712018336 -0.14515637388310534 -0.1615602151351068 0.14144724377181242 0.2316011499728018 0.20135863658726846 0.05344077548386066 -0.3873655194940242
0 35 0.39395688961724645 0.28858048915967194 -0.4123486380746628 -0.23989382467745224 -0.03739258471390243 0.1140103813960565 0.1340387671403325 0.30307996087724726 0.029411316505504364 -0.5359702182181701
0 36 0.09025907113228623 0.0930626261945365 -0.12318860844581038 -0.061349270258996 0.031411909426716414 0.0048023948525536065 0.023990602335980545 0.014978153516313937 -0.07382963540580897 -0.26558199205951843
0 37 0.29245681182002714 0.24611220397499112 -0.31010406058428996 -0.2042043688954242 -0.0215426115672521 0.07151517671680925 0.08324237652577417 0.09858776641397674 -0.04855793526698764 -0.42699754344645174
0 38 -0.03942777602566008 -0.0899984848448135 -0.040015766445928296 -9.42187999620858E-4 0.00924477186823557 -0.06339190176798906 0.09223557844571083 -0.010811333690121609 0.028371639275125583 0.03920099134531632
0 39 -0.06417050168253012 0.012927446396252004 0.018474609620757084 0.015466503433716316 -0.02302703316935582 0.05332378641749593 0.01662765077248987 0.01996271745826964 0.0014688399587062292 -0.05857682696352777
0 40 0.04925509337078488 -0.047781235703085755 0.07325941211532906 0.030894151356448036 0.051577621990187277 0.06402824003944732 0.029363153869744474 -0.03498740316211675 -0.051665663002238724 0.002860975908082661
0 41 -0.06796987702897785 0.04375615053749068 -0.016753910742353807 -0.09578981324118617 -0.06856077740970327 0.0996377032727471 -0.08349765629653444 -0.030349212264706733 -0.026740248736953267 0.006184544832265021
0 42 0.0823934921626947 0.09198048566892802 -0.010797805625564406 0.055724422971877415 -0.0040031390633760945 0.08593926979542642 0.0976827386337058 0.024801973324390766 -0.08683558352926489 0.08297001388359425
0 43 -0.0653652471157536 0.07713158331580078 0.08486629515741848 0.07371113189498589 0.07625955051343515 -0.09136164122869563 0.019923244002450654 0.029898575247987884 -0.06504410677955683 0.09738049901011916
0 44 3.668136276388651E-4 -0.02466393234315338 -0.07744694500059747 -0.003313241601138897 0.07720566402363309 -0.016691020462856164 0.025329668054915204 0.11164321739156767 -0.08898938684701234 -0.03993213797714317
0 45 0.06620783300934112 0.08018028605190293 -0.0881052071411106 -0.06405199416167173 -0.10629846257884631 -0.07187946039514018 0.10799526576063478 -0.05587319703480305 -0.017296536049980476 -0.03874420060138777
0 46 0.07473018252768102 0.13997542962432588 -0.11149789127103901 0.017229064842702146 -0.07984328917043071 -0.05707388374044211 -0.046216507229730024 0.1015050794229279 0.08585719706236451 -0.06712107611600845
0 47 0.11906623843208113 0.10701148650916784 -0.04183182702443416 -0.04079551823584893 0.07737294769565044 0.08807998534424923 -0.0370776512845005 0.0018738146390150248 0.08721419453423965 0.00637535222268865
0 48 0.003999093996853831 -0.0777444646048935 -0.07124559938131717 -0.09939832589217609 0.007827351601377994 -0.08135128213013339 0.09762591013208098 -0.01314714205686214 0.07856706439731363 -0.0751827424087079 0.012470711192598644 -0.017968360028864143 0.0832127895332685 0.03528028512457753 -0.027805274845775274 0.034532744563829335 -0.05873734611986916 0.034178030037013106 0.057243301418133614 -0.0346962594755996 0.06735199954523599
1 0 0.015360053945292962 0.09163671654052108 0.05924980747795027 0.0830874148771194 0.007386869573166556 -0.06732855604328161 -0.06570460914211455 6.133871798799614E-4 0.028445009271378767 0.008451722211497235
1 1 0.04150879038953499 0.08671609524059379 0.0939048009012107 0.002087895915869157 0.01426588223111595 0.007555881793046896 -0.05223789188801603 -0.04120452964512641 0.07570549403207866 0.08820636137609374
1 2 0.0408265994518618 -0.017805256936384465 0.043330872726260544 -0.0649478842451879 0.06690465868286607 0.08791758602567147 0.009574484177248047 -0.05716505900923557 0.04735703379215975 -0.056377457237929605
1 3 0.052912582665862046 -0.02142103591404475 0.01135044405802014 -0.07204049070390336 -0.06288462221193791 -0.009091917821062409 0.04277963384527159 0.0810572535443253 0.029815988802838728 0.030842063997839807
1 4 0.0019807492790392444 -0.07536655068800277 0.01801384472342267 -0.053142802029850535 0.05245008233281698 -0.08866142526454529 0.03929150497250176 -0.09925868576034981 0.09184081979636309 -0.042352156701949646
1 5 -0.044903304245115766 0.08452947105116282 -0.07001646064120166 -0.012531405507988631 0.02500988781602638 -0.033262227180153855 0.06464180871966885 -0.09838242045585488 0.05853690577975792 0.04001171003738408
1 6 0.06678996749196153 0.0793370368892457 -0.05450652574998215 -0.006829324420703531 0.019976017942945696 -0.06091632694003327 -0.08215447410030867 -0.051995275789096095 0.07739842945417287 0.006555545556053417
1 7 -0.039142894940910986 0.019185730243543336 0.08453509635494239 -0.06479486151030009 0.04176267265478853 0.053970831426384404 -0.05548027430800727 -0.07061776058847329 -0.05446459214260842 0.07030818612584779
1 8 0.07587591420498911 -0.002134978103900489 0.04049036884506678 -0.028934704399789866 -0.07842737583856012 0.07159918224546187 0.031615605751542035 0.0019725043941700307 -0.09318876555848189 0.04318819135013658
1 9 0.08402723556197586 0.09850877360157856 -0.06006142212871102 -0.058896733786826014 0.05066537966229052 0.08113985049761142 0.012967233346722182 0.04496970365381378 0.023439894951555202 0.014077029761081196
2 0 0.05723183216264496
2 1 -0.047502423472158974
2 2 -0.04328872050707122
2 3 -0.027124421443243646
2 4 0.0954928738781835
2 5 0.0823482231216081
2 6 0.09245815242790575
2 7 0.07606268541290352
2 8 0.024539098847063675
2 9 -0.051689900226268945
