## RankNet
## Epochs = 50
## No. of features = 48
## No. of hidden layers = 2
## Layer 1: 10 neurons
## Layer 2: 10 neurons
1 2 3 4 5 6 7 8 9 10 11 12 13 14 15 16 17 18 19 20 21 22 23 24 25 26 27 28 29 30 31 32 33 34 35 36 37 38 39 40 41 42 43 44 45 46 47 48
2
10
10
0 0 -0.02404273941251389 -0.0057305296271494425 0.02447724082254679 -0.08431955043996017 0.08143342603806737 -0.011290470674004344 4.44265335446826E-4 0.0446111280968914 0.07440586308484516 -0.0027195328429507892
0 1 -0.07511366903781891 0.02805430255830288 0.07844788581132889 -0.0924694761633873 -0.004886227659881115 0.034286342561244965 0.05499373748898506 0.07370717823505402 0.004446757026016712 -0.08138962090015411
0 2 0.08481165021657944 0.042505186051130295 -0.030667413026094437 0.09935455769300461 0.02705014869570732 -0.07342562824487686 -0.06913786381483078 -0.07987990975379944 0.09012989699840546 -0.002648514462634921
0 3 0.010613059625029564 0.0033503114245831966 0.07086563110351562 -0.08166199177503586 0.07936344295740128 0.08593621104955673 0.019362932071089745 -0.020955568179488182 0.01930229738354683 -0.0027149678207933903
0 4 -6.524265045300126E-4 0.03884376958012581 0.05284686014056206 -0.0463256761431694 -0.05341837927699089 0.06697364896535873 0.0021769641898572445 -0.07490815222263336 0.09119834005832672 0.04112027958035469
0 5 -0.0028868019580841064 -0.08794005215167999 -0.05207493156194687 -0.02355002798140049 -0.04598276689648628 -0.04407428950071335 0.07915044575929642 0.06153244897723198 -0.05576194077730179 -0.0011922478443011642
0 6 0.005994420189883704 0.08550608681530793 0.048315129709382156 0.01562945415632786 -0.02873251890900813 -0.08996504743413372 0.01821746812683354 -0.08486953328308462 -0.06974234143242863 -0.020261999439560734
0 7 0.0694579926704775 -0.05607470648730337 -0.07635790832630443 0.009444880456420413 -0.04071916006675119 0.05127081800374644 0.05285814139152188 -0.07047161785102792 -0.07476838505995995 -0.079431498811214
0 8 0.09356294757393431 -0.05141051978965598 -0.04722903891989457 0.015454103400986952 -0.07080992274611676 -0.003769231836205101 -7.189397222442648E-4 -0.02651065541000746 -0.03276379279931508 -0.09744453528007724
0 9 -0.027124779311146156 -0.017432804491122698 -0.08285533114859323 0.03969796949444359 0.0028941083171267804 -0.0484657058183902 -0.04524132204121781 0.020145338498636263 0.010041749438741613 -0.051130221272317866
0 10 0.06878113931683134 0.008876059863964586 -0.06910563483425836 0.030884178517442542 -0.08581952714055265 -0.08064568728849851 0.06929459828072342 -0.09893687022419359 0.021414845584431068 0.024524840479286256
0 11 0.005806006944600852 0.019754337806502844 -0.04372773542591798 -0.025390032516736192 -0.02461651676028476 -0.09569115132734739 0.056903601019914624 0.07138840901164625 0.03104255102435626 0.03567040613809397
0 12 0.06412781463385288 -0.04975007652144729 -0.039832189733472904 0.07097758106838588 0.0697293839865978 -0.042188896831739736 -0.03209552951766684 0.08755438574299496 0.0491295310169096 -0.020925036124003798
0 13 0.036478498504497546 0.043141319296807853 0.08423123339469847 -0.07645103381024082 0.0712987442816105 0.022283605406716703 0.05492221146193767 -0.0781903423232563 0.06828887159790817 -0.06510454920510986
0 14 -0.08002665639666633 -0.08248087877435659 0.04738815898362988 -0.07140685170780547 0.02048857976059196 0.052105317023150896 -0.02845755839545062 0.0437402015134113 -0.09300356096875599 0.046335027257966344
0 15 -0.04686663672327995 0.08174239099025726 0.09675507247447968 0.0715484544634819 -0.08439182490110397 -0.08370821177959442 0.017922908067703247 0.05925663560628891 -0.042688798159360886 0.04008777067065239
0 16 -0.06276663207742143 0.04980178429583711 0.060706434402973776 -0.028286430822629136 0.06721653825909411 0.01763201936438144 -0.023395353601042734 -0.03004475822241686 -0.04416031263907872 0.0685150613538339
0 17 0.017040252685546875 0.09654949605464935 0.05960090830922127 -0.07597843557596207 -0.061554569751024246 -0.08067026734352112 -0.07363373786211014 -0.0011636018753051758 0.09032301604747772 0.040543049573898315
0 18 -0.0429042461919972 -0.05803478816657731 -0.0542021722874375 -0.09423131246221464 0.057544531877806886 0.0440999501665324 0.0978616360438712 -0.07136358435526534 -0.07708331507668677 0.05589250976753837
0 19 0.09386808188029697 0.06409056358962026 0.03827242438360457 0.047768199305482414 -0.021635851366926074 -0.02800851079611433 0.029388993171265615 0.07237290423901098 0.05182519103979126 -0.019184578951144077
0 20 0.06651530922719409 0.06466703736214605 -0.019940863580858684 0.08743719891781365 -0.05853718194227305 -0.08675925570516257 -0.08656683272380511 0.05601180922777686 -0.02312514637018201 -0.05967149212553497
0 21 -0.03617132319739926 0.04034917303352307 0.09153487790986284 -0.048195949335150215 0.0025956067158690614 0.04507261377783165 -0.055912469389626525 0.04510536622793708 -0.0022330992797260957 -0.08169891386821265
0 22 0.01575311137391964 0.029548520398948085 -0.025291484935701224 -0.023055304943000444 0.018943141175462308 0.0385249140918891 0.053387743270582 0.08744486607017529 -0.04449468121010532 0.09131787104204417
0 23 0.07258244366713931 0.005699854018079746 0.02921408486231568 -0.05735050751691291 0.007333025792132975 0.07990760219307275 -0.026884329381176936 0.04270890933067832 0.02815887439643386 0.08549691290066247
0 24 0.08243595063686371 0.09481678158044815 -0.06938917189836502 -0.00347745418548584 0.008707160130143166 0.09918887913227081 0.057207126170396805 0.09706568717956543 -0.08995801210403442 -0.0422433540225029
0 25 0.0669138269511172 -0.05868501356550534 0.06729972081103106 0.06942088345760042 -0.012476687930409229 -0.06492676256750693 0.02623359103837902 0.05436123195881507 -0.029048998517575073 0.07121374166036412
0 26 -0.07637880742549896 0.026039768010377884 0.024252409115433693 -0.06716354936361313 0.003011846449226141 0.07106418162584305 -0.060026101768016815 0.09194090217351913 0.07431063801050186 0.04031374305486679
0 27 0.07540710908567357 0.0782086962435371 -0.008328328106341496 0.04080539888144368 0.07544141090042912 -0.05346242059403418 -0.039605815669876226 0.0856687145749364 0.09661324304514417 -0.0763254553637816
0 28 -0.0732271669253435 -0.012087634041228125 -0.09658333590791444 0.032358948200537745 0.001247639918362967 0.03953368756969118 0.044600030017355095 -0.0269290765149272 0.0694958186101106 -0.08431991616952891
0 29 -0.029935742748740682 0.08256132742532944 0.03027897968477074 0.044749155058415535 -0.03058588305440945 -0.07837640821225747 0.013859677405794255 0.04425251108795533 -0.06118153299091254 -0.06659118600569816
0 30 0.004802700589463908 -0.09079193186462571 0.041733244302353645 -0.03058841387863753 -0.07384121433493651 0.0100741687351136 0.05631834853770259 -0.05972365635254843 0.018173245586056614 0.05391191405866735
0 31 -0.03431343679265066 -0.07142702134282765 -0.0021125940821471708 -0.08064743524624325 -0.04766421602538264 -0.02607301229908502 -0.015989561882833923 0.09232275388530878 -0.023707500899475313 -0.06430758640740128
0 32 0.08880597338019797 0.050821088997536505 0.042311743743570954 0.009972543185405375 -0.02919335177809407 0.07072990069166968 -0.08293107466961727 -0.07148411132485652 -0.06017790136819067 -0.03620513887794651
0 33 0.07000822573900223 -0.04992400482296944 -0.06648190319538116 -0.09012656658887863 -0.029734253883361816 0.023324768990278244 -0.06909853219985962 -0.03505931422114372 -0.08212067186832428 -0.04521709680557251
0 34 -0.008802156930208116 0.022474083286359282 -0.06886892285155272 0.05587187225213651 0.014227998979147565 0.09864658174278351 0.05942486491266311 -0.007915693165923948 -0.06734866731726244 -0.09377108994793013
0 35 -0.001543403376270894 0.005780187307131275 -3.529225742563124E-4 0.008300326069479832 -0.06963043235165647 0.09207304321072847 0.019607999456869953 0.0526331295516436 -0.05355490286050723 -0.02276252482031839
0 36 -0.055003269496428454 0.05789589241540693 0.024686845262086393 -0.09083684395740017 0.05306378669210196 -0.019757988505729202 -0.02680665263973568 -0.02741761953756294 0.02128778355525517 0.02225910349408745
0 37 0.08263167707124179 0.01882557220570168 0.0703896302831067 0.014533012891989295 0.051953052589389676 -0.03474878522098878 -0.011978248876952752 -0.027730977777754094 0.020418477593808763 0.04307123524531715
0 38 -0.0026951315142220685 -0.09188821826677557 0.03209174917022036 -0.03261079748579061 0.006615615607112566 0.06408566797979716 -0.08727005864955267 -0.023372159420067942 -0.09061586234557277 -0.04788861100468039
0 39 0.022658664567395424 -0.06295567665796514 -0.09892957164963441 0.02735350730411032 0.06483402631139777 -0.06973873262397405 0.09312782440804163 -0.06309822675448166 -0.016689469402906318 0.057127031936317685
0 40 -0.04875373856909632 0.04674420590896424 0.04071832195798205 0.03345503176144564 -0.03932638683462158 -0.002885252676079117 -0.08724691714621863 -0.02198632721465317 0.08913776900780553 0.06118113125768304
0 41 -0.06184504368635587 -0.0867148873319231 0.04334836230090392 -0.09503499216021946 -0.038360342017109236 -0.08134656340525113 0.08621918815308365 0.03788035409955603 0.001891630686358932 -0.061299142474739055
0 42 0.0366101170286041 0.04327166658440239 -0.04943726986181227 -0.011447980393234284 -0.06351436928326407 0.05079990755372833 -0.08506516768247717 0.04605335966577222 0.09396734584423319 -0.05624408226323303
0 43 0.021115655079483986 0.031434185802936554 0.030449355021119118 0.061442870646715164 -0.037333667278289795 0.0669429674744606 0.055782489478588104 0.0970490500330925 -0.055755890905857086 -0.03516717627644539
0 44 0.07984905049561078 -0.06965544534696365 -0.06066836217739744 -0.09835002314823793 -0.07272476885408077 0.08329396818000798 0.030901942887101772 -0.07573044763553735 -0.04247762839992939 -0.026678735160020332
0 45 0.05180816829560771 -0.08037044567836547 0.02576775675318069 -0.09319632243889497 -0.04813554320424683 0.0387870607169343 -0.016629697270001766 -0.029123629421478236 0.008097650299468481 -0.03798791743138184
0 46 -0.09653181478024905 0.0569916023515341 0.06806232234141651 0.06697820383530928 0.007712496482433035 0.03423367563802729 0.09873257067123493 -0.03142577500689605 -0.09470965545376225 -0.039116848029879234
0 47 0.059780744326795456 -0.018944288930011294 0.04396882165833716 -0.06706847115283454 0.08492114719886672 -0.08007290351180701 0.06046271988492296 0.042141033528161384 0.02834183085357192 0.07963378280804162
0 48 -0.012012474251117186 0.013226781700054674 0.08156763539126655 -0.08819500154437473 0.012256752134566425 -0.032220586544727634 0.09587438809805664 -0.024182080752567274 -0.009662032724818777 -0.021360662812797485 -0.0813523828967379 -0.012223971412907198 -0.01155592476818737 0.09523823289075073 -0.03435588962919931 -0.07929917067202726 0.003212320041268196 0.029275901243570084 0.09674224060073168 0.06298164152719715 0.05087850980871319
1 0 -0.06047996070382309 -0.009318321847926775 0.023086673809300795 0.038536644043141416 0.005597751855770096 0.085797279497418 0.0017306082019752321 -0.051705511143302664 0.06234466643460953 -0.08824480675423703
1 1 0.08681684784219167 0.02212551232441879 0.06033345594542423 0.04270372135179426 0.08114156935130803 0.09439205791568973 -0.006744895783257862 -0.010918075229478087 -0.08207693518864889 -0.004742774700793518
1 2 -0.03272011843300316 -0.034757710304603257 0.09571928815179154 0.09391735282083036 -0.07137257902615947 0.005686766307451979 0.05330553513758973 0.03924706562403439 -0.006751660275794954 -0.020840584241580425
1 3 -0.013721948664405724 0.07661518689250806 -0.0953161432266072 -0.06979261863064944 -0.09624359912671622 0.07311109862478354 -0.029855319276245122 0.03221426494550347 0.0955967538357839 0.003328766352229576
1 4 -0.008087341801487362 0.0355237581780281 -0.028242004238526342 -0.060150500677691794 -0.06981405993760754 0.031142546553909176 0.09661126348537531 0.0016479330322139746 0.08839471422825573 0.0017139833057000515
1 5 0.0820967522919194 -0.08871294695112202 -0.038684138131831254 0.004825281423452826 0.053437713667369796 0.029867697932887478 0.011457263017259493 -0.09313983344015724 -0.02454518695540362 -0.079273188922246
1 6 -0.014574877045999532 0.017891323451730997 0.011985833318895033 0.07496572438863083 -0.08170887327622313 -0.04769734565534671 -0.013430140982961193 0.020687025933732794 0.010331397850531113 -0.08301081347455658
1 7 -0.07799578600634144 -0.02906051714615528 0.05878597387726555 0.04048871855498608 -0.045524141324675915 0.04957694796236332 0.06946904042408888 -0.02787642011271956 0.0038136487526058776 0.09947317757899413
1 8 -0.021458398499515922 -0.09347206626126137 0.06258907493315068 -0.09084254836812318 0.086506557084963 -0.0642886399075856 -0.03631522096002303 0.043341363472431366 -0.028346806251500788 0.03675908148703935
1 9 -0.009992490697689769 -0.01146973376356065 -0.08402747726377394 0.0882298521747383 -0.09332455662208386 -0.03598778356254649 0.07198540970647553 0.012468881258936223 0.073313761355442 -0.06169827638362091
2 0 0.09319889900127988
2 1 -0.06735124066462322
2 2 -0.04514090940349635
2 3 0.007572087702818731
2 4 0.03284462069963581
2 5 -0.039884686401144405
2 6 0.03339405340463159
2 7 -9.549448878246988E-4
2 8 -0.020474304014216477
2 9 0.09722042949708311
