4	0	0.19027064823997736
4	1	0.19027064823997736
4	2	0.19027064823997736
4	3	0.0
4	4	0.0
4	5	0.0
4	6	0.19027064823997736
4	7	0.16480898098089483
4	8	0.19027064823997736
4	9	0.0
4	10	0.0
4	11	0.16480898098089483
4	12	0.0
4	13	0.0
4	14	0.0
4	15	0.03340724488090383
4	16	0.16480898098089483
5	0	0.19027064823997736
5	1	0.19027064823997736
5	2	0.19027064823997736
5	3	0.0
5	4	0.16480898098089483
5	5	0.0
5	6	0.19027064823997736
5	7	0.0
5	8	0.19027064823997736
5	9	0.0
5	10	0.0
5	11	2.919394092085086
5	12	0.0
5	13	0.0
5	14	1.6270738070384831
5	15	0.0
5	16	0.0
5	17	0.03340724488090383
5	18	0.16480898098089483
5	19	0.16480898098089483
5	20	1.074611547000526
5	21	0.0
5	22	0.7577839310604307
5	23	0.19027064823997736
5	24	0.0
5	25	0.15335180880683533
6	0	0.19027064823997736
6	1	0.19027064823997736
6	2	0.0
6	3	0.0
6	4	0.0
6	5	0.03340724488090383
6	6	0.16480898098089483
6	7	0.19027064823997736
6	8	0.19027064823997736
6	9	0.0
6	10	0.19027064823997736
6	11	0.16480898098089483
6	12	0.0
6	13	0.16480898098089483
6	14	0.0
6	15	0.19027064823997736
6	16	0.0
6	17	0.0
7	0	0.7577839310604307
7	1	0.19027064823997736
7	2	1.074611547000526
7	3	0.0
7	4	0.0
7	5	0.19027064823997736
7	6	0.0
7	7	0.0
7	8	0.0
7	9	0.19027064823997736
7	10	0.16480898098089483
7	11	0.19027064823997736
7	12	0.0
7	13	0.19027064823997736
7	14	0.0
7	15	0.19027064823997736
7	16	2.919394092085086
7	17	0.0
7	18	0.16480898098089483
7	19	0.16480898098089483
7	20	0.19027064823997736
7	21	0.03340724488090383
7	22	0.0
7	23	0.0
8	0	0.19027064823997736
8	1	0.0
8	2	0.0
8	3	0.0
8	4	0.0
8	5	0.19027064823997736
8	6	0.03340724488090383
8	7	0.0
8	8	0.19027064823997736
8	9	0.19027064823997736
8	10	0.16480898098089483
8	11	0.16480898098089483
8	12	0.0
8	13	0.0
8	14	0.19027064823997736
8	15	0.16480898098089483
8	16	0.0
8	17	0.19027064823997736
8	18	0.0
9	0	0.0
9	1	0.0
9	2	0.7577839310604307
9	3	0.19027064823997736
9	4	0.0
9	5	0.19027064823997736
9	6	0.0
9	7	0.0
9	8	0.16480898098089483
9	9	0.19027064823997736
9	10	0.0
9	11	0.03340724488090383
9	12	0.19027064823997736
9	13	0.19027064823997736
9	14	0.19027064823997736
9	15	0.16480898098089483
9	16	0.0
9	17	0.16480898098089483
9	18	0.0
9	19	0.0
9	20	1.6270738070384831
10	0	0.19027064823997736
10	1	0.0
10	2	0.0
10	3	0.19027064823997736
10	4	0.19027064823997736
10	5	0.0
10	6	0.19027064823997736
10	7	0.19027064823997736
10	8	0.16480898098089483
10	9	0.03340724488090383
10	10	0.16480898098089483
10	11	0.0
10	12	0.19027064823997736
10	13	0.0
10	14	0.0
10	15	0.0
10	16	0.16480898098089483
10	17	0.0
11	0	0.16480898098089483
11	1	0.19027064823997736
11	2	0.0
11	3	0.19027064823997736
11	4	0.19027064823997736
11	5	0.16480898098089483
11	6	0.0
11	7	0.0
11	8	0.19027064823997736
11	9	0.0
11	10	0.0
11	11	0.16480898098089483
11	12	0.19027064823997736
11	13	0.03340724488090383
11	14	0.0
11	15	0.0
11	16	0.0
11	17	0.19027064823997736
12	0	0.19027064823997736
12	1	1.074611547000526
12	2	0.0
12	3	0.19027064823997736
12	4	0.0
12	5	0.7577839310604307
12	6	0.0
12	7	0.0
12	8	0.0
12	9	0.19027064823997736
12	10	2.919394092085086
12	11	0.19027064823997736
12	12	0.19027064823997736
12	13	0.19027064823997736
12	14	0.0
12	15	0.16480898098089483
12	16	0.0
12	17	0.0
12	18	0.0
12	19	0.03340724488090383
12	20	0.16480898098089483
12	21	0.16480898098089483
12	22	0.0
12	23	0.19027064823997736
13	0	0.03340724488090383
13	1	0.0
13	2	0.0
13	3	0.19027064823997736
13	4	0.0
13	5	0.0
13	6	0.19027064823997736
13	7	0.19027064823997736
13	8	0.16480898098089483
13	9	0.0
13	10	0.19027064823997736
13	11	0.16480898098089483
13	12	0.0
13	13	0.19027064823997736
13	14	0.19027064823997736
13	15	0.0
13	16	0.16480898098089483
13	17	0.0
14	0	0.19027064823997736
14	1	0.19027064823997736
14	2	0.0
14	3	0.15335180880683533
14	4	0.03340724488090383
14	5	0.15335180880683533
14	6	0.16480898098089483
14	7	0.16480898098089483
14	8	0.0
14	9	0.0
14	10	0.0
14	11	0.0
14	12	0.03340724488090383
14	13	0.0
14	14	0.0
15	0	0.0
15	1	0.7577839310604307
15	2	0.0
15	3	0.0
15	4	0.19027064823997736
15	5	0.0
15	6	0.19027064823997736
15	7	0.0
15	8	0.0
15	9	0.19027064823997736
15	10	0.19027064823997736
15	11	0.19027064823997736
15	12	0.16480898098089483
15	13	0.0
15	14	0.16480898098089483
15	15	0.03340724488090383
15	16	0.0
15	17	0.19027064823997736
15	18	0.16480898098089483
15	19	0.0
15	20	1.6270738070384831
16	0	0.16480898098089483
16	1	0.19027064823997736
16	2	0.0
16	3	0.03340724488090383
16	4	0.16480898098089483
16	5	0.19027064823997736
16	6	0.0
16	7	0.0
16	8	0.16480898098089483
16	9	0.0
16	10	0.0
16	11	0.19027064823997736
16	12	0.0
16	13	0.0
16	14	0.19027064823997736
16	15	0.0
16	16	0.19027064823997736
16	17	0.19027064823997736
16	18	0.0
17	0	0.19027064823997736
17	1	0.16480898098089483
17	2	0.03340724488090383
17	3	0.0
17	4	0.15335180880683533
17	5	0.19027064823997736
17	6	0.03340724488090383
17	7	0.0
17	8	0.19027064823997736
17	9	0.19027064823997736
17	10	0.16480898098089483
17	11	0.0
17	12	0.0
17	13	0.0
17	14	0.0
17	15	0.0
17	16	0.16480898098089483
17	17	0.0
17	18	0.0
17	19	0.19027064823997736
17	20	0.19027064823997736
17	21	0.0
18	0	0.19027064823997736
18	1	0.16480898098089483
18	2	0.03340724488090383
18	3	0.16480898098089483
18	4	0.19027064823997736
18	5	0.15335180880683533
18	6	0.0
18	7	0.0
19	0	0.19027064823997736
19	1	0.16480898098089483
19	2	0.15335180880683533
19	3	0.03340724488090383
19	4	0.19027064823997736
19	5	0.16480898098089483
20	0	0.19027064823997736
20	1	0.19027064823997736
20	2	0.16480898098089483
20	3	0.0
20	4	0.0
20	5	0.19027064823997736
20	6	0.0
20	7	0.16480898098089483
20	8	0.0
20	9	0.0
20	10	0.03340724488090383
20	11	0.0
20	12	0.19027064823997736
20	13	0.0
20	14	0.19027064823997736
20	15	0.16480898098089483
20	16	0.0
20	17	0.19027064823997736
21	0	0.19027064823997736
21	1	0.0
21	2	2.919394092085086
21	3	0.16480898098089483
21	4	0.19027064823997736
21	5	0.19027064823997736
21	6	0.16480898098089483
21	7	0.19027064823997736
21	8	0.0
21	9	0.19027064823997736
21	10	0.19027064823997736
21	11	0.16480898098089483
21	12	0.0
21	13	0.03340724488090383
21	14	0.0
21	15	0.0
21	16	0.0
21	17	0.0
21	18	0.0
22	0	0.0
22	1	0.19027064823997736
22	2	0.16480898098089483
22	3	0.16480898098089483
22	4	0.19027064823997736
22	5	0.15335180880683533
22	6	0.03340724488090383
22	7	0.0
22	8	0.0
22	9	0.03340724488090383
22	10	0.0
22	11	0.0
23	0	0.15335180880683533
23	1	0.0
23	2	0.0
23	3	0.19027064823997736
23	4	0.03340724488090383
23	5	0.0
23	6	0.0
23	7	0.0
23	8	0.03340724488090383
23	9	0.7577839310604307
23	10	0.16480898098089483
23	11	0.16480898098089483
24	0	0.16480898098089483
24	1	0.7577839310604307
24	2	0.16480898098089483
24	3	0.0
24	4	0.0
24	5	0.0
24	6	0.19027064823997736
24	7	0.0
24	8	0.03340724488090383
24	9	0.03340724488090383
24	10	0.0
24	11	0.15335180880683533
25	0	0.19027064823997736
25	1	0.15335180880683533
25	2	0.03340724488090383
25	3	0.16480898098089483
25	4	0.0
25	5	0.16480898098089483
25	6	0.7577839310604307
25	7	0.0
25	8	0.0
26	0	0.7577839310604307
26	1	0.7577839310604307
26	2	0.0
26	3	0.0
26	4	0.0
26	5	0.0
26	6	1.6270738070384831
26	7	0.19027064823997736
26	8	0.19027064823997736
26	9	0.19027064823997736
26	10	0.16480898098089483
26	11	0.19027064823997736
26	12	0.0
26	13	0.0
26	14	0.19027064823997736
26	15	0.0
26	16	0.0
26	17	0.03340724488090383
26	18	0.16480898098089483
26	19	0.0
26	20	0.16480898098089483
27	0	0.0
27	1	0.19027064823997736
27	2	0.19027064823997736
27	3	0.16480898098089483
27	4	0.0
27	5	0.19027064823997736
27	6	0.0
27	7	0.16480898098089483
27	8	0.03340724488090383
27	9	0.16480898098089483
27	10	0.19027064823997736
27	11	0.0
27	12	0.7577839310604307
27	13	0.0
27	14	0.0
27	15	0.0
27	16	0.19027064823997736
27	17	0.0
27	18	0.0
28	0	0.0
28	1	0.0
28	2	0.0
28	3	0.03340724488090383
28	4	0.0
28	5	0.15335180880683533
28	6	0.16480898098089483
28	7	0.19027064823997736
28	8	0.0
28	9	0.16480898098089483
28	10	0.7577839310604307
28	11	0.19027064823997736
28	12	0.0
28	13	0.0
28	14	0.19027064823997736
28	15	0.19027064823997736
28	16	0.19027064823997736
28	17	0.16480898098089483
28	18	0.0
28	19	0.0
28	20	0.0
28	21	0.0
29	0	0.0
29	1	0.0
29	2	0.0
29	3	0.0
29	4	0.03340724488090383
29	5	0.16480898098089483
29	6	0.0
29	7	0.16480898098089483
29	8	0.19027064823997736
29	9	0.0
29	10	0.19027064823997736
29	11	0.0
29	12	0.7577839310604307
29	13	0.19027064823997736
29	14	0.19027064823997736
29	15	0.19027064823997736
29	16	0.16480898098089483
29	17	0.0
29	18	0.0
29	19	0.0
29	20	0.0
29	21	0.15335180880683533
30	0	0.7577839310604307
30	1	0.0
30	2	0.7577839310604307
30	3	0.0
30	4	0.0
30	5	1.6270738070384831
30	6	0.0
30	7	0.16480898098089483
30	8	0.19027064823997736
30	9	0.19027064823997736
30	10	0.19027064823997736
30	11	0.19027064823997736
30	12	0.0
30	13	0.19027064823997736
30	14	0.0
30	15	0.0
30	16	0.03340724488090383
30	17	0.0
30	18	0.16480898098089483
30	19	0.0
30	20	0.16480898098089483
31	0	0.0
31	1	0.16480898098089483
31	2	0.0
31	3	0.19027064823997736
31	4	0.19027064823997736
31	5	0.19027064823997736
31	6	0.7577839310604307
31	7	0.0
31	8	0.19027064823997736
31	9	0.19027064823997736
31	10	0.0
31	11	0.0
31	12	0.16480898098089483
31	13	0.03340724488090383
31	14	0.0
31	15	0.0
31	16	0.0
31	17	0.16480898098089483
32	0	0.7577839310604307
32	1	0.0
32	2	0.0
32	3	0.0
32	4	0.7577839310604307
32	5	0.16480898098089483
32	6	0.0
32	7	0.19027064823997736
32	8	0.19027064823997736
32	9	0.19027064823997736
32	10	0.19027064823997736
32	11	0.19027064823997736
32	12	0.0
32	13	0.0
32	14	1.6270738070384831
32	15	0.0
32	16	0.0
32	17	0.16480898098089483
32	18	0.03340724488090383
32	19	0.0
32	20	0.16480898098089483
33	0	0.7577839310604307
33	1	0.0
33	2	0.0
33	3	0.0
33	4	0.19027064823997736
33	5	0.16480898098089483
33	6	0.19027064823997736
33	7	1.074611547000526
33	8	0.19027064823997736
33	9	0.15335180880683533
33	10	0.19027064823997736
33	11	0.7577839310604307
33	12	0.0
33	13	0.19027064823997736
33	14	0.0
33	15	0.0
33	16	0.0
33	17	0.0
33	18	0.0
33	19	0.19027064823997736
33	20	0.0
34	0	0.19027064823997736
34	1	0.19027064823997736
34	2	0.19027064823997736
34	3	0.19027064823997736
34	4	0.0
34	5	0.16480898098089483
35	0	0.19027064823997736
35	1	0.0
35	2	0.7577839310604307
35	3	0.0
35	4	0.16480898098089483
35	5	0.0
35	6	0.0
35	7	0.0
35	8	0.19027064823997736
35	9	0.0
35	10	0.16480898098089483
35	11	0.16480898098089483
35	12	0.0
35	13	0.03340724488090383
35	14	0.19027064823997736
35	15	0.0
35	16	0.19027064823997736
35	17	0.19027064823997736
36	0	0.19027064823997736
36	1	0.0
36	2	0.0
36	3	0.19027064823997736
36	4	0.0
36	5	0.16480898098089483
36	6	0.7577839310604307
36	7	0.19027064823997736
36	8	0.16480898098089483
36	9	0.0
36	10	0.0
36	11	0.19027064823997736
36	12	0.0
36	13	0.0
36	14	0.19027064823997736
36	15	0.03340724488090383
36	16	0.16480898098089483
36	17	0.0
37	0	0.19027064823997736
37	1	0.19027064823997736
37	2	0.19027064823997736
37	3	0.19027064823997736
37	4	0.0
37	5	0.16480898098089483
38	0	0.0
38	1	0.19027064823997736
38	2	0.16480898098089483
38	3	0.19027064823997736
38	4	0.03340724488090383
38	5	0.19027064823997736
38	6	0.0
38	7	0.0
38	8	0.19027064823997736
38	9	0.16480898098089483
38	10	0.16480898098089483
38	11	0.0
38	12	0.0
38	13	0.0
38	14	0.0
38	15	0.7577839310604307
38	16	0.19027064823997736
38	17	0.0
39	0	0.0
39	1	0.0
39	2	0.0
39	3	1.074611547000526
39	4	0.7577839310604307
39	5	0.0
39	6	0.7577839310604307
39	7	0.19027064823997736
39	8	0.19027064823997736
39	9	0.0
39	10	0.19027064823997736
39	11	0.16480898098089483
39	12	0.16480898098089483
39	13	0.0
39	14	0.0
39	15	0.03340724488090383
39	16	0.0
39	17	0.19027064823997736
39	18	0.0
39	19	0.19027064823997736
39	20	0.0
39	21	0.16480898098089483
39	22	0.19027064823997736
39	23	2.919394092085086
40	0	0.0
40	1	0.19027064823997736
40	2	0.7577839310604307
40	3	0.03340724488090383
40	4	0.0
40	5	0.0
40	6	0.0
40	7	0.19027064823997736
40	8	0.19027064823997736
40	9	0.0
40	10	0.16480898098089483
40	11	0.16480898098089483
40	12	0.0
40	13	0.16480898098089483
40	14	0.0
40	15	0.19027064823997736
40	16	0.0
40	17	0.19027064823997736
41	0	0.0
41	1	0.7577839310604307
41	2	0.0
41	3	0.0
41	4	0.19027064823997736
41	5	1.074611547000526
41	6	0.0
41	7	0.19027064823997736
41	8	0.7577839310604307
41	9	0.0
41	10	0.0
41	11	0.16480898098089483
41	12	0.19027064823997736
41	13	0.19027064823997736
41	14	0.0
41	15	0.19027064823997736
41	16	0.19027064823997736
42	0	0.16480898098089483
42	1	0.16480898098089483
42	2	0.0
42	3	0.0
42	4	0.0
42	5	0.7577839310604307
42	6	0.19027064823997736
42	7	0.19027064823997736
42	8	0.19027064823997736
42	9	0.16480898098089483
42	10	0.19027064823997736
42	11	0.03340724488090383
42	12	0.0
42	13	0.0
42	14	0.0
42	15	0.0
42	16	0.0
42	17	0.19027064823997736
43	0	0.19027064823997736
43	1	0.19027064823997736
43	2	1.074611547000526
43	3	0.0
43	4	0.0
43	5	0.0
43	6	0.0
43	7	0.7577839310604307
43	8	0.0
43	9	0.7577839310604307
43	10	0.0
43	11	0.19027064823997736
43	12	0.0
43	13	2.919394092085086
43	14	0.19027064823997736
43	15	0.19027064823997736
43	16	0.0
43	17	0.16480898098089483
43	18	0.16480898098089483
43	19	0.03340724488090383
43	20	0.0
43	21	0.19027064823997736
43	22	0.16480898098089483
43	23	0.0
44	0	0.19027064823997736
44	1	0.19027064823997736
44	2	0.19027064823997736
44	3	0.19027064823997736
44	4	0.0
44	5	0.16480898098089483
45	0	0.0
45	1	0.0
45	2	0.16480898098089483
45	3	0.19027064823997736
45	4	0.19027064823997736
45	5	0.19027064823997736
45	6	0.0
45	7	0.0
45	8	0.0
45	9	0.7577839310604307
45	10	0.19027064823997736
45	11	0.19027064823997736
45	12	0.0
45	13	2.919394092085086
45	14	0.03340724488090383
45	15	0.0
45	16	0.16480898098089483
45	17	0.16480898098089483
45	18	0.0
45	19	0.0
45	20	1.6270738070384831
46	0	0.0
46	1	0.7577839310604307
46	2	0.0
46	3	0.0
46	4	0.0
46	5	0.19027064823997736
46	6	0.7577839310604307
46	7	1.074611547000526
46	8	0.19027064823997736
46	9	0.0
46	10	0.0
46	11	0.19027064823997736
46	12	2.919394092085086
46	13	0.0
46	14	0.19027064823997736
46	15	0.19027064823997736
46	16	0.0
46	17	0.16480898098089483
46	18	0.0
46	19	0.19027064823997736
46	20	0.16480898098089483
46	21	0.0
46	22	0.03340724488090383
46	23	0.16480898098089483
47	0	0.0
47	1	0.0
47	2	0.0
47	3	0.16480898098089483
47	4	0.0
47	5	0.03340724488090383
47	6	0.7577839310604307
47	7	0.0
47	8	0.19027064823997736
47	9	0.0
47	10	0.16480898098089483
47	11	0.0
47	12	0.19027064823997736
47	13	0.19027064823997736
47	14	0.19027064823997736
47	15	0.19027064823997736
47	16	0.16480898098089483
47	17	0.0
47	18	0.0
47	19	0.0
47	20	0.0
47	21	0.15335180880683533
48	0	0.0
48	1	0.0
48	2	0.19027064823997736
48	3	0.19027064823997736
48	4	0.0
48	5	1.074611547000526
48	6	0.7577839310604307
48	7	0.7577839310604307
48	8	0.0
48	9	0.0
48	10	0.0
48	11	0.19027064823997736
48	12	0.19027064823997736
48	13	0.19027064823997736
48	14	0.0
48	15	2.919394092085086
48	16	0.0
48	17	0.19027064823997736
48	18	0.16480898098089483
48	19	0.0
48	20	0.16480898098089483
48	21	0.03340724488090383
48	22	0.16480898098089483
48	23	0.0
49	0	0.0
49	1	0.0
49	2	0.0
49	3	0.16480898098089483
49	4	0.19027064823997736
49	5	0.0
49	6	0.0
49	7	0.0
49	8	0.0
49	9	0.0
49	10	0.0
49	11	0.16480898098089483
49	12	0.03340724488090383
49	13	0.19027064823997736
49	14	0.19027064823997736
49	15	0.16480898098089483
49	16	0.0
49	17	0.19027064823997736
49	18	0.19027064823997736
49	19	0.7577839310604307
49	20	0.0
49	21	0.15335180880683533
50	0	0.19027064823997736
50	1	0.19027064823997736
50	2	0.19027064823997736
50	3	0.0
50	4	0.0
50	5	0.0
50	6	0.03340724488090383
50	7	0.0
50	8	0.16480898098089483
50	9	0.7577839310604307
50	10	0.19027064823997736
50	11	0.19027064823997736
50	12	0.0
50	13	0.16480898098089483
50	14	0.0
50	15	0.0
50	16	0.0
50	17	0.16480898098089483
50	18	0.0
50	19	0.0
50	20	0.7577839310604307
50	21	0.19027064823997736
50	22	0.0
50	23	0.7208650916272887
50	24	2.919394092085086
51	0	0.19027064823997736
51	1	0.0
51	2	0.19027064823997736
51	3	0.19027064823997736
51	4	0.0
51	5	0.16480898098089483
51	6	0.7577839310604307
51	7	0.0
51	8	0.0
51	9	0.0
51	10	0.19027064823997736
51	11	0.19027064823997736
51	12	0.0
51	13	1.6270738070384831
51	14	2.919394092085086
51	15	0.0
51	16	0.16480898098089483
51	17	0.0
51	18	0.03340724488090383
51	19	0.0
51	20	0.16480898098089483
51	21	0.0
51	22	0.0
51	23	0.15335180880683533
52	0	0.0
52	1	0.16480898098089483
52	2	0.0
52	3	0.0
52	4	0.0
52	5	0.16480898098089483
52	6	0.19027064823997736
52	7	0.7577839310604307
52	8	0.0
52	9	0.0
52	10	0.19027064823997736
52	11	0.0
52	12	0.19027064823997736
52	13	0.16480898098089483
52	14	0.03340724488090383
52	15	0.19027064823997736
52	16	0.0
52	17	0.0
52	18	0.0
52	19	0.0
52	20	0.19027064823997736
52	21	0.15335180880683533
53	0	0.03340724488090383
53	1	0.03340724488090383
53	2	0.0
53	3	0.16480898098089483
53	4	0.7577839310604307
53	5	0.0
53	6	0.0
53	7	0.0
53	8	0.0
53	9	0.16480898098089483
53	10	0.19027064823997736
53	11	0.15335180880683533
54	0	0.7577839310604307
54	1	0.0
54	2	0.0
54	3	0.0
54	4	0.16480898098089483
54	5	0.19027064823997736
54	6	0.0
54	7	0.19027064823997736
54	8	0.0
54	9	0.19027064823997736
54	10	0.0
54	11	0.0
54	12	0.0
54	13	0.03340724488090383
54	14	0.19027064823997736
54	15	0.16480898098089483
54	16	0.19027064823997736
54	17	0.16480898098089483
55	0	0.0
55	1	0.7577839310604307
55	2	0.0
55	3	0.0
55	4	0.0
55	5	0.19027064823997736
55	6	0.19027064823997736
55	7	0.19027064823997736
55	8	0.0
55	9	0.19027064823997736
55	10	0.0
55	11	0.16480898098089483
55	12	0.19027064823997736
55	13	1.6270738070384831
55	14	2.919394092085086
55	15	0.0
55	16	0.0
55	17	0.16480898098089483
55	18	0.0
55	19	0.16480898098089483
55	20	0.03340724488090383
55	21	0.0
55	22	1.074611547000526
55	23	0.0
55	24	0.0
55	25	0.15335180880683533
55	26	0.7577839310604307
55	27	0.19027064823997736
56	0	0.0
56	1	0.0
56	2	0.15335180880683533
56	3	0.19027064823997736
56	4	0.16480898098089483
56	5	0.16480898098089483
56	6	0.7577839310604307
56	7	0.03340724488090383
57	0	0.19027064823997736
57	1	0.0
57	2	0.03340724488090383
57	3	0.19027064823997736
57	4	0.19027064823997736
57	5	0.0
57	6	0.16480898098089483
57	7	0.0
57	8	0.0
57	9	0.0
57	10	0.19027064823997736
57	11	0.19027064823997736
57	12	0.19027064823997736
57	13	0.16480898098089483
57	14	0.0
57	15	0.0
57	16	0.0
57	17	0.7577839310604307
57	18	0.16480898098089483
57	19	0.15335180880683533
57	20	0.0
57	21	0.0
58	0	0.7577839310604307
58	1	0.19027064823997736
58	2	0.0
58	3	0.0
58	4	0.0
58	5	0.0
58	6	0.19027064823997736
58	7	0.7208650916272887
58	8	0.7577839310604307
58	9	0.0
58	10	0.19027064823997736
58	11	0.19027064823997736
58	12	0.19027064823997736
58	13	0.0
58	14	0.0
58	15	2.919394092085086
58	16	0.16480898098089483
58	17	0.19027064823997736
58	18	0.0
58	19	0.16480898098089483
58	20	0.0
58	21	0.0
58	22	0.03340724488090383
58	23	0.16480898098089483
59	0	0.19027064823997736
59	1	0.0
59	2	0.7577839310604307
59	3	0.0
59	4	0.16480898098089483
59	5	0.19027064823997736
59	6	0.19027064823997736
59	7	0.0
59	8	0.19027064823997736
59	9	0.0
59	10	0.0
59	11	0.19027064823997736
59	12	0.0
59	13	0.19027064823997736
59	14	2.919394092085086
59	15	0.16480898098089483
59	16	0.16480898098089483
59	17	0.0
59	18	0.0
59	19	0.0
59	20	0.03340724488090383
59	21	1.6270738070384831
59	22	0.0
59	23	0.0
59	24	0.15335180880683533
59	25	0.7208650916272887
59	26	0.0
59	27	0.15335180880683533
59	28	0.0
59	29	0.19027064823997736
59	30	0.0
59	31	0.7577839310604307
59	32	0.03340724488090383
60	0	0.03340724488090383
60	1	0.0
60	2	0.15335180880683533
60	3	0.19027064823997736
60	4	0.0
60	5	0.7577839310604307
61	0	0.19027064823997736
61	1	0.0
61	2	0.19027064823997736
61	3	0.19027064823997736
61	4	0.0
61	5	0.19027064823997736
61	6	0.16480898098089483
61	7	0.0
61	8	0.19027064823997736
61	9	0.7577839310604307
61	10	0.0
61	11	0.19027064823997736
61	12	0.0
61	13	0.0
61	14	0.0
61	15	1.6270738070384831
61	16	0.0
61	17	2.919394092085086
61	18	0.0
61	19	0.03340724488090383
61	20	0.16480898098089483
61	21	0.16480898098089483
61	22	0.0
62	0	0.0
62	1	0.19027064823997736
62	2	0.19027064823997736
62	3	0.16480898098089483
62	4	0.19027064823997736
62	5	0.19027064823997736
62	6	0.0
62	7	0.0
62	8	0.19027064823997736
62	9	0.0
62	10	0.7577839310604307
62	11	0.0
62	12	0.19027064823997736
62	13	1.6270738070384831
62	14	0.0
62	15	0.0
62	16	0.0
62	17	0.16480898098089483
62	18	0.16480898098089483
62	19	0.03340724488090383
62	20	0.0
62	21	2.919394092085086
62	22	0.0
63	0	0.7577839310604307
63	1	0.0
63	2	0.0
63	3	0.19027064823997736
63	4	0.19027064823997736
63	5	0.19027064823997736
63	6	0.03340724488090383
63	7	0.16480898098089483
63	8	0.0
63	9	0.0
63	10	0.0
63	11	0.19027064823997736
63	12	0.0
63	13	0.19027064823997736
63	14	0.16480898098089483
63	15	0.19027064823997736
63	16	0.0
63	17	0.16480898098089483
63	18	0.0
63	19	0.0
63	20	0.7577839310604307
63	21	0.0
63	22	0.0
63	23	0.7208650916272887
63	24	0.19027064823997736
63	25	2.919394092085086
64	0	0.19027064823997736
64	1	0.19027064823997736
64	2	0.16480898098089483
64	3	0.0
64	4	0.19027064823997736
64	5	0.16480898098089483
64	6	0.7577839310604307
64	7	0.0
64	8	0.0
64	9	0.19027064823997736
64	10	0.0
64	11	0.03340724488090383
64	12	0.0
64	13	0.0
64	14	0.16480898098089483
64	15	0.19027064823997736
64	16	0.19027064823997736
64	17	0.0
64	18	0.0
65	0	0.19027064823997736
65	1	0.7577839310604307
65	2	0.0
65	3	0.19027064823997736
65	4	0.19027064823997736
65	5	0.0
65	6	0.0
65	7	0.16480898098089483
65	8	0.0
65	9	0.19027064823997736
65	10	0.0
65	11	0.19027064823997736
65	12	1.6270738070384831
65	13	0.0
65	14	0.0
65	15	0.0
65	16	0.16480898098089483
65	17	0.16480898098089483
65	18	0.0
65	19	0.03340724488090383
65	20	2.919394092085086
65	21	0.0
65	22	0.7577839310604307
65	23	0.0
65	24	0.7208650916272887
65	25	0.19027064823997736
66	0	0.0
66	1	0.19027064823997736
66	2	2.919394092085086
66	3	0.19027064823997736
66	4	0.16480898098089483
66	5	0.0
66	6	0.16480898098089483
66	7	0.0
66	8	0.16480898098089483
66	9	0.19027064823997736
66	10	0.0
66	11	0.19027064823997736
66	12	0.0
66	13	0.03340724488090383
66	14	0.0
66	15	0.0
66	16	0.0
66	17	0.19027064823997736
66	18	0.7577839310604307
67	0	0.19027064823997736
67	1	0.0
67	2	2.919394092085086
67	3	0.19027064823997736
67	4	0.0
67	5	0.0
67	6	0.16480898098089483
67	7	0.19027064823997736
67	8	0.0
67	9	0.19027064823997736
67	10	0.0
67	11	0.16480898098089483
67	12	0.19027064823997736
67	13	0.16480898098089483
67	14	0.0
67	15	0.03340724488090383
67	16	0.0
67	17	0.0
67	18	0.7577839310604307
68	0	0.19027064823997736
68	1	0.0
68	2	0.0
68	3	0.19027064823997736
68	4	0.19027064823997736
68	5	0.0
68	6	0.0
68	7	0.0
68	8	0.0
68	9	0.16480898098089483
68	10	0.16480898098089483
68	11	0.19027064823997736
68	12	0.0
68	13	0.19027064823997736
68	14	0.19027064823997736
68	15	0.0
68	16	0.03340724488090383
68	17	0.16480898098089483
68	18	0.7577839310604307
69	0	0.03340724488090383
69	1	0.0
69	2	0.15335180880683533
69	3	0.19027064823997736
69	4	0.0
69	5	0.7577839310604307
70	0	0.03340724488090383
70	1	0.15335180880683533
70	2	0.19027064823997736
70	3	0.0
70	4	0.16480898098089483
70	5	0.7577839310604307
70	6	0.16480898098089483
70	7	0.19027064823997736
70	8	0.0
71	0	0.19027064823997736
71	1	0.0
71	2	2.919394092085086
71	3	0.0
71	4	0.0
71	5	0.0
71	6	0.19027064823997736
71	7	0.0
71	8	0.03340724488090383
71	9	0.7577839310604307
71	10	0.16480898098089483
71	11	0.0
71	12	0.19027064823997736
71	13	0.16480898098089483
71	14	0.19027064823997736
71	15	0.16480898098089483
71	16	0.0
71	17	0.19027064823997736
71	18	0.0
72	0	0.19027064823997736
72	1	0.03340724488090383
72	2	0.15335180880683533
72	3	0.7577839310604307
72	4	0.0
72	5	0.16480898098089483
72	6	0.16480898098089483
72	7	0.19027064823997736
73	0	0.0
73	1	0.19027064823997736
73	2	0.19027064823997736
73	3	0.19027064823997736
73	4	0.0
73	5	0.19027064823997736
73	6	0.19027064823997736
73	7	0.0
73	8	0.16480898098089483
73	9	0.19027064823997736
73	10	0.0
73	11	0.7577839310604307
73	12	0.0
73	13	0.0
73	14	0.03340724488090383
73	15	0.16480898098089483
73	16	0.16480898098089483
73	17	0.0
73	18	0.0
73	19	0.0
73	20	1.6270738070384831
73	21	2.919394092085086
73	22	0.7208650916272887
73	23	0.19027064823997736
73	24	0.0
73	25	0.7577839310604307
73	26	0.0
74	0	0.19027064823997736
74	1	0.03340724488090383
74	2	0.15335180880683533
74	3	0.0
74	4	0.19027064823997736
74	5	0.7577839310604307
74	6	0.16480898098089483
74	7	0.16480898098089483
74	8	0.0
75	0	0.0
75	1	0.19027064823997736
75	2	2.919394092085086
75	3	0.16480898098089483
75	4	0.19027064823997736
75	5	0.0
75	6	0.0
75	7	0.7577839310604307
75	8	0.19027064823997736
75	9	0.03340724488090383
75	10	0.16480898098089483
75	11	0.0
75	12	0.16480898098089483
75	13	0.0
75	14	0.0
75	15	0.0
75	16	0.0
75	17	0.19027064823997736
75	18	0.19027064823997736
75	19	0.19027064823997736
76	0	0.19027064823997736
76	1	0.0
76	2	0.7577839310604307
76	3	0.0
76	4	0.0
76	5	0.16480898098089483
76	6	0.03340724488090383
76	7	0.19027064823997736
76	8	0.16480898098089483
76	9	0.19027064823997736
76	10	0.16480898098089483
76	11	0.19027064823997736
76	12	0.0
76	13	0.0
76	14	0.0
76	15	0.0
76	16	0.19027064823997736
76	17	0.0
76	18	0.19027064823997736
76	19	0.7577839310604307
76	20	0.19027064823997736
76	21	0.0
76	22	0.0
76	23	0.0
76	24	0.7208650916272887
76	25	2.919394092085086
77	0	0.19027064823997736
77	1	0.0
77	2	0.15335180880683533
77	3	0.7577839310604307
77	4	0.16480898098089483
77	5	0.19027064823997736
77	6	0.0
77	7	0.0
77	8	0.0
77	9	0.19027064823997736
77	10	0.0
77	11	0.0
77	12	0.19027064823997736
77	13	0.0
77	14	0.19027064823997736
77	15	0.19027064823997736
77	16	0.0
77	17	0.03340724488090383
77	18	0.16480898098089483
77	19	0.16480898098089483
77	20	0.0
77	21	0.15335180880683533
77	22	1.6270738070384831
78	0	0.19027064823997736
78	1	0.19027064823997736
78	2	2.919394092085086
78	3	0.19027064823997736
78	4	0.0
78	5	0.16480898098089483
78	6	0.0
78	7	0.0
78	8	0.19027064823997736
78	9	0.19027064823997736
78	10	0.16480898098089483
78	11	0.0
78	12	0.0
78	13	0.03340724488090383
78	14	0.7577839310604307
78	15	0.0
78	16	0.0
78	17	0.19027064823997736
78	18	0.16480898098089483
78	19	0.19027064823997736
79	0	0.19027064823997736
79	1	0.19027064823997736
79	2	2.919394092085086
79	3	0.7577839310604307
79	4	0.16480898098089483
79	5	0.03340724488090383
79	6	0.0
79	7	0.0
79	8	0.16480898098089483
79	9	0.0
79	10	0.0
79	11	0.19027064823997736
79	12	0.0
79	13	0.16480898098089483
79	14	0.19027064823997736
79	15	0.19027064823997736
79	16	0.0
79	17	0.19027064823997736
79	18	0.19027064823997736
79	19	0.0
80	0	0.19027064823997736
80	1	0.0
80	2	0.7577839310604307
80	3	0.0
80	4	0.0
80	5	0.16480898098089483
80	6	0.19027064823997736
80	7	0.0
80	8	0.0
80	9	0.19027064823997736
80	10	0.0
80	11	0.16480898098089483
80	12	0.0
80	13	0.03340724488090383
80	14	0.19027064823997736
80	15	0.16480898098089483
80	16	0.0
80	17	0.19027064823997736
80	18	0.19027064823997736
80	19	0.0
80	20	0.7208650916272887
80	21	0.0
80	22	0.0
80	23	0.19027064823997736
80	24	0.7577839310604307
80	25	2.919394092085086
80	26	0.0
81	0	0.0
81	1	0.19027064823997736
81	2	0.19027064823997736
81	3	0.16480898098089483
81	4	0.16480898098089483
81	5	0.0
81	6	0.0
81	7	0.19027064823997736
81	8	0.19027064823997736
81	9	0.16480898098089483
81	10	0.0
81	11	0.7577839310604307
81	12	0.19027064823997736
81	13	0.0
81	14	0.0
81	15	0.03340724488090383
81	16	0.19027064823997736
81	17	0.0
81	18	0.0
81	19	1.6270738070384831
81	20	0.15335180880683533
82	0	0.19027064823997736
82	1	0.19027064823997736
82	2	0.0
82	3	0.0
82	4	0.19027064823997736
82	5	0.16480898098089483
82	6	0.16480898098089483
82	7	0.7577839310604307
82	8	0.19027064823997736
82	9	0.0
82	10	0.16480898098089483
82	11	0.0
82	12	0.19027064823997736
82	13	0.0
82	14	0.0
82	15	0.0
82	16	0.03340724488090383
82	17	0.0
82	18	0.19027064823997736
83	0	0.0
83	1	0.0
83	2	0.7577839310604307
83	3	0.03340724488090383
83	4	0.0
83	5	0.0
83	6	0.19027064823997736
83	7	0.16480898098089483
83	8	0.0
83	9	0.0
83	10	0.0
83	11	0.16480898098089483
83	12	0.19027064823997736
83	13	0.19027064823997736
83	14	0.0
83	15	0.16480898098089483
83	16	0.19027064823997736
83	17	0.19027064823997736
83	18	0.19027064823997736
83	19	1.6270738070384831
83	20	0.15335180880683533
84	0	0.0
84	1	0.0
84	2	0.7577839310604307
84	3	0.0
84	4	0.0
84	5	0.03340724488090383
84	6	0.16480898098089483
84	7	0.16480898098089483
84	8	0.16480898098089483
84	9	0.0
84	10	0.19027064823997736
84	11	0.19027064823997736
84	12	0.0
84	13	0.0
84	14	0.19027064823997736
84	15	0.0
84	16	0.19027064823997736
84	17	0.19027064823997736
84	18	0.19027064823997736
84	19	0.15335180880683533
84	20	1.6270738070384831
85	0	0.7577839310604307
85	1	0.0
85	2	0.0
85	3	0.19027064823997736
85	4	0.0
85	5	0.16480898098089483
85	6	0.19027064823997736
85	7	0.0
85	8	0.16480898098089483
85	9	0.19027064823997736
85	10	0.0
85	11	0.19027064823997736
85	12	0.16480898098089483
85	13	0.03340724488090383
85	14	0.0
85	15	0.0
85	16	0.0
85	17	0.19027064823997736
85	18	0.19027064823997736
85	19	1.6270738070384831
85	20	0.15335180880683533
86	0	0.19027064823997736
86	1	0.0
86	2	0.0
86	3	0.16480898098089483
86	4	0.7577839310604307
86	5	0.19027064823997736
86	6	0.19027064823997736
86	7	0.19027064823997736
86	8	0.0
86	9	0.16480898098089483
86	10	0.0
86	11	0.0
86	12	0.03340724488090383
86	13	0.19027064823997736
86	14	0.0
86	15	0.0
86	16	0.16480898098089483
86	17	0.19027064823997736
86	18	0.0
86	19	1.6270738070384831
86	20	0.15335180880683533
87	0	0.19027064823997736
87	1	0.19027064823997736
87	2	2.919394092085086
87	3	0.0
87	4	0.7577839310604307
87	5	0.0
87	6	0.0
87	7	0.0
87	8	0.16480898098089483
87	9	0.19027064823997736
87	10	0.19027064823997736
87	11	0.19027064823997736
87	12	0.0
87	13	0.03340724488090383
87	14	0.16480898098089483
87	15	0.19027064823997736
87	16	0.19027064823997736
87	17	0.0
87	18	0.16480898098089483
87	19	0.0
88	0	0.19027064823997736
88	1	0.19027064823997736
88	2	2.919394092085086
88	3	0.0
88	4	0.16480898098089483
88	5	0.19027064823997736
88	6	0.19027064823997736
88	7	0.0
88	8	0.19027064823997736
88	9	0.0
88	10	0.03340724488090383
88	11	0.0
88	12	0.16480898098089483
88	13	0.0
88	14	0.0
88	15	0.19027064823997736
88	16	0.0
88	17	0.7577839310604307
88	18	0.16480898098089483
88	19	0.19027064823997736
89	0	0.0
89	1	0.0
89	2	0.7577839310604307
89	3	0.16480898098089483
89	4	0.19027064823997736
89	5	0.19027064823997736
89	6	0.0
89	7	0.19027064823997736
89	8	0.0
89	9	0.19027064823997736
89	10	0.16480898098089483
89	11	0.0
89	12	0.19027064823997736
89	13	0.0
89	14	0.0
89	15	0.16480898098089483
89	16	0.19027064823997736
89	17	0.0
89	18	0.03340724488090383
89	19	1.6270738070384831
89	20	0.15335180880683533
90	0	0.19027064823997736
90	1	0.19027064823997736
90	2	0.19027064823997736
90	3	0.19027064823997736
90	4	0.16480898098089483
90	5	0.0
90	6	0.0
90	7	0.16480898098089483
90	8	0.16480898098089483
90	9	0.7577839310604307
90	10	0.0
90	11	0.19027064823997736
90	12	0.0
90	13	0.03340724488090383
90	14	0.19027064823997736
90	15	0.0
90	16	0.19027064823997736
90	17	0.0
90	18	0.0
90	19	2.919394092085086
91	0	0.0
91	1	0.19027064823997736
91	2	0.0
91	3	0.0
91	4	0.19027064823997736
91	5	0.16480898098089483
91	6	0.03340724488090383
91	7	0.19027064823997736
91	8	0.0
91	9	0.0
91	10	0.19027064823997736
91	11	0.0
91	12	0.19027064823997736
91	13	0.7577839310604307
91	14	0.16480898098089483
91	15	0.0
91	16	0.19027064823997736
91	17	0.16480898098089483
91	18	0.0
91	19	2.919394092085086
92	0	0.0
92	1	0.7577839310604307
92	2	0.0
92	3	0.0
92	4	0.0
92	5	0.19027064823997736
92	6	0.7577839310604307
92	7	0.0
92	8	0.0
92	9	0.19027064823997736
92	10	0.19027064823997736
92	11	0.7208650916272887
92	12	0.0
92	13	0.19027064823997736
92	14	0.0
92	15	0.0
92	16	0.19027064823997736
92	17	0.19027064823997736
92	18	0.19027064823997736
92	19	0.0
92	20	0.16480898098089483
92	21	0.16480898098089483
92	22	0.0
92	23	0.03340724488090383
92	24	0.16480898098089483
92	25	2.919394092085086
93	0	0.0
93	1	0.0
93	2	0.7577839310604307
93	3	0.0
93	4	0.0
93	5	0.0
93	6	0.03340724488090383
93	7	0.19027064823997736
93	8	0.19027064823997736
93	9	0.19027064823997736
93	10	0.16480898098089483
93	11	0.0
93	12	0.0
93	13	0.19027064823997736
93	14	0.16480898098089483
93	15	0.19027064823997736
93	16	0.19027064823997736
93	17	0.16480898098089483
93	18	0.19027064823997736
93	19	0.15335180880683533
93	20	1.6270738070384831
93	21	2.919394092085086
93	22	0.0
94	0	0.0
94	1	0.0
94	2	0.19027064823997736
94	3	0.7577839310604307
94	4	0.19027064823997736
94	5	0.0
94	6	0.0
94	7	0.03340724488090383
94	8	0.0
94	9	0.19027064823997736
94	10	0.19027064823997736
94	11	0.16480898098089483
94	12	0.0
94	13	0.19027064823997736
94	14	0.19027064823997736
94	15	0.16480898098089483
94	16	0.19027064823997736
94	17	0.0
94	18	0.16480898098089483
95	0	0.0
95	1	0.0
95	2	0.19027064823997736
95	3	0.16480898098089483
95	4	0.19027064823997736
95	5	0.19027064823997736
95	6	0.03340724488090383
95	7	0.0
95	8	0.19027064823997736
95	9	0.7577839310604307
95	10	0.19027064823997736
95	11	0.0
95	12	0.16480898098089483
95	13	0.0
95	14	0.16480898098089483
95	15	0.19027064823997736
95	16	0.0
95	17	0.0
95	18	0.19027064823997736
95	19	1.6270738070384831
95	20	0.15335180880683533
96	0	0.19027064823997736
96	1	0.0
96	2	0.0
96	3	0.19027064823997736
96	4	0.19027064823997736
96	5	0.7577839310604307
96	6	0.19027064823997736
96	7	0.0
96	8	0.0
96	9	0.19027064823997736
96	10	0.16480898098089483
96	11	0.19027064823997736
96	12	0.19027064823997736
96	13	2.919394092085086
96	14	0.0
96	15	0.0
96	16	0.0
96	17	1.6270738070384831
96	18	0.16480898098089483
96	19	0.16480898098089483
96	20	0.03340724488090383
96	21	0.0
97	0	0.16480898098089483
97	1	0.0
97	2	0.16480898098089483
97	3	0.19027064823997736
97	4	0.19027064823997736
97	5	0.0
97	6	0.7577839310604307
97	7	0.03340724488090383
97	8	0.19027064823997736
97	9	0.0
97	10	0.0
97	11	0.0
97	12	0.0
97	13	0.16480898098089483
97	14	0.0
97	15	0.19027064823997736
97	16	0.19027064823997736
97	17	0.19027064823997736
97	18	0.19027064823997736
97	19	0.15335180880683533
97	20	1.6270738070384831
98	0	0.19027064823997736
98	1	0.0
98	2	0.7577839310604307
98	3	0.0
98	4	0.16480898098089483
98	5	0.0
98	6	0.16480898098089483
98	7	0.0
98	8	0.19027064823997736
98	9	0.16480898098089483
98	10	0.03340724488090383
98	11	0.19027064823997736
98	12	0.19027064823997736
98	13	0.19027064823997736
98	14	0.0
98	15	0.19027064823997736
98	16	0.19027064823997736
98	17	0.0
98	18	0.0
99	0	0.19027064823997736
99	1	0.0
99	2	0.19027064823997736
99	3	0.19027064823997736
99	4	0.16480898098089483
99	5	0.0
99	6	0.19027064823997736
99	7	0.7577839310604307
99	8	0.0
99	9	0.19027064823997736
99	10	0.19027064823997736
99	11	0.0
99	12	0.19027064823997736
99	13	0.0
99	14	1.6270738070384831
99	15	0.0
99	16	0.0
99	17	2.919394092085086
99	18	0.03340724488090383
99	19	0.0
99	20	0.16480898098089483
99	21	0.16480898098089483
99	22	0.7577839310604307
99	23	0.0
99	24	0.15335180880683533
99	25	0.0
99	26	0.7577839310604307
99	27	0.0
99	28	0.0
99	29	0.19027064823997736
100	0	0.7577839310604307
100	1	0.19027064823997736
100	2	0.19027064823997736
100	3	0.0
100	4	0.0
100	5	0.0
100	6	0.0
100	7	0.7577839310604307
100	8	0.19027064823997736
100	9	0.0
100	10	0.0
100	11	0.7577839310604307
100	12	0.0
100	13	0.19027064823997736
100	14	0.19027064823997736
100	15	0.19027064823997736
100	16	0.19027064823997736
100	17	0.16480898098089483
100	18	0.0
100	19	0.16480898098089483
100	20	0.0
100	21	0.16480898098089483
100	22	0.03340724488090383
100	23	0.19027064823997736
100	24	0.0
100	25	2.919394092085086
101	0	0.7577839310604307
101	1	0.7577839310604307
101	2	0.19027064823997736
101	3	0.19027064823997736
101	4	0.0
101	5	0.0
101	6	0.0
101	7	0.0
101	8	0.0
101	9	0.7577839310604307
101	10	0.19027064823997736
101	11	0.0
101	12	0.0
101	13	0.0
101	14	0.19027064823997736
101	15	0.19027064823997736
101	16	0.19027064823997736
101	17	0.19027064823997736
101	18	2.919394092085086
101	19	0.0
101	20	0.19027064823997736
101	21	0.16480898098089483
101	22	0.0
101	23	0.16480898098089483
101	24	0.16480898098089483
101	25	0.03340724488090383
102	0	0.19027064823997736
102	1	0.0
102	2	0.0
102	3	0.0
102	4	0.19027064823997736
102	5	0.16480898098089483
102	6	0.0
102	7	0.19027064823997736
102	8	0.0
102	9	0.03340724488090383
102	10	0.19027064823997736
102	11	0.16480898098089483
102	12	0.0
102	13	0.0
102	14	0.19027064823997736
102	15	0.16480898098089483
102	16	0.19027064823997736
102	17	0.7577839310604307
102	18	0.19027064823997736
103	0	0.7577839310604307
103	1	0.7577839310604307
103	2	0.0
103	3	0.0
103	4	0.0
103	5	0.7577839310604307
103	6	0.0
103	7	0.19027064823997736
103	8	0.19027064823997736
103	9	0.19027064823997736
103	10	0.0
103	11	0.0
103	12	0.19027064823997736
103	13	0.19027064823997736
103	14	2.919394092085086
103	15	0.0
103	16	0.19027064823997736
103	17	0.19027064823997736
103	18	0.16480898098089483
103	19	0.16480898098089483
103	20	0.0
103	21	0.03340724488090383
103	22	0.0
103	23	0.19027064823997736
103	24	0.0
103	25	0.16480898098089483
104	0	0.0
104	1	0.7577839310604307
104	2	0.19027064823997736
104	3	0.0
104	4	0.7577839310604307
104	5	0.0
104	6	0.0
104	7	0.0
104	8	0.0
104	9	0.19027064823997736
104	10	0.7577839310604307
104	11	0.19027064823997736
104	12	0.0
104	13	0.19027064823997736
104	14	0.19027064823997736
104	15	0.19027064823997736
104	16	0.0
104	17	2.919394092085086
104	18	0.19027064823997736
104	19	0.16480898098089483
104	20	0.0
104	21	0.0
104	22	0.16480898098089483
104	23	0.03340724488090383
104	24	0.16480898098089483
104	25	0.19027064823997736
105	0	0.0
105	1	0.7577839310604307
105	2	0.19027064823997736
105	3	0.7577839310604307
105	4	0.0
105	5	0.0
105	6	0.19027064823997736
105	7	0.19027064823997736
105	8	0.7577839310604307
105	9	0.0
105	10	0.0
105	11	0.0
105	12	0.0
105	13	0.19027064823997736
105	14	0.19027064823997736
105	15	0.19027064823997736
105	16	0.0
105	17	0.16480898098089483
105	18	0.19027064823997736
105	19	0.16480898098089483
105	20	0.0
105	21	0.03340724488090383
105	22	0.0
105	23	0.19027064823997736
105	24	0.16480898098089483
105	25	2.919394092085086
106	0	0.19027064823997736
106	1	0.19027064823997736
106	2	0.0
106	3	0.0
106	4	0.19027064823997736
106	5	0.19027064823997736
106	6	0.16480898098089483
106	7	0.03340724488090383
106	8	0.19027064823997736
106	9	0.0
106	10	0.16480898098089483
106	11	0.16480898098089483
106	12	0.19027064823997736
106	13	0.19027064823997736
106	14	0.0
106	15	0.0
106	16	0.7577839310604307
106	17	0.0
106	18	0.0
107	0	0.19027064823997736
107	1	0.16480898098089483
107	2	0.7577839310604307
107	3	0.19027064823997736
107	4	0.19027064823997736
107	5	0.0
107	6	0.19027064823997736
107	7	0.0
107	8	0.19027064823997736
107	9	0.19027064823997736
107	10	0.0
107	11	0.0
107	12	0.19027064823997736
107	13	0.0
107	14	0.0
107	15	1.6270738070384831
107	16	0.0
107	17	2.919394092085086
107	18	0.16480898098089483
107	19	0.03340724488090383
107	20	0.0
107	21	0.16480898098089483
107	22	0.7577839310604307
107	23	0.0
107	24	0.15335180880683533
107	25	0.0
107	26	0.7577839310604307
107	27	0.0
107	28	0.0
107	29	0.19027064823997736
108	0	0.0
108	1	0.19027064823997736
108	2	0.19027064823997736
108	3	0.0
108	4	0.0
108	5	0.19027064823997736
108	6	0.19027064823997736
108	7	0.19027064823997736
108	8	0.0
108	9	0.16480898098089483
108	10	0.7577839310604307
108	11	0.16480898098089483
108	12	0.0
108	13	0.0
108	14	0.03340724488090383
108	15	0.16480898098089483
108	16	0.19027064823997736
108	17	0.19027064823997736
108	18	0.0
108	19	0.15335180880683533
108	20	1.6270738070384831
109	0	0.0
109	1	0.0
109	2	0.0
109	3	0.16480898098089483
109	4	0.19027064823997736
109	5	0.0
109	6	0.19027064823997736
109	7	0.16480898098089483
109	8	0.0
109	9	0.19027064823997736
109	10	0.19027064823997736
109	11	0.0
109	12	0.16480898098089483
109	13	0.19027064823997736
109	14	0.03340724488090383
109	15	0.19027064823997736
109	16	0.19027064823997736
109	17	0.7577839310604307
109	18	0.0
110	0	0.19027064823997736
110	1	0.0
110	2	0.7577839310604307
110	3	0.0
110	4	0.19027064823997736
110	5	0.19027064823997736
110	6	0.16480898098089483
110	7	0.0
110	8	0.0
110	9	0.0
110	10	0.0
110	11	0.19027064823997736
110	12	0.03340724488090383
110	13	0.16480898098089483
110	14	0.19027064823997736
110	15	0.16480898098089483
110	16	0.0
110	17	0.19027064823997736
110	18	0.19027064823997736
111	0	0.19027064823997736
111	1	0.19027064823997736
111	2	0.19027064823997736
111	3	0.7577839310604307
111	4	0.0
111	5	0.16480898098089483
111	6	0.0
111	7	0.16480898098089483
111	8	0.19027064823997736
111	9	0.19027064823997736
111	10	0.0
111	11	0.03340724488090383
111	12	0.0
111	13	0.0
111	14	0.0
111	15	0.19027064823997736
111	16	0.16480898098089483
111	17	0.0
111	18	0.19027064823997736
112	0	0.19027064823997736
112	1	0.0
112	2	0.0
112	3	0.19027064823997736
112	4	0.0
112	5	0.16480898098089483
112	6	0.19027064823997736
112	7	0.0
112	8	0.16480898098089483
112	9	0.7577839310604307
112	10	0.19027064823997736
112	11	0.16480898098089483
112	12	0.0
112	13	0.19027064823997736
112	14	0.0
112	15	0.19027064823997736
112	16	0.03340724488090383
112	17	0.19027064823997736
112	18	0.0
113	0	0.19027064823997736
113	1	0.19027064823997736
113	2	0.0
113	3	0.7577839310604307
113	4	0.19027064823997736
113	5	0.19027064823997736
113	6	0.0
113	7	0.0
113	8	0.0
113	9	0.0
113	10	0.7577839310604307
113	11	0.19027064823997736
113	12	0.7577839310604307
113	13	0.19027064823997736
113	14	0.0
113	15	0.19027064823997736
113	16	2.919394092085086
113	17	0.0
113	18	0.0
113	19	0.0
113	20	0.16480898098089483
113	21	0.19027064823997736
113	22	0.16480898098089483
113	23	0.0
113	24	0.03340724488090383
113	25	0.16480898098089483
114	0	0.19027064823997736
114	1	0.0
114	2	0.0
114	3	0.16480898098089483
114	4	0.0
114	5	0.19027064823997736
114	6	0.19027064823997736
114	7	0.0
114	8	0.03340724488090383
114	9	0.0
114	10	0.0
114	11	0.16480898098089483
114	12	0.19027064823997736
114	13	0.0
114	14	0.7577839310604307
114	15	0.16480898098089483
114	16	0.19027064823997736
114	17	0.19027064823997736
114	18	0.19027064823997736
114	19	0.15335180880683533
114	20	1.6270738070384831
115	0	0.19027064823997736
115	1	0.19027064823997736
115	2	0.03340724488090383
115	3	0.0
115	4	0.19027064823997736
115	5	0.0
115	6	0.16480898098089483
115	7	0.0
115	8	0.16480898098089483
115	9	0.19027064823997736
115	10	0.7577839310604307
115	11	0.0
115	12	0.19027064823997736
115	13	0.0
115	14	0.16480898098089483
115	15	0.0
115	16	0.19027064823997736
115	17	0.19027064823997736
115	18	0.0
116	0	0.0
116	1	0.0
116	2	0.7577839310604307
116	3	0.19027064823997736
116	4	0.16480898098089483
116	5	0.19027064823997736
116	6	0.0
116	7	0.19027064823997736
116	8	0.19027064823997736
116	9	0.19027064823997736
116	10	0.0
116	11	0.19027064823997736
116	12	0.19027064823997736
116	13	0.0
116	14	1.6270738070384831
116	15	0.0
116	16	0.0
116	17	2.919394092085086
116	18	0.0
116	19	0.16480898098089483
116	20	0.16480898098089483
116	21	0.03340724488090383
116	22	0.7577839310604307
117	0	0.0
117	1	0.7577839310604307
117	2	0.0
117	3	0.16480898098089483
117	4	0.0
117	5	0.19027064823997736
117	6	0.0
117	7	0.19027064823997736
117	8	0.19027064823997736
117	9	0.0
117	10	0.19027064823997736
117	11	0.19027064823997736
117	12	0.19027064823997736
117	13	0.19027064823997736
117	14	0.0
117	15	0.03340724488090383
117	16	0.16480898098089483
117	17	0.0
117	18	0.16480898098089483
117	19	0.0
117	20	2.919394092085086
117	21	1.6270738070384831
117	22	0.7577839310604307
118	0	0.7577839310604307
118	1	0.0
118	2	0.0
118	3	0.7577839310604307
118	4	0.0
118	5	0.0
118	6	0.19027064823997736
118	7	1.6270738070384831
118	8	0.0
118	9	0.0
118	10	0.19027064823997736
118	11	0.16480898098089483
118	12	0.19027064823997736
118	13	0.03340724488090383
118	14	0.16480898098089483
118	15	0.0
118	16	0.0
118	17	0.16480898098089483
118	18	0.19027064823997736
118	19	0.19027064823997736
118	20	0.19027064823997736
118	21	0.19027064823997736
119	0	0.19027064823997736
119	1	0.0
119	2	0.0
119	3	0.19027064823997736
119	4	0.0
119	5	0.15335180880683533
119	6	0.16480898098089483
119	7	0.03340724488090383
119	8	0.03340724488090383
119	9	0.16480898098089483
119	10	0.0
119	11	0.7577839310604307
119	12	0.0
119	13	0.0
119	14	0.0
119	15	0.0
119	16	0.19027064823997736
119	17	0.0
119	18	0.19027064823997736
119	19	0.19027064823997736
119	20	0.19027064823997736
119	21	0.16480898098089483
119	22	0.19027064823997736
120	0	0.19027064823997736
120	1	0.19027064823997736
120	2	0.19027064823997736
120	3	0.19027064823997736
120	4	0.16480898098089483
120	5	0.0
120	6	0.16480898098089483
120	7	0.16480898098089483
120	8	0.0
120	9	0.7577839310604307
120	10	0.0
120	11	0.03340724488090383
120	12	0.0
120	13	0.19027064823997736
120	14	0.19027064823997736
120	15	0.0
120	16	0.0
120	17	0.0
120	18	0.19027064823997736
121	0	0.19027064823997736
121	1	0.0
121	2	0.0
121	3	0.0
121	4	0.19027064823997736
121	5	0.19027064823997736
121	6	0.19027064823997736
121	7	0.7577839310604307
121	8	0.0
121	9	0.03340724488090383
121	10	0.16480898098089483
121	11	0.19027064823997736
121	12	0.19027064823997736
121	13	0.0
121	14	0.0
121	15	0.19027064823997736
121	16	0.0
121	17	0.16480898098089483
121	18	0.16480898098089483
121	19	0.0
122	0	0.0
122	1	0.19027064823997736
122	2	0.15335180880683533
122	3	0.0
122	4	0.03340724488090383
122	5	0.0
122	6	0.19027064823997736
122	7	0.16480898098089483
122	8	0.0
122	9	0.0
122	10	0.0
122	11	0.03340724488090383
122	12	0.16480898098089483
122	13	0.7577839310604307
122	14	0.19027064823997736
122	15	0.0
122	16	0.16480898098089483
122	17	0.19027064823997736
122	18	0.0
122	19	0.19027064823997736
122	20	0.0
122	21	0.19027064823997736
122	22	0.19027064823997736
122	23	0.0
123	0	0.0
123	1	0.0
123	2	0.7577839310604307
123	3	0.0
123	4	0.0
123	5	0.19027064823997736
123	6	0.16480898098089483
123	7	0.19027064823997736
123	8	0.0
123	9	0.16480898098089483
123	10	0.19027064823997736
123	11	0.0
123	12	0.16480898098089483
123	13	0.0
123	14	0.03340724488090383
123	15	0.19027064823997736
123	16	0.19027064823997736
123	17	0.19027064823997736
123	18	0.19027064823997736
123	19	0.15335180880683533
124	0	0.7577839310604307
124	1	0.0
124	2	0.0
124	3	0.0
124	4	0.0
124	5	0.16480898098089483
124	6	0.0
124	7	0.03340724488090383
124	8	0.19027064823997736
124	9	0.16480898098089483
124	10	0.19027064823997736
124	11	0.19027064823997736
124	12	0.19027064823997736
124	13	0.19027064823997736
124	14	0.19027064823997736
124	15	0.16480898098089483
124	16	0.19027064823997736
124	17	0.0
124	18	0.0
125	0	0.19027064823997736
125	1	0.19027064823997736
125	2	0.16480898098089483
125	3	0.16480898098089483
125	4	0.19027064823997736
125	5	0.19027064823997736
125	6	0.0
125	7	0.0
125	8	0.0
125	9	0.7577839310604307
125	10	0.03340724488090383
125	11	0.0
125	12	0.16480898098089483
125	13	0.19027064823997736
125	14	0.0
125	15	0.0
125	16	0.19027064823997736
125	17	0.0
125	18	0.19027064823997736
125	19	0.15335180880683533
125	20	1.6270738070384831
126	0	0.19027064823997736
126	1	0.19027064823997736
126	2	0.0
126	3	0.7577839310604307
126	4	0.0
126	5	0.19027064823997736
126	6	0.0
126	7	0.19027064823997736
126	8	0.0
126	9	0.19027064823997736
126	10	0.16480898098089483
126	11	0.19027064823997736
126	12	0.19027064823997736
126	13	0.0
126	14	0.03340724488090383
126	15	0.0
126	16	0.16480898098089483
126	17	0.0
126	18	0.16480898098089483
126	19	0.0
126	20	2.919394092085086
126	21	1.6270738070384831
127	0	0.0
127	1	0.19027064823997736
127	2	0.19027064823997736
127	3	0.16480898098089483
127	4	0.19027064823997736
127	5	0.19027064823997736
127	6	0.0
127	7	0.19027064823997736
127	8	0.19027064823997736
127	9	0.0
127	10	0.19027064823997736
127	11	0.7577839310604307
127	12	0.0
127	13	0.0
127	14	1.6270738070384831
127	15	2.919394092085086
127	16	0.16480898098089483
127	17	0.16480898098089483
127	18	0.0
127	19	0.0
127	20	0.0
127	21	0.03340724488090383
128	0	0.0
128	1	0.19027064823997736
128	2	0.0
128	3	0.19027064823997736
128	4	0.19027064823997736
128	5	0.19027064823997736
128	6	0.19027064823997736
128	7	0.0
128	8	0.0
128	9	0.03340724488090383
128	10	0.19027064823997736
128	11	0.19027064823997736
128	12	0.0
128	13	0.7577839310604307
128	14	0.0
128	15	0.16480898098089483
128	16	0.0
128	17	0.16480898098089483
128	18	0.16480898098089483
128	19	1.6270738070384831
128	20	0.15335180880683533
129	0	0.0
129	1	0.7577839310604307
129	2	0.0
129	3	0.0
129	4	0.19027064823997736
129	5	0.19027064823997736
129	6	0.19027064823997736
129	7	0.19027064823997736
129	8	0.16480898098089483
129	9	0.19027064823997736
129	10	0.19027064823997736
129	11	0.19027064823997736
129	12	0.0
129	13	0.0
129	14	0.0
129	15	0.16480898098089483
129	16	0.16480898098089483
129	17	0.0
129	18	0.03340724488090383
130	0	0.19027064823997736
130	1	0.19027064823997736
130	2	0.16480898098089483
130	3	0.16480898098089483
130	4	0.19027064823997736
130	5	0.19027064823997736
130	6	0.0
130	7	0.0
130	8	0.0
130	9	0.16480898098089483
130	10	0.03340724488090383
130	11	0.19027064823997736
130	12	0.19027064823997736
130	13	0.0
130	14	0.0
130	15	0.7577839310604307
130	16	0.19027064823997736
130	17	0.0
130	18	0.0
131	0	0.0
131	1	0.19027064823997736
131	2	0.7577839310604307
131	3	0.0
131	4	0.0
131	5	0.19027064823997736
131	6	0.19027064823997736
131	7	0.19027064823997736
131	8	0.19027064823997736
131	9	0.16480898098089483
131	10	0.19027064823997736
131	11	0.19027064823997736
131	12	0.0
131	13	2.919394092085086
131	14	0.0
131	15	1.6270738070384831
131	16	0.0
131	17	0.0
131	18	0.16480898098089483
131	19	0.03340724488090383
131	20	0.0
131	21	0.16480898098089483
132	0	0.19027064823997736
132	1	0.16480898098089483
132	2	0.19027064823997736
132	3	0.19027064823997736
132	4	0.0
132	5	0.7577839310604307
132	6	0.19027064823997736
132	7	0.0
132	8	0.19027064823997736
132	9	0.19027064823997736
132	10	0.0
132	11	0.0
132	12	0.19027064823997736
132	13	0.0
132	14	1.6270738070384831
132	15	0.0
132	16	0.0
132	17	0.16480898098089483
132	18	0.0
132	19	0.03340724488090383
132	20	0.16480898098089483
132	21	2.919394092085086
133	0	0.19027064823997736
133	1	0.0
133	2	0.16480898098089483
133	3	0.16480898098089483
133	4	0.19027064823997736
133	5	0.0
133	6	0.0
133	7	0.7577839310604307
133	8	0.19027064823997736
133	9	0.19027064823997736
133	10	0.16480898098089483
133	11	0.19027064823997736
133	12	0.19027064823997736
133	13	0.0
133	14	0.0
133	15	0.0
133	16	0.0
133	17	0.19027064823997736
133	18	0.03340724488090383
134	0	0.0
134	1	0.19027064823997736
134	2	0.0
134	3	0.19027064823997736
134	4	0.19027064823997736
134	5	0.19027064823997736
134	6	0.7577839310604307
134	7	0.0
134	8	0.0
134	9	0.19027064823997736
134	10	0.19027064823997736
134	11	0.16480898098089483
134	12	0.19027064823997736
135	0	0.19027064823997736
135	1	0.19027064823997736
135	2	0.0
135	3	0.0
135	4	0.0
135	5	0.19027064823997736
135	6	0.16480898098089483
135	7	0.19027064823997736
135	8	0.19027064823997736
135	9	0.19027064823997736
135	10	0.7577839310604307
135	11	0.19027064823997736
135	12	0.0
135	13	0.0
135	14	1.6270738070384831
135	15	0.0
135	16	0.0
135	17	0.03340724488090383
135	18	0.0
135	19	0.16480898098089483
135	20	0.16480898098089483
135	21	2.919394092085086
136	0	0.19027064823997736
136	1	0.19027064823997736
136	2	0.19027064823997736
136	3	0.0
136	4	0.19027064823997736
136	5	0.7577839310604307
136	6	0.0
136	7	0.19027064823997736
136	8	0.16480898098089483
136	9	0.19027064823997736
136	10	0.0
136	11	0.19027064823997736
136	12	0.0
136	13	0.0
136	14	0.0
136	15	0.16480898098089483
136	16	0.16480898098089483
136	17	0.0
136	18	0.03340724488090383
136	19	0.0
136	20	1.6270738070384831
136	21	2.919394092085086
137	0	0.0
137	1	0.03340724488090383
137	2	0.16480898098089483
137	3	0.0
137	4	0.0
137	5	0.19027064823997736
137	6	0.0
137	7	0.19027064823997736
137	8	0.19027064823997736
137	9	0.0
137	10	0.0
137	11	0.19027064823997736
137	12	0.16480898098089483
137	13	0.7577839310604307
137	14	0.16480898098089483
137	15	0.19027064823997736
137	16	0.19027064823997736
137	17	0.19027064823997736
137	18	0.0
138	0	0.19027064823997736
138	1	0.0
138	2	0.7577839310604307
138	3	0.19027064823997736
138	4	0.19027064823997736
138	5	0.19027064823997736
138	6	0.19027064823997736
138	7	0.0
138	8	0.0
138	9	0.19027064823997736
138	10	0.16480898098089483
138	11	0.19027064823997736
138	12	0.0
138	13	0.0
138	14	1.6270738070384831
138	15	0.16480898098089483
138	16	0.0
138	17	0.16480898098089483
138	18	0.0
138	19	0.03340724488090383
138	20	0.0
138	21	2.919394092085086
138	22	0.15335180880683533
138	23	0.7577839310604307
138	24	0.0
138	25	0.15335180880683533
138	26	0.03340724488090383
138	27	0.0
139	0	0.19027064823997736
139	1	0.7577839310604307
139	2	0.0
139	3	0.19027064823997736
139	4	0.16480898098089483
139	5	0.0
139	6	0.19027064823997736
139	7	0.0
139	8	0.19027064823997736
139	9	0.19027064823997736
139	10	0.19027064823997736
139	11	0.19027064823997736
139	12	0.0
139	13	0.0
139	14	2.919394092085086
139	15	0.0
139	16	0.0
139	17	1.6270738070384831
139	18	0.16480898098089483
139	19	0.0
139	20	0.03340724488090383
139	21	0.16480898098089483
140	0	0.19027064823997736
140	1	0.19027064823997736
140	2	0.19027064823997736
140	3	0.0
140	4	0.16480898098089483
140	5	0.0
140	6	0.19027064823997736
140	7	0.19027064823997736
140	8	0.0
140	9	0.19027064823997736
140	10	0.0
140	11	0.7577839310604307
140	12	0.19027064823997736
140	13	0.16480898098089483
140	14	0.0
140	15	0.0
140	16	0.0
140	17	0.16480898098089483
140	18	0.0
140	19	0.03340724488090383
140	20	2.919394092085086
140	21	1.6270738070384831
140	22	0.15335180880683533
141	0	0.0
141	1	0.7577839310604307
141	2	0.0
141	3	0.0
141	4	0.0
141	5	0.19027064823997736
141	6	0.0
141	7	0.19027064823997736
141	8	0.19027064823997736
141	9	0.19027064823997736
141	10	0.16480898098089483
141	11	0.19027064823997736
141	12	0.19027064823997736
141	13	0.19027064823997736
141	14	0.0
141	15	0.0
141	16	1.6270738070384831
141	17	0.16480898098089483
141	18	0.03340724488090383
141	19	0.0
141	20	0.16480898098089483
141	21	2.919394092085086
141	22	0.7577839310604307
142	0	0.19027064823997736
142	1	0.19027064823997736
142	2	0.19027064823997736
142	3	0.0
142	4	0.19027064823997736
142	5	0.19027064823997736
142	6	0.0
142	7	0.19027064823997736
142	8	0.7577839310604307
142	9	0.0
142	10	0.19027064823997736
142	11	0.0
142	12	0.16480898098089483
142	13	0.0
142	14	0.0
142	15	0.0
142	16	1.6270738070384831
142	17	2.919394092085086
142	18	0.0
142	19	0.16480898098089483
142	20	0.16480898098089483
142	21	0.03340724488090383
143	0	0.16480898098089483
143	1	0.19027064823997736
143	2	0.19027064823997736
143	3	0.19027064823997736
143	4	0.19027064823997736
143	5	0.19027064823997736
143	6	0.0
143	7	0.19027064823997736
143	8	0.7577839310604307
143	9	0.0
143	10	0.0
143	11	0.19027064823997736
143	12	0.0
143	13	2.919394092085086
143	14	0.0
143	15	1.6270738070384831
143	16	0.0
143	17	0.0
143	18	0.16480898098089483
143	19	0.0
143	20	0.16480898098089483
143	21	0.03340724488090383
143	22	0.15335180880683533
144	0	0.7577839310604307
144	1	0.19027064823997736
144	2	0.0
144	3	0.19027064823997736
144	4	0.0
144	5	0.19027064823997736
144	6	0.19027064823997736
144	7	0.0
144	8	0.19027064823997736
144	9	0.0
144	10	0.19027064823997736
144	11	0.16480898098089483
144	12	0.19027064823997736
144	13	2.919394092085086
144	14	0.0
144	15	0.0
144	16	0.16480898098089483
144	17	0.0
144	18	0.0
144	19	0.16480898098089483
144	20	0.03340724488090383
144	21	1.6270738070384831
145	0	0.19027064823997736
145	1	0.7577839310604307
145	2	0.19027064823997736
145	3	0.19027064823997736
145	4	0.19027064823997736
145	5	0.0
145	6	0.0
145	7	0.0
145	8	0.16480898098089483
145	9	0.19027064823997736
145	10	0.0
145	11	0.19027064823997736
145	12	0.19027064823997736
145	13	0.0
145	14	0.0
145	15	1.6270738070384831
145	16	0.0
145	17	0.0
145	18	0.03340724488090383
145	19	0.16480898098089483
145	20	0.16480898098089483
145	21	2.919394092085086
146	0	0.19027064823997736
146	1	0.16480898098089483
146	2	0.19027064823997736
146	3	0.0
146	4	0.19027064823997736
146	5	0.19027064823997736
146	6	0.0
146	7	0.19027064823997736
146	8	0.0
146	9	0.19027064823997736
146	10	0.7577839310604307
146	11	0.0
146	12	0.19027064823997736
146	13	2.919394092085086
146	14	0.0
146	15	0.0
146	16	0.0
146	17	1.6270738070384831
146	18	0.16480898098089483
146	19	0.16480898098089483
146	20	0.03340724488090383
146	21	0.0
147	0	0.03340724488090383
147	1	0.0
147	2	0.19027064823997736
147	3	0.0
147	4	0.16480898098089483
147	5	0.19027064823997736
147	6	0.19027064823997736
147	7	0.16480898098089483
147	8	0.16480898098089483
147	9	0.19027064823997736
147	10	0.19027064823997736
147	11	0.0
147	12	0.0
147	13	0.7577839310604307
147	14	0.19027064823997736
147	15	0.0
147	16	0.0
147	17	0.0
147	18	0.19027064823997736
148	0	0.19027064823997736
148	1	0.19027064823997736
148	2	0.0
148	3	0.16480898098089483
148	4	0.0
148	5	0.19027064823997736
148	6	0.16480898098089483
148	7	0.19027064823997736
148	8	0.19027064823997736
148	9	0.19027064823997736
148	10	0.0
148	11	0.19027064823997736
148	12	0.0
148	13	0.0
148	14	0.0
148	15	0.03340724488090383
148	16	0.7577839310604307
148	17	0.16480898098089483
148	18	0.0
148	19	2.919394092085086
148	20	0.0
148	21	0.0
148	22	0.7577839310604307
148	23	0.7577839310604307
148	24	0.19027064823997736
148	25	0.0
149	0	0.19027064823997736
149	1	0.0
149	2	0.0
149	3	0.0
149	4	0.0
149	5	0.19027064823997736
149	6	0.19027064823997736
149	7	0.16480898098089483
149	8	0.7577839310604307
149	9	0.0
149	10	0.19027064823997736
149	11	0.0
149	12	0.19027064823997736
149	13	0.03340724488090383
149	14	0.0
149	15	0.19027064823997736
149	16	0.19027064823997736
149	17	0.16480898098089483
149	18	0.16480898098089483
149	19	2.919394092085086
149	20	0.0
149	21	0.7577839310604307
149	22	0.7577839310604307
149	23	0.0
149	24	0.19027064823997736
149	25	0.0
150	0	0.19027064823997736
150	1	0.16480898098089483
150	2	0.19027064823997736
150	3	0.19027064823997736
150	4	0.19027064823997736
150	5	0.0
150	6	0.03340724488090383
150	7	0.0
150	8	0.9225929120413258
150	9	0.19027064823997736
150	10	0.19027064823997736
150	11	0.0
150	12	0.0
150	13	0.19027064823997736
150	14	0.16480898098089483
150	15	0.0
150	16	0.0
150	17	0.16480898098089483
150	18	0.0
150	19	0.0
150	20	0.0
150	21	0.0
150	22	0.7577839310604307
150	23	0.19027064823997736
150	24	0.7577839310604307
150	25	2.919394092085086
151	0	0.16480898098089483
151	1	0.16480898098089483
151	2	0.0
151	3	0.19027064823997736
151	4	0.03340724488090383
151	5	0.0
151	6	0.0
151	7	0.19027064823997736
151	8	0.19027064823997736
151	9	0.9225929120413258
151	10	0.19027064823997736
151	11	0.19027064823997736
151	12	0.0
151	13	0.19027064823997736
151	14	0.0
151	15	0.19027064823997736
151	16	0.16480898098089483
151	17	0.0
151	18	0.0
152	0	0.03340724488090383
152	1	0.16480898098089483
152	2	0.19027064823997736
152	3	0.19027064823997736
152	4	0.0
152	5	0.0
152	6	0.16480898098089483
152	7	0.0
152	8	0.9225929120413258
152	9	0.0
152	10	0.19027064823997736
152	11	0.19027064823997736
152	12	0.16480898098089483
152	13	0.19027064823997736
152	14	0.19027064823997736
152	15	0.0
152	16	0.0
152	17	0.0
152	18	0.19027064823997736
153	0	0.19027064823997736
153	1	0.19027064823997736
153	2	0.0
153	3	0.19027064823997736
153	4	0.19027064823997736
153	5	0.16480898098089483
153	6	0.19027064823997736
153	7	0.19027064823997736
153	8	0.0
153	9	0.9225929120413258
153	10	0.0
153	11	0.19027064823997736
153	12	0.0
153	13	2.919394092085086
153	14	0.0
153	15	0.0
153	16	1.6270738070384831
153	17	0.0
153	18	0.16480898098089483
153	19	0.16480898098089483
153	20	0.03340724488090383
153	21	0.0
154	0	0.0
154	1	0.0
154	2	0.19027064823997736
154	3	0.9225929120413258
154	4	0.19027064823997736
154	5	0.19027064823997736
154	6	0.0
154	7	0.19027064823997736
154	8	0.0
154	9	0.19027064823997736
154	10	0.19027064823997736
154	11	0.16480898098089483
154	12	0.19027064823997736
154	13	2.919394092085086
154	14	0.0
154	15	1.6270738070384831
154	16	0.0
154	17	0.0
154	18	0.03340724488090383
154	19	0.0
154	20	0.16480898098089483
154	21	0.16480898098089483
154	22	0.15335180880683533
155	0	0.16480898098089483
155	1	0.0
155	2	0.9225929120413258
155	3	0.19027064823997736
155	4	0.0
155	5	0.03340724488090383
155	6	0.0
155	7	0.19027064823997736
155	8	0.19027064823997736
155	9	0.19027064823997736
155	10	0.16480898098089483
155	11	0.0
155	12	0.0
155	13	0.0
155	14	0.19027064823997736
155	15	0.0
155	16	0.19027064823997736
155	17	0.19027064823997736
155	18	0.16480898098089483
156	0	0.19027064823997736
156	1	0.19027064823997736
156	2	0.16480898098089483
156	3	0.0
156	4	0.0
156	5	0.0
156	6	0.19027064823997736
156	7	0.0
156	8	0.16480898098089483
156	9	0.0
156	10	0.9225929120413258
156	11	0.0
156	12	0.19027064823997736
156	13	0.19027064823997736
156	14	0.19027064823997736
156	15	0.16480898098089483
156	16	0.19027064823997736
156	17	0.0
156	18	0.03340724488090383
156	19	0.7577839310604307
156	20	0.0
156	21	0.7577839310604307
156	22	0.0
156	23	0.19027064823997736
156	24	0.0
156	25	2.919394092085086
157	0	0.0
157	1	0.0
157	2	0.19027064823997736
157	3	0.19027064823997736
157	4	0.19027064823997736
157	5	0.0
157	6	0.9225929120413258
157	7	0.16480898098089483
157	8	0.19027064823997736
157	9	0.0
157	10	0.19027064823997736
157	11	0.19027064823997736
157	12	0.19027064823997736
157	13	2.919394092085086
157	14	0.0
157	15	1.6270738070384831
157	16	0.0
157	17	0.0
157	18	0.03340724488090383
157	19	0.16480898098089483
157	20	0.16480898098089483
157	21	0.0
158	0	0.0
158	1	0.03340724488090383
158	2	0.19027064823997736
158	3	0.0
158	4	0.19027064823997736
158	5	0.16480898098089483
158	6	0.19027064823997736
158	7	0.19027064823997736
158	8	0.0
158	9	0.0
158	10	0.0
158	11	0.19027064823997736
158	12	0.16480898098089483
158	13	0.0
158	14	0.0
158	15	0.19027064823997736
158	16	0.16480898098089483
158	17	0.9225929120413258
158	18	0.19027064823997736
158	19	0.15335180880683533
158	20	1.6270738070384831
159	0	0.0
159	1	0.0
159	2	0.19027064823997736
159	3	0.0
159	4	0.0
159	5	0.19027064823997736
159	6	0.19027064823997736
159	7	0.19027064823997736
159	8	0.9225929120413258
159	9	0.19027064823997736
159	10	0.19027064823997736
159	11	0.16480898098089483
159	12	0.19027064823997736
159	13	2.919394092085086
159	14	0.0
159	15	0.0
159	16	0.0
159	17	1.6270738070384831
159	18	0.16480898098089483
159	19	0.0
159	20	0.03340724488090383
159	21	0.16480898098089483
159	22	0.0
160	0	0.19027064823997736
160	1	0.19027064823997736
160	2	0.19027064823997736
160	3	0.19027064823997736
160	4	0.19027064823997736
160	5	0.0
160	6	0.0
160	7	0.19027064823997736
160	8	0.0
160	9	0.19027064823997736
160	10	0.16480898098089483
160	11	0.9225929120413258
160	12	0.0
160	13	0.16480898098089483
160	14	0.16480898098089483
160	15	0.0
160	16	0.0
160	17	0.0
160	18	0.03340724488090383
160	19	2.919394092085086
161	0	0.0
161	1	0.19027064823997736
161	2	0.0
161	3	0.19027064823997736
161	4	0.16480898098089483
161	5	0.19027064823997736
161	6	0.0
161	7	0.9225929120413258
161	8	0.16480898098089483
161	9	0.19027064823997736
161	10	0.0
161	11	0.0
161	12	0.03340724488090383
161	13	0.19027064823997736
161	14	0.19027064823997736
161	15	0.16480898098089483
161	16	0.0
161	17	0.0
161	18	0.19027064823997736
162	0	0.19027064823997736
162	1	0.9225929120413258
162	2	0.16480898098089483
162	3	0.19027064823997736
162	4	0.0
162	5	0.0
162	6	0.19027064823997736
162	7	0.0
162	8	0.19027064823997736
162	9	0.19027064823997736
162	10	0.19027064823997736
162	11	0.19027064823997736
162	12	0.0
162	13	2.919394092085086
162	14	0.0
162	15	0.03340724488090383
162	16	0.0
162	17	0.0
162	18	0.16480898098089483
162	19	0.16480898098089483
162	20	0.0
162	21	1.6270738070384831
162	22	0.0
163	0	0.0
163	1	0.16480898098089483
163	2	0.19027064823997736
163	3	0.0
163	4	0.19027064823997736
163	5	0.19027064823997736
163	6	0.0
163	7	0.19027064823997736
163	8	0.19027064823997736
163	9	0.19027064823997736
163	10	0.9225929120413258
163	11	0.19027064823997736
163	12	0.0
163	13	2.919394092085086
163	14	0.0
163	15	1.6270738070384831
163	16	0.0
163	17	0.0
163	18	0.16480898098089483
163	19	0.16480898098089483
163	20	0.03340724488090383
163	21	0.0
163	22	0.0
164	0	0.16480898098089483
164	1	0.19027064823997736
164	2	0.19027064823997736
164	3	0.19027064823997736
164	4	0.0
164	5	0.19027064823997736
164	6	0.0
164	7	0.0
164	8	0.0
164	9	0.19027064823997736
164	10	0.9225929120413258
164	11	0.16480898098089483
164	12	0.19027064823997736
164	13	0.03340724488090383
164	14	0.0
164	15	0.0
164	16	0.16480898098089483
164	17	0.19027064823997736
164	18	0.0
165	0	0.19027064823997736
165	1	0.19027064823997736
165	2	0.0
165	3	0.19027064823997736
165	4	0.19027064823997736
165	5	0.9225929120413258
165	6	0.19027064823997736
165	7	0.19027064823997736
165	8	0.0
165	9	0.0
165	10	0.19027064823997736
165	11	0.16480898098089483
165	12	0.0
165	13	2.919394092085086
165	14	0.0
165	15	0.03340724488090383
165	16	0.16480898098089483
165	17	0.0
165	18	0.0
165	19	0.0
165	20	0.16480898098089483
165	21	1.6270738070384831
166	0	0.19027064823997736
166	1	0.0
166	2	0.0
166	3	0.9225929120413258
166	4	0.19027064823997736
166	5	0.0
166	6	0.19027064823997736
166	7	0.19027064823997736
166	8	0.19027064823997736
166	9	0.19027064823997736
166	10	0.16480898098089483
166	11	0.19027064823997736
166	12	0.0
166	13	0.0
166	14	0.16480898098089483
166	15	0.03340724488090383
166	16	0.0
166	17	0.0
166	18	0.16480898098089483
166	19	0.0
166	20	2.919394092085086
166	21	1.6270738070384831
166	22	0.0
166	23	0.0
167	0	0.0
167	1	0.0
167	2	0.9225929120413258
167	3	0.0
167	4	0.0
167	5	0.7577839310604307
167	6	0.19027064823997736
167	7	0.0
167	8	0.19027064823997736
167	9	0.16480898098089483
167	10	0.19027064823997736
167	11	0.19027064823997736
167	12	0.03340724488090383
167	13	0.0
167	14	0.0
167	15	0.0
167	16	0.19027064823997736
167	17	0.16480898098089483
167	18	0.19027064823997736
167	19	0.19027064823997736
167	20	0.16480898098089483
167	21	1.6270738070384831
168	0	0.0
168	1	0.19027064823997736
168	2	0.0
168	3	0.0
168	4	0.16480898098089483
168	5	0.0
168	6	0.0
168	7	0.19027064823997736
168	8	0.19027064823997736
168	9	0.16480898098089483
168	10	0.03340724488090383
168	11	0.16480898098089483
168	12	0.19027064823997736
168	13	0.0
168	14	0.0
168	15	0.19027064823997736
168	16	0.9225929120413258
168	17	0.19027064823997736
168	18	0.19027064823997736
168	19	0.15335180880683533
168	20	1.6270738070384831
169	0	0.9225929120413258
169	1	0.19027064823997736
169	2	0.19027064823997736
169	3	0.0
169	4	0.19027064823997736
169	5	0.19027064823997736
169	6	0.19027064823997736
169	7	0.0
169	8	0.0
169	9	0.0
169	10	0.19027064823997736
169	11	0.16480898098089483
169	12	0.19027064823997736
169	13	2.919394092085086
169	14	0.03340724488090383
169	15	0.0
169	16	0.0
169	17	0.16480898098089483
169	18	0.0
169	19	0.16480898098089483
169	20	0.0
169	21	1.6270738070384831
170	0	0.9225929120413258
170	1	0.19027064823997736
170	2	0.16480898098089483
170	3	0.0
170	4	0.0
170	5	0.19027064823997736
170	6	0.19027064823997736
170	7	0.19027064823997736
170	8	0.16480898098089483
170	9	0.19027064823997736
170	10	0.0
170	11	0.0
170	12	0.03340724488090383
170	13	0.0
170	14	0.19027064823997736
170	15	0.0
170	16	0.16480898098089483
170	17	0.0
170	18	0.19027064823997736
170	19	2.919394092085086
170	20	0.15335180880683533
171	0	0.7577839310604307
171	1	0.0
171	2	0.0
171	3	0.19027064823997736
171	4	0.0
171	5	0.0
171	6	0.19027064823997736
171	7	0.15335180880683533
171	8	0.19027064823997736
171	9	0.0
171	10	0.0
171	11	0.0
171	12	0.0
171	13	0.9225929120413258
171	14	0.19027064823997736
171	15	0.19027064823997736
171	16	0.7577839310604307
171	17	0.0
171	18	0.03340724488090383
171	19	0.19027064823997736
171	20	0.19027064823997736
171	21	0.16480898098089483
171	22	0.19027064823997736
171	23	0.16480898098089483
171	24	0.0
171	25	0.0
171	26	0.16480898098089483
171	27	0.0
171	28	2.919394092085086
172	0	0.7577839310604307
172	1	0.9225929120413258
172	2	0.19027064823997736
172	3	0.0
172	4	0.0
172	5	0.0
172	6	0.19027064823997736
172	7	0.0
172	8	0.0
172	9	0.0
172	10	0.7577839310604307
172	11	0.19027064823997736
173	0	0.16480898098089483
173	1	0.19027064823997736
173	2	0.19027064823997736
173	3	0.19027064823997736
173	4	0.19027064823997736
173	5	0.0
173	6	0.19027064823997736
173	7	0.0
173	8	0.0
173	9	0.19027064823997736
173	10	0.19027064823997736
173	11	0.9225929120413258
173	12	0.0
173	13	1.6270738070384831
173	14	0.0
173	15	2.919394092085086
173	16	0.0
173	17	0.16480898098089483
173	18	0.0
173	19	0.03340724488090383
173	20	0.16480898098089483
173	21	0.0
173	22	0.0
173	23	0.7577839310604307
173	24	0.15335180880683533
173	25	0.0
173	26	0.19027064823997736
173	27	0.0
173	28	0.7577839310604307
173	29	0.0
174	0	0.7577839310604307
174	1	0.7577839310604307
174	2	0.19027064823997736
174	3	0.0
174	4	0.0
174	5	0.19027064823997736
174	6	0.9225929120413258
174	7	0.0
174	8	0.19027064823997736
174	9	0.0
174	10	0.0
174	11	0.0
175	0	0.19027064823997736
175	1	0.0
175	2	0.0
175	3	0.9225929120413258
175	4	0.0
175	5	0.19027064823997736
175	6	0.0
175	7	0.19027064823997736
175	8	0.19027064823997736
176	0	0.19027064823997736
176	1	0.16480898098089483
176	2	0.19027064823997736
176	3	0.0
176	4	0.19027064823997736
176	5	0.19027064823997736
176	6	0.0
176	7	0.0
176	8	0.19027064823997736
176	9	0.19027064823997736
176	10	0.9225929120413258
176	11	0.0
176	12	0.19027064823997736
176	13	0.0
176	14	0.0
176	15	1.6270738070384831
176	16	0.0
176	17	0.0
176	18	0.03340724488090383
176	19	0.16480898098089483
176	20	0.16480898098089483
176	21	2.919394092085086
176	22	0.0
176	23	0.7577839310604307
176	24	0.0
176	25	0.19027064823997736
176	26	0.7577839310604307
177	0	0.0
177	1	0.7577839310604307
177	2	0.0
177	3	0.7577839310604307
177	4	0.0
177	5	0.0
177	6	0.0
177	7	0.19027064823997736
177	8	0.9225929120413258
177	9	0.0
177	10	0.19027064823997736
177	11	0.19027064823997736
177	12	0.0
177	13	0.19027064823997736
177	14	0.19027064823997736
177	15	0.19027064823997736
177	16	2.919394092085086
177	17	0.19027064823997736
177	18	0.0
177	19	0.0
177	20	0.16480898098089483
177	21	0.19027064823997736
177	22	0.0
177	23	0.16480898098089483
177	24	0.03340724488090383
177	25	0.16480898098089483
178	0	0.9225929120413258
178	1	0.9225929120413258
178	2	0.0
178	3	0.19027064823997736
178	4	0.0
178	5	0.0
178	6	0.19027064823997736
178	7	0.7577839310604307
178	8	0.0
178	9	0.0
178	10	0.0
178	11	0.19027064823997736
179	0	0.19027064823997736
179	1	0.0
179	2	0.19027064823997736
179	3	0.03340724488090383
179	4	0.0
179	5	0.16480898098089483
179	6	0.0
179	7	0.16480898098089483
179	8	0.0
179	9	0.19027064823997736
179	10	0.0
179	11	0.9225929120413258
179	12	0.0
179	13	0.19027064823997736
179	14	0.19027064823997736
179	15	0.19027064823997736
179	16	0.19027064823997736
179	17	0.16480898098089483
179	18	0.0
180	0	0.19027064823997736
180	1	0.0
180	2	0.9225929120413258
180	3	0.19027064823997736
180	4	0.19027064823997736
180	5	0.0
180	6	0.19027064823997736
180	7	0.16480898098089483
180	8	0.0
180	9	0.19027064823997736
180	10	0.19027064823997736
180	11	0.0
180	12	0.0
180	13	0.0
180	14	0.16480898098089483
180	15	0.16480898098089483
180	16	0.03340724488090383
180	17	0.0
180	18	0.19027064823997736
181	0	0.16480898098089483
181	1	0.19027064823997736
181	2	0.19027064823997736
181	3	0.0
181	4	0.19027064823997736
181	5	0.19027064823997736
181	6	0.19027064823997736
181	7	0.16480898098089483
181	8	0.19027064823997736
181	9	0.9225929120413258
181	10	0.0
181	11	0.0
181	12	0.0
181	13	0.16480898098089483
181	14	0.0
181	15	0.19027064823997736
181	16	0.0
181	17	0.0
181	18	0.03340724488090383
182	0	0.0
182	1	0.19027064823997736
182	2	0.0
182	3	0.9225929120413258
182	4	0.0
182	5	0.19027064823997736
182	6	0.7577839310604307
182	7	0.0
182	8	0.19027064823997736
182	9	0.0
182	10	0.9225929120413258
182	11	0.0
182	12	0.19027064823997736
182	13	0.19027064823997736
182	14	0.0
182	15	0.16480898098089483
182	16	0.03340724488090383
182	17	0.0
182	18	0.0
182	19	0.0
182	20	0.16480898098089483
182	21	0.16480898098089483
182	22	0.19027064823997736
182	23	0.19027064823997736
182	24	0.19027064823997736
182	25	2.919394092085086
183	0	0.0
183	1	0.9225929120413258
183	2	0.0
183	3	0.19027064823997736
183	4	0.15335180880683533
183	5	0.16480898098089483
183	6	0.19027064823997736
183	7	0.16480898098089483
183	8	0.03340724488090383
183	9	0.0
183	10	0.0
183	11	0.0
183	12	0.03340724488090383
184	0	0.0
184	1	0.0
184	2	0.0
184	3	0.7577839310604307
184	4	0.9225929120413258
184	5	0.0
184	6	0.19027064823997736
184	7	0.16480898098089483
184	8	0.19027064823997736
184	9	0.19027064823997736
184	10	0.19027064823997736
184	11	0.19027064823997736
184	12	0.19027064823997736
184	13	0.19027064823997736
184	14	0.16480898098089483
184	15	0.0
184	16	0.03340724488090383
184	17	0.16480898098089483
184	18	0.0
184	19	0.0
184	20	0.0
184	21	1.6270738070384831
185	0	0.0
185	1	0.03340724488090383
185	2	0.0
185	3	0.0
185	4	0.16480898098089483
185	5	0.0
185	6	0.15335180880683533
185	7	0.03340724488090383
185	8	0.19027064823997736
185	9	0.9225929120413258
185	10	0.16480898098089483
185	11	0.19027064823997736
185	12	0.0
186	0	0.19027064823997736
186	1	0.0
186	2	0.0
186	3	0.0
186	4	0.19027064823997736
186	5	0.0
186	6	0.16480898098089483
186	7	0.0
186	8	0.9225929120413258
186	9	0.03340724488090383
186	10	0.03340724488090383
186	11	0.15335180880683533
186	12	0.16480898098089483
187	0	0.9225929120413258
187	1	0.0
187	2	0.0
187	3	0.19027064823997736
187	4	0.19027064823997736
187	5	0.0
187	6	0.19027064823997736
187	7	0.0
187	8	0.03340724488090383
187	9	0.19027064823997736
187	10	0.19027064823997736
187	11	0.16480898098089483
187	12	0.19027064823997736
187	13	0.19027064823997736
187	14	0.16480898098089483
187	15	0.0
187	16	0.0
187	17	0.16480898098089483
187	18	0.0
187	19	0.0
188	0	0.0
188	1	0.7577839310604307
188	2	0.0
188	3	0.0
188	4	0.0
188	5	0.9225929120413258
188	6	0.19027064823997736
188	7	0.19027064823997736
188	8	0.16480898098089483
188	9	0.0
188	10	0.0
188	11	0.0
188	12	0.19027064823997736
188	13	0.19027064823997736
188	14	0.19027064823997736
188	15	0.16480898098089483
188	16	0.03340724488090383
188	17	0.16480898098089483
188	18	0.19027064823997736
188	19	0.19027064823997736
188	20	0.0
188	21	1.6270738070384831
188	22	0.03340724488090383
188	23	0.15335180880683533
189	0	0.9225929120413258
189	1	0.0
189	2	0.0
189	3	0.19027064823997736
189	4	0.19027064823997736
189	5	0.7577839310604307
189	6	0.9225929120413258
189	7	0.0
189	8	0.19027064823997736
189	9	0.0
189	10	0.0
189	11	0.0
190	0	0.19027064823997736
190	1	0.19027064823997736
190	2	0.16480898098089483
190	3	0.0
190	4	0.19027064823997736
190	5	0.0
190	6	0.16480898098089483
190	7	0.0
190	8	0.16480898098089483
190	9	0.0
190	10	0.0
190	11	0.19027064823997736
190	12	0.19027064823997736
190	13	0.0
190	14	0.9225929120413258
190	15	0.0
190	16	0.03340724488090383
190	17	0.19027064823997736
190	18	0.19027064823997736
191	0	0.19027064823997736
191	1	0.19027064823997736
191	2	0.19027064823997736
191	3	0.0
191	4	0.0
191	5	0.16480898098089483
191	6	0.19027064823997736
191	7	0.0
191	8	0.19027064823997736
191	9	0.19027064823997736
191	10	0.16480898098089483
191	11	0.19027064823997736
191	12	0.16480898098089483
191	13	0.0
191	14	0.0
191	15	0.03340724488090383
191	16	0.9225929120413258
191	17	0.0
191	18	0.0
192	0	0.0
192	1	0.0
192	2	0.0
192	3	0.9225929120413258
192	4	0.19027064823997736
192	5	0.19027064823997736
192	6	0.19027064823997736
192	7	0.19027064823997736
192	8	0.19027064823997736
192	9	0.19027064823997736
192	10	0.16480898098089483
192	11	0.19027064823997736
192	12	0.0
192	13	2.919394092085086
192	14	0.0
192	15	0.0
192	16	0.0
192	17	0.16480898098089483
192	18	0.03340724488090383
192	19	0.16480898098089483
192	20	0.0
192	21	1.6270738070384831
192	22	0.7577839310604307
192	23	0.9225929120413258
192	24	0.0
192	25	0.0
192	26	0.15335180880683533
192	27	0.19027064823997736
192	28	0.0
192	29	0.0
192	30	0.7577839310604307
192	31	0.03340724488090383
193	0	0.19027064823997736
193	1	0.16480898098089483
193	2	0.19027064823997736
193	3	0.0
193	4	0.16480898098089483
193	5	0.0
193	6	0.0
193	7	0.19027064823997736
193	8	0.0
193	9	0.19027064823997736
193	10	0.19027064823997736
193	11	0.19027064823997736
193	12	0.0
193	13	0.16480898098089483
193	14	0.0
193	15	0.03340724488090383
193	16	0.19027064823997736
193	17	0.9225929120413258
193	18	0.0
194	0	0.19027064823997736
194	1	0.19027064823997736
194	2	0.19027064823997736
194	3	0.16480898098089483
194	4	0.16480898098089483
194	5	0.0
194	6	0.19027064823997736
194	7	0.0
194	8	0.0
194	9	0.19027064823997736
194	10	0.03340724488090383
194	11	0.19027064823997736
194	12	0.0
194	13	0.19027064823997736
194	14	0.0
194	15	0.9225929120413258
194	16	0.16480898098089483
194	17	0.0
194	18	0.0
195	0	0.19027064823997736
195	1	0.19027064823997736
195	2	0.19027064823997736
195	3	0.0
195	4	0.19027064823997736
195	5	0.0
195	6	0.0
195	7	0.03340724488090383
195	8	0.19027064823997736
195	9	0.16480898098089483
195	10	0.0
195	11	0.16480898098089483
195	12	0.16480898098089483
195	13	0.19027064823997736
195	14	0.19027064823997736
195	15	0.0
195	16	0.9225929120413258
195	17	0.0
195	18	0.0
196	0	0.19027064823997736
196	1	0.9225929120413258
196	2	0.0
196	3	0.0
196	4	0.19027064823997736
196	5	0.0
196	6	0.19027064823997736
196	7	0.19027064823997736
196	8	0.03340724488090383
196	9	0.19027064823997736
196	10	0.0
196	11	0.19027064823997736
196	12	0.16480898098089483
196	13	0.19027064823997736
196	14	0.0
196	15	0.16480898098089483
196	16	0.0
196	17	0.16480898098089483
196	18	0.0
197	0	0.19027064823997736
197	1	0.0
197	2	0.19027064823997736
197	3	0.0
197	4	0.0
197	5	0.19027064823997736
197	6	0.0
197	7	0.16480898098089483
197	8	0.16480898098089483
197	9	0.0
197	10	0.19027064823997736
197	11	0.9225929120413258
197	12	0.03340724488090383
197	13	0.0
197	14	0.19027064823997736
197	15	0.0
197	16	0.16480898098089483
197	17	0.19027064823997736
197	18	0.19027064823997736
198	0	0.16480898098089483
198	1	0.19027064823997736
198	2	0.0
198	3	0.19027064823997736
198	4	0.19027064823997736
198	5	0.03340724488090383
198	6	0.9225929120413258
198	7	0.19027064823997736
198	8	0.0
198	9	0.0
198	10	0.19027064823997736
198	11	0.19027064823997736
198	12	0.0
198	13	0.16480898098089483
198	14	0.16480898098089483
198	15	0.0
198	16	0.0
198	17	0.19027064823997736
198	18	0.0
198	19	0.15335180880683533
198	20	1.6270738070384831
199	0	0.03340724488090383
199	1	0.0
199	2	0.19027064823997736
199	3	0.0
199	4	0.19027064823997736
199	5	0.19027064823997736
199	6	0.0
199	7	0.0
199	8	0.19027064823997736
199	9	0.0
199	10	0.0
199	11	0.0
199	12	0.16480898098089483
199	13	0.16480898098089483
199	14	0.19027064823997736
199	15	0.19027064823997736
199	16	0.16480898098089483
199	17	0.9225929120413258
199	18	0.19027064823997736
200	0	0.19027064823997736
200	1	0.19027064823997736
200	2	0.19027064823997736
200	3	0.0
200	4	0.0
200	5	0.16480898098089483
200	6	0.0
200	7	0.0
200	8	0.9225929120413258
200	9	0.0
200	10	0.19027064823997736
200	11	0.0
200	12	0.19027064823997736
200	13	0.0
200	14	0.03340724488090383
200	15	0.16480898098089483
200	16	0.19027064823997736
200	17	0.19027064823997736
200	18	0.16480898098089483
201	0	0.19027064823997736
201	1	0.0
201	2	0.19027064823997736
201	3	0.16480898098089483
201	4	0.19027064823997736
201	5	0.0
201	6	0.19027064823997736
201	7	0.19027064823997736
201	8	0.16480898098089483
201	9	0.0
201	10	0.9225929120413258
201	11	0.0
201	12	0.19027064823997736
201	13	0.0
201	14	0.0
201	15	0.19027064823997736
201	16	0.0
201	17	0.16480898098089483
201	18	0.03340724488090383
202	0	0.19027064823997736
202	1	0.9225929120413258
202	2	0.03340724488090383
202	3	0.0
202	4	0.0
202	5	0.0
202	6	0.16480898098089483
202	7	0.0
202	8	0.0
202	9	0.19027064823997736
202	10	0.16480898098089483
202	11	0.19027064823997736
202	12	0.0
202	13	0.0
202	14	0.16480898098089483
202	15	0.19027064823997736
202	16	0.19027064823997736
202	17	0.19027064823997736
202	18	0.19027064823997736
202	19	0.0
202	20	0.0
202	21	0.15335180880683533
202	22	0.0
203	0	0.0
203	1	0.16480898098089483
203	2	0.0
203	3	0.16480898098089483
203	4	0.19027064823997736
203	5	0.16480898098089483
203	6	0.0
203	7	0.19027064823997736
203	8	0.19027064823997736
203	9	0.9225929120413258
203	10	0.19027064823997736
203	11	0.19027064823997736
203	12	0.0
203	13	0.19027064823997736
203	14	0.0
203	15	0.0
203	16	0.03340724488090383
203	17	0.0
203	18	0.19027064823997736
204	0	0.16480898098089483
204	1	0.0
204	2	0.16480898098089483
204	3	0.9225929120413258
204	4	0.16480898098089483
204	5	0.0
204	6	0.0
204	7	0.0
204	8	0.0
204	9	0.0
204	10	0.0
204	11	0.19027064823997736
204	12	0.19027064823997736
204	13	0.19027064823997736
204	14	0.19027064823997736
204	15	0.19027064823997736
204	16	0.19027064823997736
204	17	0.19027064823997736
204	18	0.03340724488090383
205	0	0.19027064823997736
205	1	0.0
205	2	0.0
205	3	0.16480898098089483
205	4	0.16480898098089483
205	5	0.0
205	6	0.16480898098089483
205	7	0.0
205	8	0.19027064823997736
205	9	0.19027064823997736
205	10	0.0
205	11	0.9225929120413258
205	12	0.19027064823997736
205	13	0.19027064823997736
205	14	0.19027064823997736
205	15	0.19027064823997736
205	16	0.03340724488090383
205	17	0.0
205	18	0.0
205	19	0.15335180880683533
205	20	1.6270738070384831
205	21	0.0
206	0	0.19027064823997736
206	1	0.16480898098089483
206	2	0.16480898098089483
206	3	0.0
206	4	0.0
206	5	0.9225929120413258
206	6	0.0
206	7	0.19027064823997736
206	8	0.19027064823997736
206	9	0.0
206	10	0.03340724488090383
206	11	0.16480898098089483
206	12	0.19027064823997736
206	13	0.19027064823997736
206	14	0.0
206	15	0.0
206	16	0.19027064823997736
206	17	0.19027064823997736
206	18	0.0
206	19	0.15335180880683533
206	20	0.0
206	21	0.0
206	22	0.0
207	0	0.19027064823997736
207	1	0.16480898098089483
207	2	0.19027064823997736
207	3	0.19027064823997736
207	4	0.16480898098089483
207	5	0.16480898098089483
207	6	0.9225929120413258
207	7	0.03340724488090383
207	8	0.19027064823997736
207	9	0.19027064823997736
207	10	0.0
207	11	0.0
207	12	0.0
207	13	0.0
207	14	0.19027064823997736
207	15	0.0
207	16	0.19027064823997736
207	17	0.0
207	18	0.0
208	0	0.0
208	1	0.0
208	2	0.9225929120413258
208	3	0.16480898098089483
208	4	0.19027064823997736
208	5	0.03340724488090383
208	6	0.0
208	7	0.19027064823997736
208	8	0.0
208	9	0.19027064823997736
208	10	0.19027064823997736
208	11	0.16480898098089483
208	12	0.19027064823997736
208	13	0.16480898098089483
208	14	0.0
208	15	0.0
208	16	0.0
208	17	0.19027064823997736
208	18	0.19027064823997736
208	19	0.15335180880683533
208	20	1.6270738070384831
209	0	0.0
209	1	0.0
209	2	0.9225929120413258
209	3	0.19027064823997736
209	4	0.0
209	5	0.16480898098089483
209	6	0.16480898098089483
209	7	0.19027064823997736
209	8	0.19027064823997736
209	9	0.0
209	10	0.19027064823997736
209	11	0.0
209	12	0.0
209	13	0.16480898098089483
209	14	0.0
209	15	0.19027064823997736
209	16	0.19027064823997736
209	17	0.03340724488090383
209	18	0.19027064823997736
209	19	0.15335180880683533
209	20	0.0
209	21	0.0
210	0	0.19027064823997736
210	1	0.16480898098089483
210	2	0.9225929120413258
210	3	0.19027064823997736
210	4	0.19027064823997736
210	5	0.19027064823997736
210	6	0.19027064823997736
210	7	0.0
210	8	0.0
210	9	0.0
210	10	0.0
210	11	0.19027064823997736
210	12	0.19027064823997736
210	13	2.919394092085086
210	14	0.0
210	15	1.6270738070384831
210	16	0.03340724488090383
210	17	0.0
210	18	0.16480898098089483
210	19	0.0
210	20	0.0
210	21	0.16480898098089483
211	0	0.9225929120413258
211	1	0.0
211	2	0.0
211	3	0.19027064823997736
211	4	0.0
211	5	0.19027064823997736
211	6	0.0
211	7	0.19027064823997736
211	8	0.19027064823997736
211	9	0.0
211	10	0.19027064823997736
211	11	0.19027064823997736
211	12	0.16480898098089483
211	13	0.0
211	14	0.16480898098089483
211	15	0.03340724488090383
211	16	0.16480898098089483
211	17	0.0
211	18	0.19027064823997736
211	19	0.15335180880683533
211	20	0.0
211	21	0.0
212	0	0.0
212	1	0.19027064823997736
212	2	0.9225929120413258
212	3	0.19027064823997736
212	4	0.19027064823997736
212	5	0.19027064823997736
212	6	0.0
212	7	0.19027064823997736
212	8	0.16480898098089483
212	9	0.19027064823997736
212	10	0.0
212	11	0.19027064823997736
212	12	0.0
212	13	2.919394092085086
212	14	0.0
212	15	0.0
212	16	0.0
212	17	1.6270738070384831
212	18	0.16480898098089483
212	19	0.16480898098089483
212	20	0.0
212	21	0.03340724488090383
212	22	0.0
213	0	0.0
213	1	0.19027064823997736
213	2	0.19027064823997736
213	3	0.16480898098089483
213	4	0.9225929120413258
213	5	0.19027064823997736
213	6	0.0
213	7	0.19027064823997736
213	8	0.19027064823997736
213	9	0.0
213	10	0.19027064823997736
213	11	0.19027064823997736
213	12	0.0
213	13	0.16480898098089483
213	14	0.0
213	15	0.03340724488090383
213	16	0.0
213	17	0.0
213	18	0.0
213	19	0.16480898098089483
213	20	2.919394092085086
213	21	1.6270738070384831
214	0	0.19027064823997736
214	1	0.9225929120413258
214	2	0.0
214	3	0.19027064823997736
214	4	0.0
214	5	0.16480898098089483
214	6	0.0
214	7	0.19027064823997736
214	8	0.19027064823997736
214	9	0.19027064823997736
214	10	0.19027064823997736
214	11	0.0
214	12	0.19027064823997736
214	13	0.0
214	14	1.6270738070384831
214	15	2.919394092085086
214	16	0.0
214	17	0.0
214	18	0.16480898098089483
214	19	0.0
214	20	0.03340724488090383
214	21	0.16480898098089483
215	0	0.0
215	1	0.19027064823997736
215	2	0.0
215	3	0.19027064823997736
215	4	0.03340724488090383
215	5	0.19027064823997736
215	6	0.0
215	7	0.16480898098089483
215	8	0.0
215	9	0.19027064823997736
215	10	0.16480898098089483
215	11	0.0
215	12	0.19027064823997736
215	13	0.19027064823997736
215	14	0.16480898098089483
215	15	0.9225929120413258
215	16	0.19027064823997736
215	17	0.0
215	18	0.0
216	0	0.19027064823997736
216	1	0.19027064823997736
216	2	0.19027064823997736
216	3	0.0
216	4	0.03340724488090383
216	5	0.16480898098089483
216	6	0.19027064823997736
216	7	0.19027064823997736
216	8	0.19027064823997736
216	9	0.19027064823997736
216	10	0.0
216	11	0.16480898098089483
216	12	0.16480898098089483
216	13	0.0
216	14	0.0
216	15	0.0
216	16	0.9225929120413258
216	17	0.0
216	18	0.0
217	0	0.19027064823997736
217	1	0.19027064823997736
217	2	0.19027064823997736
217	3	0.16480898098089483
217	4	0.19027064823997736
217	5	0.0
217	6	0.0
217	7	0.19027064823997736
217	8	0.0
217	9	0.03340724488090383
217	10	0.0
217	11	0.9225929120413258
217	12	0.19027064823997736
217	13	0.16480898098089483
217	14	0.19027064823997736
217	15	0.0
217	16	0.0
217	17	0.16480898098089483
217	18	0.0
218	0	0.0
218	1	0.19027064823997736
218	2	0.0
218	3	0.0
218	4	0.19027064823997736
218	5	0.0
218	6	0.0
218	7	0.19027064823997736
218	8	0.9225929120413258
218	9	0.19027064823997736
218	10	0.19027064823997736
218	11	0.0
218	12	0.03340724488090383
218	13	0.0
218	14	0.19027064823997736
218	15	0.16480898098089483
218	16	0.16480898098089483
218	17	0.16480898098089483
218	18	0.19027064823997736
219	0	0.0
219	1	0.0
219	2	0.9225929120413258
219	3	0.0
219	4	0.0
219	5	0.16480898098089483
219	6	0.19027064823997736
219	7	0.0
219	8	0.19027064823997736
219	9	0.03340724488090383
219	10	0.0
219	11	0.0
219	12	0.0
219	13	0.16480898098089483
219	14	0.16480898098089483
219	15	0.19027064823997736
219	16	0.19027064823997736
219	17	0.19027064823997736
219	18	0.19027064823997736
219	19	0.19027064823997736
219	20	0.15335180880683533
220	0	0.0
220	1	0.9225929120413258
220	2	0.0
220	3	0.19027064823997736
220	4	0.19027064823997736
220	5	0.0
220	6	0.16480898098089483
220	7	0.19027064823997736
220	8	0.19027064823997736
220	9	0.0
220	10	0.0
220	11	0.19027064823997736
220	12	0.19027064823997736
220	13	0.19027064823997736
220	14	0.0
220	15	0.0
220	16	1.6270738070384831
220	17	0.03340724488090383
220	18	0.0
220	19	0.16480898098089483
220	20	0.0
220	21	0.16480898098089483
220	22	2.919394092085086
220	23	0.15335180880683533
221	0	0.0
221	1	0.0
221	2	0.0
221	3	0.16480898098089483
221	4	0.0
221	5	0.19027064823997736
221	6	0.19027064823997736
221	7	0.19027064823997736
221	8	0.0
221	9	0.16480898098089483
221	10	0.0
221	11	0.0
221	12	0.19027064823997736
221	13	0.16480898098089483
221	14	0.9225929120413258
221	15	0.19027064823997736
221	16	0.19027064823997736
221	17	0.19027064823997736
221	18	0.03340724488090383
221	19	0.0
222	0	0.0
222	1	0.19027064823997736
222	2	0.16480898098089483
222	3	0.19027064823997736
222	4	0.0
222	5	0.19027064823997736
222	6	0.16480898098089483
222	7	0.19027064823997736
222	8	0.19027064823997736
222	9	0.03340724488090383
222	10	0.9225929120413258
222	11	0.0
222	12	0.0
222	13	0.19027064823997736
222	14	0.19027064823997736
222	15	0.0
222	16	0.0
222	17	0.0
222	18	0.16480898098089483
222	19	0.0
222	20	1.6270738070384831
222	21	0.15335180880683533
222	22	0.0
223	0	0.0
223	1	0.16480898098089483
223	2	0.0
223	3	0.19027064823997736
223	4	0.9225929120413258
223	5	0.0
223	6	0.0
223	7	0.19027064823997736
223	8	0.19027064823997736
223	9	0.19027064823997736
223	10	0.19027064823997736
223	11	0.19027064823997736
223	12	0.19027064823997736
223	13	0.16480898098089483
223	14	0.0
223	15	0.0
223	16	0.0
223	17	0.0
223	18	0.0
223	19	0.16480898098089483
223	20	0.03340724488090383
223	21	2.919394092085086
223	22	1.6270738070384831
224	0	0.0
224	1	0.0
224	2	0.0
224	3	0.16480898098089483
224	4	0.0
224	5	0.0
224	6	0.19027064823997736
224	7	0.03340724488090383
224	8	0.16480898098089483
224	9	0.19027064823997736
224	10	0.19027064823997736
224	11	0.16480898098089483
224	12	0.9225929120413258
224	13	0.19027064823997736
224	14	0.19027064823997736
224	15	0.19027064823997736
224	16	0.19027064823997736
224	17	0.0
224	18	0.0
224	19	0.0
225	0	0.0
225	1	0.03340724488090383
225	2	0.0
225	3	0.19027064823997736
225	4	0.16480898098089483
225	5	0.19027064823997736
225	6	0.0
225	7	0.16480898098089483
225	8	0.19027064823997736
225	9	0.19027064823997736
225	10	0.0
225	11	0.16480898098089483
225	12	0.0
225	13	0.0
225	14	0.0
225	15	0.19027064823997736
225	16	0.19027064823997736
225	17	0.9225929120413258
225	18	0.19027064823997736
225	19	0.0
226	0	0.0
226	1	0.0
226	2	0.9225929120413258
226	3	0.19027064823997736
226	4	0.19027064823997736
226	5	0.19027064823997736
226	6	0.19027064823997736
226	7	0.0
226	8	0.16480898098089483
226	9	0.19027064823997736
226	10	0.0
226	11	0.19027064823997736
226	12	0.0
226	13	0.19027064823997736
226	14	0.0
226	15	0.03340724488090383
226	16	0.16480898098089483
226	17	0.0
226	18	0.0
226	19	0.16480898098089483
226	20	0.0
226	21	1.6270738070384831
226	22	2.919394092085086
227	0	0.0
227	1	0.9225929120413258
227	2	0.0
227	3	0.19027064823997736
227	4	0.0
227	5	0.16480898098089483
227	6	0.19027064823997736
227	7	0.19027064823997736
227	8	0.19027064823997736
227	9	0.0
227	10	0.0
227	11	0.19027064823997736
227	12	0.19027064823997736
227	13	0.19027064823997736
227	14	0.0
227	15	0.0
227	16	0.03340724488090383
227	17	0.0
227	18	0.16480898098089483
227	19	0.0
227	20	0.16480898098089483
227	21	2.919394092085086
227	22	1.6270738070384831
228	0	0.0
228	1	0.19027064823997736
228	2	0.9225929120413258
228	3	0.0
228	4	0.19027064823997736
228	5	0.19027064823997736
228	6	0.19027064823997736
228	7	0.03340724488090383
228	8	0.16480898098089483
228	9	0.0
228	10	0.16480898098089483
228	11	0.0
228	12	0.0
228	13	0.0
228	14	0.19027064823997736
228	15	0.19027064823997736
228	16	0.0
228	17	0.19027064823997736
228	18	0.16480898098089483
228	19	0.0
228	20	0.0
229	0	0.03340724488090383
229	1	0.19027064823997736
229	2	0.19027064823997736
229	3	0.19027064823997736
229	4	0.19027064823997736
229	5	0.16480898098089483
229	6	0.0
229	7	0.0
229	8	0.16480898098089483
229	9	0.9225929120413258
229	10	0.0
229	11	0.0
229	12	0.16480898098089483
229	13	0.0
229	14	0.19027064823997736
229	15	0.19027064823997736
229	16	0.0
229	17	0.0
229	18	0.19027064823997736
229	19	0.0
230	0	0.0
230	1	0.19027064823997736
230	2	0.19027064823997736
230	3	0.16480898098089483
230	4	0.19027064823997736
230	5	0.19027064823997736
230	6	0.19027064823997736
230	7	0.0
230	8	0.0
230	9	0.19027064823997736
230	10	0.19027064823997736
230	11	0.0
230	12	0.9225929120413258
230	13	0.0
230	14	0.0
230	15	0.0
230	16	0.0
230	17	0.03340724488090383
230	18	0.0
230	19	0.0
230	20	0.16480898098089483
230	21	0.16480898098089483
230	22	1.6270738070384831
230	23	2.919394092085086
230	24	0.15335180880683533
231	0	0.9225929120413258
231	1	0.0
231	2	0.19027064823997736
231	3	0.19027064823997736
231	4	0.19027064823997736
231	5	0.0
231	6	0.19027064823997736
231	7	0.0
231	8	0.0
231	9	0.16480898098089483
231	10	0.19027064823997736
231	11	0.19027064823997736
231	12	0.19027064823997736
231	13	0.0
231	14	0.0
231	15	0.0
231	16	0.0
231	17	2.919394092085086
231	18	1.6270738070384831
231	19	0.16480898098089483
231	20	0.0
231	21	0.0
231	22	0.03340724488090383
231	23	0.16480898098089483
