## RankNet
## Epochs = 50
## No. of features = 48
## No. of hidden layers = 2
## Layer 1: 10 neurons
## Layer 2: 10 neurons
1 2 3 4 5 6 7 8 9 10 11 12 13 14 15 16 17 18 19 20 21 22 23 24 25 26 27 28 29 30 31 32 33 34 35 36 37 38 39 40 41 42 43 44 45 46 47 48
2
10
10
0 0 -0.08062835375030092 0.05728953690887328 -0.07317651100193401 0.08998132317971896 -0.03076605802440529 0.026697901583740517 -0.06869091929808815 0.039022540329280306 -0.09202761123869187 0.09883497492713102
0 1 -0.029127150774002075 0.09502245485782623 0.06621964275836945 -1.9365548723726533E-5 0.020479869097471237 -0.08059369772672653 0.04927576705813408 -0.09723283350467682 0.010569185018539429 0.034907035529613495
0 2 -0.0051663098856806755 0.09554773569107056 0.01844855025410652 -0.07788371294736862 -0.018189793452620506 -0.04919832944869995 0.018531393259763718 -0.09953434765338898 0.013770604506134987 0.07039477676153183
0 3 -0.04090236872434616 0.08318091183900833 -0.08873412013053894 0.006398600526154041 0.021074438467621803 0.0017885684501379728 0.07949971407651901 -0.06754769384860992 0.03035932220518589 -0.04906827211380005
0 4 -0.09413450211286545 -0.0443076491355896 0.06147608906030655 -0.07999901473522186 -0.047980450093746185 0.047227054834365845 -0.05310438945889473 0.03903215378522873 -0.07196184247732162 0.04010001942515373
0 5 0.011796146631240845 0.04847847297787666 0.007699710316956043 0.013690096326172352 0.029991399496793747 -0.014441674575209618 -0.0642043724656105 0.06504551321268082 -0.004841023590415716 0.0831507071852684
0 6 0.08414267701505902 0.015153197582947657 -0.03601314752671635 -0.05340912985532152 -0.08231648054911604 0.016327176642850758 -0.0033495001319535 0.05413213098774165 -0.0478808120460356 -0.04168743863843134
0 7 -0.07615374515039948 0.02823827970903653 -4.699400388804592E-4 0.07786285864065906 0.08530039855675858 0.037749863503867526 0.030871501538317813 -0.04905563298460688 -0.022482158698346015 0.08108662255607363
0 8 -0.020043460713934442 0.08711977541575168 -0.06635002489854826 0.08119517217044221 0.06580887435360024 -0.0836151025800726 0.01876409366734419 0.0882406506328452 0.06405876983032638 0.08379256677396847
0 9 0.07148621038882771 0.0856403508795235 -0.02491631429364184 0.06840829948548661 0.01068063805235699 -0.09359005164194317 -0.07140298359088479 -0.0012472119075638188 -0.034911032430072285 0.04055905666716642
0 10 -0.0932636205723997 -0.08265118807425763 0.08769887987802492 0.047443215051931435 -0.07748798580484322 0.05559231642794384 -0.09915926478795586 -0.032104397973550566 -5.032215399565432E-4 0.055195040521698664
0 11 0.09132499790625596 -0.0949567271307194 0.046335445505185986 -0.08046780815456755 0.025466024682585346 0.09143563918549064 -0.010229931210098585 0.09315506006250746 -0.06061823530511505 0.031048223248047558
0 12 -0.05802990527497663 -0.016361993815022638 0.04832350579418277 0.06881394352546585 0.037189001656768694 0.01491582619593064 0.010241974185777204 0.07155855797123685 0.07833913845256661 -0.08570469038476125
0 13 -0.032199789291447414 -0.04534671246767938 -0.08219168645423333 0.0801486900851768 0.06168067588958069 -0.013647361560566054 0.06234531366955349 -0.006489973613106121 -0.013545904353890068 0.0164514752302626
0 14 0.09923938222284934 0.033660035700817985 -0.07328837055662919 -0.08490754184607022 0.06992122565822537 -0.027812311957415552 -0.03667427753778695 -0.012253469428720168 -0.033647334596878666 -0.00703812178418175
0 15 0.04005685635851942 0.004016624257682738 0.09294131055493406 -0.08936950098262493 0.016319071594455642 0.037298844226869216 -0.09663016514555028 0.045081254397772684 -0.0586545967039256 0.003999016880279219
0 16 -0.023845463250692478 0.03719824283702209 0.08532470269958288 -0.04324829240186272 0.06457222354596164 -0.04836124245383958 -0.07844254014138596 0.08820976010650222 -0.01525546967840612 0.04848222212224058
0 17 -0.010486506686402313 0.07024964477541515 0.01892271997951943 -0.051557288513571845 -0.08433824786602419 -0.021891626954211162 -0.0092979811171143 -0.04857849412237752 0.08486422744065827 0.018444418354890593
0 18 0.06477109474413019 0.0792820590907352 0.08186463127217394 0.08026342463790151 -0.03678781322350511 -0.02215656425479189 0.02982367404848914 -0.03534124812973569 0.09382460202745503 -0.04506223921870907
0 19 -0.0814072811641273 0.0057502970216253045 -0.015770640274906576 0.0488997306643219 -0.06460620735716822 0.030323051978885587 0.0786174371924426 0.09177455507130759 -0.09545806383897094 0.03307047569209145
0 20 0.09619482367853552 0.03008096656998779 -0.028847619010532292 -0.060349730777910233 -0.01819159922134852 0.08051214845949374 -0.017986526331660136 0.020802188812805114 -0.039871479926598355 0.0462687247341256
0 21 -0.059141415968397254 0.020041657102070044 -0.06743323001829975 0.08817050046785214 0.008467641682730547 -0.05371894051298758 0.018204006217384525 0.029890662331451864 0.06508099606406031 0.07171025631501891
0 22 0.016517226459199348 0.056612495038451005 0.038410611783277725 0.012772909319558169 0.06944078038151812 0.08501867988949414 0.049899205045098566 0.08357644407561085 -0.01917015933201928 0.0063556556315082224
0 23 -0.07241981725459466 -0.07720596606911537 0.0697590768968593 -0.08808843699629675 -0.07238182245868728 -0.02218813507436317 -0.06681600992031958 0.032544180197833325 -0.0441817065830864 -0.040088265368533195
0 24 -0.08223733112940708 -0.002989944377427822 -0.04048669499948897 0.07066700938370159 0.06280669009311214 -0.006110041056161837 -0.019738158458898383 0.06543692910236247 0.09131714865644619 0.05183482816037949
0 25 -0.08750162229936762 0.06548819241684717 0.056463011507400185 0.06903743302716198 0.09389675762139421 -0.06434222596517307 0.05650434116338207 -0.028396050136627136 -0.08130669656200588 0.029135388592678585
0 26 -0.02325922497202181 0.004984403243599798 -0.001655767913057451 0.023600362420117888 0.027006978082804937 0.05013509264293027 0.04899354133881393 0.07638659713773936 0.009837005319131478 -0.004954843270160539
0 27 -0.04164212063694977 0.012656540230178008 -5.8662060069976915E-5 -0.005595515035926545 0.024936149125307058 -0.02753789327136318 -0.08183517389393692 -0.07371532700662946 -0.0021351723363314886 -0.07248269575962105
0 28 -0.03436878929661855 0.021354225411565172 0.05449979979703052 -0.038162172189043976 -0.033735110469065605 0.024861136306880492 -0.09878406807864992 -0.0708735450863294 0.08804324839038428 -0.0704226508875683
0 29 0.03950154348752156 0.06185915351847118 -0.0826103607547015 0.06362279389486364 -0.0938578080744535 -0.051351782690309364 0.04116881944623532 0.04350628334519505 -0.022263907835645 0.06449515759617219
0 30 -0.07229872636192729 -0.05263466077457228 0.030678402974633832 0.07201396972513169 0.04779092280531252 -0.09651768465513234 -0.0580394403312798 0.09786912386700916 0.047555111667249045 -0.020505198603424687
0 31 0.057896847760172794 0.030481724467082732 -0.017352347480179876 0.0503774282948543 -0.048367423910326605 0.022939711028086805 -0.07423191079600551 -0.036503231442776174 -0.09359443874914261 0.04870289647125965
0 32 0.03186807962925628 0.05184708680918912 -0.057254691892041035 -0.05607299561967159 -0.07475270463779927 -0.017608627747919093 -0.06468593659989438 0.0672090162642916 -0.03829779504451009 -0.029640886335306597
0 33 0.013053783767423749 0.0012511824156167571 -0.03436274021701424 -0.09054713073793075 0.08268934230202832 -0.013606932316767663 0.005528614660363395 -0.09416538106474276 -0.09960548925082069 -0.04184528623085375
0 34 0.01187546318857636 0.025849328140499225 0.07197472566629735 0.048012903064523334 0.03371732310061132 0.030583695722258435 -0.09381588720887377 -0.07956574218696688 -0.03850540878096527 -0.004200489990991636
0 35 -0.09562891607043149 0.04281179632164076 0.004602049284466207 -0.09612724944969775 0.024387554778207095 -0.031710947731085 -0.042214278384586745 -0.09583777126936546 -0.03950669348387193 0.09142858310643756
0 36 0.02961707638925643 0.09394479087356643 -0.08454812116400981 0.06550277443023374 0.05558320122652737 -0.0226948315970753 -0.07480445942112904 -0.04526807898020407 0.1023145468235371 -0.0033171703621630204
0 37 -0.029874265559348967 0.09920652505311534 -0.02106206246907098 -0.09501827941648817 0.07390764884811009 0.04915648793510394 0.07307342479998917 -0.05761955085926007 -0.04874858004005609 0.025522087836292538
0 38 0.006828648813893326 0.06661855377605316 0.06320398382307281 -0.061382619445574174 0.031062682660753783 0.09713097852966811 0.06785658664340229 -0.031227207780746728 -0.04728952908626513 0.05135928488431881
0 39 -0.05118366532690328 0.023952288035062632 -0.08114986040233384 -0.07787809312845453 0.09520042458408587 0.027694150855159874 0.05809855378503034 0.08872904904100497 0.05308932325133367 -0.05883105822743465
0 40 -0.07130177588828884 0.022693390819715914 0.036206923962735206 -0.08748549603780363 -0.09699030785488053 0.06923126506806039 0.054991740274708836 -0.08270299868344064 -0.06345312800950209 -0.07025310630958324
0 41 0.02389664319995067 0.036491045617805876 0.018594332491938648 0.02713125767162582 -0.09945662454592585 0.06683092922229308 0.01536774290034013 0.04223392090904342 -0.022413960414622573 0.044475968439609735
0 42 -0.016548378316986356 0.014756376646107306 -0.019377985596465967 0.09341897716695423 -0.012695552521705313 0.08027543976016584 -0.058556959709706514 0.043870046337970585 -0.06863204550733096 0.07548426099555239
0 43 0.06756148018529401 0.006503746228350196 0.03682169266416172 -0.04006781919967915 0.09110707712093206 0.04300267012644574 -0.024609031965934426 0.057487507492926686 -0.010858895602339491 0.0827652196898308
0 44 0.06209974420064509 -0.03772992719315288 -0.05379224024429235 -0.019600196369532214 0.09842043815084699 -0.0340210476500666 0.08433719006671442 -0.07216740943595841 -0.018963555684535498 -4.169857352000987E-4
0 45 0.024354860752759683 -0.09246607203387029 0.055794412124014765 0.015218214503880854 0.028536840136134608 0.07973428279331522 -0.06358007314310538 -0.025532292054147396 0.020757396826298243 -0.05705437345793066
0 46 0.017759129291696697 -0.0056923631913942995 0.048470867374884735 -0.09729458850283809 -0.03282821069093626 -0.007094370182154491 0.08815826539682986 0.04462646557314126 -0.00464007403746208 0.08491656392306288
0 47 0.08113594433691533 0.07423254399027772 -0.009987287540976407 0.051349192110384474 0.08830679005855493 0.017922936925832644 -0.0026038014807558043 0.0293255516553813 -0.0434428842518949 -0.04126653214509711
0 48 0.02982918157117364 0.05560952295511123 -0.09433341978807833 0.08719556489850633 0.06746323946184338 0.05930449254590554 -0.09798347577166336 -0.09397839372386568 -0.01093387840704561 -0.013528772758024098 0.03854487859906935 0.03797732289727139 0.05600961760670527 0.016987754827768195 -0.08008770823487674 -0.09194971010851259 0.02115252790613979 -0.05853190353432933 -0.00659322765632298 -0.07126365874411926 -0.051755139466604275
1 0 -0.08181180973387853 -0.09051849579953122 0.053043115799878665 0.02549669742675076 0.02162357132341031 -0.07720925672859578 -0.004773215485595605 0.09977268359236915 0.08861484336364861 -0.06054009447155839
1 1 -0.0684561136937836 0.06580356893714782 0.09167722634549778 0.09952648812299604 0.009392154355338083 0.08849812328012487 0.005701202413403858 -0.020184526277196087 0.047936127920013165 0.06236544333676938
1 2 -0.09502885258008376 0.06597809079454649 -0.04223895935145145 0.08273328343164277 0.08295788532592943 -0.03887603960235352 0.04666964125676325 -0.08633426637455835 0.0337195341327735 -0.059934318991744145
1 3 0.009693201611892858 -0.04103456329648954 -0.05690425983564227 -0.02643851185834599 0.07308860462890682 0.06938191265867394 0.0022885054432664853 0.030373497532322314 -0.0724577755520614 -0.08832835605430778
1 4 0.08900783009543844 -0.039188283107680695 -0.0775141331295938 -0.03413333470324951 -0.08950276113185683 -0.0026369217694122648 -0.06929940705154616 -0.02725853072480001 -0.015540019513289276 0.05864442179451841
1 5 0.029522220139025696 -0.09465865205951189 -0.04431816552211816 -0.09134265761798671 -0.005890539413966416 -0.014447476480513834 -0.09384585560495749 0.030225220712628925 -0.017624454334598603 0.03639068474236418
1 6 -0.06794836948899352 0.08249010571576731 0.002398769150313376 0.028373458713478315 -0.09336462556795679 -0.005103420840739162 0.022115724413553084 0.057073175229592314 0.032814213442836776 -0.07248288058939287
1 7 -0.018129849813950515 0.02955086901955799 -0.06413936986475068 0.03871473845760481 -0.0562632906840841 -0.029225245142890377 0.027660505274988353 -0.08955906339469559 -0.005517362312299879 -0.0887334792489193
1 8 0.07223740500226218 0.018458225525594063 0.07345326988426056 0.03387770684101332 -0.07913761904482182 0.034574921242444635 0.05776129272816948 0.020617464596002416 -0.09850913123229148 -0.0340196790607847
1 9 0.08085113692255805 -0.05447680019259278 -0.011688774239482018 0.012069578186278828 -0.049219512941673704 -0.06585480748505854 0.02828854947396431 0.01593641146686999 -0.011235677325042583 0.04114227920133649
2 0 -0.028191215204294295
2 1 0.03999016293323648
2 2 -0.08955022635432075
2 3 -0.098710446590295
2 4 0.0867806194247912
2 5 -0.09788362482833889
2 6 -0.0421522137654535
2 7 0.0852073922638419
2 8 -0.04877873079133037
2 9 -0.061370678444640205
