## RankNet
## Epochs = 50
## No. of features = 48
## No. of hidden layers = 2
## Layer 1: 10 neurons
## Layer 2: 10 neurons
1 2 3 4 5 6 7 8 9 10 11 12 13 14 15 16 17 18 19 20 21 22 23 24 25 26 27 28 29 30 31 32 33 34 35 36 37 38 39 40 41 42 43 44 45 46 47 48
2
10
10
0 0 -0.02849551672529629 -0.09257472986903502 0.046354162883288474 -0.05835220682338292 -0.08620614653836872 -7.87706218227797E-4 0.08689045405971266 0.07765716139894951 0.08171504060159834 -0.03264972120564901
0 1 0.0360906645655632 0.05866583436727524 -0.0371071919798851 0.0854366272687912 0.04102390259504318 -0.07833117246627808 -0.02109842374920845 -0.0717155784368515 -0.059500254690647125 -0.006296700332313776
0 2 -0.05004184693098068 -0.03369070962071419 0.041805051267147064 0.07926097512245178 0.01762779988348484 -0.029140055179595947 -0.020005714148283005 -0.0501379668712616 0.06578944623470306 0.07188902795314789
0 3 -0.02357659302651882 0.022090518847107887 -0.02767779864370823 0.053838957101106644 -0.029061371460556984 -0.09248713403940201 0.01614411547780037 -0.04455339163541794 -0.0014053166378289461 -0.09725131094455719
0 4 -0.0585753433406353 0.02122518979012966 -0.0999220758676529 0.0059362053871154785 0.014572149142622948 0.07452292740345001 -0.002816277788951993 -0.06834547221660614 -0.06422916799783707 0.06911619007587433
0 5 -0.050751048163435404 0.054715362075040776 -0.021772941407850303 0.01169215641051871 0.022232339751804987 0.06250000431644509 0.01101603527183032 0.09318621133709146 -0.03144511919248386 0.08801693832737373
0 6 -0.040103476494550705 0.029107529670000076 0.08140264451503754 0.06729067862033844 0.021011805161833763 0.014368647709488869 -0.018783116713166237 -0.005324238445609808 -0.01595536433160305 0.04833334684371948
0 7 -0.0031638145446777344 -0.09421000629663467 -0.03195255249738693 -0.0619979128241539 -0.05348382145166397 0.016248393803834915 -0.04847802594304085 0.09611041098833084 -0.03316918760538101 0.09726348519325256
0 8 0.03848944301159835 -0.03826493608380121 -0.010406801519494899 0.0440076653570822 -0.03515386796262338 -0.02542946112056949 0.06635730456154836 0.05575818885886008 0.004109886046275434 0.05846678786551951
0 9 0.026892930962161568 -0.047307299697645126 -0.004084781320345031 0.05432586639234335 -0.06221373594071939 0.05903269353607922 0.058091224390678986 0.08380716611468071 0.03239743368677787 -0.05810432932698728
0 10 -0.010552793979628404 0.0029454782923087493 0.056799842002290706 0.05374497815081389 0.01731452876064681 0.08902093771199009 -0.050949680399484054 0.06024691034876639 -0.09979996873088139 0.03403339110887049
0 11 -0.004607629588997532 0.040724169207634386 -0.0967718162102994 -0.03304288145051491 0.07224228646926192 -0.05701260619505545 -0.06308228701873594 0.02683542658805316 0.00878981805418553 -0.0317482400673797
0 12 -0.09896406129845833 0.024306768206543043 0.012405494682922453 8.123932549146108E-4 0.0388912176059941 0.04005186201550187 -0.02255555829105369 -0.004137020633845575 -0.09439892142214353 -0.003968849364118375
0 13 -0.004793667606412145 0.08990018692379219 0.034208384065371 -0.03982748712675955 0.03029194679824239 0.010026854049795333 0.04233708477434314 -0.06931842186990325 -0.009082118842665651 0.03801931277456206
0 14 0.07574020194667798 0.009971724310194156 0.04235165842377727 0.037545472799511904 -0.09061106009793295 0.046466797219829534 -0.0036975518131213995 0.09507395178690924 -0.002661557583848646 0.056823243739014366
0 15 0.05496920445871493 0.021544044990930353 0.08583488971949738 -0.04904871645982334 0.015387665332006228 0.06678510338470019 -0.07461991774312356 0.07577826508016897 -0.07890863304731106 -0.042390350122288645
0 16 -0.06294758219063319 -0.09600339144235641 -0.008042453724970856 0.0376870513008963 -0.04220742028806097 -0.05727597257026407 -0.0111717785120774 0.09213288517668122 -0.08850871762415054 0.08576996861646073
0 17 -0.013279658742249012 -0.03609716147184372 0.01987890526652336 -0.04033122584223747 -0.017047399654984474 -0.06724686920642853 0.0025504648219794035 -0.02576007880270481 0.0939864069223404 -0.07019780576229095
0 18 0.05199409823999349 0.033510978926539446 0.05951985113076233 -0.018591552037841134 -0.05600650691415487 -0.09267754432940592 0.06290947561031872 -0.021261982351990356 -0.046127886671373616 -0.06929079466927766
0 19 0.06612375642040079 -0.09299535544255078 0.06380810314833617 0.041952682701977106 0.0011827675318548002 0.09299045471436321 -0.0427210122080254 -0.07011296719793833 -0.039477666655813225 -0.09526921947658587
0 20 -0.06605677788278753 -0.054176251009491 0.05743724206506705 -0.01691208496120385 0.028181596628410476 -0.0014427830841487875 0.07660832482262372 0.035495905871348835 0.10470140557524082 0.01744858409106236
0 21 0.06578341389873331 0.0074008800309033574 0.10176817799031239 -0.06001391443785825 0.03269663170634023 0.012769569139545533 -0.03634944704488987 0.09485147028680288 -0.059635216186081384 -0.05571214993656183
0 22 -0.06644465029239655 -0.0811520591378212 0.0279993899166584 0.08182916045188904 -0.0579780712723732 0.014164596796035767 0.008023065514862537 -0.054958682507276535 -0.057326190173625946 0.062466930598020554
0 23 0.01143538470247002 0.04311607165596196 0.014458787683839545 -0.039072262080279974 -0.06279306582452539 -0.09108349265568913 -0.07575253916100741 0.05881909161325015 -0.07564126868013027 -0.03058802102864284
0 24 -0.0050262450240552425 0.05388278514146805 -0.018529605120420456 -0.017142975702881813 0.03315608575940132 0.035668957978487015 -0.05514223501086235 0.02258474752306938 0.052796147763729095 0.09065496921539307
0 25 -0.04949301306023653 0.018832554702281963 -0.030419437664231986 0.09291772079085675 0.01651535286579904 0.08592197718834768 0.07251487587458187 0.04955077756896463 -0.013265759844133309 -0.0764768796550107
0 26 -0.0016545712715014815 0.023279141634702682 -0.09924475103616714 -0.08154410123825073 0.0028856575954705477 -0.04178223758935928 0.04178217798471451 -0.03226152062416077 0.009717702865600586 0.06632612645626068
0 27 -0.09361735270626283 -0.0022316565392730965 0.033275972626285046 -0.005140389625712812 -0.07843314124560466 0.004094585731333923 0.025867141168491176 -0.07541098405856966 -0.05172412528702175 -0.023584476893064785
0 28 -0.0293341497558363 -0.17988994362733376 0.017522043636444242 -0.15018194821210515 0.08337435392100834 0.16254370439426627 0.04011758968416142 0.02883176312053926 0.11489011110363642 -0.13783173474064764
0 29 -0.0934482038707362 0.040325722249369554 -0.08909505713847406 -0.03468962195293935 -0.030448990448130674 0.019945392146033095 0.03661636070767396 0.08748333115444293 0.0169160703754434 -0.0355882338108436
0 30 -0.022719287753178122 -0.1021549593549544 0.14164088176404985 -0.11232807120254049 0.10063388784096831 0.036769608394090394 -0.007554167044583606 0.038899034328104536 0.04384073369943189 -0.08308641233100819
0 31 0.07760548838592422 0.06984165272398268 0.04397064334812512 -0.015035805423173463 -0.054808305578323335 0.01799718997259251 -0.0642116804424579 -0.021576653413801404 0.022267235297435555 -0.04992688897053202
0 32 0.02313977060418749 -0.052160140976581684 0.1321629287902139 -0.12489132725700855 0.12689887179847936 0.0391489663576498 -0.012984887491992666 -0.09835715344548124 0.148745749167433 -0.0778966773422173
0 33 -0.07567929905203173 0.049496999589598696 0.013825159478881622 0.07676843856313212 0.0040938611265450495 0.039229641246793207 0.06633387504441464 0.009886306799322623 -0.09875865101757327 0.05491582008974322
0 34 -0.06530989525437819 0.03417757600815242 0.13995592405724355 0.006759504103946806 0.055665023703710764 0.02971891933365736 0.09917309777681511 -0.0601805068276517 0.07399619911573226 -0.027231095350448802
0 35 -0.03284712982135269 -0.052361524269019154 0.014623393745253002 -0.1350591103634245 0.0767102831792323 0.04983712728498618 -0.05499381348997891 -0.05611074816890376 0.17245313269588525 -0.13597819612802167
0 36 -0.029448233748540862 0.04188496597296494 -0.07280010843228044 -0.005498991367268859 0.06886489780972457 0.10148367528998331 0.07408150161625679 -0.07524093611036076 0.04308303141029511 -0.043085516708588116
0 37 -0.02188433042616347 -0.045582456829050835 0.13311160978728218 -0.079611805257005 -0.011469816419632848 0.0676820395001553 0.050973094743169696 0.0421931398042692 0.1064264369434259 0.030711819384182375
0 38 -0.0940900176396288 0.04298985454346981 -0.003957453953664537 -0.09192176172278464 0.02473218668122157 0.009990153449524758 -0.09319520256647382 -0.02396132554251537 -0.007317710977946508 0.007667899419477343
0 39 -0.021856523268452985 -0.054099186480976676 -0.04461284710709361 7.762342248894738E-4 0.09224289025981279 0.001012984278549006 -0.0613022211862497 0.010813312238568028 8.659355908491395E-4 -0.0036502894396724284
0 40 0.08598872724867686 -0.06451103758905094 0.05634213255103322 -0.007726547399084957 0.0526502814503415 -0.0018269325728225336 -0.07732204607853208 0.015571205510312386 0.002018427166188938 0.09416560857456015
0 41 0.0946271926172015 0.053696393711389956 -0.05105711747839964 -0.015868505275707434 0.0015997719657011049 0.08459243572608302 0.07811152010635561 -0.026719013329153603 0.08975254117523294 -5.410183325764434E-4
0 42 -0.06637921594409557 0.003988910919036424 -0.041954785781009696 0.06957435970211379 0.09252088311475276 -0.02213537551947452 -0.08256659693910312 0.0906785502455358 0.05931150379151735 -0.07490529352695076
0 43 0.05544687316568528 0.050427829251092106 0.034463717976432884 -0.0654264237520845 0.05938972725095986 -0.024122464984855534 0.024764921504259154 0.06624687812430972 -0.0684684768624852 0.08974624271483778
0 44 -0.08985177374691981 -0.06424274025933736 -0.04485491034974643 -0.05517532488001184 0.00407464322854174 -0.00905412130870984 -0.06137443946531489 -0.05546866153086583 0.09496236865191866 -0.02971194232337613
0 45 -0.013460127108406595 -0.0667858990885495 -0.06189297256459716 0.08522746155368506 0.06306532290984257 0.026200470767234044 0.062209272218435266 0.08068356494699566 -0.08193339879841398 -0.06294317650132332
0 46 0.07699338399558049 0.017320058210921484 0.07008827360878464 -0.04633626898420648 5.324892919851219E-5 0.061360015786502894 0.09159803522893743 0.057665122852669566 -0.0495319450947723 -0.013419412211407652
0 47 0.07127809042909448 -0.03139439465143951 0.04779831791340804 -0.05099313143071332 0.02874512315450396 -0.020644561890894843 0.06586745607538938 0.09041025369878256 0.024337742661799257 -0.0701296864932828
0 48 0.04468933343961233 0.07529489670497369 -0.03966575344040907 -0.044622290692191244 0.04910028022102638 -0.018770208365165002 0.04028975411729047 -0.050981493766909226 0.0892774474528895 0.06301228962956182 -0.04343962881548532 0.04364994028932938 0.013187049419767278 0.09935009849272175 0.035190012095232225 0.07072052535050766 0.002790002009757084 0.02556055444082766 -0.07165502314314424 0.03815264717570236 -0.027420983441014537
1 0 0.03319667379710922 0.020143751068851346 0.004191650323955471 0.0644651641609148 -0.0379550474613172 -0.025052382365816483 -0.03983578476838375 -0.08578354077390347 0.06351180267252085 0.026720178353909916
1 1 0.06924100378630875 -0.01607350435813733 -0.046547664375710326 -0.0955980498922408 -0.0369533717717838 -0.0385846576268197 -0.027224145241015445 0.06680692665714369 -0.09687201894285238 0.09906312640032214
1 2 0.010612577445943972 -0.007036979873262623 0.060176604707866545 -0.08413937947560812 -0.07954351973238905 0.014576896656504633 -0.08834534486685672 0.09199379641186335 0.069056656649523 -0.051491145720881634
1 3 0.09226611313255362 0.00839226597363563 -0.07770134187057799 0.08504840904586732 0.078490857331443 -0.018065193072485643 0.04625138960910294 -0.005418492457953005 0.09791722264250782 0.05055341242213285
1 4 -0.050052902000956564 -0.002793477776412913 -0.05433119315425779 0.058992769047548715 -0.06093737678911231 -0.04380764094117493 0.073035319973892 -0.015784123037564456 0.05105735258272789 -0.04323385798095786
1 5 -0.05994866666185226 -0.04157034132544338 -0.05954486858474737 0.09693691622372974 -0.06562471891440347 -0.08670901752098822 0.09975037624403425 -0.026300424874932293 -0.02263632817073313 -0.08322637087154457
1 6 0.055779205396102954 0.014760810193261444 0.04216215375125641 0.07149975054612683 -0.011558384696282667 -0.09104780626039057 0.03825573913443488 -0.08454399403630632 0.04427008581270508 -0.013204804595755112
1 7 -0.008743044343400007 0.04873183638423771 0.06371313441249302 -0.08617160421837047 0.09044499520082692 0.09981899211466538 -0.080902963861983 0.002096105994686753 0.026510389152450083 0.09741416731511224
1 8 -0.06099444716472758 -0.054871356570682636 -0.09307933308297445 0.02477519401514702 -0.07999066247866846 -0.04292295625041431 -0.06771511527300698 -0.019022094097957434 0.08553934086862808 -0.08977486333556876
1 9 -0.08845782600247193 0.0900796391747957 -0.05243300616118909 0.06562737487704637 0.007158220885499739 0.0940735092709438 -0.054093501257338576 -0.09276035589099721 0.03262152461658304 0.04516183410054435
2 0 0.08367553115688296
2 1 0.049974276700441335
2 2 -0.05338819478100615
2 3 -0.027155295850652534
2 4 0.013506723187668233
2 5 0.07212258430111855
2 6 0.050755633715714815
2 7 -0.06416951399939534
2 8 -0.041220881643821816
2 9 0.05791690845890702
