## RankNet
## Epochs = 50
## No. of features = 48
## No. of hidden layers = 2
## Layer 1: 10 neurons
## Layer 2: 10 neurons
1 2 3 4 5 6 7 8 9 10 11 12 13 14 15 16 17 18 19 20 21 22 23 24 25 26 27 28 29 30 31 32 33 34 35 36 37 38 39 40 41 42 43 44 45 46 47 48
2
10
10
0 0 -0.5768712186314673 1.5134383618613978 -0.8424798994285243 -0.8459830545358785 1.5933676534871553 0.8974834509444494 -2.4762177301424013 -1.5457964184560866 -1.0944823822078338 1.0874770113174865
0 1 -0.0687349457659702 -0.12593800824021992 0.03654867432326565 0.004407766902622244 -0.04959508825417073 -0.021979639114897434 0.10592013319038895 0.023974372044844313 -0.01748300000125363 0.05556428246697413
0 2 -0.048830082629160124 -0.07700300025194408 -0.008257006879414825 -0.050607386797383615 -0.13509169787683395 0.04801579405824274 0.06852906955208081 0.06174883440617958 -0.04172016937731782 0.013212600740721961
0 3 0.1066077291036218 0.04595314048907977 -0.06270062315345785 0.048933602658465525 -0.13885905564246234 -0.10470358462438759 0.032365608882326855 0.039128665681189195 0.03351217559996444 -0.034313741569235175
0 4 -0.08230312281954967 -0.12990784615007922 0.021459647300680736 0.11320476123766444 -0.12472040987829536 -0.024026113484049517 0.12293772454666502 0.05543153913462815 0.12044834649151683 0.02612728750653512
0 5 -0.09096895296010053 0.003061410314491679 0.09498040568500571 -0.08027241209046564 -0.09253091215432059 -0.04485376515805786 0.01832622047003512 0.07516815547672866 0.023560297840742667 -0.07969781145216719
0 6 0.06969638621177618 0.12748850724511554 0.020811846334381344 -0.10438023943744859 0.0688727036758958 -0.012580425631221711 -0.08367355017825423 -0.06585568541310155 -0.12435128217139971 0.04123797768402577
0 7 0.039136337869034935 0.025285569009006015 0.1123827039726289 -0.027928042146430965 0.012178412123065042 0.03919429238665784 -0.011309880363860304 0.02952938996168139 0.05092349286031015 -0.11116629023935164
0 8 -0.08875854013464013 0.013247180369715502 -0.011653893350655668 -0.0361788525551944 -0.02402923674788021 -0.08359433255493784 -0.05190277442828127 0.007635495248170096 0.024798569105060602 -0.02000420877302463
0 9 0.04416858332067996 0.06888109502623517 -0.004691844529500099 -0.06853223138579496 0.09612934059103068 -0.05214272356879133 -0.04992664203539797 0.004522487609576941 -0.04209612419506697 0.03758480435678237
0 10 0.03954401558061609 0.03894833111877256 0.05234261271732863 0.05519536101317668 0.0970013351178468 0.026295343198146536 -0.08581740004600802 -0.0867718497482188 0.09606018321816093 0.09458613232743886
0 11 0.050776234820928766 -0.032840777847111195 -0.030404566234497388 0.07056784015503774 -0.08628941348608304 0.042112689185061544 0.055676921582550075 0.02015511078388965 -0.05969157024194853 0.05253788500377618
0 12 -0.04064161341150968 0.3615066620333864 -0.12094439429838545 -0.08613656525298824 0.3503654549983919 0.24062072020265385 -0.4646922489564648 -0.4238199962963372 -0.31339628226120453 0.24240646290675144
0 13 0.06608257813153445 0.07231127113392798 0.02309934337783925 -0.09228373104716249 -0.08136085799323432 0.0516362338999106 0.0022737770147876076 -6.192687983809593E-4 0.09445299433527136 -0.007478692056714794
0 14 -0.10784511240360978 0.37207363161481327 -0.20070430112776438 -0.14040644316834625 0.3720525231046729 0.1877131181807377 -0.4519440854079516 -0.24666458655207713 -0.2551758307773836 0.14323517834465352
0 15 0.09258360618915655 0.022847047739567024 0.06941443957924404 0.07599063200515337 -0.091000773643248 0.07743058918436085 -0.05907756208545244 0.030491866586325352 -0.012635794108775343 0.006377998490319713
0 16 -0.03787773320126376 0.08847812549868452 -0.08114291299521187 -0.08883251843415832 -0.07596856633491209 0.04860938282692204 -0.04707144716987707 0.01974757321379462 -0.03347348241638912 0.0032038447669940308
0 17 0.02024990573339679 0.04524151390914066 -0.02273697503602466 -0.05764153178609719 -0.050822083886351455 0.04356452061860971 -0.0706240924980279 -0.07409487683839433 -0.03568903042452154 -0.05526409569413236
0 18 -0.07529156836809894 0.09387180084398378 0.09472700037972265 -0.08629069359872064 -0.05151233075212606 0.02796471558535211 -0.06986783910227684 -0.04282418655148451 -0.05177844470495918 -0.05115080995474384
0 19 -0.7021229087960875 1.5362718397180053 -0.8819127417282794 -0.749267196110604 1.6192450162542207 1.058795151739082 -2.4402546697483545 -1.4116185270055464 -1.1721361061538471 1.0383307503772217
0 20 -0.6444508077610568 1.643683016797779 -0.8758671596119073 -0.8307678495995088 1.58704346292646 1.0187697070385495 -2.3800417671436027 -1.5681455804075692 -1.0950802563906588 1.0565778198491484
0 21 -0.6127303498620185 1.5708339174028743 -0.8420773119336994 -0.8015342693188345 1.6534786134095558 1.0834135242179217 -2.4477331733545156 -1.5991679912189423 -1.1023860443132292 1.003456671477828
0 22 0.009163152693426223 0.10123304086459581 -0.06030223176769635 -0.04856553941968548 -0.004066222533508663 -0.01762912874978518 0.0385272732513457 -0.005293540135159244 0.05646751637821595 -0.02900131222184897
0 23 -0.6277599788857368 1.5637484074930166 -0.7883032391891859 -0.6667451409764701 1.5335823346447877 1.0824617868947555 -2.3252001703904033 -1.5550158209905567 -1.1677606111372614 1.0587461142105479
0 24 -0.04987109825015068 0.03761354833841324 0.0158839114010334 0.08917800337076187 0.07234295457601547 -0.021827220916748047 -0.0039192019030451775 0.05083511024713516 -0.07879889011383057 -0.0991918221116066
0 25 0.06675109024807098 0.09096978909267942 -0.03078022235773957 -0.07096178615536357 0.05419628292233934 -0.0027469582359185515 0.034552958460972914 0.045098713540292684 -0.005971235121430847 0.031380073331520306
0 26 -0.08132143318653107 -0.09128131717443466 -0.057776786386966705 0.030869388952851295 0.030197644606232643 -0.07304666936397552 0.05338738113641739 0.06656841188669205 0.07797233015298843 -0.014402931556105614
0 27 -0.6567483564464482 1.6240528152029703 -0.8983471037952071 -0.6608548184042041 1.545349100211363 1.014500311033063 -2.4074390314167937 -1.4725920659625904 -1.1416511629535133 1.1075358899773868
0 28 -9.256136337152931 24.49237167260514 -12.446191163613463 -11.67126276838828 24.49110628273795 15.390864608149961 -36.65113937348201 -23.057515941345 -16.707450999376558 15.537217391017183
0 29 -0.7463317900815957 1.7788363716556803 -0.8198713037163496 -0.8787180862294149 1.7451925247608078 1.08957471077296 -2.671391954472029 -1.5915386751928524 -1.256763944594532 1.1724007957003078
0 30 -8.655238308720621 22.65689275350451 -11.500241075798018 -10.832865791022769 22.73998355493684 14.177175453127877 -33.85660854800148 -21.437955512333847 -15.44668804658363 14.484920219822621
0 31 -1.6431390312959802 4.565183431678793 -2.2175750633377627 -2.16824804613774 4.576083836478982 2.8182978163822203 -6.731123216934908 -4.322115596736206 -3.0779823182258585 2.871894401901614
0 32 -6.557667106641365 17.37184667923636 -8.883996251945641 -8.415384747503529 17.403709144216485 10.84958054096697 -26.101896142889192 -16.435691152731756 -11.912617315341429 11.17898932907169
0 33 -0.15724890358799215 0.5817856055560611 -0.3360912842723496 -0.31562434613715007 0.6735536934532506 0.3389154462818477 -0.8816771137205648 -0.6099691700834197 -0.40004764782256635 0.297419572325674
0 34 -6.368319762822578 16.702871621059735 -8.43947511929466 -8.038556967013236 16.785823474055196 10.474615820331296 -25.12537195813329 -15.773551851844388 -11.43140243002149 10.785245333494
0 35 -7.115125317381768 18.661876789567632 -9.480525405314173 -8.903800489293422 18.791079671809165 11.768853139812682 -28.048345616954826 -17.623745668333235 -12.935108861334491 12.029229400289562
0 36 -1.1440470398889873 3.0713508193064025 -1.485503521029628 -1.519465933723324 3.042361964021816 1.8717459400111418 -4.421031027312593 -2.8559517290214926 -1.9805113504524694 1.825874451553966
0 37 -6.0019263936431715 15.740527885440864 -7.935315233606751 -7.563060605640342 15.858100137880175 9.932884350687818 -23.53115285440108 -14.959000752172448 -10.876074869668802 10.05759923003875
0 38 -0.12742949956680474 0.14134028086281272 0.016987749392807585 -0.024276370988872503 0.07084299268585052 0.02166840344438691 -0.045519740147123004 -0.1277326196894274 0.02327523548904046 -0.04446163660852022
0 39 -0.026409236408117227 0.07075197387361089 0.0611398378560614 -0.05807410540591192 0.12943489051827345 0.03743913680085613 -0.10704432363962886 -0.00680317361797784 0.02184024621550243 0.06171891392198607
0 40 -0.09602753284345414 -0.006843018930503894 -0.02019349844952853 0.020033576975741377 0.1286856544597024 0.0694599647660481 -0.19505456075977815 -0.1667884882738719 0.03133810615766862 0.006428906005410006
0 41 -0.0796484546806016 0.01602628761237534 -0.09959210679545207 0.07265976947155843 -0.019033085767585143 -0.007512101252461547 0.06716219273837525 -0.03037661740927422 -0.07056915341785068 0.040978562527389156
0 42 -0.07646049573412911 -0.033389029402329434 0.03350249113006177 0.008309038167815143 -0.008097960954839382 -0.01775397188330705 -0.06214384831656922 -0.03314836756433099 -0.07735696145855062 0.08394625958484908
0 43 -0.02684821871156561 -0.0795620975726952 -0.08652707764463173 0.014844416280933168 0.046158598117995546 0.06699299855764891 0.09672166140499149 0.05938939561166672 -0.03457715236208607 -0.060761740532466815
0 44 -0.7677101825544518 2.0884019663502063 -0.9224375204968209 -0.94330933799582 1.936672699705884 1.3295784883519073 -3.0700108551490017 -1.9130167500289106 -1.4444951579049092 1.3587570732814438
0 45 -0.8075477888056576 2.042530689941832 -0.9873327964770963 -1.040551606729502 1.9974635185890186 1.2007441513558312 -2.9394350566970764 -1.9460344393910953 -1.4489844381883656 1.369000928698224
0 46 -0.8006422889758676 1.9013717503735816 -1.0843972140289018 -0.9950075985930077 2.014640474803844 1.2155976611228037 -2.9353714622681686 -1.8356418914486683 -1.30604999466051 1.2020958705872054
0 47 -0.7047650411379478 1.576032263542205 -0.8887390232758332 -0.8133413193888291 1.543692399985798 0.9602329148638041 -2.4507714324818193 -1.5733966193899913 -1.1345052203143866 0.9547370707852112
0 48 0.08369994442208624 0.02440089666551026 0.0720279492376824 0.016856524538069104 -0.016312299509006842 -0.09931132597930943 -0.058405683064132664 0.058702583812188555 -0.08817045717408771 0.02512261129269102 0.01896073940289474 0.03493326633689296 0.06590435232138675 0.04121082045229536 -0.051219962863137666 -0.08330701027773348 0.042707268220122635 0.019603258926793495 0.08576486942898594 0.08454557109650603 0.08085564250157998
1 0 -0.037750878631809634 0.08916968806995741 -0.02121737304880033 0.06177399743294486 0.06262890964844219 -0.02587367234216124 0.09436146989092624 -0.03149498324862744 -0.007348886511679523 0.06282553470215911
1 1 -0.09297508951005942 -0.05708051228532733 -0.04991438536797356 0.03238773390527537 -0.0644749733729017 0.016648497583751923 0.04091480522042486 0.03453291837575052 -0.04189035063236427 0.015467562531295595
1 2 0.09679174750725669 -0.005468537892959434 -0.02943748074535482 0.040215377034956465 0.03195510296563875 0.03316043816911315 -0.051729268516016925 -0.009693441095143335 0.06911241448852853 -0.01184435509002505
1 3 0.03909402886610363 0.07250496935663821 0.023724294491735288 0.04101742760120695 -0.09720697657770826 -0.08384865917301197 -0.06654628508389658 0.07635128584881946 9.163825388811166E-5 -0.02361065450145838
1 4 -0.07068868572734197 -0.004329165794629173 -0.059713098298935494 -0.011634348173859384 -0.09329771718059966 0.07837563845887793 -0.07375995002501536 -0.044302235538835576 -0.05164868870755252 -0.02070313196303813
1 5 -0.04692721760090786 -0.03491210434708945 0.09225245919543444 0.025350803219438573 0.0528178557249904 -0.0426621394951776 -0.06428081848227785 -0.009953932221447028 -0.07936905136550303 0.029342619703664426
1 6 0.08311233591022404 0.08751058588556097 0.012663382231804484 -0.0896926862475911 -0.040198521655631966 -0.045336433600726846 0.05688140544504647 -0.06887697895090326 -0.051477547456607875 -0.05135432767421247
1 7 0.04937582332036531 0.08910489441364697 0.05699935652407511 0.031640919064541626 0.029710517254459955 -0.07854532555181228 0.08200895844510525 0.09884930142942942 -0.04627417592657573 0.018705907688199245
1 8 -0.04270121294074581 0.04297259408962 0.028451074408918822 -0.0971925459403285 0.04106857326939666 0.03544628180711581 0.03970959983822336 0.07729189975974514 0.10035926510597047 -0.05172533924720535
1 9 -0.03301065330294343 -0.09475921145525495 0.04692026905088263 -0.020342155832589238 -0.06276590365219524 -0.08816051289416751 -0.08293573649519247 -0.026824478793131677 -0.0782163070553 0.011756301336288362
2 0 0.08670862144345241
2 1 0.06918836592253919
2 2 -0.0016634531281707536
2 3 -0.048121828169139264
2 4 0.02338234804026536
2 5 -0.06952378695088757
2 6 0.03787925954971849
2 7 -0.01608887891894117
2 8 0.0587424794062193
2 9 -0.02442391849919727
