14	0	0.3194991456858365
14	1	0.3198798151938263
14	2	0.31714838843805065
14	3	0.3189467324142449
14	4	0.31897003445314354
14	5	0.31735039006684185
14	6	0.3175405606723899
14	7	0.31744564707665957
15	0	0.3079994096279541
15	1	0.309663608791974
15	2	0.31012068792798214
15	3	0.309418061142638
15	4	0.30748415310209665
15	5	0.30801293456817996
15	6	0.30742842170163076
15	7	0.30832578025860613
16	0	0.33972269430578733
16	1	0.6684157273304359
16	2	0.6689713278820768
16	3	0.6684496430164412
16	4	0.6664990112145691
16	5	0.6689970008489766
17	0	0.337921756868156
17	1	0.3391178173011707
17	2	0.3383242918381066
17	3	0.34017773733944484
17	4	0.3405738796237834
17	5	1.0029666702565974
17	6	1.0028963322190478
17	7	0.338340796478004
18	0	0.3312111988316682
18	1	0.32863654177934104
18	2	0.32858190844508567
18	3	0.3303781898375522
18	4	0.3313203551407192
18	5	0.3321866541068331
18	6	0.33034288579017673
18	7	0.33234878387571626
19	0	0.3244466890518911
19	1	0.32651073241361467
19	2	0.327216098223106
19	3	0.32594033601266903
19	4	0.3251749340868647
19	5	0.32640253254605683
19	6	0.3260678538083033
19	7	0.32573381321641093
20	0	0.3440688822475535
20	1	0.342119129143436
20	2	0.3413894066662477
20	3	0.34177837761599833
20	4	0.3433512585114697
20	5	0.3438590095763946
20	6	0.34203072439674
20	7	0.3448250103680508
21	0	0.3353120499155056
21	1	0.3376267022512198
21	2	0.3342428606759254
21	3	0.3352058088309429
21	4	0.3361144087100474
21	5	0.33714745330468554
21	6	0.3370852774337108
21	7	0.33666798076978705
22	0	0.32734010157238463
22	1	0.3300630593159196
22	2	0.33056918213918896
22	3	0.3292665440432997
22	4	0.32852571167054706
22	5	0.3271874235840034
22	6	0.3289018070570649
22	7	0.32910057330405434
23	0	0.35458748359919073
23	1	0.35418331124147906
23	2	0.3547705241855584
23	3	0.35344434543977493
23	4	0.35244622830160505
23	5	0.3541475515655653
24	0	0.3337745155486488
24	1	0.6846819034074482
24	2	0.6851932771644854
24	3	0.3371570645767784
24	4	0.33504109041428015
24	5	0.33828045650973654
24	6	0.33614227686622006
24	7	0.33748561792842224
25	0	0.3469401810297042
25	1	0.3472441267045444
25	2	0.3472667797552929
25	3	0.346761841388418
25	4	0.349049888891315
25	5	0.3485209507969796
25	6	0.34963033366336493
25	7	0.34858050834866705
26	0	0.4692183976644398
26	1	0.47042733395194075
26	2	0.46996508923534147
26	3	0.47063988204886076
26	4	0.32825861268827583
26	5	0.47090189564084795
26	6	0.47246010699255087
26	7	0.472259927078471
27	0	0.3294229068743879
27	1	0.33037104103835563
27	2	0.32975909202122605
27	3	0.3293027341096382
27	4	0.3312583073417476
27	5	0.3308225427496448
27	6	0.3302801341738927
27	7	0.33091489516459144
28	0	0.35302376899753396
28	1	0.3527248743755703
28	2	0.35370490203345634
28	3	0.3521972969197459
28	4	0.35526013398582224
28	5	0.35335152990780416
28	6	0.35216872699085844
28	7	0.3530542723521617
29	0	0.3223616600073015
29	1	0.32292181676089005
29	2	0.32098296245873426
29	3	0.3207564034787937
29	4	0.32126961909132584
29	5	0.3239360038111798
29	6	0.3216456012400196
29	7	0.3244205246009734
30	0	0.34041793159383915
30	1	0.34132325998319096
30	2	0.3412823526433033
30	3	0.33961131805594785
30	4	0.3396192374529738
30	5	0.339115815121197
30	6	0.3408447576737155
30	7	0.34031628606995085
31	0	0.33596527557636435
31	1	0.33530223259638775
31	2	0.3371435350543939
31	3	0.3337617494920945
31	4	0.33415169269725215
31	5	0.33371214746516836
31	6	0.33587945447741435
31	7	0.3353941518636771
32	0	0.3290367775729216
32	1	0.32923375492892376
32	2	0.32923295873203323
32	3	0.329860039883319
32	4	0.33123381288940856
32	5	0.3328138572584452
32	6	0.33296050150919315
32	7	0.3322637795308479
33	0	0.33376355960773535
33	1	0.3326130465336288
33	2	0.3343947064749313
33	3	0.3328575609094457
33	4	0.33368608858934423
33	5	0.3341121133218344
33	6	0.33389324200751447
33	7	0.3352681012796076
34	0	0.3370308428386169
34	1	0.3366678722330825
34	2	0.33708307091986434
34	3	0.33957219160124874
34	4	0.338163682596563
34	5	0.33986433499705376
34	6	0.3373665883776896
34	7	0.3378172484481082
35	0	0.32000332742849036
35	1	0.3196391196546196
35	2	0.32074499192745315
35	3	0.32037062311300246
35	4	0.3223715124376635
35	5	0.32288036073253296
35	6	0.32325841582357145
35	7	0.32344405569352913
36	0	0.3356194012686728
36	1	0.33556862788091457
36	2	0.3365297370376784
36	3	0.3364083683074923
36	4	0.33673688002408725
36	5	0.3376510278586572
36	6	0.3379070865143078
37	0	0.32812117545480385
37	1	0.3273752373393967
37	2	0.32826058528995095
37	3	0.3279873566134083
37	4	0.3278238241050295
37	5	0.6614211446141757
37	6	0.3270820931502147
37	7	0.3277311997989287
38	0	0.6146635767745506
38	1	0.38127028419173736
38	2	0.3144932872625862
38	3	0.6942688151221245
38	4	0.6927270718791345
38	5	0.6945537700691052
38	6	0.695730587656931
38	7	0.6966248093684997
39	0	0.40560586905361506
39	1	0.4041898994288045
39	2	0.40453931108774693
39	3	0.40554216158712014
39	4	0.3335553665408125
39	5	0.4073897526935194
39	6	0.40665487229103403
39	7	0.40659328572273895
40	0	0.3067191626173454
40	1	0.30669372996010663
40	2	0.307801013938401
40	3	0.306869809194745
40	4	0.30952897384910893
40	5	0.3066896247535625
40	6	0.30759585206811163
40	7	0.3071131071217801
41	0	0.32766663226817655
41	1	0.329171246551427
41	2	0.32937902022795335
41	3	0.3299881353719852
41	4	0.3284686806245386
41	5	0.3279806260122398
41	6	0.32741969722800673
41	7	0.3281446769234157
42	0	0.36700946052200634
42	1	0.3665582462536525
42	2	0.36535082090853793
42	3	0.3682776113520678
42	4	0.36922547390849786
42	5	0.3658486576112405
42	6	0.3659735354952265
42	7	0.3683638412607852
43	0	2.325171594919579
43	1	2.3259528966520886
43	2	2.3230757420477763
43	3	2.324082825715857
43	4	2.3257918442512566
43	5	2.3235964204569313
43	6	2.3264829514306804
43	7	2.324218559579552
44	0	0.8044528881455986
44	1	0.8032403952347316
44	2	0.8060319635203796
44	3	0.8029342374039208
44	4	0.8048837738418843
44	5	0.8043774497805352
44	6	0.807523732249951
44	7	0.43837904574196473
45	0	0.44184764318026754
45	1	0.44194484922283656
45	2	0.441387068514159
45	3	0.4418250785387941
45	4	0.4445406510610933
45	5	0.44420698016420057
45	6	0.44423195945125826
45	7	0.4429141500797382
46	0	0.44137315603102334
46	1	0.43961142288680055
46	2	0.44039628943040826
46	3	0.4403704071296883
46	4	0.44205092959436615
46	5	0.4419848216824814
46	6	0.4407110975572626
46	7	0.44276752889460397
47	0	0.4465129068930827
47	1	0.4452902070996288
47	2	0.4474643268943232
47	3	0.44631493681574297
47	4	0.44944009597021595
47	5	0.44724492586145437
47	6	0.4485585073628141
47	7	0.44735963657206623
48	0	0.5200245199602422
48	1	0.5199471788649234
48	2	0.5213759815740953
48	3	0.5225313797048496
48	4	0.5217068543454596
48	5	0.5226929357461509
48	6	0.4359847827764834
48	7	0.5203903658111393
49	0	0.43637750050828766
49	1	0.43689038057191776
49	2	0.43781553331864026
49	3	0.43709401847107604
49	4	0.4391524354728948
49	5	0.4391363310450673
50	0	0.45304026541511033
50	1	0.45112840208748506
50	2	0.45276281835592014
50	3	0.45356434994842443
50	4	0.4525511927328784
50	5	0.4538266235843588
51	0	0.4357892244790881
51	1	0.434843436796283
51	2	0.4355698386212382
51	3	0.43794192817121896
51	4	0.4348561100184669
51	5	0.43745935554043563
52	0	0.4595242819442471
52	1	21.10691035462107
52	2	1.7775687290155597
52	3	0.46231950172150826
52	4	0.46150242125914787
52	5	0.46161928854651385
52	6	0.4602799644330484
52	7	0.46307498454912294
53	0	0.46703035070075655
53	1	0.4672487493069474
53	2	0.4678437520796778
53	3	0.46841763608406656
53	4	0.468737810917591
53	5	0.46941841121271854
53	6	0.4669364712444905
54	0	0.45217636199186445
54	1	0.45217463462420626
54	2	0.45271385309001355
54	3	0.4508454387569021
54	4	0.45373507435961197
54	5	0.45414933408770597
54	6	0.45404907330950256
55	0	0.45169217376557613
55	1	0.45182624549565087
55	2	0.4500801317319794
55	3	0.45100554993414743
55	4	0.4509424172322239
55	5	0.45185503408457767
55	6	3.141238614685164
55	7	0.45287621863133115
56	0	0.4708260172856984
56	1	0.46882391161876025
56	2	0.4702219100680855
56	3	0.4701169370196432
56	4	0.4692139766140805
56	5	0.47232939966973697
56	6	0.4691963363751373
56	7	0.470092407259564
57	0	0.4595967126883594
57	1	0.4605004806562495
57	2	0.46217782363693616
57	3	0.46311209439241496
57	4	0.4604792016645896
57	5	0.4604821856740583
57	6	0.46289171827685505
57	7	0.4634186578234381
58	0	0.4966628371792132
58	1	0.49751919947936557
58	2	0.49858345910549895
58	3	0.49829233768898085
58	4	0.4971986928761892
58	5	0.497589369249745
58	6	0.4974354548634609
58	7	0.49699550506035683
59	0	0.5454479674934296
59	1	4.329941542946081
59	2	0.5449945098824358
59	3	0.46676704040007305
59	4	0.5465813878417579
59	5	0.5475957146618523
59	6	0.5457531273680011
59	7	0.5489747200258722
60	0	0.4720203094688508
60	1	0.4723702986816904
60	2	0.47296754292413573
60	3	0.47147305981213056
60	4	0.4744335026347816
60	5	0.47419089309073037
60	6	0.47409592076893475
61	0	0.4770488782399025
61	1	0.4771804955565316
61	2	0.47819608743995606
61	3	0.476797420685738
61	4	0.47892238002234494
61	5	0.47906670708613674
61	6	0.4787408779841405
62	0	0.4676164413187461
62	1	0.46729508229415645
62	2	0.46919455119226033
62	3	0.4689493778019803
62	4	0.4702622665048956
62	5	0.46998591106877224
62	6	1.9569245780074076
62	7	0.47020643120688405
63	0	0.47269252875483714
63	1	0.472520673115285
63	2	0.4730840548783567
63	3	0.4721138278453223
63	4	0.47222805351055147
63	5	0.472073255055316
63	6	0.4713140743011805
63	7	0.47135443101659985
64	0	0.45694539629327185
64	1	0.4570956467001134
64	2	0.4589152966994937
64	3	0.45726348687564644
64	4	0.46076974259911424
64	5	0.46040590580903495
64	6	0.46098077372811813
65	0	0.4742026996964855
65	1	0.4731735651178182
65	2	0.4745639973709794
65	3	0.47426297540054113
65	4	0.474560461123464
65	5	0.47511774983980254
65	6	0.4736668918061026
65	7	0.9291176791547155
66	0	0.4587159050844656
66	1	0.46235171763738675
66	2	0.46028912508341085
66	3	0.46161641251560426
66	4	0.4627399388353897
66	5	0.46136049019385955
66	6	0.459798500519907
66	7	0.4612732841853254
66	8	4.269403948417893
67	0	0.4718022456806496
67	1	0.47296573629702293
67	2	0.47436948552886044
67	3	0.4741389172339805
67	4	0.4731449233494952
67	5	0.4752222666893978
68	0	0.9604120199250755
68	1	0.49105571964959044
68	2	0.4922244206458031
68	3	0.49317426653884094
68	4	0.4905572714265806
68	5	0.49288957187134147
68	6	0.49286590777840883
69	0	0.4746333192619575
69	1	0.4755311695519683
69	2	0.47477409055047454
69	3	0.4743671154473643
69	4	0.473917551080504
69	5	0.4766799587497833
69	6	0.47562591811437727
69	7	1.4337558523153335
69	8	0.0013158145138271907
70	0	0.4622328182930093
70	1	0.46021289560109163
70	2	0.4627966282869372
70	3	0.4635565380986491
70	4	0.46274461870916545
70	5	0.4613880950910977
70	6	0.46152403034531847
70	7	0.461092885742171
71	0	0.4800872119857933
71	1	0.4794144092365652
71	2	0.4796525220644677
71	3	0.47895824021847977
71	4	0.4775879351171034
71	5	0.4786094318704145
71	6	0.47824995309907353
71	7	0.47779934820658043
72	0	0.4716582034112686
72	1	0.4714412981882706
72	2	0.46917919066554997
72	3	0.4729022789164927
72	4	0.4697838309330237
72	5	0.47157092144919643
72	6	0.4703062011565471
72	7	0.4698597307684267
73	0	0.4476058484226773
73	1	0.44959646397834085
73	2	0.4473577559465584
73	3	0.4495377086803823
73	4	0.4474534204262834
73	5	0.45010894585298483
73	6	0.4471926799593018
73	7	0.4480888404072987
74	0	0.48224033416661466
74	1	0.48282106825845233
74	2	0.48071087204861546
74	3	0.4827766179627964
74	4	0.4827161615368407
74	5	0.4809569542310468
74	6	0.4808114222713431
74	7	0.4812450678107449
75	0	0.47513930441260555
75	1	0.47501149922398034
75	2	0.47797597484692494
75	3	0.47545702049098293
75	4	0.4782775520680147
75	5	0.47770179178631084
75	6	0.4785302512851526
75	7	0.47608264010005774
76	0	0.7022085720790655
76	1	0.7037698439314563
76	2	0.7024574785224265
76	3	0.701970839346177
76	4	0.7043055064054976
76	5	0.7037326910097081
76	6	0.7017546369690152
76	7	0.5197994440321437
77	0	0.45384787149668054
77	1	0.4545572587209545
77	2	0.4567618468971715
77	3	0.45600851301540773
77	4	0.4570100421471986
77	5	0.45633940203204115
77	6	0.45488443363716613
77	7	0.4556304946943535
78	0	0.5170116719591078
78	1	0.515721937584424
78	2	0.5184106068489472
78	3	0.5168346517371109
78	4	0.5162646381569475
78	5	0.5198825625211947
78	6	0.5200461627469635
78	7	0.520254719463213
79	0	0.6798813314643081
79	1	0.6804705194032182
79	2	0.6798027162442837
79	3	0.6808654246812822
79	4	0.6818813992960797
79	5	0.6814184306905726
79	6	0.6829842335222645
79	7	0.68240236263259
80	0	0.4710671633626233
80	1	0.46964923763121474
80	2	0.46890666151443966
80	3	0.47145297488621035
80	4	0.4701141062713093
80	5	0.47121697268655416
80	6	0.4708416455086957
80	7	0.47218838971269667
81	0	0.4751463272677472
81	1	0.47727020557762667
81	2	0.4777165178831746
81	3	0.47710989858029645
81	4	0.4756989168183596
81	5	0.47659922492315515
81	6	0.4761611895880025
81	7	0.47791144326799373
82	0	0.47975106710983156
82	1	0.47912324647144
82	2	0.4811600317963397
82	3	0.48061146808937255
82	4	0.4790178704898605
82	5	0.4810895561678491
82	6	0.47920751844079074
82	7	0.4796553251411926
83	0	0.4797181270567529
83	1	0.0013910039957196927
83	2	0.4785512146565161
83	3	0.47711011555003585
83	4	0.4788621012357644
83	5	0.47812513337559515
83	6	0.477611045862124
83	7	0.4776714303012057
83	8	0.48078889047581375
84	0	0.4715903628178152
84	1	0.47348006844582574
84	2	0.47289557353556305
84	3	0.47231626261856186
84	4	0.4754772473469601
84	5	0.4722002805980706
84	6	0.47436065402119243
84	7	0.47282894450353935
84	8	0.47231204322769405
85	0	0.48685764877420123
85	1	0.4874896443692048
85	2	0.4876596488366105
85	3	0.4848510032437168
85	4	0.4858388874301574
85	5	0.4872577189485627
85	6	0.4864627954441436
85	7	0.4858631878489147
85	8	0.48626237947165685
86	0	0.48591840256235536
86	1	0.7682004723759246
86	2	0.7715312152149786
86	3	0.7719788951280273
86	4	0.7697179478289896
86	5	0.7692117450880455
86	6	0.7716648443762748
86	7	0.7701351305492157
86	8	0.7731347234386637
87	0	0.4799894186840735
87	1	0.4826069582358756
87	2	0.4806686309450818
87	3	0.48242113241395224
87	4	0.4819536939461418
87	5	0.48279617601744446
87	6	0.48393221071354203
87	7	0.4832577087090437
87	8	0.48144054052874374
88	0	0.00218638444867928
88	1	0.5818891331578979
88	2	0.5826288178064103
88	3	0.4682164120640891
88	4	0.5821797331498968
88	5	0.5849589820435714
88	6	0.5848312044442445
88	7	0.5827533191969949
89	0	0.49184577002446245
89	1	1.0732534228218065
89	2	0.49394359032290963
89	3	0.4939112747484829
89	4	0.49423162655763253
89	5	0.4932471166940561
89	6	0.4922559445245033
90	0	0.5052724307493249
90	1	0.5039324045506077
90	2	0.5027939163043623
90	3	0.5048333991244051
90	4	0.004051300185142232
90	5	0.5063578131933955
90	6	0.5057881539464265
91	0	0.49609935109780734
91	1	0.4979546101893126
91	2	0.4976375095441736
91	3	0.49826227867085016
91	4	1.4877773099747411
91	5	0.4968489480249248
91	6	0.49970312273376977
91	7	2.068126206051512
91	8	1.0001752656550291
91	9	0.4987749990450415
92	0	0.47469749694127555
92	1	0.6683876759171418
92	2	0.669659926016162
92	3	0.5819279423707849
92	4	0.6699019416087973
92	5	0.4759763078489908
92	6	0.6725821196252562
92	7	0.6695163782967237
92	8	0.6690201625670055
92	9	0.6704060571527298
93	0	0.47147414442340735
93	1	0.46971070487651867
93	2	14.880061475601472
93	3	0.472647830755584
93	4	0.46951247497424375
93	5	0.472430752480428
93	6	0.4713058648591009
93	7	0.47137517533275647
93	8	0.4729491753536057
93	9	0.47383987961939666
93	10	0.47018040577549064
94	0	0.6119527097500738
94	1	0.6109947091849444
94	2	0.6102644463801589
94	3	0.6099225398668408
94	4	0.6135084287153879
94	5	0.6123713577420952
94	6	0.6124245384773366
94	7	0.6126642737010305
94	8	0.6107432473386362
94	9	0.6100170502827506
95	0	0.5843672613609822
95	1	0.8376548417362605
95	2	0.503131865033918
95	3	0.8353193035902443
95	4	0.8383110233736697
95	5	0.8366253741585177
95	6	0.837876008438123
96	0	0.6194612942158527
96	1	0.6168634317175681
96	2	0.618941155558582
96	3	0.5312226625248835
96	4	0.6169184366715292
96	5	0.6202857211390909
96	6	0.6189014688685304
97	0	0.6955217343901028
97	1	0.697299859221321
97	2	0.5479915119173737
97	3	0.6956496955668373
97	4	0.6984793218233447
97	5	2.147374510604147
97	6	0.5511744449088951
97	7	0.6982045060630463
97	8	2.1474263966437834
97	9	2.1459152320803123
98	0	0.47954220224152544
98	1	0.4805762170571433
98	2	0.48304157036194134
98	3	0.48305001829317196
98	4	0.48444979266209204
98	5	0.4816825923294143
98	6	0.47995561172743767
98	7	0.48129567807196966
98	8	0.4797748366441326
98	9	0.48372503972820696
99	0	4.728167482386717
99	1	0.49655751941662546
99	2	0.497971270052289
99	3	0.5000300793157371
99	4	0.4974795417311621
99	5	0.49902638512458825
99	6	0.5010916943779824
99	7	0.5009154196101653
99	8	0.4983531537877973
99	9	0.5032831667676592
99	10	0.4973794342649033
100	0	0.5304299095716392
100	1	0.5282817638525346
100	2	1.5292556559971997
100	3	0.5313676227449772
100	4	0.5303226294320702
100	5	0.5283665716881556
100	6	0.5289190442540543
100	7	0.5280172867026987
100	8	0.5333406416132372
100	9	0.5316553962131072
100	10	0.5310886427249666
101	0	0.5229588024454189
101	1	0.5223247984360377
101	2	0.5207365285706191
101	3	0.5212708670838382
101	4	1.5208045445769203
101	5	0.5206552384014519
101	6	0.522486109927537
101	7	0.5202368011157769
101	8	0.5220656931972477
101	9	0.5254350050699261
101	10	0.5212061627976405
102	0	0.6173229216183767
102	1	0.6164855217232097
102	2	0.6156560805654172
102	3	0.61632477700207
102	4	0.615204945712272
102	5	0.6175428995944401
102	6	0.6201287836334504
102	7	0.6207793842283397
102	8	0.6161946157506298
102	9	0.5295843658948907
103	0	0.6682362118100931
103	1	0.665151007957503
103	2	0.6658840880383289
103	3	0.6667998360455386
103	4	0.6674527201341616
103	5	0.664803116288751
103	6	0.6682094738491714
103	7	0.6676800820446811
103	8	0.6672011122527987
103	9	0.6709802113896658
104	0	0.516220828774155
104	1	0.5192243924356473
104	2	0.5168675054997044
104	3	0.518402253197537
104	4	0.5157559619450263
104	5	0.5202484709271782
104	6	0.5184401847226854
104	7	0.5177897154593919
104	8	0.5167877416282862
104	9	0.5192300096755184
105	0	0.536102347940976
105	1	0.5383319626663435
105	2	0.537776692272012
105	3	0.538800988585276
105	4	0.539940081759251
105	5	0.5378147007385197
105	6	0.541645993237592
105	7	0.53983648075947
105	8	0.541811054919828
105	9	0.5439503841637423
106	0	0.5337684702135873
106	1	0.5329326836291087
106	2	0.5353636883808611
106	3	0.5335378732499806
106	4	0.5354596415025483
106	5	0.536430976120963
106	6	0.5379321284840227
106	7	0.5353363860010393
106	8	0.5372107485804324
106	9	0.5362242344104319
107	0	0.5192936276543187
107	1	0.5216661126696751
107	2	0.5197076916753312
107	3	0.522241021053544
107	4	0.5221078090840193
107	5	0.523058033757301
107	6	0.5242982584712603
107	7	0.5263651569711933
107	8	0.5253236412558249
107	9	0.5234524194774288
108	0	0.5158214503919554
108	1	0.6244880993760936
108	2	0.626237951587473
108	3	0.6275573549074568
108	4	0.6260988598054209
108	5	0.6273672011428469
108	6	0.6287877337311908
108	7	0.006401971129695547
108	8	0.6282188177216217
108	9	0.0012499236404390599
108	10	0.6269327171606435
109	0	0.5115895771403783
109	1	0.5142273632310532
109	2	0.5138904233455003
109	3	0.5157556929365636
109	4	0.5149559913489383
109	5	0.5151407421714282
109	6	0.5160212586465847
109	7	0.5133499201172885
109	8	0.5173958216990182
109	9	0.5146037586515669
109	10	0.5191556752934164
110	0	12.829469328529212
110	1	0.9155765086248757
110	2	0.6277211052619254
110	3	0.9165183600418538
110	4	0.9143732187979589
110	5	0.9176964314694667
110	6	0.9181524998568875
110	7	0.5408807760879674
110	8	0.9164065958923727
110	9	0.9165277100118637
110	10	0.9149413154890472
110	11	0.7251520881534818
110	12	6.434651654682615
111	0	0.5290430064846445
111	1	0.5327996784335763
111	2	0.5287854176605922
111	3	0.5313041308909607
111	4	0.5311434335985754
111	5	0.530626191829925
111	6	0.529652956067118
111	7	0.5286530395761468
111	8	0.5324870632978055
111	9	0.5333011880257018
111	10	0.5297643869145795
112	0	0.5342182291571794
112	1	0.5366991846732644
112	2	0.5375692181054942
112	3	0.5366069327133635
112	4	0.5358543242343327
112	5	0.5363940897410303
112	6	0.5381070137103505
112	7	0.5396007244827347
112	8	0.5372498562001871
112	9	0.5390102281300525
112	10	0.5363619936253485
113	0	0.5169400176226757
113	1	0.5173930748109159
113	2	0.5160384520002166
113	3	0.5146068988833985
113	4	0.517458364446325
113	5	0.5187284630772399
113	6	0.5163036755026729
113	7	0.5147452747469257
113	8	0.5168413776339675
113	9	0.5179423523371565
113	10	0.5169100519798205
114	0	0.4864968267105447
114	1	0.4873503832962919
114	2	0.48657263202038675
114	3	0.48482510070915097
114	4	0.4872027728993304
114	5	0.48695163547059594
114	6	0.4847267124261059
114	7	0.4851208777769604
114	8	0.4845773480824892
114	9	0.48446411576456105
114	10	0.48512962354418293
115	0	0.5214685400024464
115	1	0.5183547329078058
115	2	0.5214596976222334
115	3	0.5192770697094377
115	4	0.5221318690714774
115	5	0.5227235652843846
115	6	0.5190950301352621
115	7	0.5196597141684809
115	8	0.5209403579299765
115	9	0.5207243312620007
115	10	0.5239440718535848
116	0	0.5238816255938403
116	1	4.100123682008903
116	2	0.5245385512468521
116	3	0.5263705569760382
116	4	0.5269747700968561
116	5	0.5288115712224346
116	6	0.5283608483687192
116	7	0.5277771115222846
116	8	0.5262814735655855
117	0	1.074771868206104
117	1	0.5534914404094325
117	2	0.5511873467390033
117	3	1.0764828300969396
117	4	0.5548157282456205
117	5	0.5536468295131987
117	6	0.554980436074799
117	7	1.0760573723503277
117	8	0.554425576674184
117	9	0.5544148145893496
117	10	0.5562787189347451
118	0	0.5457160698888819
118	1	0.5461536292651501
118	2	0.5448936163003791
118	3	0.5455821774485362
118	4	0.5450858596662309
118	5	0.5472355398732786
118	6	0.5490723684708165
118	7	0.5468605023666919
118	8	0.5480618433436223
118	9	0.5493374379444064
118	10	0.546162449569481
119	0	0.5560645446736878
119	1	0.5574515230151784
119	2	0.5591237827305059
119	3	0.558969115951317
119	4	0.558286199121915
119	5	0.5564636890614184
119	6	0.5612288969240099
119	7	0.5593239099500305
119	8	0.5594455032877461
119	9	0.5621388553374237
119	10	0.5601495928019404
120	0	0.5029476611930083
120	1	0.5062062154450002
120	2	0.5029716232435917
120	3	0.5040203070280237
120	4	0.5067483782411752
120	5	0.505648779937932
120	6	0.505349388301334
120	7	0.5059552408606233
120	8	0.5058910921268098
120	9	0.5041421121449867
120	10	0.5057957528521719
121	0	0.5436094924386182
121	1	0.5420971006249958
121	2	0.5446141173294187
121	3	0.542876167397191
121	4	0.5452514467875604
121	5	0.5451219155746467
121	6	0.5437930319143973
121	7	0.5463484317063535
121	8	0.5447413747442128
121	9	0.5472992933376138
121	10	0.5439155566445634
122	0	0.4907675165616297
122	1	0.4902060174045064
122	2	0.49228410705455233
122	3	0.49093896758296257
122	4	0.4941356173725198
122	5	0.4933316763255842
122	6	0.49237609080396777
122	7	0.4907160468088488
122	8	0.4930181512846562
122	9	0.4943530648027342
122	10	0.49502425847863585
123	0	0.4987516683551662
123	1	0.49766174079374687
123	2	0.4963201836203392
123	3	0.4972046987157977
123	4	0.4978172705301471
123	5	0.4973725012708855
123	6	0.4971041553469264
123	7	0.49903651872067295
123	8	0.49915374241964783
123	9	0.49972804409636773
123	10	0.49751531973744634
124	0	0.5432980733568156
124	1	0.542501607188197
124	2	0.5415365577702792
124	3	0.5456918847222862
124	4	0.5459925653031239
124	5	0.5450386079263644
124	6	0.544844833559096
124	7	0.5440756560139401
124	8	0.5440806653947791
124	9	0.544554099400567
124	10	0.5437726197517527
125	0	0.5248555596217603
125	1	0.525520686184152
125	2	0.5256445823437029
125	3	0.5254214139162354
125	4	0.5228747495503262
125	5	0.5233328604419236
125	6	0.5222056526930183
125	7	0.5232229133515616
125	8	0.5246458447498129
125	9	0.5255717648071749
125	10	0.5247577005657615
126	0	0.5344552634617906
126	1	0.5353453306775571
126	2	0.5376892511435527
126	3	0.5347131312626862
126	4	0.5386964290926555
126	5	0.5351422558999283
126	6	0.5356751967952046
126	7	0.5392425547048965
126	8	0.5369604188748573
126	9	0.5399132223063431
126	10	0.5383055026780494
127	0	0.6708776590241396
127	1	0.5427210091944212
127	2	0.6705827437681382
127	3	0.6693775704615209
127	4	0.6702255447890773
127	5	0.6731995883623715
127	6	0.6732176375427265
127	7	0.6725056053194387
127	8	0.6708028208421072
127	9	0.6729951128618703
127	10	0.671760510279709
128	0	0.5583790495633004
128	1	0.5564540057054267
128	2	0.5569119185828302
128	3	0.5586406400438769
128	4	0.5570121921192582
128	5	0.5591312623301138
128	6	0.5606843521719923
128	7	0.5607238757807543
128	8	0.5574259062107588
128	9	0.5567629087517301
128	10	0.5576313047742142
129	0	0.5765408243645903
129	1	0.5777817428632724
129	2	0.57867582100272
129	3	0.5766531536738422
129	4	0.5748309454819289
129	5	0.5758491011810722
129	6	0.5753603686810209
129	7	0.5786223517108824
129	8	0.5771190649843371
129	9	0.5791744999284377
129	10	0.579513593870249
130	0	0.5298107179825362
130	1	0.528793157916742
130	2	0.528944389278779
130	3	0.5286279855805978
130	4	0.5288030226906272
130	5	0.5307671431024232
130	6	0.5314389998035723
130	7	0.5306436034118356
130	8	0.5291648239503914
130	9	0.532942883158473
130	10	0.5325010691628859
131	0	0.7768212431772601
131	1	0.7740007996542879
131	2	0.7750244667927426
131	3	0.7764083776333675
131	4	0.777676220186577
131	5	0.7764881860938183
131	6	0.7773031651273311
131	7	0.5776651099746475
131	8	0.7761551534745049
131	9	0.7778143292592854
132	0	0.560445242855319
132	1	0.5581224549013645
132	2	0.5591401633693774
132	3	0.5620738741437308
132	4	0.5595999584724222
132	5	0.561247643156737
132	6	0.5591435270431583
132	7	0.5611258263179943
132	8	0.5586439811858724
132	9	0.5595038879516332
132	10	9.438309493910934
133	0	0.7742284123272131
133	1	0.775436900949122
133	2	0.7750808736858008
133	3	0.7742140939791192
133	4	0.775587063480925
133	5	0.7783427654868993
133	6	0.6346533527209557
133	7	0.777506235613825
133	8	0.7769616160095039
133	9	0.5417157952227432
134	0	0.523377780797213
134	1	0.5226826899924298
134	2	0.5243200187917533
134	3	0.524432101973544
134	4	0.5225923679654277
134	5	0.5256923807290448
134	6	0.525542996184373
134	7	0.5250182224634556
134	8	0.5247779241008902
134	9	0.5243151254563605
135	0	0.5525523497409067
135	1	0.5550315755021316
135	2	0.5520583929535071
135	3	0.5545448668197706
135	4	0.5535032116473693
135	5	0.554224757276379
135	6	0.5560175369858802
135	7	0.5529431552978018
135	8	0.5561105102736073
135	9	0.5555355133438108
136	0	0.7216285514790984
136	1	0.5864705045294404
136	2	0.725246139288607
136	3	0.7250971899229102
136	4	0.7242347179610212
136	5	0.7261076959466498
136	6	0.7232895562692109
136	7	0.7243270475822058
136	8	0.7242770530365101
136	9	0.7234453687463952
137	0	0.5206158956445632
137	1	0.5221478240639493
137	2	0.5220906591827867
137	3	0.5223431813498939
137	4	0.5200160409066099
137	5	0.5211749861972917
137	6	0.5198654961422267
137	7	0.5199515138994981
137	8	0.5205525413468314
137	9	0.5202807202938889
138	0	0.5233937213272447
138	1	0.5269464035555811
138	2	0.5266370345790219
138	3	0.5274884367088353
138	4	0.5272247798016846
138	5	0.5249017604723609
138	6	0.5236786607038572
138	7	0.5249054525864352
138	8	0.5250993412741944
138	9	0.5254192975905955
139	0	0.536076124242877
139	1	0.5338117596256524
139	2	0.5365258233240378
139	3	0.5353986914320975
139	4	0.5373750830445242
139	5	0.5377727051667359
139	6	0.5345737068017051
139	7	0.534708173429423
139	8	0.534915347952321
139	9	0.5357662709860896
140	0	0.5367589955886886
140	1	0.5341637862400996
140	2	0.5363419363099298
140	3	0.5352062858470065
140	4	0.5374810908144051
140	5	0.536413778828576
140	6	0.5341503203313757
140	7	0.5349401792119668
140	8	0.5347270366066709
140	9	0.5344454534220673
141	0	0.48830808381781776
141	1	0.4881969156140592
141	2	0.4904089597305247
141	3	0.4913498794562959
141	4	0.48981535671285176
141	5	0.4890029267000126
141	6	0.4919611608546576
141	7	0.493269001346726
141	8	0.4898880929142528
141	9	0.4888145979384611
142	0	0.5473251513495435
142	1	0.5496514491851723
142	2	0.5512254510523968
142	3	0.5504558843295437
142	4	0.5494357532742222
142	5	0.5518588499433431
142	6	0.5507487557472878
142	7	0.5517450231848448
142	8	0.5484289137511678
142	9	0.550087057233002
143	0	0.5221896261711513
143	1	0.5210559522198117
143	2	0.5206988394751817
143	3	0.5207113987749328
143	4	0.523959834539679
143	5	0.5233896263977214
143	6	0.5231010266328117
143	7	0.5252694521527781
143	8	0.5255736958108606
143	9	0.525072100334392
144	0	0.5510783130536064
144	1	0.5498341465461108
144	2	0.550496018425397
144	3	0.5508766370244419
144	4	0.551095003645642
144	5	0.5504281739285778
144	6	0.5511719218900857
144	7	0.550417285128433
144	8	0.5506738122346149
144	9	0.5510445950559931
145	0	0.5376547426760263
145	1	0.5382361461318271
145	2	0.5351048282979362
145	3	0.5362109662427614
145	4	0.5377014113741756
145	5	0.5386071833147537
145	6	0.5361140536927332
145	7	0.5360108283857854
145	8	0.5360273647839164
145	9	0.5368642397269762
146	0	0.5378004230879254
146	1	0.540965022666699
146	2	0.5397505375766837
146	3	0.5401042145197653
146	4	0.5386640157430223
146	5	0.5414968040360828
146	6	0.5381605068968778
146	7	0.5384808809782375
146	8	0.5377462709173424
146	9	0.5385470252591217
147	0	1.0091513021729042
147	1	1.0055543348500458
147	2	0.4687506903174305
147	3	1.0089298970572196
147	4	1.0073199761353646
147	5	1.0068463160608996
147	6	1.007083965538622
147	7	1.0099175126966247
147	8	1.0064604669724493
147	9	1.008916530223555
148	0	0.5006891197354573
148	1	0.6374241690694045
148	2	0.6396858014524216
148	3	0.6363186690600803
148	4	0.635707391860621
148	5	0.6391941642978054
148	6	0.6360815972546294
148	7	0.6386495188070341
148	8	0.6373252329620246
148	9	0.6376598890110623
149	0	0.5080860858637306
149	1	0.5090093484284114
149	2	0.507873204462489
149	3	0.5064176134767604
149	4	0.5088654527106458
149	5	0.5064866781217462
149	6	0.5059206836656052
149	7	0.506002263449761
149	8	0.5068184890801226
149	9	0.5063488357881101
150	0	0.5002027664198748
150	1	0.49899587451860283
150	2	0.49699546911965975
150	3	0.49758002989176525
150	4	0.5008274264200162
150	5	0.5005541893717598
150	6	0.49822687270359617
150	7	0.4975353221890627
150	8	0.49836080113478887
150	9	0.4979130781228225
151	0	0.5168752852406934
151	1	0.5199927593324601
151	2	0.5195485993727091
151	3	0.5182965134820492
151	4	0.5176740098391986
151	5	0.517260118647826
151	6	0.5190065346149397
151	7	0.5176218429972821
151	8	0.5215546838234854
151	9	0.5225301612230208
152	0	0.5288112805441428
152	1	0.5270524970400443
152	2	0.5288984575220765
152	3	0.5281034938793966
152	4	0.5307503856208983
152	5	0.5309624650855791
152	6	0.5290056166194936
152	7	0.5285385823924311
152	8	0.5303267254620717
152	9	0.5281830834523423
153	0	24.110550590807122
153	1	0.5421486706158939
153	2	0.5438293289565297
153	3	0.5412652549880286
153	4	0.5402383817391458
153	5	0.5437929108846824
153	6	0.5432016858127315
153	7	0.5416011932385014
154	0	0.5102920966350442
154	1	0.5094171166981536
154	2	0.5101695541146488
154	3	0.5082702723624453
154	4	0.5113569524267886
154	5	0.5083156634132415
154	6	1.0480691189781957
154	7	1.04682894016854
154	8	1.047914718576128
154	9	0.509503258800175
155	0	0.8531920785675128
155	1	0.8528153074363094
155	2	0.8506155101259845
155	3	0.0017571401696618036
155	4	0.8547792166694658
155	5	0.8510191202985683
155	6	0.0036943016179402308
155	7	0.8518847298410372
155	8	0.0023392786635047682
155	9	0.8524947345793148
155	10	0.8513891477451624
156	0	0.5375786267900352
156	1	0.5392444442169102
156	2	0.5387511253647681
156	3	0.5424147617047833
156	4	0.5421917587273833
156	5	0.5421799940790926
156	6	0.54144618031462
156	7	0.5385788848169349
156	8	0.5404973722109511
156	9	0.5404900189042383
156	10	0.5404688613176619
157	0	0.5372189699883568
157	1	0.5353446588779776
157	2	0.5391882742368728
157	3	0.5358768444267259
157	4	0.5390929576861065
157	5	0.9999148814442024
157	6	0.5379172561139811
157	7	0.5388387797547115
157	8	0.5369193776132891
157	9	0.5400694285157928
157	10	0.5373084274295391
157	11	0.5390034915548182
158	0	0.5344019909800888
158	1	0.5337596623862303
158	2	0.5321752644747787
158	3	0.5320441128303002
158	4	1.530939078558235
158	5	0.5328765750303524
158	6	0.5348248672959905
158	7	0.5368593244381152
158	8	0.535706111842016
158	9	0.5347354477670352
158	10	0.53501578412537
158	11	0.5336011133722194
159	0	0.5130265129349717
159	1	0.5119106838231995
159	2	0.5145094716922545
159	3	0.5113497561253523
159	4	1.5114270143272992
159	5	0.5135245391790142
159	6	0.5116538735431424
159	7	0.5173795187801298
159	8	0.5166973555235878
159	9	0.5154340490312422
159	10	0.5150897586355817
159	11	0.5125280239446324
160	0	0.586581042860021
160	1	0.5850390859525871
160	2	0.5878993092104229
160	3	0.5864120623867711
160	4	0.5850541038222401
160	5	0.5867429067768672
160	6	0.5860185962290563
160	7	0.5876467226995511
160	8	0.5881642084877053
160	9	0.5897421620839473
160	10	1.5856301057134945
160	11	0.5890222775773792
161	0	0.5375356391991514
161	1	0.5361839781505208
161	2	0.5369793045687471
161	3	0.5369958991211332
161	4	0.5372067039449098
161	5	0.5375220766380141
161	6	0.5389601479851838
161	7	0.5389930176186161
161	8	0.5416057921979976
161	9	0.5413075204342647
161	10	1.5356732720354977
161	11	0.5378974069511399
162	0	0.7389308561207891
162	1	0.7391077918821506
162	2	0.7382934005764971
162	3	0.7382425624676433
162	4	0.7379101371584884
162	5	0.7385524464976663
162	6	0.5476700788828491
162	7	0.7364023566667407
162	8	1.7353612336316502
162	9	0.7399868607142454
162	10	0.7387150635850179
162	11	2.0455840906889056
163	0	2.0331512819525828
163	1	0.5348360383767475
163	2	0.5350967934637108
163	3	0.534288087551557
163	4	0.5384641908519484
163	5	0.5388814201186906
163	6	0.5352537637930622
163	7	1.5339559720952785
163	8	0.5374439617121209
163	9	0.5364677801834874
163	10	0.5399069192365251
163	11	0.5395511817866574
164	0	0.5095041690891703
164	1	0.5091019487411736
164	2	0.5085115787892379
164	3	0.509582958903594
164	4	0.5111306955060064
164	5	0.5103060224480891
164	6	0.5130660783764248
164	7	0.5088688122220694
164	8	1.5074831827631678
164	9	0.5095538968114238
164	10	2.011452318126587
164	11	0.5111093924958438
165	0	0.6801809507630817
165	1	1.0290412425795168
165	2	2.1770876051833263
165	3	0.6816020637760016
165	4	0.6789459462227841
165	5	1.5284534867843484
165	6	0.6782657195604573
165	7	0.6826822037144431
165	8	0.6822420179341396
165	9	0.6808911327571106
165	10	0.6802576804183277
165	11	0.6797282519482069
165	12	0.679053346921968
166	0	0.5495465956054426
166	1	0.5474258587223897
166	2	0.5485955499070383
166	3	1.0496871631683118
166	4	0.552273841842513
166	5	0.5489265021526
166	6	0.5528654705949235
166	7	0.5514853185849004
166	8	0.5484273486216722
166	9	0.5490762495227778
166	10	2.0505158956219773
166	11	1.5484697540466812
166	12	0.5497661565599443
167	0	0.5366415261942926
167	1	0.5327927592041302
167	2	2.0331494311704934
167	3	0.5351732220116975
167	4	0.536646451171326
167	5	0.5341229407360801
167	6	0.5345912349466341
167	7	0.5384409078942735
167	8	0.5362938306715131
167	9	0.5364935688907998
167	10	1.5331906257426495
167	11	1.036696696231406
167	12	0.5387931238551933
168	0	8.709074421878068
168	1	0.579499972219855
168	2	0.5804807521055485
168	3	0.5819181938578051
168	4	1.5786640445366948
168	5	0.5843339111894661
168	6	0.5844250980498742
168	7	0.5819240574248004
168	8	1.0811891407073932
168	9	0.5854517093137104
168	10	0.5828831251166713
168	11	2.0831897012005154
168	12	0.583362493952675
168	13	0.5835201762400836
168	14	21.28237216706023
168	15	55.47077912181041
169	0	0.5362616112225342
169	1	0.5372972036387897
169	2	0.5358848933759617
169	3	0.5361189034177776
169	4	0.5341823166722756
169	5	0.5353465801621746
169	6	0.5386697288334877
169	7	1.03527147499766
169	8	2.0346499298422778
169	9	0.5351550136751714
169	10	1.5350341475339138
169	11	0.5374632202796578
169	12	0.5349052692611479
170	0	0.5068356331363101
170	1	0.5113613916538926
170	2	1.5058044067123106
170	3	0.5121039693775692
170	4	0.5111623863596038
170	5	0.5092068326688064
170	6	0.5097771635212163
170	7	0.5097266179784766
170	8	0.507464300406806
170	9	1.009218533203149
170	10	0.5091953257086066
170	11	0.5129767567173102
170	12	2.0093757474615104
171	0	0.5897227900976156
171	1	1.0874741229495393
171	2	0.5909760785340912
171	3	0.5881149171325021
171	4	0.5886392053131299
171	5	0.5914210501994955
171	6	0.5914723518390393
171	7	0.5901499703217163
171	8	2.0885164419061484
171	9	0.5893609322789795
171	10	0.5913536505777841
171	11	0.590476380910136
171	12	1.5897468368736145
172	0	0.6493883614949778
172	1	0.6495151112015888
172	2	0.6525300502828411
172	3	0.6484861974879532
172	4	0.6532188496290591
172	5	1.646725276564416
172	6	0.649037291806015
172	7	1.151915617971849
172	8	0.6506748658662509
172	9	0.6542117154280552
172	10	0.6535775767898172
172	11	0.6494737990963961
172	12	2.150297506700704
173	0	0.7349554935762286
173	1	0.73359024201563
173	2	0.7352679369066771
173	3	0.7326710960551558
173	4	0.7354123653819327
173	5	2.233130063605044
173	6	0.7362702226017909
173	7	0.7380587958937388
173	8	0.7361830965327054
173	9	0.7355101805567795
173	10	1.2353488152592473
173	11	0.5981301053221458
173	12	1.7343599869503825
174	0	0.5718032988721545
174	1	1.5666522899169666
174	2	0.5707261782992512
174	3	0.5700574535704654
174	4	2.070177983297958
174	5	0.5708118735060187
174	6	0.57256186432024
174	7	0.5707587650111566
174	8	0.5733529516629795
174	9	0.5712481592336853
174	10	1.0707756646713562
174	11	0.5743217244138209
174	12	0.5728126986853038
175	0	0.5288638082491443
175	1	0.527096001428728
175	2	0.5308393428762868
175	3	1.5281878010637027
175	4	0.5320352489297827
175	5	0.5330137579333608
175	6	0.5306774255293465
175	7	1.0291818666098083
175	8	0.5302641504846902
175	9	0.5305298220145633
175	10	0.5307055192827239
175	11	0.5305505982354161
175	12	2.0312251563650303
176	0	0.5801182728617953
176	1	1.5778185165223657
176	2	2.077426983480602
176	3	0.5786617067392832
176	4	1.0791470912934402
176	5	0.5807223236342716
176	6	0.5820199736902788
176	7	0.5791292203943046
176	8	0.5832797339049585
176	9	0.584149238010528
176	10	0.5802273304977169
176	11	0.5826751187052843
176	12	0.5800498915577842
177	0	1.1266075118264909
177	1	0.6291287491206128
177	2	0.6279329604625521
177	3	0.6268900520208909
177	4	1.6264705196638511
177	5	0.629775269634128
177	6	0.6295773782709417
177	7	0.6287770300700296
177	8	0.6283762124896992
177	9	0.6295185105854084
177	10	2.031664745082353
177	11	0.6271180176997184
177	12	0.6286187961873155
178	0	1.024193859792196
178	1	2.0215378994278237
178	2	0.5212928562257044
178	3	1.522095811653614
178	4	0.5243252858820138
178	5	0.5243280818210169
178	6	0.528529389910454
178	7	0.5240553656596486
178	8	0.5266759814784444
178	9	0.5241210605394349
178	10	0.527512651535522
178	11	0.5266738446491317
178	12	0.5242176053301444
179	0	0.5375941136212654
179	1	0.5404528033087569
179	2	2.0383213541297818
179	3	1.5366417130564993
179	4	1.0393547409736235
179	5	0.5381918965271186
179	6	0.5385229269275059
179	7	0.5385344684644034
179	8	0.5400834290260308
179	9	0.5377278423992002
179	10	0.5401501035093914
179	11	0.5380942874122998
179	12	0.539378963020454
180	0	0.5467520638154137
180	1	0.5489173226506096
180	2	0.5504406840356818
180	3	2.0478428561499937
180	4	0.5470445549668427
180	5	0.5476955215639353
180	6	0.5475587292545528
180	7	0.5482950395510258
180	8	0.5527316647639843
180	9	0.5502573991886321
180	10	0.5478846863493588
180	11	1.5477657430203706
180	12	1.0495613575944613
181	0	0.5469754759555308
181	1	0.5503729572732428
181	2	2.0481842052347714
181	3	0.5487404091602361
181	4	0.5495608485105677
181	5	1.0474205799652683
181	6	0.548356774982455
181	7	0.5519673594696985
181	8	0.5495432958166057
181	9	1.546452104605923
181	10	0.5508902354437389
181	11	0.5520701462147835
181	12	0.5486251786116583
182	0	0.5508611861907425
182	1	0.5489092813994779
182	2	0.5515180417752256
182	3	0.554746603521176
182	4	0.5522373724189849
182	5	1.0510056817559303
182	6	0.552983922661126
182	7	0.5513714977739802
182	8	1.549139844581488
182	9	2.0519712258641234
182	10	0.551211978006655
182	11	0.5521362924313548
182	12	0.5528984202505461
183	0	0.572008057514078
183	1	0.8747660251652923
183	2	0.8727508605230331
183	3	1.3723117489213665
183	4	0.8748086377945282
183	5	0.8751171181753956
183	6	0.8735198357832646
183	7	0.873163553835036
183	8	2.37220211330781
183	9	0.8726356666180323
183	10	0.872555293129034
183	11	1.8715972642441927
183	12	0.8724617480704537
184	0	0.5772413039370209
184	1	0.5796296002344427
184	2	0.5768232235654139
184	3	1.0778138735682905
184	4	0.5804443748249656
184	5	0.5826197683805524
184	6	0.5812378792981276
184	7	0.5789893353396522
184	8	0.5770866258090869
184	9	2.078365342079569
184	10	0.579108410724996
184	11	1.5769064555697374
184	12	0.5789000889801768
185	0	0.5628452542901963
185	1	0.5648091204302387
185	2	0.5628418339107778
185	3	1.0629447143268198
185	4	0.5638751065915688
185	5	0.5658530691549898
185	6	0.562380322206008
185	7	0.5659893245588663
185	8	0.5611232975094023
185	9	1.5597850551986852
185	10	0.5618265406245463
185	11	2.0620677515983648
185	12	0.5626584702294567
186	0	0.5491921463626117
186	1	2.047616242462696
186	2	0.5486253406482567
186	3	0.5485956800833576
186	4	0.5527427495498107
186	5	1.0507561534819692
186	6	0.548938670394521
186	7	0.5531654991638053
186	8	1.5482934837152162
186	9	0.5539599937053798
186	10	0.5516688610286887
186	11	0.5523086506608309
186	12	0.5543744002803408
187	0	0.5533491389620496
187	1	1.0501303987000223
187	2	0.549674435332561
187	3	0.5489302889664583
187	4	0.5526893785357883
187	5	2.051847502866459
187	6	0.5526447148971917
187	7	0.5521924110009578
187	8	0.5507004840245286
187	9	0.5531632972687095
187	10	1.5495648103349715
187	11	0.5526579944880616
187	12	0.5532568530657306
188	0	0.5378640304254171
188	1	2.0389967104669715
188	2	1.0405099027494074
188	3	0.54301572913512
188	4	0.5445873627577993
188	5	0.540097001455008
188	6	0.5416899363503428
188	7	0.5401997596065057
188	8	0.5420085020775618
188	9	0.5413820744494608
188	10	0.5402416299842203
188	11	1.5386803667911526
188	12	0.5426437182349128
189	0	12.159729212120398
189	1	0.503034524078986
189	2	0.5073994231288927
189	3	0.5038982455678742
189	4	1.5017777951996074
189	5	0.5081226153919697
189	6	0.5067772866948496
189	7	0.5045751929036156
189	8	0.5069530770646301
189	9	0.5053011004354496
189	10	1.006406653655172
190	0	0.5600901479292832
190	1	0.5631553373365403
190	2	1.5584652273761448
190	3	0.5634250213346634
190	4	0.5607708749751692
190	5	2.5642214729628154
190	6	0.5600478941551696
190	7	1.0601731827211527
190	8	0.5631243764097351
190	9	1.0648994050098917
190	10	0.561538267829952
190	11	1.0640977650086874
190	12	0.5631115191196313
191	0	0.5667996802428247
191	1	0.5696285855299167
191	2	0.5664195095346375
191	3	1.5653966143080418
191	4	0.5705097282524122
191	5	2.0666043080302403
191	6	0.5668065270944933
191	7	0.5670279542748407
191	8	1.0671597363493535
191	9	0.5693984681977587
191	10	0.5672545382322556
191	11	0.5668032999239665
191	12	0.5689100012694153
192	0	0.5405788597143267
192	1	0.540660346818933
192	2	0.5420032002631716
192	3	0.5459272373473313
192	4	1.0415026000759768
192	5	0.5453434919933965
192	6	0.5436541329324578
192	7	0.5429212849649334
192	8	0.5442745520649264
193	0	0.5364983294475076
193	1	1.0780082329582135
193	2	0.5401458885669378
193	3	0.5413568845037077
193	4	2.077018246839145
193	5	1.0766097969597843
193	6	0.5382429675512665
193	7	0.5393596058315008
193	8	2.5785329534725285
193	9	0.5400259626910849
193	10	0.5406185084873689
193	11	1.0393671191947025
193	12	0.5418388320673595
194	0	1.590453050092574
194	1	0.5930998131969614
194	2	0.5933872058650753
194	3	0.5962251823125075
194	4	0.5966429142978613
194	5	0.5939648299680813
194	6	1.0924575471473719
194	7	0.5939980673552718
194	8	0.5951200536430357
194	9	0.5933451219404168
194	10	0.5937700091923795
194	11	2.093548066953005
194	12	0.5942409654186762
195	0	2.2390992237454643
195	1	0.7399292160418444
195	2	0.7401105644456333
195	3	0.7448836514336667
195	4	0.7452679005237608
195	5	1.7415729189011466
195	6	1.2421182144224627
195	7	0.7442476218737448
195	8	0.7443418927472463
195	9	0.7435305663344384
195	10	0.7439364709852285
195	11	0.7418523529518405
195	12	0.7434673982780392
196	0	0.538607525674661
196	1	1.0373515517350236
196	2	1.5358949694950033
196	3	0.5367978911942187
196	4	0.5371865717799834
196	5	0.5363767395542417
196	6	0.5373544515527806
196	7	0.5395257858295462
196	8	0.5400292310651527
196	9	0.5418810452812761
196	10	2.0402944636535603
196	11	0.5432506547312277
196	12	0.5413039521820612
197	0	0.5302156987490833
197	1	0.5290727828817864
197	2	0.5281272768472599
197	3	1.0293157058276707
197	4	0.5308962400066917
197	5	0.5304296280758449
197	6	0.5291858956426859
197	7	1.5283538950691846
197	8	0.5304624307851559
197	9	0.5313707844418011
197	10	0.5295280126569003
197	11	2.0290845571028067
197	12	0.5308928843352357
198	0	1.2453539888292677
198	1	1.7428583498492036
198	2	0.7458773493974516
198	3	0.7493411194263525
198	4	0.7465376572948142
198	5	0.7495999548570754
198	6	0.7508555314081506
198	7	0.7455658378477795
198	8	0.7484369355808218
198	9	0.7471261991347274
198	10	0.7476236166091689
198	11	2.126198683302076
198	12	0.7466856857889934
199	0	0.6330751149445384
199	1	2.132772213779717
199	2	0.6330283239486463
199	3	0.6377056656225694
199	4	0.6364612267844136
199	5	0.6399690744755446
199	6	1.137791532124691
199	7	1.635876598640681
199	8	0.6369461843123775
199	9	0.6352011429202112
199	10	0.6389118214760143
199	11	0.6360944810008651
199	12	0.6381124141565524
200	0	0.5963891967929356
200	1	0.5945689844647573
200	2	0.5928337046335397
200	3	0.5922531605573426
200	4	0.592275436070882
200	5	0.594649173408013
200	6	0.593771782636136
200	7	2.0951123051310074
200	8	0.5958642777420321
200	9	1.592546040647121
200	10	0.5985844091875995
200	11	1.0953113222128465
200	12	0.5978478425116863
201	0	0.5747923693008445
201	1	0.5748049505262185
201	2	0.5794661892529717
201	3	0.5771988327590868
201	4	0.5786723180181241
201	5	0.5752053246122507
201	6	0.5771319737450361
201	7	1.0747375288636611
201	8	1.5739428237921873
201	9	0.57661202242228
201	10	2.076173388242601
201	11	0.577389146932394
201	12	0.5768847246499985
202	0	1.7974816538525986
202	1	0.598323158600457
202	2	0.7995533401331371
202	3	0.8019374836808829
202	4	0.8038348906782865
202	5	0.8001745377326406
202	6	0.8014115040575874
202	7	2.3000854716575105
202	8	0.8014336799685751
202	9	0.7997284107751608
202	10	0.8043903672254616
202	11	1.3018664593141556
202	12	0.8057862041965881
203	0	0.6220980970353218
203	1	0.623967019393552
203	2	0.6235782400361503
203	3	0.6217112533766244
203	4	1.1215208368994234
203	5	0.6240565264372598
203	6	0.6232679979673393
203	7	0.6276126656989018
203	8	0.6234973915688184
203	9	1.6232061203232477
203	10	2.123236514297348
203	11	0.6226788461916556
203	12	0.6252635240410028
204	0	1.1794799581376034
204	1	1.5483131139901503
204	2	1.178909098411253
204	3	2.1076755572591024
204	4	1.417772954543025
204	5	1.1842971964946152
204	6	1.1801543844937115
204	7	0.744660539675549
204	8	1.1816768614809647
204	9	1.1843727089636549
204	10	1.1839952979036819
204	11	1.1799004767294718
204	12	1.183615379423445
205	0	0.7155790126015182
205	1	0.71552187698636
205	2	0.7156166339810267
205	3	1.2156915653553555
205	4	0.7141840481545743
205	5	0.7182092116792373
205	6	0.7146536622413906
205	7	0.7186562586228059
205	8	1.2152605896742232
205	9	2.216324361459323
205	10	0.7161146933006749
205	11	0.7147472809378825
205	12	0.7177572229867644
206	0	0.5908425725558906
206	1	0.5938241568265648
206	2	0.590231295383607
206	3	0.5932623787521467
206	4	0.5942825604629319
206	5	1.091753139035662
206	6	0.591928955011172
206	7	0.5941545500103872
206	8	0.5906275356525009
206	9	0.5899609464742827
206	10	2.0908406772971864
206	11	1.0906169023064223
206	12	0.5912366528818701
207	0	0.5807589358716925
207	1	0.5791236834203071
207	2	0.5821627365617896
207	3	0.5809099169130931
207	4	0.5791187399675524
207	5	0.5840547648612502
207	6	0.5815968447258177
207	7	1.0802394893881104
207	8	2.0792745359583207
207	9	0.5806368829855302
207	10	0.5796821783139231
207	11	0.5798374067603015
207	12	1.0794141956552472
208	0	0.7704160789612376
208	1	0.7706188041467078
208	2	0.7684264612030366
208	3	0.633512952645604
208	4	0.7688756100578391
208	5	0.7695567397006332
208	6	1.2677006848790733
208	7	0.7685770569885272
208	8	0.7663599998336834
208	9	0.7672438278297955
208	10	2.267705277931795
208	11	0.7683220766694787
208	12	1.2664648269768661
209	0	1.0555463070812552
209	1	0.5554871136030499
209	2	0.5594251789688848
209	3	0.5582162302363077
209	4	0.560985884860162
209	5	0.5569824231391559
209	6	0.5605691086917521
209	7	0.5584218391128897
209	8	0.556424953760367
209	9	1.0556011167692392
209	10	2.0569047148024238
209	11	0.5576952784720209
209	12	0.5579351911558866
210	0	0.561995721697477
210	1	0.5647590722473719
210	2	0.5635023753620158
210	3	0.564723669352936
210	4	1.0641551217989345
210	5	0.5631447460924562
210	6	0.5670186153223351
210	7	0.5674178079241334
210	8	2.0626017848053815
210	9	0.5629923141708759
210	10	0.5633751561375778
210	11	0.5628881461840013
210	12	1.062999662823062
211	0	0.7515250749320013
211	1	0.7538396125070247
211	2	0.7547763644252051
211	3	0.6217165546551479
211	4	1.2524301850282833
211	5	0.7549686505908833
211	6	0.7533378465607523
211	7	0.7532289744083052
212	0	1.0739630171729564
212	1	0.5770911725506422
212	2	0.5741501240081107
212	3	0.5748574000432343
212	4	0.5792528027064383
212	5	0.5765839927217747
212	6	0.5778966567302901
212	7	0.5793964763739394
212	8	1.8242863248540309
212	9	1.3255315921687116
212	10	1.3255004923838927
212	11	1.3264886769698965
212	12	2.826454071495224
213	0	0.5835235747232708
213	1	0.5824856890017472
213	2	0.5858357903385669
213	3	0.5837919839946695
213	4	0.5870798664085666
213	5	0.5859469357518213
213	6	1.0855578988963384
213	7	0.5860430112892006
213	8	0.5830129664316859
213	9	0.5831004716734108
213	10	2.0825140637036013
213	11	1.0828677788469456
213	12	0.5829921871339893
214	0	0.599808451660116
214	1	0.5987985800474406
214	2	0.6038100385373748
214	3	1.0989692855114617
214	4	0.6019777929522593
214	5	0.6033895979839315
214	6	0.6027414617495945
214	7	0.6016626010205594
214	8	2.1008187095346202
214	9	0.6054659829702814
214	10	0.6067586864037511
214	11	0.6050355241599263
214	12	1.1031380676812348
215	0	0.5846515408607313
215	1	1.0833195835630236
215	2	0.5852460296495261
215	3	0.5877792903668679
215	4	1.084977789157923
215	5	0.5866489148862621
215	6	0.5861877053695458
215	7	0.5864237519698364
215	8	0.5887909692219273
215	9	2.086499785726489
215	10	0.5866545430892672
215	11	0.5902345254036071
215	12	0.590420261777035
216	0	1.3113374256656043
216	1	0.8110672775606506
216	2	1.3132542047485087
216	3	0.8149054833261621
216	4	2.310913006182634
216	5	0.8151828007089962
216	6	0.8135620312601836
216	7	0.8132560539495672
216	8	0.8146712034011274
216	9	0.8149365975434503
216	10	0.8140500477742427
216	11	0.8128221951733353
216	12	0.630482596561065
217	0	0.5680248346782764
217	1	0.5673124495346654
217	2	2.0682729167813227
217	3	0.5705099506234628
217	4	0.5676837546812324
217	5	0.5682995062938634
217	6	1.0691614576636483
217	7	0.5685976578120574
217	8	0.5689019574604057
217	9	0.5717747354975049
217	10	0.5723055618473594
217	11	0.573058318667891
217	12	1.0710893057327098
218	0	0.5887606648218495
218	1	0.5900082018253534
218	2	0.5890377919186269
218	3	0.5887568426210534
218	4	1.0877128999309393
218	5	0.5893955953283274
218	6	1.0876932610538095
218	7	0.5920789761221942
218	8	0.5892462569764805
218	9	0.5906581194278919
218	10	0.5898637012187478
218	11	2.090498672106845
218	12	0.5929920145720764
219	0	0.5805886100520288
219	1	0.5846691492242216
219	2	1.0811310192124872
219	3	1.0820248097360323
219	4	0.5832885550743835
219	5	2.0808995336460026
219	6	0.5820609586381552
219	7	0.5821140215054423
219	8	0.5838586138206062
219	9	0.584119895372787
219	10	0.5870974095790384
219	11	0.5839402268543951
219	12	0.5848164593837716
220	0	0.5755315759078228
220	1	0.5731391566057608
220	2	0.5730213502618392
220	3	0.5756553001037664
220	4	1.0736934936644011
220	5	0.5748723713620525
220	6	1.0748161027458718
220	7	0.5736579777955856
220	8	2.074444058666588
220	9	0.5770303514497936
220	10	0.5754588439915401
220	11	0.5741627417345192
220	12	0.5801047766087065
221	0	0.5899253921269438
221	1	0.7254583371206349
221	2	1.2229774580485275
221	3	0.726669595770819
221	4	0.723495048282057
221	5	2.2236617852853806
221	6	0.7269288835010115
221	7	0.7253554136536983
221	8	0.725345093462778
221	9	1.2251386474870622
221	10	0.7240809114169057
221	11	0.7260215525773736
221	12	0.7249871643254232
222	0	0.5843240115160732
222	1	0.5853353270364883
222	2	0.5837732049779736
222	3	0.589384476065496
222	4	0.5853022957804181
222	5	1.08529456414502
222	6	1.0858518820002654
222	7	2.086035667897772
222	8	0.587234638474398
222	9	0.5890954285273559
222	10	0.5915015666249255
222	11	0.5900021317361706
222	12	0.5864322942572111
223	0	0.623403216723511
223	1	0.6211818686960134
223	2	0.6211413235007739
223	3	1.1204747783371025
223	4	0.6200946876517596
223	5	0.6229562276259986
223	6	0.6246585346390798
223	7	2.121843039316689
223	8	0.622480556909233
223	9	1.1229089432568349
223	10	0.6236691985994136
223	11	0.6248979392826748
223	12	0.6246603187953284
224	0	0.6300241633414749
224	1	0.630935489140814
224	2	0.6309294459832923
224	3	0.6338807890331238
224	4	1.1298824637489429
224	5	0.6326914722882429
224	6	0.6324065169592327
224	7	0.6302560435991806
224	8	0.633193733483647
224	9	0.6320483020989937
224	10	2.133458689076402
224	11	0.6372647533259154
224	12	1.1337760100359031
225	0	0.635156170330216
225	1	0.6345509241446934
225	2	0.6347504733163567
225	3	2.0379077203135876
225	4	0.6329303693722236
225	5	1.1309909099955917
225	6	0.6360668372935195
225	7	0.6367998709341397
225	8	0.6389748423861201
225	9	0.637424426233809
225	10	0.6350906911013531
225	11	0.6392439508689595
225	12	1.1369701858277457
226	0	0.661539086115568
226	1	0.6601545106023237
226	2	2.053106621974028
226	3	0.6608382240486127
226	4	0.6632885378636257
226	5	0.6626247941715149
226	6	0.660186459060998
226	7	0.6601766767402406
226	8	0.6609890590669465
226	9	1.1600985944160753
226	10	0.659462396724226
226	11	0.6623708716345829
226	12	1.1601621514671587
227	0	0.9130512384955198
227	1	0.914897100100791
227	2	2.081108613766063
227	3	0.9158247674874864
227	4	0.9157228994074518
227	5	0.9134189194681944
227	6	0.9180655813711123
227	7	0.9149010660634036
227	8	1.4145068031523187
227	9	0.9197019832574017
227	10	1.4144668721380593
227	11	0.9165161218529564
227	12	0.9195017492940231
228	0	0.586972531896939
228	1	0.5878866862395837
228	2	0.5893187652109693
228	3	1.085997564140656
228	4	0.5909583519980136
228	5	0.5912496661537728
228	6	0.5880738037334822
228	7	0.5894511238513402
228	8	0.5903872566734539
228	9	1.0887690953930205
228	10	0.5889606912915737
228	11	0.5927389712943903
228	12	2.091755519545287
229	0	0.5760538015833778
229	1	1.2176901127610507
229	2	1.2180720523498991
229	3	0.7180861627526536
229	4	0.7214750330505303
229	5	0.7198737978957258
229	6	0.7229350610511636
229	7	0.7180225109243767
229	8	0.7208191506339134
229	9	0.7201906269465668
229	10	2.2187593932721
229	11	0.721827152369794
229	12	0.721514631273061
230	0	2.0766554621459106
230	1	0.5816527256830861
230	2	1.0773914277010517
230	3	0.580412167447001
230	4	1.0788771709412897
230	5	0.5788382272348871
230	6	0.5783411883242355
230	7	0.5788318900404393
230	8	0.5771432721894202
230	9	0.5776680640055416
230	10	0.5786830132209773
230	11	0.5826643858763773
230	12	0.5792079927468086
231	0	28.27206376456864
231	1	0.7032790195112053
231	2	1.9172229024537515
231	3	2.437309805928922
231	4	1.7788336417105577
231	5	1.249365753041053
231	6	1.9190879860058356
231	7	40.92842766564198
231	8	1.9195758107904703
231	9	40.42786220843525
231	10	1.9199870899464162
231	11	1.9223501098080156
231	12	1.919848658567325
231	13	2.420253036795236
231	14	2.4211050508229772
231	15	1.0002305785610155
231	16	0.7036984128900997
232	0	1.1360141226461307
232	1	1.1310647744679956
232	2	0.8340905263414007
232	3	1.134052026998415
232	4	1.1372077243550909
232	5	0.9747447866517149
232	6	1.1335167969629916
232	7	1.1339971731783647
232	8	0.5008707587266017
232	9	0.0016822514413533858
232	10	1.9743621960880646
232	11	1.134214401982076
232	12	1.6330436420362442
232	13	1.135838651223513
232	14	1.1354143208805156
233	0	1.0757671794326478
233	1	0.5805758612415418
233	2	0.582040756221741
233	3	0.580015635668152
233	4	1.0760743965824993
233	5	0.5795516724163344
233	6	0.5821704979288308
233	7	0.5775024831157674
233	8	0.5793607807594193
233	9	1.5795530684885777
233	10	0.5786296484606455
233	11	0.5822522956334344
233	12	0.5784990465193552
233	13	0.5793989500851444
233	14	0.5779198533873866
234	0	0.7066262508722275
234	1	0.7091290666740944
234	2	0.7036391553518682
234	3	0.7040102210442113
234	4	0.7043439921435419
234	5	0.7055646989102368
234	6	1.2049439967245095
234	7	0.709908628529185
234	8	0.7061447954070875
234	9	0.7071365846734569
234	10	1.2067938631296953
234	11	0.707789286861698
234	12	0.7067415460257025
234	13	1.7074424018944976
234	14	0.7049686648172295
235	0	1.238723359219004
235	1	1.2440279305541593
235	2	0.7165166246813504
235	3	1.738420664776724
235	4	0.7202775438619923
235	5	1.2419866631873018
235	6	1.2413783319931935
235	7	1.2412876566162694
235	8	1.2446268279664556
235	9	1.2414838465356892
236	0	0.582026858253211
236	1	0.5855192993219873
236	2	0.5844500249817262
236	3	0.582455753172165
236	4	0.5850052275524377
236	5	0.5825996055100879
236	6	0.5840306617876397
236	7	0.5850996768918582
236	8	1.08333098664001
236	9	0.5887694926311596
237	0	0.7429849734497654
237	1	1.2414700212260255
237	2	0.7451960332170495
237	3	2.5614079034160384
237	4	0.743253145082348
237	5	0.7442220460474948
237	6	0.7434524222645944
237	7	3.5641555791548254
237	8	0.7459644778841894
237	9	2.5400366060905677
237	10	2.565123966622159
237	11	0.7475336833217269
237	12	0.6038504360338786
237	13	0.7478326641533916
237	14	2.5661391568680427
238	0	0.7645011088947902
238	1	1.346586701020232
238	2	1.3475069997387346
238	3	1.3477952159867823
238	4	1.846306978592414
238	5	1.3468223458745698
238	6	1.3469556439380241
238	7	1.3486861389035971
238	8	0.6167892679226982
238	9	1.3499579998321696
239	0	0.5955091382221077
239	1	1.0950101955895986
239	2	0.5968284574017511
239	3	0.5973815550015782
239	4	0.5981709149943822
239	5	0.5994516058199394
239	6	0.5963054351740559
239	7	0.5987261603142955
239	8	0.6005468858082548
239	9	0.59895764651689
240	0	0.002812272361176785
240	1	0.8628989125169456
240	2	0.8633308753627854
240	3	0.8636953266663573
240	4	0.865394685269225
240	5	0.8645367343805924
240	6	0.8632214785444257
240	7	0.6119623543813695
240	8	0.8673568352520651
240	9	1.3637433390654436
240	10	0.8664813492045667
241	0	1.1181635986070497
241	1	0.6233549969211392
241	2	0.6225242425093811
241	3	0.6205335226439976
241	4	0.6218419675390305
241	5	0.621745354928077
241	6	0.6219479304676659
241	7	0.623756219498668
241	8	0.6219211079385857
241	9	0.6236330015734409
241	10	0.6239365290271751
241	11	3.921447268712166
241	12	4.424211037352492
241	13	3.4229960991385466
241	14	3.423400320525802
241	15	3.4217998758532233
242	0	0.596279319344839
242	1	0.5984405409170631
242	2	0.5974054890064067
242	3	0.5974601903289827
242	4	0.6014620327472088
242	5	0.5997239292854128
242	6	0.5980009275833672
242	7	1.0979681143420357
242	8	0.5980142720870256
242	9	0.597486559039466
242	10	0.6005047562531267
243	0	0.5910587450160755
243	1	1.0887871636659723
243	2	0.5913835079579952
243	3	0.591392151884408
243	4	0.5936199202060789
243	5	0.5950061289933444
243	6	0.5911268556832563
243	7	0.5930883463624186
243	8	0.5920973050694776
243	9	0.5948315292236335
243	10	0.5911383761594504
244	0	0.22248926118957887
244	1	2.4060803872989873
244	2	0.22527337116961624
244	3	0.22167520637069174
244	4	0.22250817223784045
244	5	0.22258773758439934
245	0	2.2146238629250083
245	1	1.03246207334999
245	2	1.0350385172691836
245	3	0.8152417728329459
245	4	1.5324180251099722
245	5	2.215159780882353
245	6	0.8167823209001166
245	7	0.6296250243471399
245	8	2.2172457240188255
245	9	1.8156849097336423
245	10	1.0355055824425172
245	11	1.0333368747907583
245	12	2.7173203448954886
245	13	0.8153231093925005
245	14	1.0382735342495975
246	0	0.6056992111719414
246	1	1.6077577441256992
246	2	0.6076773939618206
246	3	0.6075469473053122
246	4	1.1055012974714042
246	5	0.6119448137092077
246	6	1.1080674927206418
246	7	0.6114019942952191
246	8	0.6079808242522396
246	9	0.6086104410491692
246	10	0.61010403136952
246	11	0.6121297997937868
246	12	0.6086560196286043
246	13	0.6107533583506043
246	14	0.6107838112014156
247	0	0.6394740233867612
247	1	1.1390561314465706
247	2	0.6416116718864269
247	3	0.6396454507392164
247	4	0.6421893676097058
247	5	0.6424296218841168
247	6	0.6420681505114928
247	7	2.0595424951516463
247	8	0.6452713877512191
247	9	0.6428138043707597
247	10	0.6424608351530114
248	0	1.1609307034590706
248	1	1.7970365400274433
248	2	1.797340069644629
248	3	0.001503349587077351
248	4	1.1590793320866897
248	5	1.1586708602971834
248	6	1.658781452058248
248	7	1.1586022014178354
248	8	1.6017360245129573
248	9	1.16180816410729
248	10	2.2982560270349977
248	11	1.1613539048957968
248	12	1.1631852660437934
248	13	1.798256449982088
248	14	0.8485740496104706
248	15	1.1603577760100487
249	0	1.5101138622024484
249	1	1.0130852459293491
249	2	1.012308169061508
249	3	1.0142549185732068
249	4	0.7999858810719823
249	5	1.0136905606609463
249	6	1.0144784110784457
249	7	1.0133413949993404
249	8	1.5125968035005606
249	9	1.011868159861838
249	10	1.0140490097741204
249	11	1.0010448373694096
249	12	2.0152041765936994
249	13	0.7979049916708749
249	14	1.0131101720122617
249	15	0.5852694989734728
249	16	1.0145032765034387
250	0	1.6398809165084987
250	1	0.7910078925112484
250	2	0.7915550806007641
250	3	0.7948124855203946
250	4	0.7969449705131414
250	5	0.7968851210802332
250	6	0.7955114690022898
250	7	1.2922961276789786
250	8	0.7930964918968952
250	9	0.7956865692911244
250	10	0.7933087410709694
250	11	0.7948441887407403
250	12	2.963501367082907
250	13	1.794969193419642
250	14	0.793924691090246
250	15	0.7937914883908085
250	16	1.295631486479172
250	17	0.7940692777388522
251	0	0.6152487177074637
251	1	1.613119423618042
251	2	0.6140228263936253
251	3	1.111669495841484
251	4	0.6137902566643775
251	5	0.6119749405414237
251	6	0.6122263888216549
251	7	0.6148442704580472
251	8	1.6139706251989538
251	9	0.6168426019849845
251	10	0.6157489732911398
251	11	0.6185491348346452
251	12	1.111737480064714
251	13	0.6139997911000308
251	14	0.6126356811040966
251	15	0.6129330799654044
251	16	0.6146114708380892
252	0	0.5729687789965073
252	1	0.575828993890426
252	2	0.5730843241410905
252	3	1.0729601432782627
252	4	0.5781520024862035
252	5	0.5798316043557524
252	6	0.5757985501126158
252	7	0.5738550958274696
252	8	0.5748296719347988
252	9	0.5781490938778056
252	10	0.5762231426000362
252	11	0.5779130543568752
252	12	1.577967198659982
252	13	1.0766371663357432
252	14	0.5787827295063236
252	15	1.5774352144401502
252	16	0.5781169935703331
253	0	1.124829389381854
253	1	0.6315421080638727
253	2	0.6284798985138714
253	3	1.6256368401734267
253	4	0.6284675076715011
253	5	0.6290268239062804
253	6	0.6297775828057931
253	7	0.6287105953867085
253	8	0.6283101168055198
253	9	0.6320719680926478
253	10	0.628412638692019
253	11	0.6310535310032372
253	12	0.6285527724600845
253	13	0.6313256642303864
253	14	1.630737879011423
253	15	0.6297273504355925
253	16	1.1305694562644482
253	17	1.8165797956854857
254	0	0.5942473463458868
254	1	0.597079763800545
254	2	0.5945391675236709
254	3	0.5924310214625673
254	4	0.5937412284761245
254	5	0.5918741534300933
254	6	0.5956670899569343
254	7	0.5928548811106303
254	8	1.5935238069899298
254	9	0.5944550847911414
254	10	1.0945153642998329
254	11	0.5950437806619017
254	12	0.5926077786115209
254	13	0.5915860640759808
254	14	1.5941972469017816
254	15	1.0915327121338907
254	16	0.5940158047818094
254	17	0.5936565437555679
255	0	0.6102624993788733
255	1	0.6112261926879247
255	2	0.6102652271748766
255	3	0.6112240409801859
255	4	1.610079499150957
255	5	0.6163172591518329
255	6	0.6130510153165345
255	7	0.6118303452578076
255	8	0.6146411013000069
255	9	1.1105845566660517
255	10	0.6153376290412164
255	11	0.6162571323615835
255	12	0.6120193368752085
255	13	1.1105347100438723
255	14	1.6133719486682778
255	15	0.6124458420404342
255	16	0.6118721831039909
255	17	0.6124772707717568
255	18	18.33417507902448
255	19	4.3901109307038215
256	0	0.2734212563073716
256	1	0.2747945949425897
256	2	0.2768330375899503
256	3	0.2747283659578501
256	4	0.27503235520975283
256	5	0.27334427486424895
257	0	1.5284479701211002
257	1	1.0290242842636979
257	2	1.0317683499336758
257	3	1.0320856381569492
257	4	0.7603019542039874
257	5	0.7642097106380379
257	6	1.0325721628726185
257	7	1.5306271107582932
257	8	0.7638942062693672
257	9	0.7628309618642485
257	10	0.7648240287800369
257	11	2.0324730820986994
257	12	0.6009493743680748
257	13	1.033870183760122
258	0	1.1642081447113468
258	1	1.6645774564365783
258	2	1.163886614496349
258	3	0.9554808599155084
258	4	2.161735512525484
258	5	1.1632817476490829
258	6	1.16478048660503
258	7	1.1650059546118914
258	8	1.6628580525406926
258	9	1.1655454347022731
258	10	1.1640724325472915
258	11	1.1662127426627722
258	12	1.1632138787835422
258	13	1.1687915464355128
259	0	1.5950967337271271
259	1	1.0945425011691214
259	2	0.596460564471676
259	3	0.5996375694734457
259	4	0.5978568016914059
259	5	0.5968407331646802
259	6	0.5956514350454037
259	7	0.5983476128898578
259	8	0.5963414542707557
259	9	0.5978590805864828
259	10	0.6000886061379703
259	11	2.5190175411702214
259	12	0.5989211566360318
260	0	1.0297484940569346
260	1	3.8126306261375964
260	2	1.0279911498812075
260	3	1.028359613676673
260	4	1.6252278472169648
260	5	1.5290343666676809
260	6	0.0017571401696618036
260	7	0.5786808116753877
260	8	4.816586748209292
260	9	1.0305485972514046
260	10	1.0338290839836979
260	11	1.0299895445173861
260	12	2.031002930600417
260	13	1.0321020123224003
260	14	1.03059326107987
260	15	4.315667425377494
260	16	1.0336178332745558
261	0	1.5599938981687278
261	1	0.5590685242952789
261	2	0.5605409292369176
261	3	0.5589146669753238
261	4	1.557912676627393
261	5	0.5633302800750398
261	6	0.5584940387295318
261	7	1.0598655694339736
261	8	0.5594446360479369
261	9	0.5612923913483727
261	10	0.5617934229622813
261	11	1.0585540366243646
261	12	0.5635092847706232
261	13	0.5620782585667636
261	14	0.563583180286727
261	15	0.5659606583070923
261	16	0.5627714454463723
262	0	0.7643525311836572
262	1	0.6065721603127345
262	2	1.7624093988782261
262	3	0.7641201158502755
262	4	0.76245715542069
262	5	0.7630298594959846
262	6	0.7622654863391908
262	7	0.7631477274645317
262	8	1.2618810761963646
262	9	0.7645348952560266
262	10	1.7668299753628647
262	11	1.263157974088777
262	12	0.7635812188409812
262	13	0.7659109215234406
262	14	0.7657513458224211
262	15	0.7624477432471382
262	16	0.766887321876388
263	0	0.64724382948531
263	1	2.3235926552680812
263	2	1.323767023841571
263	3	2.3249417794209446
263	4	1.3228825338364651
263	5	1.8227031389536288
263	6	1.3238474298349046
263	7	1.3264958232044328
263	8	1.3237887378524644
263	9	1.3243021607997312
263	10	1.324582718405814
263	11	1.3275635696041181
263	12	1.3287433533237132
263	13	1.1715443605220737
263	14	1.3268807048503912
263	15	1.8250105698081673
263	16	1.3302714494752423
263	17	3.674344992004249
264	0	0.5757771122033641
264	1	0.5791770999274548
264	2	1.0765002917757358
264	3	0.5784186669149455
264	4	0.5780280618056408
264	5	0.5784821153358181
264	6	0.576842629823114
264	7	1.5800554134826066
264	8	1.0757818423857064
264	9	0.5789738827942139
264	10	0.5782011158333599
264	11	0.5789319274906012
264	12	0.581880487797256
264	13	0.5788115127958673
264	14	1.5794294169712255
264	15	0.5794484796136571
264	16	0.5808820964835298
265	0	0.621452073185228
265	1	0.6198445420336863
265	2	0.6226587714544906
265	3	0.6220297040103675
265	4	0.6247104017956862
265	5	0.6251440213450138
265	6	1.1220696411880362
265	7	0.6246310395412854
265	8	0.6226304997939823
265	9	1.624125938259171
265	10	1.1217371188441028
265	11	0.6236512346867762
265	12	0.6222110087782927
265	13	0.6236277619614092
265	14	1.6214915048575869
265	15	0.6229570938233059
265	16	0.624125268207024
266	0	1.2144891688113597
266	1	1.2163888646184584
266	2	0.7112482354561038
266	3	1.2154218996356752
266	4	1.218532737250327
266	5	1.2150156631041882
266	6	1.2208585945259298
266	7	1.7160106096414696
266	8	1.2188364139382455
266	9	2.2151705076028554
266	10	1.2175976828806343
266	11	1.216586570870342
266	12	2.4132351651959003
266	13	1.2162876020366589
266	14	2.0636665983527465
266	15	1.2200236883210631
266	16	1.2184149545521403
266	17	1.7168795486785624
266	18	7.181901585293864
267	0	0.5842312348642378
267	1	0.5794047398294092
267	2	0.5845814998202015
267	3	1.0782777797427794
267	4	0.5822659561409231
267	5	0.5825631257618653
267	6	0.5841057632014452
267	7	0.584071427966915
267	8	0.5809829189577903
267	9	0.5808847144097189
267	10	1.5824359057773583
267	11	1.5811966460729552
267	12	1.0814199797395945
267	13	0.580430073307243
267	14	0.5827456802945012
267	15	0.5830060110210731
267	16	0.5846412327909887
268	0	0.6274102272748786
268	1	0.6326847552950146
268	2	0.6276742826972306
268	3	0.6289479441425605
268	4	0.6309944714921379
268	5	0.6272883232921099
268	6	1.2090020743291987
268	7	1.1273458579229283
268	8	1.6278202869589353
268	9	0.6297241477750164
268	10	0.6306077301166177
268	11	0.6345174003381935
268	12	0.6312694061112681
269	0	1.7596414226306305
269	1	0.6322765012550838
269	2	0.6327634449260552
269	3	1.2616059357055949
269	4	0.6383969639218672
269	5	0.6358721677725996
269	6	0.6366745178704734
269	7	0.6338549073366818
269	8	0.635876719228613
269	9	2.262836311207254
269	10	0.6373775722079867
269	11	1.2606557527077753
269	12	1.2626142878631086
269	13	0.6353729682531926
269	14	1.6345098823025983
269	15	1.1346464494003285
269	16	0.6370943817947652
270	0	0.8680709316796635
270	1	0.8686130373881257
270	2	0.8724768671797035
270	3	0.868266611444799
270	4	1.8674077782015643
270	5	0.8712657607358584
270	6	1.3674390712069986
270	7	0.8712049656883122
270	8	0.871411711342906
270	9	0.8711136862281599
270	10	0.6530675000260298
270	11	0.8694552456709698
270	12	0.8733045798359849
