## RankNet
## Epochs = 50
## No. of features = 48
## No. of hidden layers = 2
## Layer 1: 10 neurons
## Layer 2: 10 neurons
1 2 3 4 5 6 7 8 9 10 11 12 13 14 15 16 17 18 19 20 21 22 23 24 25 26 27 28 29 30 31 32 33 34 35 36 37 38 39 40 41 42 43 44 45 46 47 48
2
10
10
0 0 -0.059316855763120194 -0.08326523414609235 -0.09352418664651031 0.06496831364292147 -0.0875903789916701 0.0670656177132656 -0.08817874938038761 -0.04141551222961283 -0.07297093861883364 0.06080641163145033
0 1 0.01935025490820408 -0.03568235784769058 0.060931164771318436 0.07394510507583618 -0.06868793815374374 -0.0628533586859703 0.01122787594795227 -0.06069915369153023 0.04765653610229492 -0.06993831694126129
0 2 -0.013487649150192738 -0.07601608335971832 0.021867096424102783 -0.06988384574651718 0.04878099635243416 0.010293704457581043 -0.022687125951051712 -0.046009261161088943 0.038122572004795074 0.05647069215774536
0 3 -0.04650626704096794 0.088935986161232 -0.0030927539337426424 0.060240961611270905 0.019674081355333328 0.04943999648094177 0.0613161101937294 -0.06388415396213531 -0.05060944706201553 0.003751313779503107
0 4 -0.09338422119617462 -0.04946497082710266 0.09966325014829636 0.031437911093235016 -0.04720507934689522 0.02357952669262886 0.07202315330505371 2.4962425231933594E-4 0.09078043699264526 0.06287802755832672
0 5 -0.07928100973367691 0.0371609702706337 0.08505742996931076 0.05726851895451546 -0.021240854635834694 0.04034001752734184 -0.024769950658082962 -0.046007491648197174 -0.01112715620547533 -0.05288384482264519
0 6 0.08720964773025441 0.04119089279327354 -0.0045787823023278875 0.07576173691758678 0.0352931860072982 -0.06939159772728368 -0.09552520526186645 -0.04597788459621457 0.04842918742339998 -0.055706329191231516
0 7 -0.01079721146166214 0.039241616909736925 -0.08530440203594285 0.06215461518254567 0.06913781470322261 0.09577888518085317 0.04696315644876181 -0.01058635196027092 -0.06975200562984124 0.07143884717645273
0 8 0.0720839206852365 -0.05184188884941734 0.04173445343365457 -0.041436442709546696 -0.08292886385659591 -0.049282334530646524 0.0156588965583682 0.07471109460229229 0.0037261809048345345 -0.08722998463525448
0 9 0.07584238096851592 0.09179245280774449 0.08847878142585534 0.05631182568611561 0.013765632603662994 -4.33450728808164E-4 0.02824776633867025 -0.027668559000545895 -0.03096464063850128 -0.07490426563634549
0 10 0.05600783645886645 -0.03417358947245277 0.03331446289410379 0.008810814865846029 -0.03104080589453589 0.021683950191443254 -0.017452372096097474 -0.0237673865712227 -0.06408293891576027 -0.02084734179987575
0 11 -0.07508070568063487 0.06177688274717578 0.03962578467702478 0.016080414873249578 0.030979673254853683 -0.022782503799906813 0.0022483442412798865 -0.05664784299376548 -0.08668304438386251 0.035334052227473454
0 12 2.4329179654009972E-4 0.0628419911367567 -0.06325351205688666 -0.06376699093640861 0.021835219681072094 -0.029633393794391474 0.023882833219839153 -0.06264025949586464 0.015966250095842432 -0.017194020022545265
0 13 0.009700096419823521 -0.08547155373132856 0.06459816066942915 -0.05479998934912877 -0.04102795133776387 0.044388986874487835 -0.06000188688338931 -0.04328377430045101 0.01976389715615786 0.09465328697170577
0 14 -0.04642377017104026 -0.06782060519932423 0.01897421401838894 0.08731316072627339 -0.005084239986619163 -0.07061909766222607 0.06061165605369702 -0.09396004631530155 -0.09744770433245172 0.03647909488552687
0 15 -0.06345470741624624 0.05766918808928409 -0.03176783839052052 0.06981766349492681 0.08987871901588526 -0.06416924187195816 0.08659376101371574 0.022397634864560787 -0.03234174203466033 -0.061158974050560734
0 16 0.006153578768108596 -0.03858220702829601 -0.058196468006509405 0.07484744120821361 0.08102750974605988 0.04662404960783718 -0.0749298143771304 -0.08453030112788298 0.04128767113489235 0.016093649154498298
0 17 -0.08716912556865523 -0.02306510483833595 0.01898644646792091 -0.038694207573362546 -0.09126577016624889 -0.06144098419309532 0.08132656341344965 0.06896184089605592 -0.09357677464636328 -0.023167148585346867
0 18 0.09688518987917327 -0.07568995616141307 -0.04501687500448726 -0.04853821357079505 -0.07347109472142355 -0.0158592781661227 -0.05528879660195004 0.09604567040046769 0.09804301856690219 -0.04071464930870581
0 19 -0.08777119962974446 0.02289986265276618 -0.01660110336407685 -0.08318941038961666 0.039984522529426046 -0.033482246030268545 0.015012496857157304 -0.05540038479494492 0.07890187078272039 0.034340870858063734
0 20 -0.0011759352412581627 -0.008485716011427976 -0.04229210292315626 0.035342399285840764 -0.04255711094936369 0.0670300435079231 -0.00680985490060383 -0.08741142458800971 -0.08133866889668641 -0.04148282859365493
0 21 0.09906836589748268 -0.040684843404221946 0.042202712345588866 -0.09507774583173453 0.04769041825047521 -0.00877490592031567 -0.03874276278634579 -0.08890686840764715 -0.08024707497649508 -0.010032955844146058
0 22 0.007865920359142117 0.06837485211286333 -0.019270573992602305 -0.05491427257564974 -0.03623256181495313 0.033350573396418254 -0.07518162386253942 -0.016359221706372527 -0.08137903305404325 0.00827879025657185
0 23 0.010231552659431193 -0.05395763898814966 -0.06671610195800345 0.00165005133093162 -0.019594600282129827 0.07167207456737963 0.09633976198565047 -0.02724079063164637 -0.09653686857665843 0.07329950603925207
0 24 -0.04168963432312012 0.0535561628639698 0.033565353602170944 0.0741981640458107 -0.05315850302577019 0.07520487904548645 -0.07767777889966965 0.0829724445939064 -0.0840875580906868 0.049432821571826935
0 25 -0.06915437929758567 0.06480336277482297 -0.050714556573384584 0.028325249869004337 0.08862842668965709 -0.0293893705269988 -0.012241706274233127 -0.08945638401033684 -0.08422879982978726 -0.03575990941076991
0 26 -0.027234798297286034 -0.0024421692360192537 0.0727011114358902 0.06493089348077774 -0.03155055642127991 0.04115463048219681 0.0908823311328888 -0.009269803762435913 -0.08729112893342972 -0.058961182832717896
0 27 0.02350709715808453 -0.07862427705250873 0.07250331293037225 -3.713107779224542E-4 -0.049024166892737 -0.0012557770668398605 0.016849157197368885 -0.011614091959151472 0.027755033051424998 -0.03029465519852883
0 28 0.04131214664910933 0.0552739767441288 0.09890621918163753 0.019663506224126336 -0.01425932182435602 0.06573730025955478 0.06997613870705004 0.08044920207037315 0.05948088283522561 0.008036348996829779
0 29 -0.05716721340889475 -0.08170382497572644 -0.0834440884889254 -0.025551412009616407 0.07890895797664622 -0.08741838686466977 -0.050576066538704355 -0.021413693232980556 0.016025469376189896 -0.019376941050339488
0 30 0.08381827446851811 -0.007356223229560423 0.02387031719035208 -0.07665441636687542 0.02973532312932498 0.01395993463963703 -0.02323955855564813 -0.038696244125851174 0.0016599537382307305 -0.09659137354050719
0 31 1.413539855076967E-4 0.02509669263717538 0.06381128197102118 -0.07981812445678879 0.031476280938795634 -0.05139587311101449 -0.03299651118064465 -0.04557776837174536 0.05394579790019304 0.04070708575944642
0 32 -0.002270819643385668 0.018931887841799055 0.049063933086852245 -0.07247793134975593 0.041908207888258525 0.09091272689938394 0.033380090153854854 0.0035362900670537567 0.055726236550475816 0.08615355989389906
0 33 -0.0186930119471818 -0.03493310658072702 -0.06734229814339934 -0.01674129836633227 0.07444732920200015 0.04125645651158273 -0.0176712903076705 0.09144857329061505 -0.01626434615467104 -0.039290958799037226
0 34 -3.998185278088269E-4 0.09496048483115656 0.05519932946595766 0.07126651944275192 0.02405430783194264 -0.02474599723538625 -0.052203094503780426 0.08240193770043319 -0.015320769493009388 -0.017487230160003576
0 35 -0.07442615798463235 0.10088213182106372 0.02885969464896782 0.03674173370712517 0.09683876459081489 -0.008885607638868424 0.05923128201263374 0.09898602969733654 0.04255932615380914 -0.0453972952377133
0 36 0.0029693338610704318 0.08194973290847005 0.0853293071604196 0.061711250443364125 0.02996198572559244 -0.08301099087171235 0.08074751626525001 0.08112695965032514 -0.006964933931889218 -0.0857039326611789
0 37 0.05515266900529901 0.04171571930973253 -0.0898335117275071 -0.021636067372530536 0.07992242325282561 -0.07285987194894576 0.0023772473335121167 -0.0811142935909131 0.030303688586380582 -0.054231399310400434
0 38 0.0811325274095843 -0.031423965968929636 -0.0659521946743404 -0.0535384375064905 0.0805580496052992 -0.09069132581488507 -0.06700756822863944 0.0977116256868883 -0.08077526652002862 -0.04622143148062387
0 39 -0.052113916789128766 -0.08000615656255441 -0.030428278426353202 -0.06463591394627333 0.09301101967931405 0.09984652566077168 0.06926134531923528 -0.024073323372454693 -0.09657757075766067 -0.06520723376207446
0 40 -0.08768872547289631 0.05211973326579441 0.0353358184858887 -0.005957332479142959 -0.02095114335317475 0.054469338058072414 0.08980507726629845 0.08085193037152728 -0.023599619052653883 -0.045781377838827755
0 41 0.012326953127298751 -0.00513576319256203 -0.039896418977026046 -0.06760108843754967 0.034827810588843135 0.055892227976211656 -0.06532698078396583 -0.09949495854023029 -0.02029634843263907 -0.03713383368399124
0 42 -0.09440103632150625 0.014813125748179928 -0.001258430862441638 0.09640159781777272 -0.06355622095399956 -0.038384613212916585 -0.057816884265234854 -0.09088442207717573 0.026334738652289642 -0.09318235042585897
0 43 0.06238758424113364 0.0937010832448448 -0.04449404485387458 8.877384202902337E-4 0.05863876594196981 0.017200978798566777 0.03772844956061588 -0.02334516077108476 0.04802280636274237 0.003981417659092192
0 44 -0.012300524616250395 -0.08269225555423111 0.02901238225836648 0.0037617127535637296 0.08137579796839811 0.009274844155355594 0.07137600821902276 -0.01248968303131799 0.09195495588702723 0.07739161028470436
0 45 0.010457610785057862 0.08867843705872969 0.008064109663702431 0.031530176613963415 0.013524943642346614 -0.0162636207894407 0.023373706410461895 -0.023868102578235097 -0.011681454972538696 -0.0024203842038205354
0 46 -0.04510519252603591 0.06726228443817388 0.07310484770918349 0.09354974357676642 0.05150381291353206 -0.005127650399218896 -0.08510364848532441 0.07824264226107329 -0.013120892868473361 0.013708856911338345
0 47 -0.01439428514345577 0.033205153694498044 -0.07369091082974952 0.0837357889402364 0.037462102391305395 0.06885648525864092 0.09909434594046157 0.09271190853787047 0.07373873763834173 0.04682782414638046
0 48 0.04993402039191518 0.04610356573200473 -0.020080128389839077 0.05908402055192708 -0.008595199447506561 0.03149125614632045 0.01287531619575971 -0.04900108488443435 0.07948145811762522 0.08136598923060849 -0.09743596739292183 -6.679487635143338E-4 0.02617796770413955 -0.03450853092393247 -0.06518889281990844 -0.0025750916789572314 -0.014772172455368833 -0.027352046947886892 -0.0025896161090064353 0.03837845389147397 0.061276619751942735
1 0 0.032582243808076436 0.030780533594402016 1.3181115951174066E-4 -0.03301044077720665 0.05090357601212333 0.026825495517467483 0.003948290026846834 -0.0056219198531432795 0.07319509215501496 0.0011807301862016312
1 1 -0.0017790031536023432 0.020744662253570086 -0.05541908860689677 -0.03429365618113209 0.06861995843329477 0.03349502276824659 -0.0992290390477071 0.07782287087031695 -0.016785756285186325 0.049302990678345364
1 2 -0.013814808095761051 0.09891084169953693 -0.01777263916149534 -0.08468946903550197 -0.09590659342578171 0.05778091646976813 0.08252031986158102 0.03882944603807093 -0.03489871702830986 -0.06738694044291671
1 3 -0.0025613032379385938 0.08312072854735068 0.007342431433999292 -0.07354506221868545 -0.007712397239216006 -0.07327899081890425 -4.093651200575E-4 -0.023647561630166545 0.013802947563393205 -0.07653066430438132
1 4 0.0851665055703067 0.06602506697582425 -0.01743211409773602 -0.08702851925202319 0.07924614078731822 -0.022827671768199085 -0.04975270183866123 -0.06401170533879612 -0.041832389943040116 0.052224357718781624
1 5 -0.004531617089344135 -0.002456796389613749 -0.09129465656470323 -0.08255047326860668 -0.05200821456219564 0.07818674280706345 -0.08306332882281904 0.05480016548051161 -0.08477098576474368 0.06434992177534181
1 6 -0.050444511586621464 0.07428648840635163 -0.05929872277877952 0.041856211535219436 0.09879975937349679 0.08707450212069057 0.07463170473612615 -0.0484180808295726 0.03498444860686446 -0.05710538150168149
1 7 -0.0704270441431333 0.027806693568769008 0.03342315620843911 -0.008758936407045443 -0.039232225949829856 0.039486555149774505 -0.0663840227310926 -0.041628600841200146 0.019690254730507378 0.08697095168215181
1 8 0.07214756044744106 0.09859133384461263 0.07916709393416078 0.006087955927042925 -0.09520334129361445 0.0865908409446358 0.09981426559604382 0.030547557042441387 0.008892524207482391 -0.007917696139547719
1 9 -0.05374638856774457 0.018059096290086188 0.02280295591854742 -0.05857335368174829 0.0901782406099807 0.07716807183055632 -0.08473644273404154 -0.08990718645054009 0.06023929777965516 -0.08216571558799653
2 0 -0.010255269679777855
2 1 -0.010227337864534112
2 2 0.0734771017907378
2 3 0.0017716349725779156
2 4 -0.01155386854027486
2 5 0.021625205265027994
2 6 -0.015313028141708308
2 7 -0.09404347120279492
2 8 -0.051703125053658906
2 9 -0.05442152009353606
