4	0	3.532060146331787
4	1	3.053373336791992
4	2	-2.478332042694092
4	3	-0.8502504229545593
4	4	-3.89736270904541
4	5	0.1371486783027649
4	6	3.0815138816833496
4	7	3.1294445991516113
5	0	-2.6752371788024902
5	1	-3.582064151763916
5	2	-0.8127425312995911
5	3	3.532060146331787
5	4	3.2633094787597656
5	5	3.122976064682007
5	6	2.7450571060180664
5	7	0.1371486783027649
5	8	2.738588571548462
6	0	-2.6004128456115723
6	1	-0.8127425312995911
6	2	3.532060146331787
6	3	-3.2490150928497314
6	4	3.2318382263183594
6	5	3.35152006149292
6	6	0.1371486783027649
6	7	3.0915048122406006
7	0	2.455200433731079
7	1	-3.89736270904541
7	2	3.053373336791992
7	3	-0.8502504229545593
7	4	3.537564992904663
7	5	-3.032625198364258
8	0	-3.2490150928497314
8	1	-0.8502504229545593
8	2	3.2318382263183594
8	3	3.532060146331787
8	4	-2.0626866817474365
8	5	0.1371486783027649
8	6	3.097973346710205
8	7	2.738588571548462
9	0	3.053373336791992
9	1	-3.89736270904541
9	2	-0.8502504229545593
9	3	-3.107449531555176
9	4	3.537564992904663
9	5	3.007488250732422
9	6	2.8185534477233887
9	7	-0.1820046752691269
10	0	-3.89736270904541
10	1	3.053373336791992
10	2	-3.032625198364258
10	3	3.537564992904663
10	4	-0.8502504229545593
10	5	2.455200433731079
11	0	-2.7548346519470215
11	1	-3.582064151763916
11	2	0.1371486783027649
11	3	3.053373336791992
11	4	-0.8127425312995911
11	5	2.7450571060180664
11	6	3.537564992904663
11	7	2.839587926864624
12	0	3.537564992904663
12	1	-3.107449531555176
12	2	-3.89736270904541
12	3	3.053373336791992
12	4	-0.8502504229545593
12	5	3.102548360824585
12	6	-0.1820046752691269
12	7	3.007488250732422
13	0	-0.8502504229545593
13	1	3.053373336791992
13	2	-3.107449531555176
13	3	3.007488250732422
13	4	3.537564992904663
13	5	-3.89736270904541
13	6	-0.1820046752691269
13	7	2.839587926864624
14	0	-1.0596039295196533
14	1	3.053373336791992
14	2	2.455200433731079
14	3	3.537564992904663
14	4	-3.032625198364258
14	5	-3.89736270904541
14	6	2.455200433731079
14	7	-0.1820046752691269
15	0	-2.478332042694092
15	1	-0.8842336535453796
15	2	2.756152391433716
15	3	3.537564992904663
15	4	-3.89736270904541
15	5	2.5189626216888428
15	6	-0.25954458117485046
15	7	2.7819230556488037
16	0	-3.582064151763916
16	1	-1.022096037864685
16	2	3.2633094787597656
16	3	3.532060146331787
16	4	2.7450571060180664
16	5	-2.6004128456115723
17	0	-3.582064151763916
17	1	3.537564992904663
17	2	-2.2005414962768555
17	3	-1.022096037864685
17	4	3.053373336791992
17	5	2.7450571060180664
17	6	0.1371486783027649
17	7	3.102548360824585
18	0	3.537564992904663
18	1	-0.1820046752691269
18	2	3.007488250732422
18	3	-3.89736270904541
18	4	-3.107449531555176
18	5	3.053373336791992
18	6	3.102548360824585
18	7	-0.8502504229545593
19	0	2.455200433731079
19	1	3.053373336791992
19	2	3.537564992904663
19	3	-3.032625198364258
19	4	-3.89736270904541
19	5	-1.0596039295196533
19	6	-0.1820046752691269
19	7	2.839587926864624
20	0	3.053373336791992
20	1	2.839587926864624
20	2	3.102548360824585
20	3	-3.582064151763916
20	4	-2.2005414962768555
20	5	-0.8127425312995911
20	6	0.1371486783027649
20	7	3.537564992904663
21	0	3.537564992904663
21	1	3.053373336791992
21	2	-0.1820046752691269
21	3	-3.89736270904541
21	4	2.455200433731079
21	5	-1.0596039295196533
21	6	-3.107449531555176
21	7	2.839587926864624
22	0	-3.89736270904541
22	1	3.537564992904663
22	2	3.053373336791992
22	3	-1.0596039295196533
22	4	-2.478332042694092
22	5	2.455200433731079
22	6	-0.1820046752691269
22	7	3.007488250732422
23	0	3.053373336791992
23	1	-0.8127425312995911
23	2	3.537564992904663
23	3	-3.582064151763916
23	4	2.455200433731079
23	5	-2.2005414962768555
24	0	3.102548360824585
24	1	0.1371486783027649
24	2	3.382991313934326
24	3	-1.0596039295196533
24	4	-3.89736270904541
24	5	3.053373336791992
24	6	-2.478332042694092
24	7	3.537564992904663
25	0	2.455200433731079
25	1	3.102548360824585
25	2	0.1371486783027649
25	3	-3.582064151763916
25	4	-0.8127425312995911
25	5	3.537564992904663
25	6	3.053373336791992
25	7	-2.7548346519470215
26	0	-3.2490150928497314
26	1	3.256459951400757
26	2	0.1371486783027649
26	3	3.256459951400757
26	4	-1.0596039295196533
26	5	-2.6752371788024902
26	6	3.2318382263183594
26	7	3.532060146331787
27	0	-3.89736270904541
27	1	3.053373336791992
27	2	-3.107449531555176
27	3	2.839587926864624
27	4	-1.0596039295196533
27	5	3.007488250732422
27	6	-0.1820046752691269
27	7	3.537564992904663
28	0	-2.8296589851379395
28	1	3.537564992904663
28	2	-1.022096037864685
28	3	3.007488250732422
28	4	3.053373336791992
28	5	-3.582064151763916
28	6	0.1371486783027649
28	7	2.455200433731079
29	0	-3.107449531555176
29	1	-0.8502504229545593
29	2	2.455200433731079
29	3	-0.1820046752691269
29	4	2.455200433731079
29	5	3.053373336791992
29	6	-3.89736270904541
29	7	3.537564992904663
30	0	3.053373336791992
30	1	-0.8127425312995911
30	2	-2.8296589851379395
30	3	3.007488250732422
30	4	0.1371486783027649
30	5	-3.582064151763916
30	6	3.537564992904663
30	7	2.839587926864624
31	0	-0.8502504229545593
31	1	-3.107449531555176
31	2	3.053373336791992
31	3	-3.89736270904541
31	4	-0.1820046752691269
31	5	2.455200433731079
31	6	3.537564992904663
31	7	2.839587926864624
32	0	-0.1820046752691269
32	1	2.455200433731079
32	2	3.007488250732422
32	3	-3.89736270904541
32	4	3.537564992904663
32	5	-1.0596039295196533
32	6	3.053373336791992
32	7	-3.107449531555176
33	0	-0.8502504229545593
33	1	3.007488250732422
33	2	2.069831609725952
33	3	-3.89736270904541
33	4	-0.1820046752691269
33	5	2.839587926864624
33	6	-3.107449531555176
33	7	3.537564992904663
34	0	-3.032625198364258
34	1	-3.582064151763916
34	2	2.839587926864624
34	3	-0.8127425312995911
34	4	3.537564992904663
34	5	3.053373336791992
34	6	0.1371486783027649
34	7	3.102548360824585
35	0	2.455200433731079
35	1	-0.1820046752691269
35	2	-3.89736270904541
35	3	3.007488250732422
35	4	3.537564992904663
35	5	-3.107449531555176
35	6	3.053373336791992
35	7	-0.8502504229545593
36	0	3.007488250732422
36	1	-3.89736270904541
36	2	-0.8502504229545593
36	3	2.455200433731079
36	4	-2.478332042694092
36	5	3.537564992904663
36	6	3.053373336791992
37	0	-0.8502504229545593
37	1	3.007488250732422
37	2	3.053373336791992
37	3	3.537564992904663
37	4	-3.032625198364258
37	5	0.1371486783027649
37	6	2.839587926864624
37	7	-3.89736270904541
38	0	2.71358585357666
38	1	0.1371486783027649
38	2	-0.8502504229545593
38	3	-2.6004128456115723
38	4	-3.2490150928497314
38	5	2.7450571060180664
38	6	3.532060146331787
38	7	3.2633094787597656
39	0	3.2318382263183594
39	1	-3.2490150928497314
39	2	2.71358585357666
39	3	3.097973346710205
39	4	-0.1820046752691269
39	5	-1.022096037864685
39	6	-2.0626866817474365
39	7	3.532060146331787
40	0	3.5473663806915283
40	1	2.7819230556488037
40	2	-1.0587847232818604
40	3	-3.89736270904541
40	4	2.756152391433716
40	5	-0.25954458117485046
40	6	-3.032625198364258
40	7	2.7819230556488037
41	0	3.007488250732422
41	1	3.053373336791992
41	2	-1.0596039295196533
41	3	3.537564992904663
41	4	-2.478332042694092
41	5	-3.89736270904541
41	6	2.839587926864624
41	7	-0.1820046752691269
42	0	3.537564992904663
42	1	-2.2005414962768555
42	2	-3.582064151763916
42	3	-0.8127425312995911
42	4	3.053373336791992
42	5	2.455200433731079
42	6	0.1371486783027649
42	7	2.839587926864624
43	0	3.2633094787597656
43	1	3.532060146331787
43	2	3.287931203842163
43	3	-3.2490150928497314
43	4	-2.6004128456115723
43	5	0.1371486783027649
43	6	-0.8127425312995911
43	7	2.7450571060180664
44	0	-0.7172426581382751
44	1	0.1371486783027649
44	2	3.532060146331787
44	3	3.1294445991516113
44	4	3.287931203842163
44	5	-3.2490150928497314
44	6	3.2633094787597656
44	7	-2.6752371788024902
45	0	-2.6004128456115723
45	1	0.1371486783027649
45	2	-3.2490150928497314
45	3	3.35152006149292
45	4	-0.7172426581382751
45	5	3.532060146331787
45	6	3.2318382263183594
45	7	3.256459951400757
46	0	3.2318382263183594
46	1	2.71358585357666
46	2	0.1371486783027649
46	3	-3.2490150928497314
46	4	-0.7172426581382751
46	5	3.532060146331787
46	6	2.71358585357666
46	7	-2.6004128456115723
47	0	3.097973346710205
47	1	3.256459951400757
47	2	3.532060146331787
47	3	-3.2490150928497314
47	4	3.2318382263183594
47	5	-2.6752371788024902
47	6	-0.7172426581382751
47	7	0.1371486783027649
48	0	3.35152006149292
48	1	-3.2490150928497314
48	2	-0.7172426581382751
48	3	3.2318382263183594
48	4	3.256459951400757
48	5	3.532060146331787
48	6	-2.6752371788024902
48	7	0.1371486783027649
49	0	3.097973346710205
49	1	-2.6752371788024902
49	2	3.532060146331787
49	3	-3.2490150928497314
49	4	3.2318382263183594
49	5	-0.7172426581382751
50	0	3.2318382263183594
50	1	-3.2490150928497314
50	2	-0.7172426581382751
50	3	3.532060146331787
50	4	2.71358585357666
50	5	-2.6752371788024902
51	0	3.532060146331787
51	1	-3.2490150928497314
51	2	-2.6752371788024902
51	3	3.2318382263183594
51	4	3.097973346710205
51	5	-0.7172426581382751
52	0	-3.2490150928497314
52	1	2.738588571548462
52	2	3.287931203842163
52	3	3.532060146331787
52	4	-2.6752371788024902
52	5	-0.7172426581382751
52	6	3.097973346710205
52	7	3.2318382263183594
53	0	-3.2490150928497314
53	1	3.256459951400757
53	2	-2.6752371788024902
53	3	-0.7172426581382751
53	4	2.2577099800109863
53	5	3.532060146331787
53	6	2.71358585357666
54	0	3.256459951400757
54	1	-3.2490150928497314
54	2	3.532060146331787
54	3	2.71358585357666
54	4	-0.7172426581382751
54	5	3.2318382263183594
54	6	-2.6752371788024902
55	0	3.532060146331787
55	1	3.2318382263183594
55	2	3.097973346710205
55	3	-2.6752371788024902
55	4	-3.2490150928497314
55	5	3.256459951400757
55	6	0.1371486783027649
55	7	-0.7172426581382751
56	0	3.532060146331787
56	1	2.71358585357666
56	2	-2.6752371788024902
56	3	-0.7172426581382751
56	4	-3.2490150928497314
56	5	3.2318382263183594
56	6	0.1371486783027649
56	7	3.256459951400757
57	0	-3.2490150928497314
57	1	2.71358585357666
57	2	-0.7172426581382751
57	3	3.532060146331787
57	4	3.256459951400757
57	5	0.1371486783027649
57	6	-2.6752371788024902
57	7	3.2318382263183594
58	0	-3.2490150928497314
58	1	3.2318382263183594
58	2	-1.5336486101150513
58	3	3.532060146331787
58	4	2.71358585357666
58	5	-2.6752371788024902
58	6	3.256459951400757
58	7	0.1371486783027649
59	0	-3.2490150928497314
59	1	2.738588571548462
59	2	3.097973346710205
59	3	-1.5336486101150513
59	4	-2.6004128456115723
59	5	3.532060146331787
59	6	2.71358585357666
59	7	3.2318382263183594
60	0	-3.2490150928497314
60	1	3.256459951400757
60	2	-2.6752371788024902
60	3	2.71358585357666
60	4	-1.5336486101150513
60	5	1.4934865236282349
60	6	3.532060146331787
61	0	3.256459951400757
61	1	-3.2490150928497314
61	2	-2.6752371788024902
61	3	2.71358585357666
61	4	3.2318382263183594
61	5	-1.5336486101150513
61	6	3.532060146331787
62	0	-3.2490150928497314
62	1	2.71358585357666
62	2	-1.5336486101150513
62	3	3.532060146331787
62	4	3.2318382263183594
62	5	-2.6752371788024902
62	6	0.1371486783027649
62	7	3.256459951400757
63	0	-1.5336486101150513
63	1	3.532060146331787
63	2	3.2318382263183594
63	3	-2.6004128456115723
63	4	-3.2490150928497314
63	5	3.097973346710205
63	6	3.256459951400757
63	7	0.1371486783027649
64	0	2.71358585357666
64	1	-3.2490150928497314
64	2	-2.6752371788024902
64	3	2.71358585357666
64	4	-1.5336486101150513
64	5	3.532060146331787
64	6	3.2318382263183594
65	0	-1.5336486101150513
65	1	-3.2490150928497314
65	2	3.2318382263183594
65	3	3.256459951400757
65	4	3.532060146331787
65	5	-2.6752371788024902
65	6	3.35152006149292
65	7	0.1371486783027649
66	0	3.35152006149292
66	1	-1.5336486101150513
66	2	-3.2490150928497314
66	3	3.532060146331787
66	4	3.2318382263183594
66	5	-2.6752371788024902
66	6	0.1371486783027649
66	7	3.256459951400757
66	8	2.738588571548462
67	0	-3.2490150928497314
67	1	-2.6752371788024902
67	2	3.2318382263183594
67	3	3.532060146331787
67	4	3.097973346710205
67	5	-1.5336486101150513
68	0	3.287931203842163
68	1	-3.2490150928497314
68	2	3.532060146331787
68	3	3.2318382263183594
68	4	2.71358585357666
68	5	-2.6752371788024902
68	6	-1.5336486101150513
69	0	-1.5336486101150513
69	1	3.532060146331787
69	2	-2.6752371788024902
69	3	-3.2490150928497314
69	4	3.256459951400757
69	5	3.2318382263183594
69	6	3.256459951400757
69	7	0.1371486783027649
69	8	2.1330008506774902
70	0	3.2318382263183594
70	1	2.71358585357666
70	2	3.532060146331787
70	3	-1.5336486101150513
70	4	-2.6752371788024902
70	5	-3.2490150928497314
70	6	3.256459951400757
70	7	0.1371486783027649
71	0	3.2318382263183594
71	1	-1.5336486101150513
71	2	3.532060146331787
71	3	-2.6752371788024902
71	4	-3.2490150928497314
71	5	3.097973346710205
71	6	3.256459951400757
71	7	0.1371486783027649
72	0	-1.5336486101150513
72	1	3.532060146331787
72	2	2.71358585357666
72	3	2.2577099800109863
72	4	-3.2490150928497314
72	5	-2.6752371788024902
72	6	3.256459951400757
72	7	0.1371486783027649
73	0	-2.6752371788024902
73	1	-1.5336486101150513
73	2	2.71358585357666
73	3	3.532060146331787
73	4	-3.2490150928497314
73	5	3.2318382263183594
73	6	0.1371486783027649
73	7	3.256459951400757
74	0	-2.6004128456115723
74	1	-1.5336486101150513
74	2	2.71358585357666
74	3	2.2577099800109863
74	4	3.532060146331787
74	5	-3.2490150928497314
74	6	0.1371486783027649
74	7	3.256459951400757
75	0	2.71358585357666
75	1	2.71358585357666
75	2	-1.5336486101150513
75	3	-3.2490150928497314
75	4	3.2318382263183594
75	5	3.532060146331787
75	6	-2.6752371788024902
75	7	0.1371486783027649
76	0	3.287931203842163
76	1	-1.5336486101150513
76	2	2.7450571060180664
76	3	-3.2490150928497314
76	4	3.2633094787597656
76	5	3.532060146331787
76	6	0.1371486783027649
76	7	-2.6752371788024902
77	0	2.71358585357666
77	1	-2.6752371788024902
77	2	-1.5336486101150513
77	3	3.532060146331787
77	4	3.2318382263183594
77	5	3.256459951400757
77	6	0.1371486783027649
77	7	-3.2490150928497314
78	0	2.71358585357666
78	1	0.1371486783027649
78	2	3.532060146331787
78	3	2.71358585357666
78	4	-3.2490150928497314
78	5	-1.5336486101150513
78	6	3.2318382263183594
78	7	-2.6752371788024902
79	0	-2.6752371788024902
79	1	0.1371486783027649
79	2	-3.2490150928497314
79	3	3.287931203842163
79	4	-1.5336486101150513
79	5	2.7450571060180664
79	6	3.532060146331787
79	7	3.2633094787597656
80	0	-2.6004128456115723
80	1	0.1371486783027649
80	2	2.71358585357666
80	3	-1.7430024147033691
80	4	-3.2490150928497314
80	5	3.532060146331787
80	6	2.71358585357666
80	7	3.2318382263183594
81	0	3.35152006149292
81	1	-1.7430024147033691
81	2	-2.6752371788024902
81	3	3.532060146331787
81	4	-3.2490150928497314
81	5	0.1371486783027649
81	6	3.256459951400757
81	7	3.2318382263183594
82	0	3.2318382263183594
82	1	2.71358585357666
82	2	-1.7430024147033691
82	3	-2.6752371788024902
82	4	-3.2490150928497314
82	5	3.532060146331787
82	6	0.1371486783027649
82	7	2.71358585357666
83	0	3.2318382263183594
83	1	2.1330008506774902
83	2	-2.6004128456115723
83	3	-3.2490150928497314
83	4	3.532060146331787
83	5	2.71358585357666
83	6	3.256459951400757
83	7	0.1371486783027649
83	8	-1.7430024147033691
84	0	2.7406067848205566
84	1	-2.6004128456115723
84	2	-1.7430024147033691
84	3	-3.2490150928497314
84	4	3.2318382263183594
84	5	3.097973346710205
84	6	3.532060146331787
84	7	2.71358585357666
84	8	0.1371486783027649
85	0	-2.6752371788024902
85	1	-1.7430024147033691
85	2	3.2318382263183594
85	3	0.1371486783027649
85	4	-3.2490150928497314
85	5	3.532060146331787
85	6	2.7406067848205566
85	7	2.71358585357666
85	8	2.71358585357666
86	0	0.1371486783027649
86	1	2.7450571060180664
86	2	-2.6752371788024902
86	3	-1.7430024147033691
86	4	-3.2490150928497314
86	5	2.772078037261963
86	6	3.532060146331787
86	7	3.287931203842163
86	8	3.2633094787597656
87	0	2.71358585357666
87	1	-2.6752371788024902
87	2	-3.2490150928497314
87	3	3.2318382263183594
87	4	3.097973346710205
87	5	0.1371486783027649
87	6	-1.7430024147033691
87	7	3.532060146331787
87	8	2.7406067848205566
88	0	3.0720551013946533
88	1	-3.2490150928497314
88	2	3.532060146331787
88	3	-1.5336486101150513
88	4	2.71358585357666
88	5	3.2318382263183594
88	6	-2.6752371788024902
88	7	0.1371486783027649
89	0	-3.2490150928497314
89	1	2.7450571060180664
89	2	-1.5336486101150513
89	3	3.2318382263183594
89	4	3.532060146331787
89	5	-2.6752371788024902
89	6	3.097973346710205
90	0	-1.5336486101150513
90	1	-3.2490150928497314
90	2	2.71358585357666
90	3	-2.6752371788024902
90	4	2.866992235183716
90	5	1.4934865236282349
90	6	3.532060146331787
91	0	-3.2490150928497314
91	1	3.0050933361053467
91	2	-2.6004128456115723
91	3	3.2318382263183594
91	4	0.1371486783027649
91	5	2.71358585357666
91	6	-1.7430024147033691
91	7	2.772078037261963
91	8	3.287931203842163
91	9	3.532060146331787
92	0	-2.6752371788024902
92	1	3.382991313934326
92	2	-3.2490150928497314
92	3	3.2318382263183594
92	4	3.532060146331787
92	5	-1.5336486101150513
92	6	3.036564588546753
92	7	2.7450571060180664
92	8	2.772078037261963
92	9	0.1371486783027649
93	0	-1.5336486101150513
93	1	3.097973346710205
93	2	2.738588571548462
93	3	-2.6752371788024902
93	4	0.1371486783027649
93	5	3.532060146331787
93	6	3.097973346710205
93	7	-3.2490150928497314
93	8	3.0050933361053467
93	9	3.2318382263183594
93	10	2.7406067848205566
94	0	-2.6752371788024902
94	1	3.256459951400757
94	2	0.1371486783027649
94	3	2.71358585357666
94	4	-1.5336486101150513
94	5	3.0050933361053467
94	6	3.2318382263183594
94	7	3.532060146331787
94	8	-3.2490150928497314
94	9	2.7406067848205566
95	0	-2.6752371788024902
95	1	3.2633094787597656
95	2	3.4119396209716797
95	3	-3.2490150928497314
95	4	-1.7430024147033691
95	5	2.7450571060180664
95	6	3.532060146331787
96	0	-2.6752371788024902
96	1	-3.2490150928497314
96	2	-1.7430024147033691
96	3	3.4119396209716797
96	4	2.71358585357666
96	5	3.2318382263183594
96	6	3.532060146331787
97	0	-3.2490150928497314
97	1	3.2633094787597656
97	2	-2.6752371788024902
97	3	2.7450571060180664
97	4	-1.5336486101150513
97	5	3.287931203842163
97	6	2.9072530269622803
97	7	3.532060146331787
97	8	0.1371486783027649
97	9	2.772078037261963
98	0	3.097973346710205
98	1	3.532060146331787
98	2	3.2318382263183594
98	3	-2.6752371788024902
98	4	2.9072530269622803
98	5	-3.2490150928497314
98	6	0.1371486783027649
98	7	2.71358585357666
98	8	2.7406067848205566
98	9	-1.7430024147033691
99	0	2.738588571548462
99	1	3.35152006149292
99	2	-1.7430024147033691
99	3	-2.6752371788024902
99	4	0.1371486783027649
99	5	3.097973346710205
99	6	3.2318382263183594
99	7	3.532060146331787
99	8	-3.2490150928497314
99	9	2.9072530269622803
99	10	2.7406067848205566
100	0	-2.6752371788024902
100	1	0.1371486783027649
100	2	2.7071173191070557
100	3	-1.7430024147033691
100	4	3.256459951400757
100	5	-3.2490150928497314
100	6	2.71358585357666
100	7	2.7406067848205566
100	8	2.9072530269622803
100	9	3.2318382263183594
100	10	3.532060146331787
101	0	-2.6752371788024902
101	1	-1.5336486101150513
101	2	2.71358585357666
101	3	0.1371486783027649
101	4	2.7071173191070557
101	5	-3.2490150928497314
101	6	3.2318382263183594
101	7	2.7406067848205566
101	8	3.532060146331787
101	9	2.9072530269622803
101	10	2.71358585357666
102	0	2.2577099800109863
102	1	3.256459951400757
102	2	-3.2490150928497314
102	3	0.1371486783027649
102	4	2.71358585357666
102	5	3.532060146331787
102	6	-2.6752371788024902
102	7	2.9072530269622803
102	8	2.7406067848205566
102	9	-1.5336486101150513
103	0	3.2633094787597656
103	1	2.7450571060180664
103	2	-3.2490150928497314
103	3	3.287931203842163
103	4	3.532060146331787
103	5	2.772078037261963
103	6	-2.6752371788024902
103	7	-1.5336486101150513
103	8	0.1371486783027649
103	9	2.9387242794036865
104	0	-3.2490150928497314
104	1	3.2318382263183594
104	2	3.256459951400757
104	3	-2.6752371788024902
104	4	0.1371486783027649
104	5	2.9072530269622803
104	6	-1.5336486101150513
104	7	3.35152006149292
104	8	3.1249940395355225
104	9	3.532060146331787
105	0	2.7406067848205566
105	1	-3.2490150928497314
105	2	0.1371486783027649
105	3	3.532060146331787
105	4	-1.5336486101150513
105	5	2.71358585357666
105	6	3.2318382263183594
105	7	2.71358585357666
105	8	-2.6752371788024902
105	9	2.9072530269622803
106	0	-3.2490150928497314
106	1	3.35152006149292
106	2	3.2318382263183594
106	3	3.256459951400757
106	4	-2.6752371788024902
106	5	3.532060146331787
106	6	2.9072530269622803
106	7	2.7406067848205566
106	8	-1.5336486101150513
106	9	0.1371486783027649
107	0	0.1371486783027649
107	1	-3.2490150928497314
107	2	2.7406067848205566
107	3	-1.5336486101150513
107	4	2.71358585357666
107	5	3.532060146331787
107	6	-2.6752371788024902
107	7	2.9072530269622803
107	8	3.2318382263183594
107	9	3.256459951400757
108	0	0.1371486783027649
108	1	2.71358585357666
108	2	-3.2490150928497314
108	3	-2.6752371788024902
108	4	3.1249940395355225
108	5	3.2318382263183594
108	6	-1.5336486101150513
108	7	2.7691516876220703
108	8	3.532060146331787
108	9	2.7765369415283203
108	10	3.256459951400757
109	0	2.941298246383667
109	1	3.532060146331787
109	2	-3.2490150928497314
109	3	3.2318382263183594
109	4	0.1371486783027649
109	5	3.256459951400757
109	6	-1.5336486101150513
109	7	2.71358585357666
109	8	-2.6752371788024902
109	9	2.7406067848205566
109	10	2.9072530269622803
110	0	3.2682876586914062
110	1	-2.6752371788024902
110	2	3.4385995864868164
110	3	-1.5336486101150513
110	4	2.7450571060180664
110	5	3.532060146331787
110	6	3.2633094787597656
110	7	3.4119396209716797
110	8	-3.2490150928497314
110	9	3.287931203842163
110	10	2.772078037261963
110	11	0.1371486783027649
110	12	2.738588571548462
111	0	3.256459951400757
111	1	-2.6752371788024902
111	2	-3.2490150928497314
111	3	3.532060146331787
111	4	2.9072530269622803
111	5	3.23681640625
111	6	3.256459951400757
111	7	2.7406067848205566
111	8	3.2318382263183594
111	9	-1.5336486101150513
111	10	0.1371486783027649
112	0	0.1371486783027649
112	1	-1.5336486101150513
112	2	2.9072530269622803
112	3	3.256459951400757
112	4	3.23681640625
112	5	3.256459951400757
112	6	3.2318382263183594
112	7	-2.6752371788024902
112	8	-3.2490150928497314
112	9	3.532060146331787
112	10	2.7406067848205566
113	0	3.2318382263183594
113	1	2.9072530269622803
113	2	3.532060146331787
113	3	-3.2490150928497314
113	4	-2.6752371788024902
113	5	-1.5336486101150513
113	6	3.256459951400757
113	7	2.7406067848205566
113	8	3.256459951400757
113	9	0.1371486783027649
113	10	3.23681640625
114	0	2.9072530269622803
114	1	3.2318382263183594
114	2	3.532060146331787
114	3	-3.2490150928497314
114	4	-2.6752371788024902
114	5	-1.5336486101150513
114	6	2.71358585357666
114	7	3.256459951400757
114	8	2.7406067848205566
114	9	3.23681640625
114	10	0.1371486783027649
115	0	-2.6752371788024902
115	1	3.23681640625
115	2	-1.5336486101150513
115	3	3.256459951400757
115	4	3.532060146331787
115	5	2.9072530269622803
115	6	3.1249940395355225
115	7	0.1371486783027649
115	8	-3.2490150928497314
115	9	3.256459951400757
115	10	3.2318382263183594
116	0	-3.2490150928497314
116	1	2.738588571548462
116	2	3.256459951400757
116	3	3.2318382263183594
116	4	2.9072530269622803
116	5	-2.6752371788024902
116	6	-1.5336486101150513
116	7	3.532060146331787
116	8	3.256459951400757
117	0	0.1371486783027649
117	1	-1.5336486101150513
117	2	3.256459951400757
117	3	3.2682876586914062
117	4	-2.6752371788024902
117	5	-3.2490150928497314
117	6	2.9072530269622803
117	7	3.1564652919769287
117	8	3.532060146331787
117	9	3.256459951400757
117	10	3.2318382263183594
118	0	3.532060146331787
118	1	3.2318382263183594
118	2	-3.2490150928497314
118	3	3.23681640625
118	4	3.256459951400757
118	5	0.1371486783027649
118	6	-1.5336486101150513
118	7	2.71358585357666
118	8	2.9072530269622803
118	9	-2.6752371788024902
118	10	2.7406067848205566
119	0	3.256459951400757
119	1	3.23681640625
119	2	-1.5336486101150513
119	3	-2.6752371788024902
119	4	0.1371486783027649
119	5	2.7406067848205566
119	6	3.532060146331787
119	7	3.256459951400757
119	8	-3.2490150928497314
119	9	3.2318382263183594
119	10	2.9072530269622803
120	0	3.256459951400757
120	1	-1.5336486101150513
120	2	2.7406067848205566
120	3	0.1371486783027649
120	4	-2.6752371788024902
120	5	3.532060146331787
120	6	3.23681640625
120	7	3.2318382263183594
120	8	3.256459951400757
120	9	-3.2490150928497314
120	10	2.9072530269622803
121	0	2.9072530269622803
121	1	-3.2490150928497314
121	2	2.71358585357666
121	3	3.23681640625
121	4	3.2318382263183594
121	5	3.532060146331787
121	6	2.7406067848205566
121	7	-2.6752371788024902
121	8	0.1371486783027649
121	9	-1.5336486101150513
121	10	2.71358585357666
122	0	3.23681640625
122	1	2.7406067848205566
122	2	-1.5336486101150513
122	3	0.1371486783027649
122	4	2.9072530269622803
122	5	3.532060146331787
122	6	-3.2490150928497314
122	7	3.256459951400757
122	8	3.097973346710205
122	9	-2.6752371788024902
122	10	3.2318382263183594
123	0	-1.5336486101150513
123	1	3.2318382263183594
123	2	-3.2490150928497314
123	3	0.1371486783027649
123	4	3.23681640625
123	5	2.7406067848205566
123	6	3.256459951400757
123	7	3.532060146331787
123	8	-2.6752371788024902
123	9	2.9072530269622803
123	10	3.097973346710205
124	0	2.9072530269622803
124	1	3.23681640625
124	2	2.71358585357666
124	3	3.2318382263183594
124	4	-1.5336486101150513
124	5	-2.6752371788024902
124	6	3.532060146331787
124	7	-3.2490150928497314
124	8	3.256459951400757
124	9	0.1371486783027649
124	10	2.7406067848205566
125	0	-1.5336486101150513
125	1	2.9072530269622803
125	2	3.2318382263183594
125	3	-2.6752371788024902
125	4	-3.2490150928497314
125	5	2.71358585357666
125	6	2.7406067848205566
125	7	0.1371486783027649
125	8	3.23681640625
125	9	3.532060146331787
125	10	2.71358585357666
126	0	0.1371486783027649
126	1	3.256459951400757
126	2	2.9072530269622803
126	3	2.7406067848205566
126	4	-1.5336486101150513
126	5	3.256459951400757
126	6	3.23681640625
126	7	-2.6752371788024902
126	8	-3.2490150928497314
126	9	3.2318382263183594
126	10	3.532060146331787
127	0	3.2633094787597656
127	1	-2.6752371788024902
127	2	3.532060146331787
127	3	-3.2490150928497314
127	4	3.287931203842163
127	5	2.9387242794036865
127	6	-1.5336486101150513
127	7	3.287931203842163
127	8	3.2682876586914062
127	9	0.1371486783027649
127	10	2.772078037261963
128	0	3.532060146331787
128	1	3.256459951400757
128	2	-3.2490150928497314
128	3	2.9072530269622803
128	4	3.256459951400757
128	5	-1.5336486101150513
128	6	3.2318382263183594
128	7	-2.6752371788024902
128	8	0.1371486783027649
128	9	2.7406067848205566
128	10	3.23681640625
129	0	3.256459951400757
129	1	-1.5336486101150513
129	2	3.532060146331787
129	3	-3.2490150928497314
129	4	2.7406067848205566
129	5	0.1371486783027649
129	6	3.23681640625
129	7	-2.6752371788024902
129	8	3.256459951400757
129	9	3.2318382263183594
129	10	2.9072530269622803
130	0	3.256459951400757
130	1	-3.2490150928497314
130	2	0.1371486783027649
130	3	2.7406067848205566
130	4	3.23681640625
130	5	3.2318382263183594
130	6	-2.6752371788024902
130	7	2.9072530269622803
130	8	2.71358585357666
130	9	-1.5336486101150513
130	10	3.532060146331787
131	0	3.2633094787597656
131	1	2.7450571060180664
131	2	3.2682876586914062
131	3	-1.5336486101150513
131	4	-2.6752371788024902
131	5	-3.2490150928497314
131	6	2.9387242794036865
131	7	0.1371486783027649
131	8	2.772078037261963
131	9	3.287931203842163
132	0	-1.5336486101150513
132	1	-3.2490150928497314
132	2	3.23681640625
132	3	3.2318382263183594
132	4	2.71358585357666
132	5	-2.6752371788024902
132	6	0.1371486783027649
132	7	2.9072530269622803
132	8	2.7406067848205566
132	9	3.35152006149292
132	10	2.738588571548462
133	0	2.7450571060180664
133	1	3.2682876586914062
133	2	0.1371486783027649
133	3	2.772078037261963
133	4	3.287931203842163
133	5	3.2633094787597656
133	6	-2.6752371788024902
133	7	2.9387242794036865
133	8	-3.2490150928497314
133	9	-1.5336486101150513
134	0	0.1371486783027649
134	1	2.7406067848205566
134	2	2.9072530269622803
134	3	2.71358585357666
134	4	-3.2490150928497314
134	5	3.2318382263183594
134	6	-2.6752371788024902
134	7	-1.5336486101150513
134	8	3.23681640625
134	9	2.71358585357666
135	0	-3.2490150928497314
135	1	2.9072530269622803
135	2	3.23681640625
135	3	-1.5336486101150513
135	4	3.1249940395355225
135	5	3.256459951400757
135	6	3.2318382263183594
135	7	3.256459951400757
135	8	-2.6752371788024902
135	9	0.1371486783027649
136	0	2.7450571060180664
136	1	-2.6752371788024902
136	2	-1.5336486101150513
136	3	3.2633094787597656
136	4	-3.2490150928497314
136	5	2.9387242794036865
136	6	2.772078037261963
136	7	3.2682876586914062
136	8	2.7450571060180664
136	9	0.1371486783027649
137	0	2.9072530269622803
137	1	-2.6752371788024902
137	2	-1.5336486101150513
137	3	3.2318382263183594
137	4	-3.2490150928497314
137	5	3.256459951400757
137	6	3.23681640625
137	7	0.1371486783027649
137	8	2.71358585357666
137	9	2.7406067848205566
138	0	2.71358585357666
138	1	2.9072530269622803
138	2	-1.5336486101150513
138	3	-2.6752371788024902
138	4	3.2318382263183594
138	5	-3.2490150928497314
138	6	2.7406067848205566
138	7	3.256459951400757
138	8	3.23681640625
138	9	0.1371486783027649
139	0	-2.6752371788024902
139	1	-3.2490150928497314
139	2	3.2318382263183594
139	3	2.71358585357666
139	4	-1.5336486101150513
139	5	2.9072530269622803
139	6	0.1371486783027649
139	7	3.23681640625
139	8	2.7406067848205566
139	9	3.256459951400757
140	0	-2.6752371788024902
140	1	3.35152006149292
140	2	-1.5336486101150513
140	3	-3.2490150928497314
140	4	3.2318382263183594
140	5	2.9072530269622803
140	6	3.23681640625
140	7	0.1371486783027649
140	8	3.256459951400757
140	9	3.2620315551757812
141	0	-3.2490150928497314
141	1	0.1371486783027649
141	2	2.9072530269622803
141	3	-1.5336486101150513
141	4	2.71358585357666
141	5	3.256459951400757
141	6	3.2318382263183594
141	7	-2.6752371788024902
141	8	3.23681640625
141	9	2.7406067848205566
142	0	3.23681640625
142	1	0.1371486783027649
142	2	2.9072530269622803
142	3	-2.6752371788024902
142	4	3.256459951400757
142	5	-1.5336486101150513
142	6	-3.2490150928497314
142	7	3.2318382263183594
142	8	2.7406067848205566
142	9	2.71358585357666
143	0	3.23681640625
143	1	-3.2490150928497314
143	2	2.71358585357666
143	3	2.7406067848205566
143	4	-1.5336486101150513
143	5	0.1371486783027649
143	6	2.71358585357666
143	7	2.9072530269622803
143	8	-2.6752371788024902
143	9	3.2318382263183594
144	0	-1.5336486101150513
144	1	-3.2490150928497314
144	2	3.2318382263183594
144	3	-2.6752371788024902
144	4	2.9072530269622803
144	5	3.256459951400757
144	6	3.23681640625
144	7	2.7406067848205566
144	8	3.097973346710205
144	9	0.1371486783027649
145	0	3.2318382263183594
145	1	-1.5336486101150513
145	2	3.097973346710205
145	3	-3.2490150928497314
145	4	2.9072530269622803
145	5	-2.6752371788024902
145	6	3.23681640625
145	7	0.1371486783027649
145	8	2.7406067848205566
145	9	2.71358585357666
146	0	2.71358585357666
146	1	3.2318382263183594
146	2	-2.6752371788024902
146	3	2.9072530269622803
146	4	-3.2490150928497314
146	5	-1.5336486101150513
146	6	3.23681640625
146	7	0.1371486783027649
146	8	2.7406067848205566
146	9	3.256459951400757
147	0	3.2633094787597656
147	1	3.287931203842163
147	2	-2.6752371788024902
147	3	-1.5336486101150513
147	4	-3.2490150928497314
147	5	3.2682876586914062
147	6	0.1371486783027649
147	7	2.9387242794036865
147	8	2.772078037261963
147	9	3.382991313934326
148	0	-2.6752371788024902
148	1	2.9072530269622803
148	2	3.2318382263183594
148	3	-3.2490150928497314
148	4	3.097973346710205
148	5	-1.5336486101150513
148	6	2.7406067848205566
148	7	2.71358585357666
148	8	3.23681640625
148	9	0.1371486783027649
149	0	3.2318382263183594
149	1	-2.6752371788024902
149	2	-1.5336486101150513
149	3	-3.2490150928497314
149	4	2.9072530269622803
149	5	2.71358585357666
149	6	0.1371486783027649
149	7	2.7406067848205566
149	8	3.097973346710205
149	9	3.23681640625
150	0	3.2318382263183594
150	1	2.9072530269622803
150	2	2.71358585357666
150	3	-3.2490150928497314
150	4	-2.6752371788024902
150	5	-1.5336486101150513
150	6	0.1371486783027649
150	7	2.7406067848205566
150	8	2.71358585357666
150	9	3.23681640625
151	0	0.1371486783027649
151	1	2.9072530269622803
151	2	-1.5336486101150513
151	3	-3.2490150928497314
151	4	2.71358585357666
151	5	3.23681640625
151	6	2.71358585357666
151	7	2.7406067848205566
151	8	-2.6752371788024902
151	9	3.2318382263183594
152	0	-2.6752371788024902
152	1	2.71358585357666
152	2	3.2318382263183594
152	3	-3.2490150928497314
152	4	2.9072530269622803
152	5	-1.5336486101150513
152	6	2.71358585357666
152	7	3.23681640625
152	8	0.1371486783027649
152	9	2.7406067848205566
153	0	3.2682876586914062
153	1	-1.5336486101150513
153	2	-2.6752371788024902
153	3	3.35152006149292
153	4	3.23681640625
153	5	3.2318382263183594
153	6	2.9072530269622803
153	7	-3.2490150928497314
154	0	-2.6752371788024902
154	1	2.9072530269622803
154	2	3.2318382263183594
154	3	2.71358585357666
154	4	-1.5336486101150513
154	5	-3.2490150928497314
154	6	2.7450571060180664
154	7	2.772078037261963
154	8	0.1371486783027649
154	9	3.23681640625
155	0	3.2633094787597656
155	1	-1.5336486101150513
155	2	-3.2490150928497314
155	3	3.0720551013946533
155	4	-2.6752371788024902
155	5	0.1371486783027649
155	6	2.7691516876220703
155	7	3.1294445991516113
155	8	2.866992235183716
155	9	2.7450571060180664
155	10	2.772078037261963
156	0	2.71358585357666
156	1	-3.2490150928497314
156	2	3.4119396209716797
156	3	3.2318382263183594
156	4	-1.5336486101150513
156	5	-2.6752371788024902
156	6	2.9072530269622803
156	7	2.7406067848205566
156	8	3.23681640625
156	9	0.1371486783027649
156	10	2.71358585357666
157	0	3.4119396209716797
157	1	3.1249940395355225
157	2	3.2318382263183594
157	3	3.23681640625
157	4	-2.6752371788024902
157	5	1.8683154582977295
157	6	-3.2490150928497314
157	7	2.9072530269622803
157	8	0.1371486783027649
157	9	-1.5336486101150513
157	10	2.71358585357666
157	11	2.71358585357666
158	0	-2.6752371788024902
158	1	2.9072530269622803
158	2	-3.2490150928497314
158	3	2.71358585357666
158	4	2.4353373050689697
158	5	0.1371486783027649
158	6	-1.5336486101150513
158	7	3.2318382263183594
158	8	3.4119396209716797
158	9	2.7406067848205566
158	10	3.23681640625
158	11	3.256459951400757
159	0	-3.2490150928497314
159	1	3.4119396209716797
159	2	-1.5336486101150513
159	3	3.23681640625
159	4	2.380420684814453
159	5	0.1371486783027649
159	6	2.7406067848205566
159	7	-2.6752371788024902
159	8	2.9072530269622803
159	9	3.2318382263183594
159	10	2.71358585357666
159	11	2.71358585357666
160	0	2.9072530269622803
160	1	2.71358585357666
160	2	-2.6752371788024902
160	3	3.23681640625
160	4	2.71358585357666
160	5	0.1371486783027649
160	6	2.7406067848205566
160	7	-3.2490150928497314
160	8	3.4119396209716797
160	9	-1.5336486101150513
160	10	2.4353373050689697
160	11	3.2318382263183594
161	0	2.71358585357666
161	1	-3.2490150928497314
161	2	0.1371486783027649
161	3	3.097973346710205
161	4	3.4119396209716797
161	5	3.23681640625
161	6	-1.5336486101150513
161	7	3.2318382263183594
161	8	-2.6752371788024902
161	9	2.9072530269622803
161	10	2.4353373050689697
161	11	2.7406067848205566
162	0	-1.5336486101150513
162	1	3.2633094787597656
162	2	2.9387242794036865
162	3	3.443410873413086
162	4	2.7450571060180664
162	5	-3.2490150928497314
162	6	-2.6752371788024902
162	7	3.1564652919769287
162	8	2.466808557510376
162	9	2.7450571060180664
162	10	3.2682876586914062
162	11	-0.7366043925285339
163	0	-0.7366043925285339
163	1	-3.2490150928497314
163	2	2.71358585357666
163	3	3.23681640625
163	4	-2.6752371788024902
163	5	-1.5336486101150513
163	6	2.7406067848205566
163	7	2.4353373050689697
163	8	3.4119396209716797
163	9	3.097973346710205
163	10	3.2318382263183594
163	11	2.9072530269622803
164	0	3.2318382263183594
164	1	2.9072530269622803
164	2	3.4119396209716797
164	3	2.71358585357666
164	4	-1.5336486101150513
164	5	-3.2490150928497314
164	6	-2.6752371788024902
164	7	2.7406067848205566
164	8	2.4353373050689697
164	9	2.71358585357666
164	10	-0.7366043925285339
164	11	3.23681640625
165	0	-1.5336486101150513
165	1	3.0050933361053467
165	2	-0.7366043925285339
165	3	-2.6752371788024902
165	4	-3.2490150928497314
165	5	3.2499914169311523
165	6	2.772078037261963
165	7	3.2633094787597656
165	8	2.9387242794036865
165	9	3.443410873413086
165	10	2.7450571060180664
165	11	2.7450571060180664
165	12	3.2682876586914062
166	0	2.9072530269622803
166	1	2.71358585357666
166	2	-3.2490150928497314
166	3	3.0050933361053467
166	4	-1.5336486101150513
166	5	3.4119396209716797
166	6	-2.6752371788024902
166	7	3.2318382263183594
166	8	3.23681640625
166	9	2.7406067848205566
166	10	-0.7366043925285339
166	11	2.7071173191070557
166	12	3.256459951400757
167	0	2.9072530269622803
167	1	2.7406067848205566
167	2	-0.7366043925285339
167	3	-3.2490150928497314
167	4	3.2318382263183594
167	5	3.35152006149292
167	6	3.23681640625
167	7	-2.6752371788024902
167	8	3.4119396209716797
167	9	2.71358585357666
167	10	2.7071173191070557
167	11	3.0050933361053467
167	12	-1.5336486101150513
168	0	3.2682876586914062
168	1	2.71358585357666
168	2	3.23681640625
168	3	-1.5336486101150513
168	4	2.7071173191070557
168	5	-2.6752371788024902
168	6	3.2318382263183594
168	7	3.4119396209716797
168	8	3.0050933361053467
168	9	3.182746410369873
168	10	-3.2490150928497314
168	11	-0.7366043925285339
168	12	2.7406067848205566
168	13	3.256459951400757
168	14	2.738588571548462
168	15	2.7564640045166016
169	0	1.4934865236282349
169	1	-1.5336486101150513
169	2	2.71358585357666
169	3	2.9072530269622803
169	4	-3.2490150928497314
169	5	3.4119396209716797
169	6	-2.6752371788024902
169	7	3.0050933361053467
169	8	-0.7366043925285339
169	9	2.71358585357666
169	10	2.7071173191070557
169	11	3.23681640625
169	12	2.7406067848205566
170	0	3.23681640625
170	1	-1.5336486101150513
170	2	2.7071173191070557
170	3	3.2318382263183594
170	4	2.9072530269622803
170	5	-3.2490150928497314
170	6	3.4119396209716797
170	7	2.71358585357666
170	8	2.7406067848205566
170	9	3.0050933361053467
170	10	3.097973346710205
170	11	-2.6752371788024902
170	12	-0.7366043925285339
171	0	2.9072530269622803
171	1	3.0050933361053467
171	2	-1.5336486101150513
171	3	3.097973346710205
171	4	-3.2490150928497314
171	5	3.2318382263183594
171	6	-2.6752371788024902
171	7	3.4119396209716797
171	8	-0.7366043925285339
171	9	2.7406067848205566
171	10	3.23681640625
171	11	3.256459951400757
171	12	2.7071173191070557
172	0	3.35152006149292
172	1	-3.2490150928497314
172	2	-1.5336486101150513
172	3	2.71358585357666
172	4	-2.6752371788024902
172	5	2.7071173191070557
172	6	3.23681640625
172	7	3.0050933361053467
172	8	3.4119396209716797
172	9	2.9072530269622803
172	10	3.2318382263183594
172	11	2.7406067848205566
172	12	-0.7366043925285339
173	0	3.287931203842163
173	1	3.2682876586914062
173	2	2.9387242794036865
173	3	2.772078037261963
173	4	-3.2490150928497314
173	5	-0.7366043925285339
173	6	3.2633094787597656
173	7	-1.5336486101150513
173	8	2.7450571060180664
173	9	3.443410873413086
173	10	3.036564588546753
173	11	-2.6752371788024902
173	12	2.738588571548462
174	0	3.2318382263183594
174	1	2.7071173191070557
174	2	3.23681640625
174	3	2.7406067848205566
174	4	-0.7366043925285339
174	5	-3.2490150928497314
174	6	-1.5336486101150513
174	7	2.71358585357666
174	8	-2.6752371788024902
174	9	3.4119396209716797
174	10	3.0050933361053467
174	11	2.9072530269622803
174	12	3.35152006149292
175	0	3.23681640625
175	1	3.256459951400757
175	2	-1.5336486101150513
175	3	2.7071173191070557
175	4	-2.6752371788024902
175	5	3.2318382263183594
175	6	2.9072530269622803
175	7	3.0050933361053467
175	8	2.7406067848205566
175	9	-3.2490150928497314
175	10	2.71358585357666
175	11	3.4119396209716797
175	12	-0.7366043925285339
176	0	3.23681640625
176	1	2.7071173191070557
176	2	-0.7366043925285339
176	3	3.4119396209716797
176	4	3.0050933361053467
176	5	3.256459951400757
176	6	3.2318382263183594
176	7	-3.2490150928497314
176	8	-1.5336486101150513
176	9	-2.6752371788024902
176	10	2.71358585357666
176	11	2.9072530269622803
176	12	2.7406067848205566
177	0	3.0050933361053467
177	1	-2.6752371788024902
177	2	3.23681640625
177	3	-3.2490150928497314
177	4	2.7071173191070557
177	5	3.2318382263183594
177	6	-1.5336486101150513
177	7	2.9072530269622803
177	8	3.256459951400757
177	9	3.4119396209716797
177	10	-0.7366043925285339
177	11	2.7406067848205566
177	12	3.35152006149292
178	0	3.0050933361053467
178	1	-0.7366043925285339
178	2	2.7406067848205566
178	3	2.7071173191070557
178	4	3.23681640625
178	5	-3.2490150928497314
178	6	-2.6752371788024902
178	7	3.4119396209716797
178	8	-1.5336486101150513
178	9	2.71358585357666
178	10	3.2318382263183594
178	11	2.9072530269622803
178	12	2.71358585357666
179	0	2.9072530269622803
179	1	-2.6752371788024902
179	2	-0.7366043925285339
179	3	3.2499914169311523
179	4	3.0050933361053467
179	5	-3.2490150928497314
179	6	3.23681640625
179	7	2.7406067848205566
179	8	-1.5336486101150513
179	9	3.256459951400757
179	10	3.2318382263183594
179	11	2.71358585357666
179	12	3.4119396209716797
180	0	3.23681640625
180	1	-1.5336486101150513
180	2	2.9072530269622803
180	3	-0.7366043925285339
180	4	2.7406067848205566
180	5	3.256459951400757
180	6	3.4119396209716797
180	7	-3.2490150928497314
180	8	-2.6752371788024902
180	9	3.2318382263183594
180	10	2.71358585357666
180	11	2.7071173191070557
180	12	3.0050933361053467
181	0	-3.2490150928497314
181	1	-2.6752371788024902
181	2	-0.9191656112670898
181	3	2.71358585357666
181	4	3.23681640625
181	5	3.0050933361053467
181	6	2.7406067848205566
181	7	-1.5336486101150513
181	8	3.4119396209716797
181	9	2.7071173191070557
181	10	3.2318382263183594
181	11	2.9072530269622803
181	12	3.35152006149292
182	0	2.9072530269622803
182	1	2.71358585357666
182	2	-3.2490150928497314
182	3	-2.6752371788024902
182	4	1.4934865236282349
182	5	3.0050933361053467
182	6	-1.5336486101150513
182	7	3.4119396209716797
182	8	2.7071173191070557
182	9	-0.9191656112670898
182	10	2.7406067848205566
182	11	3.23681640625
182	12	2.71358585357666
183	0	-2.6752371788024902
183	1	2.9387242794036865
183	2	2.7450571060180664
183	3	3.036564588546753
183	4	3.2633094787597656
183	5	-1.9018464088439941
183	6	-3.2490150928497314
183	7	3.443410873413086
183	8	-0.9191656112670898
183	9	2.7450571060180664
183	10	3.2682876586914062
183	11	2.738588571548462
183	12	2.772078037261963
184	0	2.71358585357666
184	1	2.9072530269622803
184	2	-3.2490150928497314
184	3	3.0050933361053467
184	4	-1.9018464088439941
184	5	-2.6752371788024902
184	6	3.2318382263183594
184	7	3.4119396209716797
184	8	2.7406067848205566
184	9	-0.9191656112670898
184	10	2.71358585357666
184	11	2.7071173191070557
184	12	3.23681640625
185	0	2.71358585357666
185	1	2.9072530269622803
185	2	-3.2490150928497314
185	3	3.0050933361053467
185	4	3.2318382263183594
185	5	-1.9018464088439941
185	6	3.4119396209716797
185	7	-2.6752371788024902
185	8	3.23681640625
185	9	2.7071173191070557
185	10	2.7406067848205566
185	11	-0.9191656112670898
185	12	3.256459951400757
186	0	-3.2490150928497314
186	1	-0.7366043925285339
186	2	3.23681640625
186	3	3.256459951400757
186	4	-2.6752371788024902
186	5	3.0050933361053467
186	6	2.7406067848205566
186	7	2.9072530269622803
186	8	2.7071173191070557
186	9	-1.9018464088439941
186	10	3.4119396209716797
186	11	2.71358585357666
186	12	1.4934865236282349
187	0	-2.6752371788024902
187	1	3.0050933361053467
187	2	3.4119396209716797
187	3	2.71358585357666
187	4	-1.9018464088439941
187	5	-0.9191656112670898
187	6	-3.2490150928497314
187	7	3.23681640625
187	8	2.7406067848205566
187	9	2.9072530269622803
187	10	2.7071173191070557
187	11	3.2318382263183594
187	12	2.71358585357666
188	0	2.7406067848205566
188	1	-0.9191656112670898
188	2	3.0050933361053467
188	3	-1.9018464088439941
188	4	-2.6752371788024902
188	5	-3.2490150928497314
188	6	2.9072530269622803
188	7	3.23681640625
188	8	3.2318382263183594
188	9	3.35152006149292
188	10	3.097973346710205
188	11	2.7071173191070557
188	12	3.4119396209716797
189	0	3.2682876586914062
189	1	3.35152006149292
189	2	-1.9018464088439941
189	3	3.23681640625
189	4	2.7071173191070557
189	5	-2.6752371788024902
189	6	3.2318382263183594
189	7	3.4119396209716797
189	8	2.9072530269622803
189	9	-3.2490150928497314
189	10	3.0050933361053467
190	0	2.71358585357666
190	1	-1.9018464088439941
190	2	2.7071173191070557
190	3	-2.6752371788024902
190	4	3.23681640625
190	5	-0.9191656112670898
190	6	-3.2490150928497314
190	7	3.0050933361053467
190	8	3.2318382263183594
190	9	2.772078037261963
190	10	3.4119396209716797
190	11	2.7450571060180664
190	12	2.9072530269622803
191	0	3.35152006149292
191	1	-2.6752371788024902
191	2	3.23681640625
191	3	2.7071173191070557
191	4	-1.9018464088439941
191	5	-0.9191656112670898
191	6	3.4119396209716797
191	7	-3.2490150928497314
191	8	3.0050933361053467
191	9	3.2318382263183594
191	10	2.71358585357666
191	11	2.7406067848205566
191	12	2.9072530269622803
192	0	-3.2490150928497314
192	1	2.71358585357666
192	2	2.9072530269622803
192	3	-2.6752371788024902
192	4	3.0050933361053467
192	5	-1.9018464088439941
192	6	3.256459951400757
192	7	3.4119396209716797
192	8	3.2318382263183594
193	0	2.71358585357666
193	1	3.2682876586914062
193	2	-1.9018464088439941
193	3	-2.6752371788024902
193	4	2.738588571548462
193	5	2.772078037261963
193	6	3.4119396209716797
193	7	-3.2490150928497314
193	8	-0.9191656112670898
193	9	2.71358585357666
193	10	3.2318382263183594
193	11	3.0050933361053467
193	12	2.9072530269622803
194	0	2.7071173191070557
194	1	3.23681640625
194	2	2.71358585357666
194	3	-1.9018464088439941
194	4	-2.6752371788024902
194	5	2.9072530269622803
194	6	3.0050933361053467
194	7	3.4119396209716797
194	8	3.2318382263183594
194	9	2.7406067848205566
194	10	-3.2490150928497314
194	11	-0.9191656112670898
194	12	3.256459951400757
195	0	-0.9191656112670898
195	1	-3.2490150928497314
195	2	3.287931203842163
195	3	-2.6752371788024902
195	4	-1.9018464088439941
195	5	2.738588571548462
195	6	3.036564588546753
195	7	2.9387242794036865
195	8	3.2633094787597656
195	9	3.287931203842163
195	10	3.2682876586914062
195	11	2.772078037261963
195	12	3.443410873413086
196	0	2.71358585357666
196	1	3.0050933361053467
196	2	2.7071173191070557
196	3	3.23681640625
196	4	3.4119396209716797
196	5	2.7406067848205566
196	6	3.256459951400757
196	7	-3.2490150928497314
196	8	2.9072530269622803
196	9	-1.9018464088439941
196	10	-0.9191656112670898
196	11	-2.6752371788024902
196	12	3.2318382263183594
197	0	-1.9018464088439941
197	1	3.2318382263183594
197	2	-3.2490150928497314
197	3	3.0050933361053467
197	4	-2.6752371788024902
197	5	2.71358585357666
197	6	2.71358585357666
197	7	2.7071173191070557
197	8	3.4119396209716797
197	9	2.9072530269622803
197	10	2.7406067848205566
197	11	-0.9191656112670898
197	12	3.23681640625
198	0	3.036564588546753
198	1	2.738588571548462
198	2	-3.2490150928497314
198	3	-2.6752371788024902
198	4	2.7450571060180664
198	5	2.2891812324523926
198	6	-1.9018464088439941
198	7	2.772078037261963
198	8	2.9387242794036865
198	9	2.7450571060180664
198	10	3.443410873413086
198	11	-0.7366043925285339
198	12	3.2682876586914062
199	0	2.71358585357666
199	1	-0.7366043925285339
199	2	3.23681640625
199	3	-1.9018464088439941
199	4	2.9072530269622803
199	5	-2.6752371788024902
199	6	3.0050933361053467
199	7	2.7071173191070557
199	8	2.71358585357666
199	9	2.7406067848205566
199	10	3.2318382263183594
199	11	3.4119396209716797
199	12	-3.2490150928497314
200	0	-2.6752371788024902
200	1	2.2577099800109863
200	2	3.4119396209716797
200	3	-3.2490150928497314
200	4	2.7406067848205566
200	5	3.23681640625
200	6	3.097973346710205
200	7	-0.9191656112670898
200	8	2.71358585357666
200	9	2.7071173191070557
200	10	-1.9018464088439941
200	11	3.0050933361053467
200	12	2.9072530269622803
201	0	-3.2490150928497314
201	1	2.9072530269622803
201	2	-2.6752371788024902
201	3	-1.9018464088439941
201	4	3.2318382263183594
201	5	2.71358585357666
201	6	3.4119396209716797
201	7	3.0050933361053467
201	8	2.7071173191070557
201	9	3.23681640625
201	10	-0.9191656112670898
201	11	2.71358585357666
201	12	2.7406067848205566
202	0	2.738588571548462
202	1	-2.6752371788024902
202	2	2.7450571060180664
202	3	-3.2490150928497314
202	4	2.9387242794036865
202	5	3.2682876586914062
202	6	3.443410873413086
202	7	-0.7366043925285339
202	8	2.7450571060180664
202	9	2.772078037261963
202	10	3.2633094787597656
202	11	3.036564588546753
202	12	-1.9018464088439941
203	0	3.4119396209716797
203	1	2.9072530269622803
203	2	-1.9018464088439941
203	3	2.71358585357666
203	4	3.0050933361053467
203	5	3.2318382263183594
203	6	-3.2490150928497314
203	7	-2.6752371788024902
203	8	3.23681640625
203	9	2.7071173191070557
203	10	-0.9191656112670898
203	11	2.7406067848205566
203	12	2.71358585357666
204	0	-3.2490150928497314
204	1	3.443410873413086
204	2	3.1294445991516113
204	3	-0.7366043925285339
204	4	3.2814626693725586
204	5	-1.9018464088439941
204	6	3.2682876586914062
204	7	-2.6752371788024902
204	8	2.7450571060180664
204	9	2.9387242794036865
204	10	3.2633094787597656
204	11	2.772078037261963
204	12	3.443410873413086
205	0	3.2633094787597656
205	1	2.9387242794036865
205	2	-3.2490150928497314
205	3	3.036564588546753
205	4	3.443410873413086
205	5	-2.6752371788024902
205	6	2.7450571060180664
205	7	-1.9018464088439941
205	8	2.738588571548462
205	9	-0.7366043925285339
205	10	3.2682876586914062
205	11	2.772078037261963
205	12	3.287931203842163
206	0	3.4119396209716797
206	1	-2.6752371788024902
206	2	3.097973346710205
206	3	-1.9018464088439941
206	4	3.2318382263183594
206	5	3.0050933361053467
206	6	-3.2490150928497314
206	7	2.9072530269622803
206	8	2.71358585357666
206	9	2.7406067848205566
206	10	-0.9191656112670898
206	11	2.7071173191070557
206	12	3.23681640625
207	0	1.4934865236282349
207	1	2.6180858612060547
207	2	-1.9018464088439941
207	3	3.4119396209716797
207	4	-3.2490150928497314
207	5	-2.6752371788024902
207	6	2.9072530269622803
207	7	3.0050933361053467
207	8	-0.9191656112670898
207	9	2.71358585357666
207	10	3.23681640625
207	11	2.7406067848205566
207	12	2.7071173191070557
208	0	3.2633094787597656
208	1	-2.6752371788024902
208	2	3.443410873413086
208	3	-1.9018464088439941
208	4	3.1924314498901367
208	5	2.9387242794036865
208	6	3.036564588546753
208	7	-3.2490150928497314
208	8	2.772078037261963
208	9	3.2682876586914062
208	10	-0.8241055011749268
208	11	2.7450571060180664
208	12	2.738588571548462
209	0	3.0050933361053467
209	1	-3.2490150928497314
209	2	-1.9018464088439941
209	3	2.9072530269622803
209	4	-2.6752371788024902
209	5	2.6180858612060547
209	6	3.2318382263183594
209	7	3.4119396209716797
209	8	2.7406067848205566
209	9	2.7071173191070557
209	10	-0.9191656112670898
209	11	2.71358585357666
209	12	3.23681640625
210	0	2.6180858612060547
210	1	2.9072530269622803
210	2	-3.2490150928497314
210	3	3.2318382263183594
210	4	3.0050933361053467
210	5	3.4119396209716797
210	6	-2.6752371788024902
210	7	-1.9018464088439941
210	8	-0.8241055011749268
210	9	2.7406067848205566
210	10	2.71358585357666
210	11	3.23681640625
210	12	2.7071173191070557
211	0	-3.2490150928497314
211	1	2.9387242794036865
211	2	-2.6752371788024902
211	3	-1.9018464088439941
211	4	3.036564588546753
211	5	1.5249577760696411
211	6	2.649557113647461
211	7	3.443410873413086
212	0	3.0050933361053467
212	1	2.9072530269622803
212	2	3.2560203075408936
212	3	3.4119396209716797
212	4	-2.6752371788024902
212	5	-3.2490150928497314
212	6	3.2318382263183594
212	7	-1.9018464088439941
212	8	2.738588571548462
212	9	3.2682876586914062
212	10	2.772078037261963
212	11	2.7450571060180664
212	12	-0.8241055011749268
213	0	3.4119396209716797
213	1	-3.2490150928497314
213	2	2.9072530269622803
213	3	2.6180858612060547
213	4	-2.6752371788024902
213	5	-1.9018464088439941
213	6	3.0050933361053467
213	7	3.2318382263183594
213	8	3.35152006149292
213	9	3.23681640625
213	10	-0.9191656112670898
213	11	2.7071173191070557
213	12	2.7406067848205566
214	0	3.23681640625
214	1	2.7406067848205566
214	2	2.9072530269622803
214	3	2.7071173191070557
214	4	3.0024735927581787
214	5	3.2318382263183594
214	6	-3.2490150928497314
214	7	3.097973346710205
214	8	-0.8241055011749268
214	9	-1.9018464088439941
214	10	-2.6752371788024902
214	11	3.4119396209716797
214	12	3.0050933361053467
215	0	-3.2490150928497314
215	1	3.0050933361053467
215	2	2.71358585357666
215	3	2.9072530269622803
215	4	2.7071173191070557
215	5	3.23681640625
215	6	2.6180858612060547
215	7	3.3570916652679443
215	8	-1.9018464088439941
215	9	-0.8241055011749268
215	10	3.4119396209716797
215	11	3.2318382263183594
215	12	-2.6752371788024902
216	0	2.738588571548462
216	1	2.772078037261963
216	2	3.036564588546753
216	3	2.9387242794036865
216	4	-0.8241055011749268
216	5	-1.9018464088439941
216	6	1.5249577760696411
216	7	2.649557113647461
216	8	-3.2490150928497314
216	9	2.7450571060180664
216	10	3.2682876586914062
216	11	3.443410873413086
216	12	-2.6752371788024902
217	0	2.7406067848205566
217	1	-3.2490150928497314
217	2	-0.9191656112670898
217	3	3.2318382263183594
217	4	3.23681640625
217	5	3.4119396209716797
217	6	2.7071173191070557
217	7	2.6180858612060547
217	8	2.71358585357666
217	9	-2.6752371788024902
217	10	2.9072530269622803
217	11	-1.9018464088439941
217	12	3.0050933361053467
218	0	-3.2490150928497314
218	1	-1.9018464088439941
218	2	3.4119396209716797
218	3	3.23681640625
218	4	2.7071173191070557
218	5	2.7406067848205566
218	6	3.0050933361053467
218	7	-2.6752371788024902
218	8	3.0024735927581787
218	9	2.9072530269622803
218	10	2.71358585357666
218	11	-0.7366043925285339
218	12	3.2318382263183594
219	0	2.7406067848205566
219	1	-2.6752371788024902
219	2	2.7071173191070557
219	3	3.0050933361053467
219	4	2.9072530269622803
219	5	-0.9191656112670898
219	6	2.71358585357666
219	7	3.2560203075408936
219	8	3.2318382263183594
219	9	-3.2490150928497314
219	10	-1.9018464088439941
219	11	3.23681640625
219	12	3.4119396209716797
220	0	2.9072530269622803
220	1	3.2560203075408936
220	2	-3.2490150928497314
220	3	1.4934865236282349
220	4	2.7071173191070557
220	5	2.7406067848205566
220	6	3.0050933361053467
220	7	3.4119396209716797
220	8	-0.9191656112670898
220	9	-1.9018464088439941
220	10	2.71358585357666
220	11	3.23681640625
220	12	-2.6752371788024902
221	0	3.2318382263183594
221	1	-2.6752371788024902
221	2	2.738588571548462
221	3	2.9387242794036865
221	4	2.7450571060180664
221	5	-0.9191656112670898
221	6	-1.9018464088439941
221	7	-3.2490150928497314
221	8	3.443410873413086
221	9	3.036564588546753
221	10	3.2682876586914062
221	11	2.649557113647461
221	12	2.772078037261963
222	0	3.23681640625
222	1	3.4119396209716797
222	2	2.7406067848205566
222	3	3.2318382263183594
222	4	-3.2490150928497314
222	5	3.0050933361053467
222	6	2.7071173191070557
222	7	-0.9191656112670898
222	8	2.71358585357666
222	9	2.9072530269622803
222	10	-2.6752371788024902
222	11	-1.9018464088439941
222	12	2.6180858612060547
223	0	1.4934865236282349
223	1	-3.2490150928497314
223	2	2.71358585357666
223	3	2.7071173191070557
223	4	2.6180858612060547
223	5	3.4119396209716797
223	6	-2.6752371788024902
223	7	-0.9191656112670898
223	8	2.7406067848205566
223	9	3.0050933361053467
223	10	3.23681640625
223	11	-1.9018464088439941
223	12	2.9072530269622803
224	0	2.6180858612060547
224	1	-3.2490150928497314
224	2	3.4119396209716797
224	3	3.2318382263183594
224	4	3.0050933361053467
224	5	-1.9018464088439941
224	6	3.35152006149292
224	7	2.7406067848205566
224	8	2.9072530269622803
224	9	3.23681640625
224	10	-2.1392171382904053
224	11	-2.6752371788024902
224	12	2.7071173191070557
225	0	-3.2490150928497314
225	1	2.71358585357666
225	2	2.9072530269622803
225	3	-2.0626866817474365
225	4	3.23681640625
225	5	2.7071173191070557
225	6	-2.6752371788024902
225	7	2.6180858612060547
225	8	-1.9018464088439941
225	9	3.4119396209716797
225	10	2.7406067848205566
225	11	3.2318382263183594
225	12	3.0050933361053467
226	0	2.9072530269622803
226	1	-3.2490150928497314
226	2	-2.0626866817474365
226	3	3.256459951400757
226	4	-2.6752371788024902
226	5	-1.9018464088439941
226	6	3.4119396209716797
226	7	2.6180858612060547
226	8	3.23681640625
226	9	2.7071173191070557
226	10	2.7406067848205566
226	11	3.2318382263183594
226	12	3.0050933361053467
227	0	3.2682876586914062
227	1	2.7450571060180664
227	2	-2.0626866817474365
227	3	3.2633094787597656
227	4	-3.2490150928497314
227	5	2.772078037261963
227	6	-1.9018464088439941
227	7	2.649557113647461
227	8	3.036564588546753
227	9	-2.6752371788024902
227	10	2.738588571548462
227	11	3.443410873413086
227	12	2.9387242794036865
228	0	2.6180858612060547
228	1	-3.2490150928497314
228	2	3.256459951400757
228	3	2.7071173191070557
228	4	1.4934865236282349
228	5	-2.6752371788024902
228	6	3.4119396209716797
228	7	2.9072530269622803
228	8	3.23681640625
228	9	3.0050933361053467
228	10	2.7406067848205566
228	11	-1.9018464088439941
228	12	-2.0626866817474365
229	0	-1.9018464088439941
229	1	3.036564588546753
229	2	2.738588571548462
229	3	3.2682876586914062
229	4	3.2633094787597656
229	5	-3.2490150928497314
229	6	-2.6752371788024902
229	7	2.772078037261963
229	8	2.7450571060180664
229	9	3.443410873413086
229	10	-2.1392171382904053
229	11	2.9387242794036865
229	12	3.2874915599823
230	0	-2.0626866817474365
230	1	-1.9018464088439941
230	2	2.7071173191070557
230	3	1.4934865236282349
230	4	3.0050933361053467
230	5	2.9072530269622803
230	6	-3.2490150928497314
230	7	3.23681640625
230	8	2.6180858612060547
230	9	2.7406067848205566
230	10	2.71358585357666
230	11	-2.6752371788024902
230	12	3.4119396209716797
231	0	3.2682876586914062
231	1	3.2635161876678467
231	2	2.772078037261963
231	3	-2.0626866817474365
231	4	-1.9018464088439941
231	5	-2.6752371788024902
231	6	3.033944845199585
231	7	2.738588571548462
231	8	2.589069366455078
231	9	2.7564640045166016
231	10	3.2682876586914062
231	11	2.9387242794036865
231	12	3.443410873413086
231	13	2.738588571548462
231	14	3.036564588546753
231	15	3.0720551013946533
231	16	-3.2490150928497314
232	0	3.2635161876678467
232	1	-3.2490150928497314
232	2	3.443410873413086
232	3	2.9387242794036865
232	4	-2.6752371788024902
232	5	-1.9018464088439941
232	6	3.443410873413086
232	7	3.1924314498901367
232	8	3.0720551013946533
232	9	3.0720551013946533
232	10	-2.1392171382904053
232	11	3.2682876586914062
232	12	2.738588571548462
232	13	2.772078037261963
232	14	3.0843915939331055
233	0	3.23681640625
233	1	-1.9018464088439941
233	2	-2.6752371788024902
233	3	3.0050933361053467
233	4	2.7071173191070557
233	5	-3.2490150928497314
233	6	3.2320449352264404
233	7	3.052920341491699
233	8	3.4119396209716797
233	9	-2.0626866817474365
233	10	3.23681640625
233	11	2.9072530269622803
233	12	3.23681640625
233	13	2.6180858612060547
233	14	2.7406067848205566
234	0	3.2635161876678467
234	1	-2.6752371788024902
234	2	2.649557113647461
234	3	3.2682876586914062
234	4	3.2682876586914062
234	5	2.589069366455078
234	6	2.738588571548462
234	7	-1.9018464088439941
234	8	-3.2490150928497314
234	9	2.9387242794036865
234	10	3.2682876586914062
234	11	3.036564588546753
234	12	3.443410873413086
234	13	-2.1392171382904053
234	14	2.772078037261963
235	0	3.443410873413086
235	1	-2.6752371788024902
235	2	-3.2490150928497314
235	3	3.2682876586914062
235	4	-1.9018464088439941
235	5	2.9387242794036865
235	6	2.8304052352905273
235	7	3.2682876586914062
235	8	3.2635161876678467
235	9	3.036564588546753
236	0	3.0050933361053467
236	1	-1.9018464088439941
236	2	2.9072530269622803
236	3	2.957420587539673
236	4	3.4119396209716797
236	5	3.23681640625
236	6	-3.2490150928497314
236	7	3.2320449352264404
236	8	3.23681640625
236	9	-2.6752371788024902
237	0	2.988891839981079
237	1	3.2682876586914062
237	2	3.036564588546753
237	3	2.772078037261963
237	4	3.2682876586914062
237	5	3.443410873413086
237	6	-3.2490150928497314
237	7	-2.0626866817474365
237	8	3.2635161876678467
237	9	2.738588571548462
237	10	3.0843915939331055
237	11	-2.6752371788024902
237	12	-1.9018464088439941
237	13	2.9387242794036865
237	14	3.2682876586914062
238	0	-3.2490150928497314
238	1	3.443410873413086
238	2	3.036564588546753
238	3	-1.9018464088439941
238	4	3.2682876586914062
238	5	3.2682876586914062
238	6	2.9387242794036865
238	7	3.2635161876678467
238	8	2.957420587539673
238	9	-2.6752371788024902
239	0	3.23681640625
239	1	3.23681640625
239	2	-3.2490150928497314
239	3	3.4119396209716797
239	4	3.2320449352264404
239	5	-2.6752371788024902
239	6	2.957420587539673
239	7	2.9072530269622803
239	8	-1.9018464088439941
239	9	3.0050933361053467
240	0	3.0720551013946533
240	1	-3.2490150928497314
240	2	3.2682876586914062
240	3	3.443410873413086
240	4	3.2635161876678467
240	5	2.9387242794036865
240	6	3.036564588546753
240	7	2.957420587539673
240	8	-2.6752371788024902
240	9	3.2682876586914062
240	10	-1.9018464088439941
241	0	3.23681640625
241	1	-2.6752371788024902
241	2	2.9072530269622803
241	3	2.957420587539673
241	4	3.4119396209716797
241	5	-3.2490150928497314
241	6	3.0050933361053467
241	7	3.2320449352264404
241	8	3.23681640625
241	9	-1.9018464088439941
241	10	3.23681640625
241	11	2.738588571548462
241	12	-2.0626866817474365
241	13	2.589069366455078
241	14	2.772078037261963
241	15	3.2682876586914062
242	0	-3.2490150928497314
242	1	3.2320449352264404
242	2	3.0050933361053467
242	3	3.4119396209716797
242	4	-2.6752371788024902
242	5	-1.9018464088439941
242	6	3.052480697631836
242	7	3.23681640625
242	8	3.23681640625
242	9	3.23681640625
242	10	2.9072530269622803
243	0	2.9072530269622803
243	1	3.23681640625
243	2	3.4119396209716797
243	3	-3.2490150928497314
243	4	-1.9018464088439941
243	5	-2.6752371788024902
243	6	2.957420587539673
243	7	3.0050933361053467
243	8	3.4385995864868164
243	9	3.2320449352264404
243	10	3.23681640625
244	0	2.756359100341797
244	1	-2.1392171382904053
244	2	-3.1720080375671387
244	3	2.630058526992798
244	4	2.7499184608459473
244	5	3.1661782264709473
245	0	3.2682876586914062
245	1	-3.2490150928497314
245	2	2.9387242794036865
245	3	3.2635161876678467
245	4	3.2682876586914062
245	5	2.772078037261963
245	6	-2.6752371788024902
245	7	3.2241852283477783
245	8	2.589069366455078
245	9	-2.0626866817474365
245	10	3.443410873413086
245	11	3.2682876586914062
245	12	2.738588571548462
245	13	3.036564588546753
245	14	-1.9018464088439941
246	0	3.23681640625
246	1	-2.0626866817474365
246	2	3.2241852283477783
246	3	2.7406067848205566
246	4	3.3450515270233154
246	5	-2.6752371788024902
246	6	3.23681640625
246	7	2.9072530269622803
246	8	3.0050933361053467
246	9	3.052920341491699
246	10	-3.2490150928497314
246	11	3.2320449352264404
246	12	3.4119396209716797
246	13	3.23681640625
246	14	-1.9018464088439941
247	0	3.4119396209716797
247	1	3.23681640625
247	2	3.2320449352264404
247	3	-3.2490150928497314
247	4	2.9072530269622803
247	5	-1.9018464088439941
247	6	3.23681640625
247	7	3.2682876586914062
247	8	-2.6752371788024902
247	9	3.2241852283477783
247	10	3.0050933361053467
248	0	-2.6752371788024902
248	1	2.589069366455078
248	2	2.772078037261963
248	3	3.0720551013946533
248	4	-3.2490150928497314
248	5	3.036564588546753
248	6	3.2682876586914062
248	7	3.2241852283477783
248	8	-2.0626866817474365
248	9	2.9387242794036865
248	10	2.738588571548462
248	11	3.443410873413086
248	12	-1.9018464088439941
248	13	3.2682876586914062
248	14	3.2635161876678467
248	15	3.2682876586914062
249	0	2.738588571548462
249	1	3.036564588546753
249	2	3.2682876586914062
249	3	-1.9018464088439941
249	4	-2.6752371788024902
249	5	3.2635161876678467
249	6	2.9387242794036865
249	7	2.772078037261963
249	8	3.2682876586914062
249	9	3.2682876586914062
249	10	-3.2490150928497314
249	11	2.866992235183716
249	12	-2.0626866817474365
249	13	3.2241852283477783
249	14	3.2682876586914062
249	15	2.540557384490967
249	16	3.443410873413086
250	0	3.4119396209716797
250	1	3.443410873413086
250	2	3.2241852283477783
250	3	3.2635161876678467
250	4	-2.6752371788024902
250	5	-1.9018464088439941
250	6	3.036564588546753
250	7	3.2682876586914062
250	8	3.2682876586914062
250	9	2.9387242794036865
250	10	-3.2490150928497314
250	11	3.2682876586914062
250	12	3.4700708389282227
250	13	-2.0626866817474365
250	14	2.772078037261963
250	15	2.540557384490967
250	16	2.738588571548462
250	17	3.2682876586914062
251	0	-1.9018464088439941
251	1	3.0050933361053467
251	2	3.2241852283477783
251	3	3.23681640625
251	4	3.0050933361053467
251	5	2.540557384490967
251	6	3.23681640625
251	7	2.9072530269622803
251	8	-2.0626866817474365
251	9	3.2320449352264404
251	10	3.4119396209716797
251	11	-2.6752371788024902
251	12	2.7071173191070557
251	13	-3.2490150928497314
251	14	3.23681640625
251	15	2.7406067848205566
251	16	3.23681640625
252	0	3.23681640625
252	1	3.2241852283477783
252	2	3.23681640625
252	3	2.7071173191070557
252	4	-2.6752371788024902
252	5	-1.9018464088439941
252	6	3.4119396209716797
252	7	2.7406067848205566
252	8	-3.2490150928497314
252	9	2.9072530269622803
252	10	3.23681640625
252	11	3.0050933361053467
252	12	-2.0626866817474365
252	13	3.23681640625
252	14	3.2320449352264404
252	15	3.0050933361053467
252	16	2.540557384490967
253	0	3.23681640625
253	1	-2.6752371788024902
253	2	3.23681640625
253	3	3.0050933361053467
253	4	3.4119396209716797
253	5	3.2320449352264404
253	6	2.9072530269622803
253	7	3.0050933361053467
253	8	-3.2490150928497314
253	9	-1.9018464088439941
253	10	3.23681640625
253	11	3.2241852283477783
253	12	2.540557384490967
253	13	3.23681640625
253	14	-2.0626866817474365
253	15	2.7406067848205566
253	16	3.0915048122406006
253	17	3.2682876586914062
254	0	3.2320449352264404
254	1	-2.6752371788024902
254	2	2.9072530269622803
254	3	-3.2490150928497314
254	4	3.0050933361053467
254	5	3.23681640625
254	6	-1.9018464088439941
254	7	3.2241852283477783
254	8	3.0050933361053467
254	9	3.23681640625
254	10	3.23681640625
254	11	3.4119396209716797
254	12	3.23681640625
254	13	2.7406067848205566
254	14	-2.0626866817474365
254	15	2.7071173191070557
254	16	2.0983731746673584
254	17	3.23681640625
255	0	3.4119396209716797
255	1	-3.2490150928497314
255	2	3.23681640625
255	3	3.2241852283477783
255	4	3.0050933361053467
255	5	-2.6752371788024902
255	6	3.0050933361053467
255	7	3.23681640625
255	8	2.9072530269622803
255	9	3.23681640625
255	10	-1.9018464088439941
255	11	3.2320449352264404
255	12	3.23681640625
255	13	2.7071173191070557
255	14	-2.0626866817474365
255	15	3.23681640625
255	16	2.7406067848205566
255	17	2.540557384490967
255	18	2.738588571548462
255	19	2.772078037261963
256	0	2.756359100341797
256	1	-2.3820502758026123
256	2	-3.1720080375671387
256	3	2.6520779132843018
256	4	3.1661782264709473
256	5	2.9549813270568848
257	0	2.738588571548462
257	1	2.540557384490967
257	2	-3.2490150928497314
257	3	3.2241852283477783
257	4	3.443410873413086
257	5	-2.6752371788024902
257	6	3.2682876586914062
257	7	3.2682876586914062
257	8	3.2635161876678467
257	9	2.9387242794036865
257	10	-1.9018464088439941
257	11	3.036564588546753
257	12	3.4385995864868164
257	13	3.036564588546753
258	0	2.435208797454834
258	1	2.738588571548462
258	2	-3.2490150928497314
258	3	-1.9018464088439941
258	4	3.036564588546753
258	5	3.036564588546753
258	6	3.443410873413086
258	7	3.2241852283477783
258	8	3.2682876586914062
258	9	2.9387242794036865
258	10	3.2682876586914062
258	11	3.2635161876678467
258	12	3.2682876586914062
258	13	-2.6752371788024902
259	0	3.0050933361053467
259	1	3.23681640625
259	2	3.4119396209716797
259	3	-1.9018464088439941
259	4	3.2320449352264404
259	5	3.2241852283477783
259	6	3.23681640625
259	7	2.9072530269622803
259	8	3.23681640625
259	9	-3.2490150928497314
259	10	-2.6752371788024902
259	11	3.4700708389282227
259	12	3.0050933361053467
260	0	2.9387242794036865
260	1	2.772078037261963
260	2	3.2682876586914062
260	3	3.036564588546753
260	4	2.0983731746673584
260	5	3.2682876586914062
260	6	3.0720551013946533
260	7	-2.6752371788024902
260	8	-2.0626866817474365
260	9	3.2241852283477783
260	10	-1.9018464088439941
260	11	-3.2490150928497314
260	12	3.036564588546753
260	13	3.443410873413086
260	14	3.2682876586914062
260	15	2.738588571548462
260	16	3.2635161876678467
261	0	-2.0626866817474365
261	1	3.2241852283477783
261	2	2.0983731746673584
261	3	3.4119396209716797
261	4	3.0050933361053467
261	5	2.9072530269622803
261	6	3.23681640625
261	7	3.23681640625
261	8	-3.2490150928497314
261	9	2.7406067848205566
261	10	3.23681640625
261	11	2.7071173191070557
261	12	-1.9018464088439941
261	13	3.2320449352264404
261	14	3.0050933361053467
261	15	-2.6752371788024902
261	16	3.23681640625
262	0	2.9387242794036865
262	1	-1.9018464088439941
262	2	3.036564588546753
262	3	2.0983731746673584
262	4	3.036564588546753
262	5	3.2682876586914062
262	6	2.772078037261963
262	7	-3.2490150928497314
262	8	2.738588571548462
262	9	3.2635161876678467
262	10	-2.1392171382904053
262	11	3.2682876586914062
262	12	3.2682876586914062
262	13	3.2241852283477783
262	14	3.443410873413086
262	15	3.2682876586914062
262	16	-2.6752371788024902
263	0	-3.2490150928497314
263	1	3.036564588546753
263	2	3.2682876586914062
263	3	-2.0626866817474365
263	4	3.2682876586914062
263	5	3.2682876586914062
263	6	3.443410873413086
263	7	3.2635161876678467
263	8	3.2682876586914062
263	9	3.2241852283477783
263	10	2.772078037261963
263	11	-2.6752371788024902
263	12	2.9387242794036865
263	13	3.443410873413086
263	14	2.540557384490967
263	15	2.738588571548462
263	16	-1.9018464088439941
263	17	3.2682876586914062
264	0	2.7406067848205566
264	1	3.2320449352264404
264	2	3.23681640625
264	3	-3.2490150928497314
264	4	3.23681640625
264	5	2.9072530269622803
264	6	2.0983731746673584
264	7	-2.1392171382904053
264	8	2.7071173191070557
264	9	3.4119396209716797
264	10	3.0050933361053467
264	11	3.23681640625
264	12	-2.6752371788024902
264	13	3.23681640625
264	14	3.0050933361053467
264	15	3.2241852283477783
264	16	-1.9018464088439941
265	0	2.540557384490967
265	1	3.23681640625
265	2	-1.9018464088439941
265	3	2.7406067848205566
265	4	-2.6752371788024902
265	5	3.2320449352264404
265	6	3.23681640625
265	7	2.9072530269622803
265	8	3.4119396209716797
265	9	-2.0626866817474365
265	10	2.7071173191070557
265	11	-3.2490150928497314
265	12	3.2241852283477783
265	13	3.23681640625
265	14	3.0050933361053467
265	15	3.23681640625
265	16	3.0050933361053467
266	0	3.036564588546753
266	1	3.2682876586914062
266	2	-1.9018464088439941
266	3	3.2241852283477783
266	4	3.2635161876678467
266	5	3.2682876586914062
266	6	-2.6752371788024902
266	7	3.2682876586914062
266	8	2.9387242794036865
266	9	3.036564588546753
266	10	3.443410873413086
266	11	-3.2490150928497314
266	12	3.2682876586914062
266	13	3.2682876586914062
266	14	-2.0626866817474365
266	15	2.540557384490967
266	16	2.772078037261963
266	17	2.738588571548462
266	18	2.738588571548462
267	0	-1.9018464088439941
267	1	3.23681640625
267	2	-2.6752371788024902
267	3	2.7071173191070557
267	4	3.2241852283477783
267	5	3.23681640625
267	6	3.2320449352264404
267	7	3.0050933361053467
267	8	-3.2490150928497314
267	9	2.435208797454834
267	10	-2.1392171382904053
267	11	3.0050933361053467
267	12	3.23681640625
267	13	2.7406067848205566
267	14	3.4119396209716797
267	15	3.23681640625
267	16	2.9072530269622803
268	0	-3.2490150928497314
268	1	-2.6752371788024902
268	2	3.4119396209716797
268	3	2.9072530269622803
268	4	3.2320449352264404
268	5	3.23681640625
268	6	3.2682876586914062
268	7	3.23681640625
268	8	3.0050933361053467
268	9	3.23681640625
268	10	3.2241852283477783
268	11	-1.9018464088439941
268	12	3.0050933361053467
269	0	2.738588571548462
269	1	3.23681640625
269	2	3.2241852283477783
269	3	3.2682876586914062
269	4	-2.6752371788024902
269	5	-1.9018464088439941
269	6	3.2320449352264404
269	7	3.0050933361053467
269	8	-3.2490150928497314
269	9	-2.0626866817474365
269	10	2.9072530269622803
269	11	2.772078037261963
269	12	2.0983731746673584
269	13	3.23681640625
269	14	3.0050933361053467
269	15	3.23681640625
269	16	3.4119396209716797
270	0	2.540557384490967
270	1	-3.2490150928497314
270	2	-1.9018464088439941
270	3	3.443410873413086
270	4	3.036564588546753
270	5	3.2241852283477783
270	6	3.2682876586914062
270	7	2.9387242794036865
270	8	3.2682876586914062
270	9	3.036564588546753
270	10	-2.6752371788024902
270	11	3.2682876586914062
270	12	3.2635161876678467
