4	0	0.496538465070367
4	1	0.495823582650583
4	2	0.4958095160201664
4	3	0.49580950875010793
4	4	0.49586732535730665
4	5	0.49633979925275246
4	6	0.4964673448484945
4	7	0.49604289526400014
5	0	0.4958095156408514
5	1	0.4958648496647542
5	2	0.495809508730799
5	3	0.49654063009037536
5	4	0.4958230185801422
5	5	0.49646190893702286
5	6	0.49605028082614333
5	7	0.4963474308983725
5	8	0.4958710826000625
6	0	0.49580951588030925
6	1	0.4958095086462183
6	2	0.4965421279688796
6	3	0.4958638861986052
6	4	0.49582338019391686
6	5	0.4960554947508257
6	6	0.49635270226142747
6	7	0.4964653961759571
7	0	0.49605884131001815
7	1	0.4958634519457711
7	2	0.4958236094246935
7	3	0.49580950864886403
7	4	0.4965430504420216
7	5	0.4958095160238572
8	0	0.4958625647841566
8	1	0.4958095084896557
8	2	0.49582332782390354
8	3	0.49654192517233986
8	4	0.4958095158578379
8	5	0.49634459176854206
8	6	0.49605474173715913
8	7	0.4964599888550338
9	0	0.49582359874240745
9	1	0.4958644219387068
9	2	0.49580950848991134
9	3	0.4958095160041278
9	4	0.4965430128721824
9	5	0.496058664249686
9	6	0.4964674842288618
9	7	0.4963558407343022
10	0	0.49586373278858387
10	1	0.4958235737262248
10	2	0.4958095160095767
10	3	0.49654293060581894
10	4	0.4958095084896459
10	5	0.49646082332164426
11	0	0.4958095159983852
11	1	0.4958641550157772
11	2	0.49634754565588063
11	3	0.49582355817687396
11	4	0.495809508489437
11	5	0.4960503384785573
11	6	0.4965428590479664
11	7	0.49646065246883214
12	0	0.4965429899737373
12	1	0.49580951600411327
12	2	0.4958643211713095
12	3	0.4958235904039373
12	4	0.49580950851948463
12	5	0.496460951276099
12	6	0.4963557574197533
12	7	0.49605854409805544
13	0	0.4958095085196842
13	1	0.4958236023162301
13	2	0.4958095160180683
13	3	0.49646106747305796
13	4	0.49654302506287534
13	5	0.4958636428736904
13	6	0.49635594181994763
13	7	0.4960587283816833
14	0	0.49580950851963573
14	1	0.49582359949117655
14	2	0.496461049053201
14	3	0.4965430240560063
14	4	0.4958095160249146
14	5	0.4958636214538838
14	6	0.49605871473490937
14	7	0.4963559144876407
15	0	0.4958095160439609
15	1	0.4958095085198744
15	2	0.4958236134996035
15	3	0.4965430869084629
15	4	0.4958636558909654
15	5	0.49646119326006566
15	6	0.4963561551321023
15	7	0.4960589264462121
16	0	0.4958638375898062
16	1	0.49580950851118166
16	2	0.49582303006568157
16	3	0.4965406840080437
16	4	0.4964553778015873
16	5	0.49580951565552245
17	0	0.495864478829654
17	1	0.49654289083953
17	2	0.4958095160065356
17	3	0.49580950851912436
17	4	0.4958235648795416
17	5	0.4960426591516787
17	6	0.49610597939399315
17	7	0.49646070741285514
18	0	0.4965429430841767
18	1	0.49612361324340315
18	2	0.4964608627418548
18	3	0.4958640924265306
18	4	0.4958095159936597
18	5	0.49582358130982473
18	6	0.49605840401864626
18	7	0.49580950851930145
19	0	0.4964609315010267
19	1	0.4958235872725761
19	2	0.49654296946953336
19	3	0.49580951601842155
19	4	0.4958643501246728
19	5	0.49580950851946715
19	6	0.4961236751405858
19	7	0.496058515260783
20	0	0.49582355915030946
20	1	0.4964606477726692
20	2	0.4960581407654979
20	3	0.4958642326018534
20	4	0.4958095160046286
20	5	0.49580950851902766
20	6	0.4961232832263123
20	7	0.49654285310662133
21	0	0.49654291599124356
21	1	0.4958235690422104
21	2	0.4961234830962891
21	3	0.495864765437503
21	4	0.4960582718836677
21	5	0.4958095085192009
21	6	0.4958095159867706
21	7	0.49646073506927807
22	0	0.49586450005668764
22	1	0.4965429506678834
22	2	0.49582358061557313
22	3	0.49580950851939337
22	4	0.4958095160167673
22	5	0.4964608876635821
22	6	0.496123624334852
22	7	0.49605842141958906
23	0	0.4958235412442872
23	1	0.49580950851876116
23	2	0.49654278730925966
23	3	0.49586375674801164
23	4	0.49642706031080647
23	5	0.49580951599576567
24	0	0.4964274094824262
24	1	0.4961142677393786
24	2	0.49605002360289174
24	3	0.49580950851919925
24	4	0.4958650458649844
24	5	0.49582356730110927
24	6	0.4958095149203861
24	7	0.4965429016274555
25	0	0.49642716499848744
25	1	0.4960580013008116
25	2	0.49612310258900505
25	3	0.4958640810433107
25	4	0.4958095085188951
25	5	0.4965428286614533
25	6	0.4958235500355312
25	7	0.49580951348893104
26	0	0.4958637900664011
26	1	0.49605507142769795
26	2	0.49611988334986
26	3	0.49642481949996853
26	4	0.4958095084923017
26	5	0.49580951338855134
26	6	0.49582335199713257
26	7	0.4965420058906537
27	0	0.49586354468171706
27	1	0.49582358027113943
27	2	0.49580951349929675
27	3	0.49642749458184826
27	4	0.49580950849224115
27	5	0.4960583885135189
27	6	0.4961235863755422
27	7	0.4965429450413953
28	0	0.49580951348014607
28	1	0.4965428008472933
28	2	0.49580950849177075
28	3	0.4964270586969308
28	4	0.49582354281768853
28	5	0.4958638330749986
28	6	0.49612300771523027
28	7	0.49605786700627946
29	0	0.4958095135030118
29	1	0.495809508492403
29	2	0.4964276519278189
29	3	0.4961238322267005
29	4	0.49605862443216875
29	5	0.4958235935052623
29	6	0.4958652329657813
29	7	0.4965429879274653
30	0	0.49582356446601755
30	1	0.49580950849202643
30	2	0.4958095134910009
30	3	0.496058177703798
30	4	0.49612332284438754
30	5	0.4958633753548731
30	6	0.49654287942381964
30	7	0.49642728751942733
31	0	0.49580950849213884
31	1	0.49580951348554625
31	2	0.4958235698344181
31	3	0.4958643233569046
31	4	0.4961234734376855
31	5	0.4964274138001788
31	6	0.4965429122418636
31	7	0.49605828497839627
32	0	0.4961236192565445
32	1	0.4960584331733434
32	2	0.496427492748984
32	3	0.4958645555213685
32	4	0.49654294293479867
32	5	0.4958095084922073
32	6	0.4958235807100593
32	7	0.495809513489782
33	0	0.4958095084921825
33	1	0.4964274281711584
33	2	0.4958235730031491
33	3	0.495864087249562
33	4	0.4961234480331994
33	5	0.4960583155329129
33	6	0.49580951349597013
33	7	0.49654291628164643
34	0	0.4958095134950053
34	1	0.49586453976718253
34	2	0.4964273483246979
34	3	0.4958095084920488
34	4	0.4965428971460055
34	5	0.49582356871969246
34	6	0.496123338654952
34	7	0.49605822587827986
35	0	0.49642767032483087
35	1	0.49612386479998316
35	2	0.495864472675131
35	3	0.49605863636880543
35	4	0.4965430014534465
35	5	0.49580951349820246
35	6	0.4958235959562592
35	7	0.4958095084923801
36	0	0.4960582728267167
36	1	0.49586380181618084
36	2	0.49580950849211614
36	3	0.49642736206017
36	4	0.49580951350018015
36	5	0.4965429005342552
36	6	0.49582356791326304
37	0	0.4958095084922939
37	1	0.4960584734099483
37	2	0.4958235864106256
37	3	0.496542964376498
37	4	0.49580951350200336
37	5	0.49611486908613617
37	6	0.4964275363097309
37	7	0.4958645778932005
38	0	0.4964220750168887
38	1	0.4961366085608814
38	2	0.4958095084925899
38	3	0.4958095132451084
38	4	0.4958610770787798
38	5	0.49604981001704856
38	6	0.4965404985044812
38	7	0.4958229854855785
39	0	0.4958234577599072
39	1	0.49586324038189844
39	2	0.49605664141873074
39	3	0.4964260575547519
39	4	0.4961234861883381
39	5	0.4958095084906513
39	6	0.49580951345385554
39	7	0.496542443577665
40	0	0.49654310470168145
40	1	0.49605896403812183
40	2	0.49580950849273075
40	3	0.49586456304574805
40	4	0.49582361581081774
40	5	0.4961755575537821
40	6	0.4958095135160354
40	7	0.49642790912580625
41	0	0.49605846239085283
41	1	0.49582358290844175
41	2	0.4958095084922782
41	3	0.4965429511627469
41	4	0.4958095135091619
41	5	0.4958632370104779
41	6	0.4964275299663099
41	7	0.49617499691892003
42	0	0.4965427062641993
42	1	0.49580951347863955
42	2	0.4958642514494498
42	3	0.4958095085012189
42	4	0.4958235172708951
42	5	0.4964268089063926
42	6	0.496173941826256
42	7	0.4960574999164177
43	0	0.4958204872823012
43	1	0.4965286618564572
43	2	0.4960134993787921
43	3	0.495852545938798
43	4	0.495809512242324
43	5	0.4960873030387948
43	6	0.4958095084824529
43	7	0.49638709569060174
44	0	0.4958095087106445
44	1	0.4961267196621843
44	2	0.49653974426726577
44	3	0.49641842828137056
44	4	0.4960472236542514
44	5	0.49586599022851513
44	6	0.4958228080118618
44	7	0.49580951340000085
45	0	0.49580951361508985
45	1	0.49613634827138325
45	2	0.4958683353639866
45	3	0.4964253695897925
45	4	0.4958095101617094
45	5	0.4965421931632756
45	6	0.4958233953540106
45	7	0.4960557175746768
46	0	0.4958234006849826
46	1	0.49605581204265203
46	2	0.49613640349424165
46	3	0.49586870723219284
46	4	0.49580951016248853
46	5	0.49654220797910287
46	6	0.4964253928243538
46	7	0.49580951342065194
47	0	0.49605564443962985
47	1	0.49642530282784153
47	2	0.49654217144058954
47	3	0.4958687496151564
47	4	0.49582338685840494
47	5	0.4958095101134595
47	6	0.49580951016103536
47	7	0.4961362032741421
48	0	0.4964238825045474
48	1	0.49586810860024794
48	2	0.49580951014260216
48	3	0.495823269850131
48	4	0.49605385019379566
48	5	0.49654166812075606
48	6	0.4958095099923985
48	7	0.496134257139866
49	0	0.4964254739051352
49	1	0.49580950999366846
49	2	0.49654223576968937
49	3	0.4958686937170725
49	4	0.4958207108856677
49	5	0.4958095101634052
50	0	0.49582069334931494
50	1	0.4958685589197736
50	2	0.495809510159937
50	3	0.496542130744802
50	4	0.49642517038562844
50	5	0.4958095099893456
51	0	0.4965422492726755
51	1	0.49586899380951255
51	2	0.4958095099939743
51	3	0.4958207114718496
51	4	0.4964255027348616
51	5	0.4958095101635563
52	0	0.49586860696620394
52	1	0.49638667233469747
52	2	0.49602525484493704
52	3	0.4965420712144481
52	4	0.49580950998670165
52	5	0.4958095101575994
52	6	0.4964250205145808
52	7	0.49582067610573366
53	0	0.4958695083796528
53	1	0.4960551479993594
53	2	0.4958095099843451
53	3	0.4958095101560474
53	4	0.49582066473138353
53	5	0.49654202487952853
53	6	0.4964248962216747
54	0	0.4960554994804898
54	1	0.4958696915648223
54	2	0.4965421364200541
54	3	0.49642520063156986
54	4	0.49580951015967534
54	5	0.49582068749274494
54	6	0.49580950998811385
55	0	0.49654214323705537
55	1	0.49582069092794057
55	2	0.4964252140918701
55	3	0.4958095099887549
55	4	0.4958693397228661
55	5	0.49605550709170293
55	6	0.4960671226935717
55	7	0.49580951015977753
56	0	0.4965420154735388
56	1	0.4964248614261759
56	2	0.4958095099853427
56	3	0.49580951015545716
56	4	0.4958689308865394
56	5	0.49582066002944497
56	6	0.49613561719562627
56	7	0.49605508204798204
57	0	0.4958697027010462
57	1	0.49642501844697845
57	2	0.4958095101575735
57	3	0.4965420670065227
57	4	0.49605530690171634
57	5	0.49613586112027586
57	6	0.4958095099843213
57	7	0.49582067379218603
58	0	0.49586930192032513
58	1	0.4958206246757094
58	2	0.49580950978749316
58	3	0.4965418317170471
58	4	0.49642431963203987
58	5	0.49580950997840223
58	6	0.4960544193123656
58	7	0.49613484754220905
59	0	0.4958683615898995
59	1	0.49588055603356956
59	2	0.4960533170694062
59	3	0.49580950844338323
59	4	0.4958095099695719
59	5	0.4965415008175918
59	6	0.49642339552952286
59	7	0.4958205478031587
60	0	0.49586949912121786
60	1	0.4960550227576468
60	2	0.49580950998517676
60	3	0.49642480897045294
60	4	0.49580950844327715
60	5	0.4958206560784648
60	6	0.49654199361896295
61	0	0.4960549174567381
61	1	0.4958696504046872
61	2	0.49580950998169404
61	3	0.4964247077736554
61	4	0.4958206515001525
61	5	0.49580950844320987
61	6	0.4965419625639717
62	0	0.4958698022931243
62	1	0.49642489046969673
62	2	0.4958095084535394
62	3	0.49654202801348835
62	4	0.49582066308172024
62	5	0.4958095091648446
62	6	0.49609666162749916
62	7	0.49605507261343296
63	0	0.49580950845348665
63	1	0.49654200414795385
63	2	0.49582065951672255
63	3	0.49580950916594807
63	4	0.49586931928139594
63	5	0.4964247965044139
63	6	0.4960550437086054
63	7	0.49613556249563595
64	0	0.49605539866647264
64	1	0.49586970609322023
64	2	0.4958095091659527
64	3	0.49642507883802217
64	4	0.49580950845367333
64	5	0.49654208507745956
64	6	0.49582067859854745
65	0	0.4958095084534685
65	1	0.4958692614770337
65	2	0.49582065973762796
65	3	0.4960549820174188
65	4	0.4965419905137025
65	5	0.49580950916435573
65	6	0.4964247651572532
65	7	0.4961233871720531
66	0	0.4964250491485902
66	1	0.4958095084536408
66	2	0.4958699134281583
66	3	0.4965420769946395
66	4	0.49582067539694785
66	5	0.49580950916589506
66	6	0.4961358626212204
66	7	0.49605528001389215
66	8	0.49588023417791294
67	0	0.4958689176920306
67	1	0.49580950916558203
67	2	0.4958206576189943
67	3	0.49654199333155424
67	4	0.4964247761382051
67	5	0.49580950845345173
68	0	0.4960436054829459
68	1	0.49586958894734434
68	2	0.49654187234884245
68	3	0.4958206334826414
68	4	0.4964244460549463
68	5	0.49580950916111255
68	6	0.4958095084531642
69	0	0.4958095084534609
69	1	0.4965419840245324
69	2	0.4958095091640922
69	3	0.49586907908878525
69	4	0.4964247593324471
69	5	0.4958206560124772
69	6	0.4960549524661586
69	7	0.49611014739412096
69	8	0.4964579866878998
70	0	0.4958206755443702
70	1	0.49642502284750123
70	2	0.49654206911329846
70	3	0.49580950845363086
70	4	0.49580950916574734
70	5	0.4958694356894263
70	6	0.49605528351249245
70	7	0.49613583713694803
71	0	0.49582064918000973
71	1	0.4958095084533803
71	2	0.4965419564675521
71	3	0.4958095091645501
71	4	0.4958694275169937
71	5	0.49642467226317616
71	6	0.49605488635187156
71	7	0.4961353900379747
72	0	0.4958095084535028
72	1	0.49654201136172754
72	2	0.49642485361602867
72	3	0.4958206585821855
72	4	0.4958698520111149
72	5	0.49580950916520816
72	6	0.49605506890525375
72	7	0.4961356040226544
73	0	0.49580950916623345
73	1	0.49580950845384775
73	2	0.49642526679086924
73	3	0.4965421576105067
73	4	0.49586963965186026
73	5	0.4958206934677425
73	6	0.4961362046891449
73	7	0.4960556003566091
74	0	0.4958095091649675
74	1	0.4958095084533273
74	2	0.49642463548914817
74	3	0.4958206440098426
74	4	0.4965419359767667
74	5	0.49586874208688925
74	6	0.4961353063950226
74	7	0.4960548074318154
75	0	0.49642473929292175
75	1	0.4960549710428952
75	2	0.49580950845340804
75	3	0.49586927954476884
75	4	0.495820652451801
75	5	0.4965419695120717
75	6	0.49580950877867924
75	7	0.4961354542925628
76	0	0.49604961777146506
76	1	0.4958095084499467
76	2	0.49642038250240933
76	3	0.4958683787592285
76	4	0.49582032360734757
76	5	0.4965404440137974
76	6	0.49612939933285405
76	7	0.49580950865706735
77	0	0.496425143662794
77	1	0.4958095086604542
77	2	0.49580950845373684
77	3	0.4965421144330009
77	4	0.49582068326341217
77	5	0.4960553995350478
77	6	0.4961360063887671
77	7	0.4958706286870183
78	0	0.49642394315940636
78	1	0.4961343514249694
78	2	0.49654169685591526
78	3	0.49605398265975054
78	4	0.49586870818038975
78	5	0.49580950845275434
78	6	0.49582059030844566
78	7	0.4958095086556954
79	0	0.4958095086488313
79	1	0.49612998852892415
79	2	0.4958685719667414
79	3	0.49605011552954903
79	4	0.49580950845027894
79	5	0.4964207880549016
79	6	0.4965405852279179
79	7	0.49582035420211373
80	0	0.4958095086584494
80	1	0.49613562950601137
80	2	0.4964248587937469
80	3	0.4958095084535238
80	4	0.49586786137707356
80	5	0.49654201286087873
80	6	0.49605506970685925
80	7	0.4958206614406546
81	0	0.49642473703769585
81	1	0.49580950845342614
81	2	0.4958095086577883
81	3	0.49654197346964096
81	4	0.4958691748243984
81	5	0.4961354282563456
81	6	0.4960549276816729
81	7	0.4958206547960751
82	0	0.4958206520809421
82	1	0.4964246646162179
82	2	0.4958095084533656
82	3	0.49580950865748086
82	4	0.4958695159942123
82	5	0.4965419468567685
82	6	0.4961353584670331
82	7	0.4960548638829831
83	0	0.4958206503258408
83	1	0.4965780650481589
83	2	0.49580950865797857
83	3	0.4958691293255837
83	4	0.49654196175334436
83	5	0.49642468359325614
83	6	0.4960549041584045
83	7	0.49613539193400535
83	8	0.4958095084533802
84	0	0.4965880547387645
84	1	0.4958095086582285
84	2	0.4958095084535004
84	3	0.4958690330203256
84	4	0.4958206565850958
84	5	0.49642479409048246
84	6	0.4965419918493451
84	7	0.49605502537634943
84	8	0.49613555671831916
85	0	0.4958095086574358
85	1	0.4958095084532751
85	2	0.49582063921113856
85	3	0.4961352181657969
85	4	0.49586924466553
85	5	0.4965419055915485
85	6	0.49658809535057535
85	7	0.49642453643179685
85	8	0.49605470628768394
86	0	0.49594656901576917
86	1	0.4964191065684032
86	2	0.49580950852461975
86	3	0.49580950844893856
86	4	0.4958683583037957
86	5	0.4965889178397396
86	6	0.49653997999377497
86	7	0.49604803723490487
86	8	0.49582022352136146
87	0	0.4960548532875736
87	1	0.4958095085321762
87	2	0.4958696645943507
87	3	0.4958206475396955
87	4	0.4964246086702393
87	5	0.4959466148698388
87	6	0.49580950842341537
87	7	0.4965419323541532
87	8	0.49658808160726464
88	0	0.49651241707065125
88	1	0.4958683389043035
88	2	0.4965412648746691
88	3	0.49580950838566773
88	4	0.4964226962283761
88	5	0.49582049446963045
88	6	0.49580950852953476
88	7	0.4959450300438073
89	0	0.4958691175356304
89	1	0.49604104847713737
89	2	0.4958095083855138
89	3	0.49582062879216493
89	4	0.4965418589105088
89	5	0.4958095085320052
89	6	0.49642441266364923
90	0	0.49580950838544413
90	1	0.49586869597622485
90	2	0.49642421413681614
90	3	0.49580950853155675
90	4	0.49589670498494887
90	5	0.49582060865464356
90	6	0.49654178149566025
91	0	0.4958696005227078
91	1	0.495898035216683
91	2	0.4958095085320663
91	3	0.4958206217794266
91	4	0.49593141161489784
91	5	0.4964243284167748
91	6	0.49580950838547927
91	7	0.4965940376956993
91	8	0.496042708909048
91	9	0.4965418284841904
92	0	0.49580950853246397
92	1	0.49642103634693113
92	2	0.4958690381435036
92	3	0.4958215536663911
92	4	0.49654067414319186
92	5	0.49580950838561944
92	6	0.4958985927947746
92	7	0.4960503944830788
92	8	0.49658861402432025
92	9	0.4959436726276219
93	0	0.49580950838564924
93	1	0.4960550951227732
93	2	0.49606165957823045
93	3	0.4958095085322311
93	4	0.495946811015828
93	5	0.4965420047489439
93	6	0.49642481108701614
93	7	0.49586946629655126
93	8	0.49589795916003315
93	9	0.4958217024002288
93	10	0.4965880523032251
94	0	0.495809508345046
94	1	0.4960517614765343
94	2	0.4959446129211909
94	3	0.49642216501980074
94	4	0.49580950838479415
94	5	0.49589839529850016
94	6	0.49582149010783483
94	7	0.49654106204848686
94	8	0.495868507109055
94	9	0.4965884442160219
95	0	0.4958095083423349
95	1	0.49582115178097147
95	2	0.49585515457856694
95	3	0.4958683101867376
95	4	0.4958095083834791
95	5	0.496417772951771
95	6	0.49653952526038536
96	0	0.4958095083423243
96	1	0.49586899089251474
96	2	0.4958095083847651
96	3	0.4958552111755799
96	4	0.496422030615965
96	5	0.4958214793807498
96	6	0.49654101986664995
97	0	0.4958690774627091
97	1	0.4958213635602728
97	2	0.49580950834233184
97	3	0.49642051199057363
97	4	0.4958095083842911
97	5	0.4960172417757734
97	6	0.4958552535620584
97	7	0.4965404816620199
97	8	0.4959222063514103
97	9	0.4965944204055309
98	0	0.4964246545277075
98	1	0.4965419502900758
98	2	0.4958216901446132
98	3	0.49580950834233445
98	4	0.4958551179706393
98	5	0.49587043284234644
98	6	0.495946661697727
98	7	0.4960548223924537
98	8	0.496588077055664
98	9	0.49580950838557797
99	0	0.49588278800111174
99	1	0.4960544588931145
99	2	0.4958095083854928
99	3	0.495809508342328
99	4	0.4959463868589575
99	5	0.49642428376658043
99	6	0.49582166176660347
99	7	0.4965418141461395
99	8	0.4958685902715525
99	9	0.49585515607706054
99	10	0.49658812532645336
100	0	0.4958095083423254
100	1	0.49594589737404526
100	2	0.49586981025962984
100	3	0.4958095083852892
100	4	0.496053657659281
100	5	0.49586909184937505
100	6	0.49642371705181
100	7	0.4965882115783979
100	8	0.49585521720155984
100	9	0.4958216135989276
100	10	0.4965416117546544
101	0	0.49580950834232645
101	1	0.4958095083853417
101	2	0.4960538919045362
101	3	0.4959460179597131
101	4	0.49586978912377927
101	5	0.4958702821237064
101	6	0.4958216276600018
101	7	0.4965881899214378
101	8	0.49654167233029556
101	9	0.4958552010879913
101	10	0.49642386422416257
102	0	0.49582148201147097
102	1	0.49605163119573403
102	2	0.49586910794940625
102	3	0.49594451445095394
102	4	0.49642206354190055
102	5	0.4965410290564237
102	6	0.4958095083422344
102	7	0.49585539701131504
102	8	0.4965884620687598
102	9	0.4958095083631003
103	0	0.4958214057913326
103	1	0.49642110309472154
103	2	0.4958686691732552
103	3	0.4960504527570311
103	4	0.49654069077904256
103	5	0.4965886041530453
103	6	0.4958095083422342
103	7	0.4958095083627015
103	8	0.49594371455618036
103	9	0.4958555019875229
104	0	0.4958713517001299
104	1	0.49582163961721426
104	2	0.4960539644130243
104	3	0.4958095083422353
104	4	0.4959460780310471
104	5	0.49585519053086935
104	6	0.49580950836311816
104	7	0.4964239251281641
104	8	0.4965881762147047
104	9	0.4965416902647561
105	0	0.4965882341593477
105	1	0.4958693511411985
105	2	0.4959457484990459
105	3	0.4965415599420194
105	4	0.49580950836305615
105	5	0.49642354613510925
105	6	0.49582160649523627
105	7	0.4960534413491018
105	8	0.4958095083422343
105	9	0.4958552387824807
106	0	0.49586990263398245
106	1	0.49642363616758134
106	2	0.4958216148615665
106	3	0.4960535777935443
106	4	0.49580950834223564
106	5	0.4965415747714219
106	6	0.4958552265721716
106	7	0.49658823201674224
106	8	0.4958095083630613
106	9	0.49614528325588475
107	0	0.49614572626193715
107	1	0.49586964547534046
107	2	0.4965881884512727
107	3	0.4958095083631022
107	4	0.4964238470240469
107	5	0.4965416656704162
107	6	0.49580950834223586
107	7	0.4958552029824984
107	8	0.49582162899469945
107	9	0.49605381840604745
108	0	0.49635743646527547
108	1	0.4960514513532085
108	2	0.4958691432395861
108	3	0.4958095083422339
108	4	0.49658848683280893
108	5	0.49582148304107204
108	6	0.49580950836280113
108	7	0.49584896746956286
108	8	0.49654095681369215
108	9	0.49601025229121853
108	10	0.4964218305785808
109	0	0.49601319588149945
109	1	0.49654172491639087
109	2	0.4958696643678866
109	3	0.4958216436765425
109	4	0.4963601067936242
109	5	0.4960540118957562
109	6	0.49580950836312265
109	7	0.4964240140417856
109	8	0.49580950834223475
109	9	0.49658817290912993
109	10	0.49584947951695135
110	0	0.4969569867427831
110	1	0.49580950834223053
110	2	0.49610766773125026
110	3	0.4958095083619828
110	4	0.49641624927201583
110	5	0.496538973816888
110	6	0.4958210386647955
110	7	0.4958554164008066
110	8	0.4958670697461419
110	9	0.4960446399571128
110	10	0.4965893800662361
110	11	0.496357694309185
110	12	0.4958948779855431
111	0	0.49642370935772606
111	1	0.49580950834223586
111	2	0.4958695423611294
111	3	0.4965416103074217
111	4	0.49585540034808
111	5	0.4961096215924868
111	6	0.4960536721133754
111	7	0.4965882119810578
111	8	0.4958216236945596
111	9	0.49580950836307647
111	10	0.4963624210326301
112	0	0.4963623021298713
112	1	0.4958095083630685
112	2	0.49585539316533855
112	3	0.49642356493767686
112	4	0.4961095200627404
112	5	0.49605350372326384
112	6	0.4958216150773669
112	7	0.4958095083422364
112	8	0.4958694430884409
112	9	0.4965415585358592
112	10	0.496588232153726
113	0	0.49582164754975866
113	1	0.49585541576487374
113	2	0.4965417116759748
113	3	0.4958699306091085
113	4	0.495809508342235
113	5	0.4958095083631124
113	6	0.496423949208814
113	7	0.4965881746790362
113	8	0.4960539771251466
113	9	0.49636269577778064
113	10	0.4961098844778249
114	0	0.4958554506373503
114	1	0.4958216873181516
114	2	0.49654191017584276
114	3	0.49586970123385055
114	4	0.49580950834223564
114	5	0.4958095083632057
114	6	0.4964245580506978
114	7	0.49605472250923827
114	8	0.4965880915810681
114	9	0.49611051167640646
114	10	0.4963634484637877
115	0	0.495809508342235
115	1	0.4961098577051799
115	2	0.495809508363109
115	3	0.49642388291921946
115	4	0.4965416718861874
115	5	0.49585540978082465
115	6	0.49658818262376686
115	7	0.49636264419532805
115	8	0.4958685814737598
115	9	0.4960538814429921
115	10	0.49582164628408304
116	0	0.4958696254182535
116	1	0.49587935879802353
116	2	0.49605378202984335
116	3	0.4958216356051697
116	4	0.4958554050152376
116	5	0.495809508342235
116	6	0.4958095083630915
116	7	0.4965416339918818
116	8	0.49642375993262894
117	0	0.49634961634665026
117	1	0.4958095083630147
117	2	0.4964232852441916
117	3	0.49609949576755735
117	4	0.49580950834223564
117	5	0.4958694613991199
117	6	0.4958553740734981
117	7	0.49658992026552345
117	8	0.49654145487282303
117	9	0.49605308435219064
117	10	0.49582158849811936
118	0	0.49654151345750613
118	1	0.4958215989570543
118	2	0.49586992636386357
118	3	0.49610933432034315
118	4	0.49605331089040344
118	5	0.4963619809403428
118	6	0.49580950836302057
118	7	0.49642337329741737
118	8	0.4958553814665337
118	9	0.49580950834223564
118	10	0.49658826236503223
119	0	0.4964231909044478
119	1	0.4961091056763354
119	2	0.49580950836299054
119	3	0.4958095083422361
119	4	0.4963617143395426
119	5	0.49658828866106797
119	6	0.4965414090809059
119	7	0.49605296871778326
119	8	0.4958698843492152
119	9	0.4958215814188592
119	10	0.4958553680351433
120	0	0.4960542890812026
120	1	0.4958095083631552
120	2	0.49658813935279233
120	3	0.49636300963062635
120	4	0.49580950834223564
120	5	0.4965417824297391
120	6	0.49611010833565644
120	7	0.4958216682164781
120	8	0.4964241476878823
120	9	0.4958703731307924
120	10	0.4958554288171136
121	0	0.4958553864261819
121	1	0.49586888746425145
121	2	0.4960533273775959
121	3	0.49610938625676787
121	4	0.49582159907671086
121	5	0.49654151635508026
121	6	0.4965882557110035
121	7	0.4958095083422341
121	8	0.49636209683551197
121	9	0.49580950836303345
121	10	0.496423430646506
122	0	0.49611038983312583
122	1	0.49658810422269617
122	2	0.4958095083631971
122	3	0.496363310420678
122	4	0.49585544198562254
122	5	0.4965418649359918
122	6	0.4958696423900658
122	7	0.49642443984662166
122	8	0.496054543887242
122	9	0.49580950834223575
122	10	0.4958216818514914
123	0	0.4958095083631779
123	1	0.4958216752645932
123	2	0.4958687034301609
123	3	0.49636316310868034
123	4	0.496110253676332
123	5	0.4965881253073715
123	6	0.4960544432847569
123	7	0.4965418267324826
123	8	0.4958095083422351
123	9	0.49585543566404844
123	10	0.4964243125404258
124	0	0.49585538707312965
124	1	0.4961093934470977
124	2	0.4964234761030768
124	3	0.4958215971395231
124	4	0.4958095083630332
124	5	0.4958095083422352
124	6	0.4965415193155836
124	7	0.4958686335276732
124	8	0.49605333189981604
124	9	0.4963620800339578
124	10	0.4965882556537092
125	0	0.49580950836309656
125	1	0.4958554066445773
125	2	0.49582162850238093
125	3	0.49580950834223725
125	4	0.4958700539770396
125	5	0.4960538306318016
125	6	0.49658819402138443
125	7	0.49636257366916897
125	8	0.49610973661364804
125	9	0.4965416487976127
125	10	0.49642379646685825
126	0	0.4963622821189576
126	1	0.49605353919527223
126	2	0.49585539303129766
126	3	0.49658822754001136
126	4	0.495809508363059
126	5	0.4964235929097311
126	6	0.49610952455141316
126	7	0.4958095083422355
126	8	0.4958696713854437
126	9	0.4958216123085442
126	10	0.4965415632717544
127	0	0.4958214149381704
127	1	0.49580950834223475
127	2	0.49654066951838693
127	3	0.49586895385417246
127	4	0.49642099873026757
127	5	0.49585524480026694
127	6	0.49580950836267057
127	7	0.49605029917977084
127	8	0.4961069505036817
127	9	0.4963590540168351
127	10	0.4965886221367385
128	0	0.49654142826583425
128	1	0.496053044361777
128	2	0.49586991438620165
128	3	0.49585536970914196
128	4	0.4964231749135706
128	5	0.49580950836300103
128	6	0.4958215779680359
128	7	0.4958095083422355
128	8	0.4963617633655497
128	9	0.4965882895058363
128	10	0.49610910223160715
129	0	0.49605256743059095
129	1	0.4958095083629398
129	2	0.49654129153158194
129	3	0.4958703180772441
129	4	0.49658834206007985
129	5	0.49636134416433036
129	6	0.4961087639626665
129	7	0.4958095083422352
129	8	0.49642278999188016
129	9	0.49582155283477053
129	10	0.4958553466211517
130	0	0.4960536724209151
130	1	0.4958697495300443
130	2	0.4963624400038172
130	3	0.4965882119111725
130	4	0.49610965664867684
130	5	0.4958216219094147
130	6	0.49580950834223475
130	7	0.4958554009073723
130	8	0.4964237102293424
130	9	0.4958095083630725
130	10	0.4965416022682372
131	0	0.49582124767540847
131	1	0.4964189937860119
131	2	0.49610499592689855
131	3	0.495809508362378
131	4	0.4958095083422319
131	5	0.4958679152488934
131	6	0.4958551351297569
131	7	0.49637592812512354
131	8	0.4965889392622944
131	9	0.4960478571498475
132	0	0.4958095087197457
132	1	0.49588796816519903
132	2	0.4961236138021004
132	3	0.4958257695697106
132	4	0.49644548884119705
132	5	0.4958096390881543
132	6	0.49640265165951536
132	7	0.4958602241190679
132	8	0.4965882975273923
132	9	0.49628437697188593
132	10	0.49593859905364407
133	0	0.4962782029183321
133	1	0.4961193411729486
133	2	0.49639819607897395
133	3	0.496588932029183
133	4	0.49644169708380226
133	5	0.49582541371829253
133	6	0.4958095865063291
133	7	0.4958600669923284
133	8	0.4958865041625773
133	9	0.495809508720823
134	0	0.4964034151898615
134	1	0.4965881967218171
134	2	0.4958602526586384
134	3	0.49628538573050535
134	4	0.4958880271113135
134	5	0.4958258377073138
134	6	0.49580957667036357
134	7	0.49580950872177815
134	8	0.4961243027994434
134	9	0.4964461000718336
135	0	0.49588781233969575
135	1	0.495860228627355
135	2	0.4961237544911825
135	3	0.49580950872016505
135	4	0.4965882789517702
135	5	0.4962845221225805
135	6	0.4958257916352925
135	7	0.4964455988094235
135	8	0.4958095746026715
135	9	0.4964027271056397
136	0	0.49644265436668444
136	1	0.4958095824802707
136	2	0.4958095085499376
136	3	0.49582549696338873
136	4	0.4958869330625339
136	5	0.49586010238870665
136	6	0.4965887789190536
136	7	0.4961203406527036
136	8	0.49627964295656285
136	9	0.4963992483029379
137	0	0.4958602555851701
137	1	0.49580958539180303
137	2	0.49580950855599976
137	3	0.4958258482545492
137	4	0.495888102585166
137	5	0.4964461507001251
137	6	0.49612440152448256
137	7	0.49640348202213724
137	8	0.496285496968961
137	9	0.4965881886689103
138	0	0.4964461169744733
138	1	0.49586025058726624
138	2	0.4958095085558751
138	3	0.49580957790603
138	4	0.4958258330221678
138	5	0.4958880285807898
138	6	0.4965881994929792
138	7	0.4962853640115845
138	8	0.4961242963418906
138	9	0.4964033615487606
139	0	0.4958095852836619
139	1	0.4958879447332772
139	2	0.49582581857460867
139	3	0.4964459089153156
139	4	0.495809508555547
139	5	0.4958602420809195
139	6	0.49640317113209004
139	7	0.49612410340365554
139	8	0.49658823083928055
139	9	0.49628505073728435
140	0	0.49580958239216266
140	1	0.4964459275010782
140	2	0.49580950855548744
140	3	0.49588802793225156
140	4	0.4958258217934492
140	5	0.49586024314580557
140	6	0.496124114599023
140	7	0.4964031413204229
140	8	0.4962850787332095
140	9	0.49658822132313035
141	0	0.4958883208585466
141	1	0.49640412500492503
141	2	0.4958602796767157
141	3	0.49580950855694145
141	4	0.4964466978066206
141	5	0.4962863976083332
141	6	0.4958258903064867
141	7	0.4958095809739436
141	8	0.4961250052005639
141	9	0.49658810179647117
142	0	0.4961238503925257
142	1	0.49640286931818645
142	2	0.4958602315829929
142	3	0.49580957910849965
142	4	0.49628466314467756
142	5	0.49580950855512074
142	6	0.49588745811837964
142	7	0.4958257892164035
142	8	0.49658826873619744
142	9	0.49644565500720167
143	0	0.4961243548094226
143	1	0.49588816563534865
143	2	0.49644616459160695
143	3	0.49658819124042086
143	4	0.49580950855592115
143	5	0.49640340323058796
143	6	0.49628542389744756
143	7	0.49586025190948996
143	8	0.4958095831901186
143	9	0.49582583737896796
144	0	0.4958095085031309
144	1	0.4958878031979387
144	2	0.4958258037977098
144	3	0.49580958438430184
144	4	0.49586023168440485
144	5	0.4964456443671532
144	6	0.49612377224569315
144	7	0.4965882716135265
144	8	0.4962846312428069
144	9	0.4964028371345923
145	0	0.4958258208057914
145	1	0.4958095085034233
145	2	0.49644591212649447
145	3	0.4958880856986063
145	4	0.4958602421367668
145	5	0.49580957914922347
145	6	0.49612407519274737
145	7	0.49640314863204715
145	8	0.49658823258334894
145	9	0.49628502919981354
146	0	0.49644586820782927
146	1	0.4958258117116265
146	2	0.4958095862425358
146	3	0.4958602402557929
146	4	0.49588800262832267
146	5	0.4958095085033167
146	6	0.49612403413614375
146	7	0.4964030884781793
146	8	0.496588238760208
146	9	0.49628497459931675
147	0	0.4958250272050066
147	1	0.4962715166387808
147	2	0.4958095219393548
147	3	0.49580950849314975
147	4	0.4958851674135501
147	5	0.4961148949453749
147	6	0.4963933150262023
147	7	0.4958599216003308
147	8	0.4965896829384393
147	9	0.49643753112133593
148	0	0.49580951844191506
148	1	0.4958601662136294
148	2	0.49582564943076396
148	3	0.49588644389291037
148	4	0.496444160323212
148	5	0.4958095085011664
148	6	0.4965885172277746
148	7	0.4962821056412146
148	8	0.49612205648097285
148	9	0.4964010448819446
149	0	0.49582586491714264
149	1	0.4958095182008341
149	2	0.49580950850410577
149	3	0.49588785065107643
149	4	0.4958602649089307
149	5	0.49644640963500763
149	6	0.4964037605594686
149	7	0.49658815048549787
149	8	0.4962858888767151
149	9	0.49612467345963657
150	0	0.495825879728561
150	1	0.49586027278729944
150	2	0.4964465728060768
150	3	0.49588807946493
150	4	0.49580951778261806
150	5	0.49580950850429223
150	6	0.49640392883814444
150	7	0.49658812714214573
150	8	0.49628613308636077
150	9	0.49612484339052243
151	0	0.49640355570705624
151	1	0.4958602560780885
151	2	0.4958095085038608
151	3	0.495887821746193
151	4	0.49628557949874313
151	5	0.49612445390762727
151	6	0.4964461929566724
151	7	0.49658817990687615
151	8	0.4958095177062335
151	9	0.49582584170651917
152	0	0.495809518140443
152	1	0.4964460545276285
152	2	0.49582582878882914
152	3	0.49588787775715787
152	4	0.4958602475925433
152	5	0.4958095085035419
152	6	0.49628525458200984
152	7	0.49612422725964744
152	8	0.4964032654326577
152	9	0.4965882120406751
153	0	0.49714538570456457
153	1	0.49580950850335487
153	2	0.495809518092779
153	3	0.4964458043367011
153	4	0.4961239924591904
153	5	0.4958258075912885
153	6	0.49586023783477373
153	7	0.495887946832915
154	0	0.4958095183559797
154	1	0.49586026446983344
154	2	0.4958258599845145
154	3	0.49644637972041544
154	4	0.495809508504055
154	5	0.4958882247388854
154	6	0.49627028986822513
154	7	0.49658982154408465
154	8	0.49639244455545445
154	9	0.4961246099591839
155	0	0.49582527686282774
155	1	0.49580950849645145
155	2	0.4958857398602327
155	3	0.49613512197953064
155	4	0.495809517183767
155	5	0.49639659416067206
155	6	0.4958607231611696
155	7	0.49627596186740336
155	8	0.49618457541841127
155	9	0.496440337944776
155	10	0.49658917641884587
156	0	0.4964458720544657
156	1	0.4958878700562795
156	2	0.4961727087968902
156	3	0.4958258078603763
156	4	0.49580950850334454
156	5	0.4958095176163253
156	6	0.4958602392063773
156	7	0.49658824109167804
156	8	0.496123987265201
156	9	0.49640305538467905
156	10	0.4962849249028626
157	0	0.49617268371244017
157	1	0.4965882279401439
157	2	0.495825820272105
157	3	0.49612407887050164
157	4	0.4958095173621983
157	5	0.4959098213903001
157	6	0.4958878375564383
157	7	0.49586024145541036
157	8	0.49640313113097184
157	9	0.49580950850339606
157	10	0.4962850164595149
157	11	0.4964458454566234
158	0	0.49580951807295365
158	1	0.4958602454369492
158	2	0.49588793960659133
158	3	0.49628516744379797
158	4	0.4959056243750509
158	5	0.4964032306278917
158	6	0.4958095085035313
158	7	0.4958258256201712
158	8	0.4961725232804745
158	9	0.49658822760243404
158	10	0.496124097230631
158	11	0.4964459353726153
159	0	0.495888066894896
159	1	0.4961732060717813
159	2	0.4958095085039811
159	3	0.4961245727988405
159	4	0.495905772560208
159	5	0.49640361393275734
159	6	0.49658816611420475
159	7	0.49580951816633967
159	8	0.49586025868769334
159	9	0.4958258551731079
159	10	0.49628565358676013
159	11	0.49644630416728164
160	0	0.4958602045865251
160	1	0.49628364671266684
160	2	0.4958095176896787
160	3	0.4961230689484221
160	4	0.4964450460968671
160	5	0.4964021087869193
160	6	0.49658837261859057
160	7	0.4958874177801474
160	8	0.4961717327743246
160	9	0.4958095085022625
160	10	0.4959052190644774
160	11	0.49582573412271247
161	0	0.4962850099425239
161	1	0.49588814450032376
161	2	0.49640313107195927
161	3	0.4964458793334626
161	4	0.4961727424002148
161	5	0.496124045861732
161	6	0.49580950850342703
161	7	0.4958258157597672
161	8	0.49581037280018453
161	9	0.49586023931477236
161	10	0.4959055890117586
161	11	0.49658997649715375
162	0	0.49580950849892425
162	1	0.4958254801363199
162	2	0.4958600943376397
162	3	0.496168411467455
162	4	0.4964423683782295
162	5	0.49588663140652584
162	6	0.4958097703018158
162	7	0.4965899396091606
162	8	0.4959041311170797
162	9	0.49627918959923084
162	10	0.496120057578797
162	11	0.4965842641904003
163	0	0.4965842943602394
163	1	0.49588784394825486
163	2	0.4964459150922622
163	3	0.4961241118341509
163	4	0.4958097843011289
163	5	0.49580950850340993
163	6	0.4965899773990425
163	7	0.4959056028636157
163	8	0.4961728340980541
163	9	0.49628503876145635
163	10	0.4958258052077501
163	11	0.495860240688495
164	0	0.4958258701169943
164	1	0.49586026513517834
164	2	0.49617305272042384
164	3	0.496446357009486
164	4	0.4958095085040494
164	5	0.4958881416917812
164	6	0.49580978358061967
164	7	0.4965899839748282
164	8	0.49590580011488894
164	9	0.49628581228023916
164	10	0.49658433696202775
164	11	0.4961245776356541
165	0	0.4958095085002665
165	1	0.49625327263802693
165	2	0.49658401752225795
165	3	0.4958097543899576
165	4	0.49588687097209144
165	5	0.49606953803616133
165	6	0.4965899481995421
165	7	0.495825568862637
165	8	0.4958601335234309
165	9	0.4961698540440977
165	10	0.4964433807914079
165	11	0.4962809252141623
165	12	0.4961212312666729
166	0	0.49586023309880467
166	1	0.4964457012036657
166	2	0.4958877961354815
166	3	0.49625274178321893
166	4	0.49580950843498967
166	5	0.49617247888267796
166	6	0.49580975633160534
166	7	0.49582578965825547
166	8	0.49612382830764534
166	9	0.496589974000117
166	10	0.4965842633636375
166	11	0.49606920860672055
166	12	0.49628465366539076
167	0	0.49586024296728065
167	1	0.4965899780170254
167	2	0.4965842965716269
167	3	0.4958880126315194
167	4	0.49582581767721723
167	5	0.49628510510907303
167	6	0.49612410575039445
167	7	0.49580977397984183
167	8	0.49617258531253755
167	9	0.4964458899294283
167	10	0.49606957006310415
167	11	0.49625307576945654
167	12	0.49580950843517
168	0	0.4967981447480643
168	1	0.49644514278508767
168	2	0.49612318729837374
168	3	0.4958095084194509
168	4	0.49606848950066756
168	5	0.4958097712452764
168	6	0.4958257717401728
168	7	0.49617169051768306
168	8	0.4962519322777649
168	9	0.4958602058721901
168	10	0.49587999266285715
168	11	0.49658145086160893
168	12	0.49658996587044907
168	13	0.4962483118338317
168	14	0.49641324150184013
168	15	0.49712482606905833
169	0	0.495825836010185
169	1	0.49580950841994137
169	2	0.49644590142669326
169	3	0.4958602433769843
169	4	0.4958804516687816
169	5	0.4961727671169578
169	6	0.49580976233507223
169	7	0.49625311241803843
169	8	0.49658156549929605
169	9	0.4962497249368082
169	10	0.4960695262625402
169	11	0.49612404812423044
169	12	0.49658997748631756
170	0	0.4961246636585959
170	1	0.495809508420201
170	2	0.4960702212512611
170	3	0.4958258856537474
170	4	0.4958602630815688
170	5	0.49588068839695026
170	6	0.49617327456548915
170	7	0.4964463535840453
170	8	0.49658998460195636
170	9	0.4962537825584632
170	10	0.49625047921485477
170	11	0.4958097854396193
170	12	0.49658162241655884
171	0	0.4958602021956052
171	1	0.4962517708436691
171	2	0.49580950841934823
171	3	0.49644499089991556
171	4	0.4958801323544542
171	5	0.4958257502761392
171	6	0.49580975893952467
171	7	0.4961716120972466
171	8	0.496581438775242
171	9	0.49658996456779797
171	10	0.496122970410243
171	11	0.49624810437193456
171	12	0.4960682283283337
172	0	0.49644391999937976
172	1	0.4958805199383439
172	2	0.49580950841869487
172	3	0.49624642054312607
172	4	0.49580955020995415
172	5	0.49606687934002586
172	6	0.4961218233690082
172	7	0.4962501170128987
172	8	0.49617009797358197
172	9	0.49586015429951386
172	10	0.4958256542885705
172	11	0.4965899528016823
172	12	0.4965812972831854
173	0	0.49644241375691567
173	1	0.4961201579673913
173	2	0.49586009621774685
173	3	0.4965899404180839
173	4	0.49587939323883
173	5	0.4965811021058723
173	6	0.4958255143333648
173	7	0.495809508417784
173	8	0.4962438628691519
173	9	0.4961685378468521
173	10	0.4962479796820435
173	11	0.49580954666787824
173	12	0.49606481644648015
174	0	0.49582579085956496
174	1	0.496068775722667
174	2	0.49612338211595924
174	3	0.4965899688426886
174	4	0.49658148350145526
174	5	0.4958804086509739
174	6	0.4958095084195547
174	7	0.496248686585193
174	8	0.49580954749734446
174	9	0.49617173408001025
174	10	0.4962521998072481
174	11	0.4958602141695517
174	12	0.4964452563028096
175	0	0.4961242207284373
175	1	0.4964460471838597
175	2	0.49580950842001187
175	3	0.49606968894812814
175	4	0.495809550200736
175	5	0.4958258449408172
175	6	0.4958602476499218
175	7	0.4962532684105197
175	8	0.4965899786560178
175	9	0.4958805307820025
175	10	0.4962498545583142
175	11	0.4961724942933967
175	12	0.49658157049517637
176	0	0.4961231934545395
176	1	0.4960685109710696
176	2	0.4965814647418489
176	3	0.4961715450920649
176	4	0.49625198473432264
176	5	0.49644511488556126
176	6	0.4958257750857976
176	7	0.49588016131743173
176	8	0.495809508419445
176	9	0.49580954705757996
176	10	0.4962484106318615
176	11	0.49586020735269043
176	12	0.4965899665997863
177	0	0.4962507662158909
177	1	0.4958095464113661
177	2	0.4961222417182519
177	3	0.49588038641144333
177	4	0.4960673578883159
177	5	0.49582569491306405
177	6	0.49580950841893895
177	7	0.4958601730543412
177	8	0.4964442865803047
177	9	0.49617061688351133
177	10	0.49658155056811815
177	11	0.49658995690309404
177	12	0.4962469980296913
178	0	0.49625339731146734
178	1	0.49658381587543576
178	2	0.49658998095606366
178	3	0.49606983519150655
178	4	0.4961243118937516
178	5	0.4958805827903037
178	6	0.49580954639784375
178	7	0.49617312655684304
178	8	0.49580950842004684
178	9	0.4964461053160282
178	10	0.49582585696612985
178	11	0.495860250802086
178	12	0.49625004449568416
179	0	0.49586024222082153
179	1	0.49580954474586625
179	2	0.4965837764351188
179	3	0.4960694708919069
179	4	0.4962530068125325
179	5	0.4958804241973532
179	6	0.4961240268661792
179	7	0.4965899765812498
179	8	0.4958095084199204
179	9	0.49624963866194005
179	10	0.49582584127460794
179	11	0.4964458612263539
179	12	0.4961726961705111
180	0	0.49612386079547943
180	1	0.4958095084198062
180	2	0.4958602324033276
180	3	0.4965837680880885
180	4	0.4965899744920333
180	5	0.4962493558065113
180	6	0.4961723310195344
180	7	0.4958803963340448
180	8	0.4958095481742778
180	9	0.49582582914544315
180	10	0.49644569229617397
180	11	0.49606922388967095
180	12	0.49625274501721905
181	0	0.4958805831816758
181	1	0.4958095378794739
181	2	0.4965837690051926
181	3	0.49624932819133455
181	4	0.49612380559852415
181	5	0.4962528000501894
181	6	0.49659018397988514
181	7	0.49580950841978144
181	8	0.4961722530241142
181	9	0.4960692536474878
181	10	0.4958258273877212
181	11	0.4958602313469839
181	12	0.4964456766120799
182	0	0.4958602318661972
182	1	0.49644567545380675
182	2	0.49588055716780327
182	3	0.49580953564934466
182	4	0.4958258105474223
182	5	0.49625270788949893
182	6	0.495809508419767
182	7	0.49617243484940643
182	8	0.49606919126751003
182	9	0.4965837617479448
182	10	0.4965901811112787
182	11	0.49612375293107636
182	12	0.4962492070393743
183	0	0.495809571699146
183	1	0.49586000345550707
183	2	0.4964399760316538
183	3	0.49624448062838294
183	4	0.4958252737694364
183	5	0.4958095083484009
183	6	0.4958787090627367
183	7	0.4961658765282433
183	8	0.4965831048234609
183	9	0.4962398772390426
183	10	0.496117458443851
183	11	0.4960616054893238
183	12	0.49658988090150513
184	0	0.4964451820918612
184	1	0.495860209680006
184	2	0.4958807521666813
184	3	0.4962520189836257
184	4	0.4958095083584446
184	5	0.4958095645027306
184	6	0.4958257646020523
184	7	0.49617185567564476
184	8	0.4965901551710837
184	9	0.49658370878217284
184	10	0.4962484432431687
184	11	0.4960685340195929
184	12	0.4961232188520241
185	0	0.4964454324458288
185	1	0.4958602210639313
185	2	0.49588076857562174
185	3	0.4962524004235747
185	4	0.49582580140323074
185	5	0.4958095083584835
185	6	0.4961721834537177
185	7	0.4958095696107493
185	8	0.4961235730425044
185	9	0.4960689386250014
185	10	0.49659017043335313
185	11	0.49658374008956657
185	12	0.4962489188712961
186	0	0.49588059540555146
186	1	0.49658376739844956
186	2	0.4961238243407536
186	3	0.4962493295794041
186	4	0.49580957022699707
186	5	0.4962527143037719
186	6	0.4965901833925905
186	7	0.49586023007565383
186	8	0.49606921136043897
186	9	0.4958095083585879
186	10	0.4961725277930118
186	11	0.49644561549031624
186	12	0.49582580556813427
187	0	0.4958095647437684
187	1	0.49625273038933226
187	2	0.49617243847267606
187	3	0.496445674145713
187	4	0.49580950835857956
187	5	0.4965837621107995
187	6	0.4958806303417274
187	7	0.4961237518071891
187	8	0.4965901816153568
187	9	0.49586023007736363
187	10	0.4960691811790093
187	11	0.4958258112287344
187	12	0.4962491965954807
188	0	0.4965901946107509
188	1	0.496583786743025
188	2	0.49625297711106975
188	3	0.4958095083585635
188	4	0.4958095674931684
188	5	0.49588076299778067
188	6	0.4958602392253657
188	7	0.4961239921521668
188	8	0.4958258360682932
188	9	0.4964458023100261
188	10	0.4962495748611731
188	11	0.49606943964423755
188	12	0.49617263560461744
189	0	0.4969259075560467
189	1	0.49644646652276003
189	2	0.49580950835868437
189	3	0.49612472280752173
189	4	0.4960703170769441
189	5	0.49580956798263287
189	6	0.4958258925296699
189	7	0.4961730681765009
189	8	0.49586026643212594
189	9	0.4958808127780866
189	10	0.4962538549096438
190	0	0.4964454803238801
190	1	0.4958095083585206
190	2	0.4960689699405051
190	3	0.495809565778546
190	4	0.4961235811735787
190	5	0.4965826957778052
190	6	0.4958800531129995
190	7	0.49625247225886965
190	8	0.4958257957240846
190	9	0.4965897244869031
190	10	0.49617201499213276
190	11	0.49623427999644915
190	12	0.4958602225850999
191	0	0.4964453608715493
191	1	0.49580957070535187
191	2	0.4961234681997483
191	3	0.49606880693503624
191	4	0.4958095083585058
191	5	0.49658373176940257
191	6	0.49617176449468237
191	7	0.4958805480265841
191	8	0.49625229271812776
191	9	0.4958257851832894
191	10	0.49624878870638706
191	11	0.496590165436289
191	12	0.495860217904254
192	0	0.4958808496259415
192	1	0.49624956360553113
192	2	0.49586023877102176
192	3	0.49580957044661106
192	4	0.49625295219767596
192	5	0.4958095083585685
192	6	0.49644576194568585
192	7	0.49617255382787184
192	8	0.49582583781276
193	0	0.49644589078914897
193	1	0.4961135548505273
193	2	0.4958095083585835
193	3	0.4958095675199432
193	4	0.4960568443811811
193	5	0.496589715439664
193	6	0.4961726859916282
193	7	0.4958806831906137
193	8	0.49658266680904395
193	9	0.49624958303083183
193	10	0.4958258321572995
193	11	0.49625300649426024
193	12	0.4958602391090049
194	0	0.49606821160031667
194	1	0.4961229345260734
194	2	0.49644489999932473
194	3	0.495809508358413
194	4	0.49580957023761707
194	5	0.49586019876108695
194	6	0.49625164285792367
194	7	0.4961713857688194
194	8	0.49582573990168827
194	9	0.4965901390240038
194	10	0.4958802774711415
194	11	0.49658367678155946
194	12	0.4962479993458793
195	0	0.4965833802575034
195	1	0.49588007629107217
195	2	0.4962437444960244
195	3	0.4958095673784268
195	4	0.4958095083579979
195	5	0.4960646484092287
195	6	0.49624780646831784
195	7	0.495860089762616
195	8	0.4958254980493773
195	9	0.49644226058240065
195	10	0.49611995536349374
195	11	0.49658999714156493
195	12	0.496168503997697
196	0	0.4962496243550653
196	1	0.4962530589306951
196	2	0.4960695058116142
196	3	0.49612406039049256
196	4	0.49617238393211593
196	5	0.4965901961198735
196	6	0.4964458712305026
196	7	0.4958808188406367
196	8	0.4958602403144532
196	9	0.49580950835859594
196	10	0.49658380555648857
196	11	0.4958095699383565
196	12	0.4958258303110257
197	0	0.4958095083586149
197	1	0.4958258529546922
197	2	0.49588079900972454
197	3	0.49625326557930927
197	4	0.4958095660317078
197	5	0.4962498616517347
197	6	0.49644601661608284
197	7	0.49606968643277055
197	8	0.49617277130206705
197	9	0.4958602471047335
197	10	0.4965902030819179
197	11	0.4965841683682626
197	12	0.4961241799859685
198	0	0.4962477230852194
198	1	0.49606461679627883
198	2	0.49587947515888803
198	3	0.4958095366415223
198	4	0.49624355970709766
198	5	0.4958254802416768
198	6	0.4958095083527613
198	7	0.49659034217634296
198	8	0.4958600868674253
198	9	0.49644220482015305
198	10	0.4961684847588002
198	11	0.4965837292535448
198	12	0.4961199015708194
199	0	0.49644420825006796
199	1	0.49658408054832215
199	2	0.4961221416923256
199	3	0.4958095083529598
199	4	0.4958601669257501
199	5	0.4958095316789309
199	6	0.49625047927429955
199	7	0.4960671370158714
199	8	0.496246757081914
199	9	0.4965905245037245
199	10	0.49582567125955457
199	11	0.49617064767207963
199	12	0.495880266099616
200	0	0.49580953249155607
200	1	0.49582574013312825
200	2	0.4961717177024368
200	3	0.49588060776124726
200	4	0.4965905960075428
200	5	0.4961229047276456
200	6	0.49624801490468107
200	7	0.49658420682396603
200	8	0.4964448587280836
200	9	0.4960681620276081
200	10	0.4958095083530176
200	11	0.4962515695732121
200	12	0.4958601960325269
201	0	0.495880683155476
201	1	0.4958602133752761
201	2	0.495809532052885
201	3	0.4958095083530695
201	4	0.49582577723879
201	5	0.4964452175168715
201	6	0.4961716696883159
201	7	0.49625209740834575
201	8	0.49606860427534244
201	9	0.49612326453750205
201	10	0.49658371204890267
201	11	0.49624849429280815
201	12	0.49659062157415396
202	0	0.496063337239989
202	1	0.49580953665401534
202	2	0.49624201190564854
202	3	0.4958791247911707
202	4	0.4958600495427098
202	5	0.4961188596925082
202	6	0.4961674804244398
202	7	0.4965832532311245
202	8	0.4964412451216201
202	9	0.49659025386939704
202	10	0.4958253934506574
202	11	0.4962462789870189
202	12	0.49580950835263793
203	0	0.4961709944985312
203	1	0.4958601762027062
203	2	0.4958095083529675
203	3	0.4964444068256622
203	4	0.4962508961419137
203	5	0.49582569271654936
203	6	0.49588030508644454
203	7	0.4958095347616269
203	8	0.4961223297788482
203	9	0.4960674379187072
203	10	0.4965836174156424
203	11	0.4965905451598719
203	12	0.4962470977441886
204	0	0.4958775972996537
204	1	0.49622288951219534
204	2	0.4962309199620097
204	3	0.4965852751941694
204	4	0.49599922943146385
204	5	0.4958095083518729
204	6	0.4961116537871097
204	7	0.4958095629360705
204	8	0.49643439664259104
204	9	0.4958598283195066
204	10	0.4958247654571592
204	11	0.4965896500678629
204	12	0.49616021313063785
205	0	0.49582554482361546
205	1	0.4958601098242268
205	2	0.49587992090271704
205	3	0.4962313241438063
205	4	0.4961689978955947
205	5	0.4958095657491712
205	6	0.49644277621583965
205	7	0.49580950835280124
205	8	0.49600329554121547
205	9	0.49658508471346036
205	10	0.49612050076728836
205	11	0.4965903927962533
205	12	0.49624439687030225
206	0	0.4961714538848833
206	1	0.4958095641852265
206	2	0.49644495403556044
206	3	0.4958095083530576
206	4	0.4958257426956394
206	5	0.49623449010806436
206	6	0.4958805360983624
206	7	0.4958601986171886
206	8	0.4962481074972211
206	9	0.4965905997121701
206	10	0.49658531351659363
206	11	0.4960057809181765
206	12	0.49612297166401464
207	0	0.4958257619368117
207	1	0.4963584018134136
207	2	0.49580950835305637
207	3	0.49617187291553194
207	4	0.4958806898972561
207	5	0.49580956724077657
207	6	0.4958602081762144
207	7	0.49623478421069656
207	8	0.4965853353205329
207	9	0.4962483986952221
207	10	0.4961232032389961
207	11	0.49659061679455907
207	12	0.4960060055686569
208	0	0.4958254523395305
208	1	0.4958095608964534
208	2	0.49616812369268937
208	3	0.4958095083515136
208	4	0.49631478065157403
208	5	0.4958600723902738
208	6	0.49622999880974694
208	7	0.4958794296815073
208	8	0.4965903083136602
208	9	0.49611950096675916
208	10	0.49658499324634686
208	11	0.4962429237858694
208	12	0.4960022820638419
209	0	0.49623541670684906
209	1	0.49588075668080167
209	2	0.49580950835160964
209	3	0.495860226369904
209	4	0.4958095688357868
209	5	0.4963201617526177
209	6	0.49582580418178646
209	7	0.4961723592264102
209	8	0.4965906560053858
209	9	0.4960064837927442
209	10	0.4965853737830952
209	11	0.49624906726703516
209	12	0.49612363791612063
210	0	0.4963200351333531
210	1	0.49586022131366925
210	2	0.49588043522719455
210	3	0.49582579997750337
210	4	0.4962351961442758
210	5	0.4961720894682431
210	6	0.49580956215422234
210	7	0.4958095083515626
210	8	0.496585365726792
210	9	0.4965906449955687
210	10	0.49624890175632796
210	11	0.49612353773867973
210	12	0.4960063351109069
211	0	0.49587953129192813
211	1	0.4958600831451814
211	2	0.49580956041576035
211	3	0.495809508353027
211	4	0.496230388148017
211	5	0.49582546987182724
211	6	0.49631518339405073
211	7	0.4961684793892159
212	0	0.49623494493181514
212	1	0.495860211834937
212	2	0.4963197237922923
212	3	0.4961718522469171
212	4	0.4958095706539276
212	5	0.4958804940955081
212	6	0.495825780623672
212	7	0.49580950835307985
212	8	0.49599152687388215
212	9	0.4961089945954618
212	10	0.4965894271355848
212	11	0.496226600916147
212	12	0.4965839244754003
213	0	0.4961717497183714
213	1	0.49588045068848485
213	2	0.49586020494170846
213	3	0.4963194829138596
213	4	0.4958095681412654
213	5	0.4958095083530661
213	6	0.4962346486925001
213	7	0.49582576069547657
213	8	0.4962483275587509
213	9	0.49612313501576033
213	10	0.4965853279677916
213	11	0.4960059362908421
213	12	0.4965906116796074
214	0	0.49612280195037123
214	1	0.4965905851179968
214	2	0.49586019131472064
214	3	0.49600561356206474
214	4	0.49631902155789276
214	5	0.49582572601761016
214	6	0.49588044987230967
214	7	0.4962477848840559
214	8	0.49658529700070403
214	9	0.4958095083471503
214	10	0.49580956804212284
214	11	0.49617106914786685
214	12	0.4962341981150426
215	0	0.4958804816374787
215	1	0.49623470535042463
215	2	0.49625461800381715
215	3	0.4958602036741254
215	4	0.4960058949397536
215	5	0.49612306422412794
215	6	0.4963194223431394
215	7	0.49659060626586177
215	8	0.49580950834914944
215	9	0.49658643349891923
215	10	0.49617175033534805
215	11	0.4958257501869356
215	12	0.49580956417472505
216	0	0.49600139751878114
216	1	0.49659023523213014
216	2	0.49622884048048477
216	3	0.49586004197353345
216	4	0.49658605835741204
216	5	0.4958095083488513
216	6	0.49582537189102854
216	7	0.49631365656273396
216	8	0.4958789384887158
216	9	0.4962479190986717
216	10	0.496118589215068
216	11	0.49616730225921163
216	12	0.4958095603436741
217	0	0.4965906365645737
217	1	0.4958809333167698
217	2	0.4965864628140651
217	3	0.4958257867861025
217	4	0.4961234418449058
217	5	0.4961719455421055
217	6	0.4960062123185271
217	7	0.49631986835102265
217	8	0.4962550940239579
217	9	0.4958095640002687
217	10	0.495860215505294
217	11	0.4958095083491884
217	12	0.49623501917549034
218	0	0.49588037553796055
218	1	0.4958095083491502
218	2	0.49617149248956505
218	3	0.4961230221849321
218	4	0.4960058400978825
218	5	0.4965906008177455
218	6	0.4962345940284935
218	7	0.4958095614674121
218	8	0.49631934358663266
218	9	0.49586020148464666
218	10	0.4962544834976426
218	11	0.4965864247529636
218	12	0.49582575110761956
219	0	0.4965906155382453
219	1	0.4958095610355679
219	2	0.49600597112722
219	3	0.49623473849986005
219	4	0.4958602070968391
219	5	0.49658644262157275
219	6	0.49625471077609623
219	7	0.49631952249695704
219	8	0.4958257678338383
219	9	0.495880398256699
219	10	0.49580950834914234
219	11	0.49612311825991473
219	12	0.49617159463321625
220	0	0.4958602128180856
220	1	0.4963197493408413
220	2	0.4958806375639384
220	3	0.4958257705090127
220	4	0.496006120367918
220	5	0.4965906251008956
220	6	0.49623492308508593
220	7	0.49617174428853894
220	8	0.4965864515496793
220	9	0.4958095083491683
220	10	0.49625490306618014
220	11	0.4961233123760126
220	12	0.4958095598498414
221	0	0.4958258083099325
221	1	0.4958095564391998
221	2	0.49600314348063035
221	3	0.49586010199541386
221	4	0.49625058794400634
221	5	0.4965862046125904
221	6	0.4958095083489701
221	7	0.495879727549574
221	8	0.4961688105455488
221	9	0.4962310833482346
221	10	0.49612034548130524
221	11	0.4963158782870917
221	12	0.4965903759557418
222	0	0.4961231095237401
222	1	0.49617163494910843
222	2	0.49659061021356105
222	3	0.49582575439000576
222	4	0.49588049738453477
222	5	0.4962346554339657
222	6	0.49600587741190927
222	7	0.49658643238536165
222	8	0.4962545600793844
222	9	0.4958602026726891
222	10	0.49580956368423845
222	11	0.4958095083491502
222	12	0.4963194161588994
223	0	0.4958256903444559
223	1	0.4958801012572373
223	2	0.49625357223356437
223	3	0.4960051831935606
223	4	0.4963185658701636
223	5	0.49617109087219335
223	6	0.4958095570959041
223	7	0.49658605059723004
223	8	0.4965905456549456
223	9	0.4962336924131326
223	10	0.4961223274436631
223	11	0.49580950834909454
223	12	0.4958601756861226
224	0	0.496318314419758
224	1	0.4958802872507936
224	2	0.4961706166177834
224	3	0.49582568039385005
224	4	0.4962335147615757
224	5	0.49580950834911286
224	6	0.4962532421038127
224	7	0.496590532722384
224	8	0.49586016934520166
224	9	0.4961221611331412
224	10	0.49602082789254326
224	11	0.49580956151341304
224	12	0.4960049173952391
225	0	0.49588077256419755
225	1	0.49625318144802005
225	2	0.4958601681919077
225	3	0.4960151529453585
225	4	0.49612214363536006
225	5	0.4960049739886295
225	6	0.49580956023869194
225	7	0.4963181413548293
225	8	0.4958095083490939
225	9	0.49617061617058833
225	10	0.4965905246872401
225	11	0.49582567139598266
225	12	0.49623333294615674
226	0	0.49586014851374394
226	1	0.49587990643520863
226	2	0.49602534132399123
226	3	0.49625239957000067
226	4	0.49580956039279117
226	5	0.495809508349046
226	6	0.4961704002771881
226	7	0.49631755023640095
226	8	0.49612158799529943
226	9	0.49600439322405876
226	10	0.49659048425272906
226	11	0.4958256326070191
226	12	0.4962327410525612
227	0	0.4961166806888804
227	1	0.496244999861581
227	2	0.49604530125236856
227	3	0.49582520881980885
227	4	0.49587879569983173
227	5	0.4965900698940622
227	6	0.4958095083487312
227	7	0.4963110584266524
227	8	0.49622627316535023
227	9	0.4958095318248859
227	10	0.49599937739941424
227	11	0.49616511323267987
227	12	0.4958599755397594
228	0	0.49631940391805685
228	1	0.49588029634663755
228	2	0.49625448922891
228	3	0.49600587449072575
228	4	0.49582574480819425
228	5	0.49580953315282544
228	6	0.4961718028403408
228	7	0.49586020240217543
228	8	0.49612298967616936
228	9	0.49623456584399395
228	10	0.49659060154430895
228	11	0.4958095083491524
228	12	0.49604108176965744
229	0	0.49580950834750187
229	1	0.4962312725604491
229	2	0.49600324073978574
229	3	0.4961204631290065
229	4	0.4958255349489275
229	5	0.49587970425871836
229	6	0.49580953328300487
229	7	0.4965903875843952
229	8	0.4962506660062706
229	9	0.49616898474197413
229	10	0.49603940631825033
229	11	0.49586010538939757
229	12	0.49631598858464987
230	0	0.49603044729927936
230	1	0.49580950834746723
230	2	0.4960060461539916
230	3	0.49582576321315236
230	4	0.4962348190928171
230	5	0.49586021028542554
230	6	0.49588043559792094
230	7	0.4961232191342587
230	8	0.496319652399887
230	9	0.49659062042319746
230	10	0.4962548100846694
230	11	0.49580953594413874
230	12	0.4961717220445414
231	0	0.4971177853324196
231	1	0.4958370925384404
231	2	0.49659163130610234
231	3	0.49604557162551044
231	4	0.49580950834371446
231	5	0.4958095273896969
231	6	0.49632232218274647
231	7	0.4973827067856219
231	8	0.4962249875763494
231	9	0.49712289407391796
231	10	0.4960987108202333
231	11	0.4958604951912466
231	12	0.4961644162648894
231	13	0.49599410471677463
231	14	0.49620133790757376
231	15	0.4962997735890878
231	16	0.49587946227538093
232	0	0.4958366408638973
232	1	0.4958769735413022
232	2	0.49627898507466384
232	3	0.4958609141572337
232	4	0.49580952895815905
232	5	0.4958095083432781
232	6	0.49617877265958354
232	7	0.49634173330024484
232	8	0.49606275278763484
232	9	0.49622818685854325
232	10	0.49609013813688335
232	11	0.4961125065256996
232	12	0.49600945123490536
232	13	0.49659241290101885
232	14	0.496247993349001
233	0	0.4960514705033338
233	1	0.4958095083433594
233	2	0.49580953332271144
233	3	0.4962853449273015
233	4	0.496020931896999
233	5	0.4958804965861738
233	6	0.49583720349038873
233	7	0.4962642866281633
233	8	0.49618984604628846
233	9	0.4961001709448279
233	10	0.4962151250760144
233	11	0.4958613814641741
233	12	0.4961232268586858
233	13	0.496355029134497
233	14	0.4965930696817532
234	0	0.49583708016111966
234	1	0.4958095313874896
234	2	0.4963520840088574
234	3	0.4961207397113377
234	4	0.4962123491726144
234	5	0.49626056743522656
234	6	0.4960182302652532
234	7	0.49580950834333026
234	8	0.49587958861938425
234	9	0.4958612633096624
234	10	0.49604900156650794
234	11	0.49628214579440294
234	12	0.4961872529183996
234	13	0.49609692805577144
234	14	0.4965929133918203
235	0	0.4961766519914257
235	1	0.4958095297656274
235	2	0.4958794036326291
235	3	0.49603938858670743
235	4	0.4958095083433315
235	5	0.49586083937741915
235	6	0.49632911729726276
235	7	0.4962007980062813
235	8	0.4958365344891807
235	9	0.4962688478080717
236	0	0.4962852952786939
236	1	0.49580950834335974
236	2	0.4958613793224401
236	3	0.4963452503133571
236	4	0.4961893890938424
236	5	0.496215038221654
236	6	0.49588081939998263
236	7	0.49583720610007564
236	8	0.4960513269259904
236	9	0.4958095323317449
237	0	0.49634136732490763
237	1	0.49604835466882613
237	2	0.49628120923022134
237	3	0.496591124114334
237	4	0.4962114937600707
237	5	0.4961863222794547
237	6	0.4958793156362344
237	7	0.49605128550898814
237	8	0.4958370442220155
237	9	0.4959918614692336
237	10	0.4962060006444676
237	11	0.49580953198462635
237	12	0.4958095083433566
237	13	0.49586122613687594
237	14	0.4960886732067463
238	0	0.4958807830278313
238	1	0.4961746403172005
238	2	0.4962662226064687
238	3	0.49580950834320614
238	4	0.49603751783171446
238	5	0.4961985926059999
238	6	0.4958607716334736
238	7	0.49583644089676276
238	8	0.4962794945296183
238	9	0.4958095300059688
239	0	0.4962147506793362
239	1	0.49605110463523266
239	2	0.4958819589839998
239	3	0.4961890410116982
239	4	0.49583721477683934
239	5	0.4958095323233381
239	6	0.4963316070081968
239	7	0.4958613652438906
239	8	0.4958095083433591
239	9	0.49628487025128226
240	0	0.49608491966504176
240	1	0.49588026820121145
240	2	0.4962088752815886
240	3	0.4961839589409707
240	4	0.49583694224590524
240	5	0.4958611244578155
240	6	0.49627825979153445
240	7	0.49610042054527864
240	8	0.49580953071622375
240	9	0.49604609467640276
240	10	0.4958095083432992
241	0	0.49605066654188146
241	1	0.49580953163861796
241	2	0.49586134235086005
241	3	0.4961003725637198
241	4	0.4961887625509614
241	5	0.4958819144298848
241	6	0.49628429501824295
241	7	0.4958371861040432
241	8	0.4962141657820292
241	9	0.49580950834287
241	10	0.49607353679214045
241	11	0.49596776678989213
241	12	0.4960316163561298
241	13	0.4961809024148093
241	14	0.4965906707714712
241	15	0.4960773658062053
242	0	0.49588214071304154
242	1	0.49583719035952933
242	2	0.4962849091436784
242	3	0.4961893848570323
242	4	0.4958095325722818
242	5	0.49580950834287274
242	6	0.49610098875419945
242	7	0.49605104860023647
242	8	0.4960739931363644
242	9	0.4962147068494441
242	10	0.4958613637445789
243	0	0.49586137267555586
243	1	0.4960512234357928
243	2	0.49618939354694813
243	3	0.495881864027349
243	4	0.49580950834287363
243	5	0.4958095329734653
243	6	0.49610113417456037
243	7	0.4962850173218595
243	8	0.49607409993949614
243	9	0.4958372129955063
243	10	0.49621484882328537
244	0	0.49583756485309954
244	1	0.4960793204862019
244	2	0.49580952400239287
244	3	0.4961107198870011
244	4	0.4963063706633329
244	5	0.4960807938365518
245	0	0.49609398106491237
245	1	0.4958790946029625
245	2	0.49586098730782313
245	3	0.49583700633008265
245	4	0.49604303473787786
245	5	0.4965913806068784
245	6	0.4958095226296246
245	7	0.49628793121634057
245	8	0.496216233895219
245	9	0.49609405539740065
245	10	0.49618051074796976
245	11	0.49620520994140194
245	12	0.4959885862285998
245	13	0.4962919934600123
245	14	0.49580950834281906
246	0	0.4962145248829812
246	1	0.4960994162823066
246	2	0.49628867382360553
246	3	0.49659303301528845
246	4	0.4960203084324862
246	5	0.495809518614644
246	6	0.49605085827175444
246	7	0.49586135301748646
246	8	0.496297011143424
246	9	0.49626337993431474
246	10	0.4958816329150247
246	11	0.4958372018413301
246	12	0.4961889224285377
246	13	0.49612258304957046
246	14	0.49580950834287146
247	0	0.49618846174962417
247	1	0.4960502722639301
247	2	0.4958371505256979
247	3	0.49588146618664686
247	4	0.49586132363150826
247	5	0.49580950834286663
247	6	0.49621372039446004
247	7	0.496050795195323
247	8	0.49580951837249176
247	9	0.49628776416132214
247	10	0.49629617580390273
248	0	0.4958095177445366
248	1	0.4962285905327661
248	2	0.4965917402485186
248	3	0.4962453314724068
248	4	0.49587877352898985
248	5	0.4962837254257749
248	6	0.4960407858100122
248	7	0.49627403710602797
248	8	0.49587434286500826
248	9	0.49586089414135776
248	10	0.49599641544675055
248	11	0.4961779275660713
248	12	0.4958095083428055
248	13	0.4961007384128943
248	14	0.4958346095671358
248	15	0.4962025048174605
249	0	0.496011941188001
249	1	0.4962872249868639
249	2	0.4962202476855921
249	3	0.49580950834282383
249	4	0.4958095169397447
249	5	0.49583432136382233
249	6	0.49586100312682624
249	7	0.49659255043239786
249	8	0.4960433908917816
249	9	0.49620566871530725
249	10	0.49587975671528695
249	11	0.4961357955348051
249	12	0.49587101259087757
249	13	0.4962667626584074
249	14	0.49611477647382635
249	15	0.4961911987670437
249	16	0.49618122917576746
250	0	0.49612570586268734
250	1	0.49618557792863477
250	2	0.4962669472577044
250	3	0.4958346173903163
250	4	0.4958095160279257
250	5	0.49580950834292276
250	6	0.4962924721481219
250	7	0.49604741143807474
250	8	0.49621040453755305
250	9	0.4958611836783042
250	10	0.4958803735830639
250	11	0.496225568372974
250	12	0.4960393091610146
250	13	0.49587279420211605
250	14	0.49659280627806046
250	15	0.4961851947351717
250	16	0.49601634431690833
250	17	0.49611897838357333
251	0	0.4958095083429474
251	1	0.4961261749061111
251	2	0.4962717079447323
251	3	0.4960507892972069
251	4	0.49629687037297954
251	5	0.49619051107676704
251	6	0.4962300707953106
251	7	0.4958613497101021
251	8	0.49587427477479107
251	9	0.49583488497041367
251	10	0.49618882561691185
251	11	0.4958095168117697
251	12	0.49602018050235674
251	13	0.49588203706701434
251	14	0.4961225456166611
251	15	0.4965930262254698
251	16	0.49621432754051387
252	0	0.49612333622740773
252	1	0.4962727217572828
252	2	0.49621524941983
252	3	0.4960209975191154
252	4	0.4958095167944238
252	5	0.4958095083429535
252	6	0.49618974417841943
252	7	0.4965930748649818
252	8	0.49588225062198626
252	9	0.49586138546881375
252	10	0.4962309620620269
252	11	0.4962977391874269
252	12	0.49587457768009385
252	13	0.4960514531354983
252	14	0.49583494256860816
252	15	0.49612670328085967
252	16	0.4961915057281655
253	0	0.4960505414861208
253	1	0.49580951652170935
253	2	0.496214021953497
253	3	0.49612599004255153
253	4	0.4961888268848813
253	5	0.49583487922171854
253	6	0.4958613356483806
253	7	0.49629650888203175
253	8	0.49588154295441983
253	9	0.4958095083429449
253	10	0.4962296704797377
253	11	0.49627126064548965
253	12	0.49619002095073544
253	13	0.4961221743935054
253	14	0.49587413357562393
253	15	0.4965930054848378
253	16	0.4960197830292035
253	17	0.49605426866468355
254	0	0.49583490931045604
254	1	0.4958095171408292
254	2	0.49586136929877334
254	3	0.4958822741959594
254	4	0.4962973555278458
254	5	0.4962305744767877
254	6	0.49580950834295046
254	7	0.4962722597936762
254	8	0.4961264652896004
254	9	0.4962147752874848
254	10	0.4960511140112685
254	11	0.4961892379810651
254	12	0.4961229454113699
254	13	0.4965930526854902
254	14	0.4958744446380805
254	15	0.49602060535595016
254	16	0.49619104577227535
254	17	0.49607407127550035
255	0	0.4961889905859927
255	1	0.495881863060787
255	2	0.49621442500311785
255	3	0.4962717738119234
255	4	0.49612621987538247
255	5	0.49580951670209444
255	6	0.4962968875820539
255	7	0.4962300805931464
255	8	0.4958613501269084
255	9	0.49605080981462174
255	10	0.4958095083429476
255	11	0.49583487898866135
255	12	0.4960737463423898
255	13	0.4960202047318599
255	14	0.4958742783301752
255	15	0.49612254939152467
255	16	0.4965930275379141
255	17	0.49619049475927013
255	18	0.496242892138606
255	19	0.49635619711037143
256	0	0.4958353272415381
256	1	0.49580950834293697
256	2	0.49580951691156583
256	3	0.4958617029646823
256	4	0.496195925278352
256	5	0.4960798541930231
257	0	0.4958704392151701
257	1	0.49617833866082445
257	2	0.4958795697483067
257	3	0.49626045615484826
257	4	0.4961859675636639
257	5	0.4958095169572209
257	6	0.4962052251104559
257	7	0.49604306687994126
257	8	0.4958346934037302
257	9	0.4958612127151545
257	10	0.4958095083428731
257	11	0.4961202546430298
257	12	0.4962316283647084
257	13	0.49628672413181585
258	0	0.4961744106455721
258	1	0.4958709383339054
258	2	0.49587832614470195
258	3	0.49580950834285376
258	4	0.49611854496916263
258	5	0.4962836147943982
258	6	0.4961782398391063
258	7	0.49625684181154667
258	8	0.49604071388208637
258	9	0.4958608915090453
258	10	0.496202426200306
258	11	0.49583411658295196
258	12	0.4962182494900585
258	13	0.49580951560647707
259	0	0.4961264419363881
259	1	0.4960511134970664
259	2	0.49618908957322844
259	3	0.4958095083428951
259	4	0.4958349303338408
259	5	0.49627212568092727
259	6	0.496231761849558
259	7	0.49586136561016025
259	8	0.49621473347220435
259	9	0.49588149966191436
259	10	0.49580951679625984
259	11	0.49604467528725965
259	12	0.49629723069260917
260	0	0.49586099135910394
260	1	0.4965905628486487
260	2	0.4962053231955267
260	3	0.49628685738486644
260	4	0.496161076901953
260	5	0.49604309630878185
260	6	0.49613512197953064
260	7	0.495809515987514
260	8	0.49585215718049924
260	9	0.49626049311142634
260	10	0.4958095083428412
260	11	0.4958793872803253
260	12	0.4961202731724173
260	13	0.4961808889822654
260	14	0.4962213735493384
260	15	0.495961493569701
260	16	0.4958342997142645
261	0	0.4958747351084838
261	1	0.4962731764252428
261	2	0.49619202617953106
261	3	0.49618999085553134
261	4	0.4961269960722984
261	5	0.495861399778567
261	6	0.4962326587150114
261	7	0.4960517719214432
261	8	0.4958818955182795
261	9	0.4965930904204003
261	10	0.4962154989746427
261	11	0.4960213002376862
261	12	0.49580950834289894
261	13	0.4958349611645101
261	14	0.49629808730274383
261	15	0.4958095159109714
261	16	0.49612354115318075
262	0	0.49586121159223095
262	1	0.4958095083428638
262	2	0.49612400235924675
262	3	0.4961860696790822
262	4	0.4962932711470691
262	5	0.496227739518387
262	6	0.49659284417864824
262	7	0.49588032083360933
262	8	0.4960170452702386
262	9	0.4958346868090447
262	10	0.49587304002965893
262	11	0.4960479506196426
262	12	0.4962110497452763
262	13	0.4962676171602259
262	14	0.4961858700587961
262	15	0.4961195945829355
262	16	0.49580951572054094
263	0	0.4958814701813954
263	1	0.4961164856387439
263	2	0.49621449574912707
263	3	0.4958686069224154
263	4	0.49610904255751564
263	5	0.4960379254009183
263	6	0.49616210208795947
263	7	0.495833883381693
263	8	0.49619907233071
263	9	0.49626106737547265
263	10	0.4965922086660013
263	11	0.49580951467130846
263	12	0.4958607832439957
263	13	0.4962958898001457
263	14	0.4961696864780004
263	15	0.4960056121901385
263	16	0.4958095083427805
263	17	0.4960319592355664
264	0	0.4965930724703538
264	1	0.4958349291037179
264	2	0.4960514557345853
264	3	0.4958817566941588
264	4	0.4962321870504636
264	5	0.49586138492441173
264	6	0.4961915486926348
264	7	0.4958745840658623
264	8	0.49602093701630046
264	9	0.4961773088060155
264	10	0.49630989728589947
264	11	0.49612321713709767
264	12	0.49580951630663866
264	13	0.49621512228332343
264	14	0.49612667489345363
264	15	0.4962810342676945
264	16	0.4958095083428648
265	0	0.4961902400791468
265	1	0.4962142129664063
265	2	0.49580950834285975
265	3	0.49659301510864917
265	4	0.4958095158866778
265	5	0.49583412149488487
265	6	0.49605059359948445
265	7	0.49586134033682083
265	8	0.4961763823371365
265	9	0.49587419937549504
265	10	0.4960199704818504
265	11	0.4958810021532165
265	12	0.4962798949294729
265	13	0.4962310875095914
265	14	0.496126051208542
265	15	0.49612234158538515
265	16	0.49630880927710463
266	0	0.4962948844822596
266	1	0.49620132295970626
266	2	0.495809508342852
266	3	0.49626400858658654
266	4	0.4958332858067407
266	5	0.49621703381610627
266	6	0.4958095156107965
266	7	0.4960397804760168
266	8	0.4958608546876994
266	9	0.49611785520018
266	10	0.4961640308081472
266	11	0.4958781317628744
266	12	0.49604602180318125
266	13	0.4961109877217715
266	14	0.4958705990912884
266	15	0.4961727836913151
266	16	0.4965923225963764
266	17	0.4960077655006188
266	18	0.4959102920504107
267	0	0.495809508342864
267	1	0.49612320769812823
267	2	0.4958095212920221
267	3	0.4960208844333583
267	4	0.49628094437594594
267	5	0.49621503778776066
267	6	0.49583419511053667
267	7	0.49630975754812107
267	8	0.4958823856596515
267	9	0.4961914295048028
267	10	0.4958745551342297
267	11	0.49612664857823
267	12	0.4960513631888849
267	13	0.4965930665565519
267	14	0.49617713948285813
267	15	0.4962320669151999
267	16	0.49586137913620987
268	0	0.49588112005136126
268	1	0.4958095209561062
268	2	0.49617615207563387
268	3	0.4958613362164016
268	4	0.4958341424796611
268	5	0.49623099933480475
268	6	0.4960636392187497
268	7	0.4960504939816659
268	8	0.49612595784665464
268	9	0.4962139944410066
268	10	0.4962796580747251
268	11	0.4958095083428579
268	12	0.4963086400690958
269	0	0.49600691121261625
269	1	0.49621393801208086
269	2	0.49627960074280875
269	3	0.4961101571233471
269	4	0.49580952078753876
269	5	0.49580950834285853
269	6	0.4958341151653778
269	7	0.496308578208182
269	8	0.4958819083820338
269	9	0.4958690915702067
269	10	0.49586132819533335
269	11	0.49659227678200824
269	12	0.4961715553782566
269	13	0.4962308032156998
269	14	0.49612585929879854
269	15	0.49605035624609567
269	16	0.4961761575230346
270	0	0.49618302603733383
270	1	0.4958797218105981
270	2	0.49580950834283094
270	3	0.4961711185410835
270	4	0.4961225170273224
270	5	0.4962732287762958
270	6	0.49604602692707445
270	7	0.4958611190802548
270	8	0.4962086998869924
270	9	0.49630296731689505
270	10	0.49580952149523
270	11	0.49622519625100064
270	12	0.49583380611577055
