290	0	5.524114608764648
290	1	1.795804738998413
290	2	190.02040100097656
290	3	998.8060913085938
290	4	2.3029730319976807
290	5	-0.5811194181442261
290	6	6.458090305328369
290	7	985.5497436523438
290	8	980.1290893554688
290	9	1000.064453125
290	10	-0.7927139401435852
290	11	996.6491088867188
290	12	979.8772583007812
290	13	953.0776977539062
290	14	881.0618896484375
290	15	849.3869018554688
290	16	280.6216125488281
290	17	921.533447265625
290	18	993.2391357421875
290	19	794.7669067382812
290	20	820.3339233398438
290	21	726.028076171875
290	22	953.9730834960938
290	23	187.19895935058594
290	24	492.9155578613281
290	25	1000.0945434570312
291	0	4.310057163238525
291	1	181.86367797851562
291	2	2.122330904006958
291	3	-0.141817107796669
291	4	989.9882202148438
291	5	845.0548706054688
291	6	922.4878540039062
291	7	722.8563232421875
291	8	873.4878540039062
291	9	951.9456176757812
291	10	489.5494689941406
291	11	785.2366333007812
291	12	184.38450622558594
291	13	949.575439453125
291	14	0.5851696133613586
291	15	817.943603515625
291	16	-0.5431231260299683
291	17	271.722412109375
291	18	977.2987670898438
292	0	993.6730346679688
292	1	488.02960205078125
292	2	3.217014789581299
292	3	190.87991333007812
292	4	6.458090305328369
292	5	2.8899266719818115
292	6	850.423828125
292	7	-0.13605083525180817
292	8	881.5509033203125
292	9	952.6647338867188
292	10	979.2767944335938
292	11	-3.8031163215637207
292	12	193.26666259765625
292	13	819.2796630859375
292	14	954.2319946289062
292	15	999.4276733398438
292	16	273.87139892578125
292	17	1006.0357055664062
292	18	921.533447265625
292	19	718.1593627929688
292	20	-0.5439803004264832
292	21	784.2081909179688
292	22	956.430908203125
292	23	976.515380859375
292	24	-2.266585111618042
292	25	433.4336242675781
292	26	982.14501953125
292	27	998.77099609375
292	28	998.7486572265625
292	29	984.7152709960938
293	0	-0.141817107796669
293	1	989.9882202148438
293	2	845.0548706054688
293	3	951.9456176757812
293	4	977.2987670898438
293	5	4.310057163238525
293	6	873.4878540039062
293	7	949.575439453125
293	8	0.5851696133613586
293	9	489.5494689941406
293	10	-0.5431231260299683
293	11	785.2366333007812
293	12	2.122330904006958
293	13	817.943603515625
293	14	722.8563232421875
293	15	922.4878540039062
293	16	184.38450622558594
293	17	181.86367797851562
293	18	271.722412109375
293	19	897.8488159179688
293	20	999.72607421875
294	0	977.2987670898438
294	1	951.9456176757812
294	2	817.943603515625
294	3	785.2366333007812
294	4	873.4878540039062
294	5	271.722412109375
294	6	184.38450622558594
294	7	922.4878540039062
294	8	0.5851696133613586
294	9	949.575439453125
294	10	845.0548706054688
294	11	-0.141817107796669
294	12	489.5494689941406
294	13	989.9882202148438
294	14	722.8563232421875
294	15	181.86367797851562
294	16	4.310057163238525
294	17	-0.5431231260299683
294	18	2.122330904006958
295	0	4.310057163238525
295	1	2.122330904006958
295	2	-0.5431231260299683
295	3	271.722412109375
295	4	989.9882202148438
295	5	873.4878540039062
295	6	489.5494689941406
295	7	0.5851696133613586
295	8	817.943603515625
295	9	977.2987670898438
295	10	-0.141817107796669
295	11	184.38450622558594
295	12	722.8563232421875
295	13	785.2366333007812
295	14	845.0548706054688
295	15	922.4878540039062
295	16	951.9456176757812
295	17	949.575439453125
295	18	181.86367797851562
296	0	4.310057163238525
296	1	949.575439453125
296	2	184.38450622558594
296	3	-0.5431231260299683
296	4	0.5851696133613586
296	5	922.4878540039062
296	6	951.9456176757812
296	7	489.5494689941406
296	8	989.9882202148438
296	9	873.4878540039062
296	10	-0.141817107796669
296	11	722.8563232421875
296	12	817.943603515625
296	13	2.122330904006958
296	14	977.2987670898438
296	15	181.86367797851562
296	16	785.2366333007812
296	17	271.722412109375
296	18	845.0548706054688
297	0	949.575439453125
297	1	-0.141817107796669
297	2	817.943603515625
297	3	845.0548706054688
297	4	951.9456176757812
297	5	785.2366333007812
297	6	873.4878540039062
297	7	0.5851696133613586
297	8	922.4878540039062
297	9	-0.5431231260299683
297	10	181.86367797851562
297	11	489.5494689941406
297	12	977.2987670898438
297	13	989.9882202148438
297	14	271.722412109375
297	15	4.310057163238525
297	16	722.8563232421875
297	17	184.38450622558594
297	18	2.122330904006958
298	0	952.6647338867188
298	1	881.5509033203125
298	2	1000.0375366210938
298	3	993.7913818359375
298	4	190.87991333007812
298	5	993.6730346679688
298	6	2.8899266719818115
298	7	4.035052299499512
298	8	-0.13605083525180817
298	9	998.0249633789062
298	10	980.8828735351562
298	11	5.94988489151001
298	12	3.217014789581299
298	13	983.90576171875
298	14	-0.5439803004264832
298	15	850.423828125
298	16	994.2786865234375
298	17	979.2767944335938
298	18	273.87139892578125
298	19	819.2796630859375
298	20	488.02960205078125
298	21	193.26666259765625
298	22	784.2081909179688
298	23	954.2319946289062
298	24	718.1593627929688
298	25	918.4739379882812
299	0	184.38450622558594
299	1	977.2987670898438
299	2	0.5851696133613586
299	3	489.5494689941406
299	4	-0.141817107796669
299	5	181.86367797851562
299	6	989.9882202148438
299	7	817.943603515625
299	8	722.8563232421875
299	9	951.9456176757812
299	10	271.722412109375
299	11	922.4878540039062
299	12	845.0548706054688
299	13	2.122330904006958
299	14	-0.5431231260299683
299	15	785.2366333007812
299	16	949.575439453125
299	17	873.4878540039062
299	18	4.310057163238525
299	19	897.4591674804688
299	20	1001.3637084960938
300	0	4.310057163238525
300	1	845.0548706054688
300	2	722.8563232421875
300	3	0.5851696133613586
300	4	873.4878540039062
300	5	-0.141817107796669
300	6	785.2366333007812
300	7	951.9456176757812
300	8	489.5494689941406
300	9	184.38450622558594
300	10	-0.5431231260299683
300	11	2.122330904006958
300	12	989.9882202148438
300	13	977.2987670898438
300	14	922.4878540039062
300	15	817.943603515625
300	16	949.575439453125
300	17	181.86367797851562
300	18	271.722412109375
301	0	273.87139892578125
301	1	2.8899266719818115
301	2	3.217014789581299
301	3	881.5509033203125
301	4	488.02960205078125
301	5	193.26666259765625
301	6	-0.13605083525180817
301	7	850.423828125
301	8	190.87991333007812
301	9	993.6730346679688
301	10	0.05810149759054184
301	11	5.94988489151001
301	12	952.6647338867188
301	13	979.2767944335938
301	14	1001.5286865234375
301	15	954.2319946289062
301	16	819.2796630859375
301	17	1004.95458984375
301	18	-0.5439803004264832
301	19	918.4739379882812
301	20	784.2081909179688
301	21	718.1593627929688
301	22	980.9785766601562
302	0	2.0300192832946777
302	1	3.217014789581299
302	2	274.8850402832031
302	3	489.2383728027344
302	4	7.215734004974365
302	5	191.1223602294922
302	6	-0.6467379927635193
302	7	848.8146362304688
302	8	9.280599594116211
302	9	978.4640502929688
302	10	880.1187133789062
302	11	172.7801055908203
302	12	940.0944213867188
302	13	991.7058715820312
302	14	953.0597534179688
302	15	714.0935668945312
302	16	786.5598754882812
302	17	817.5118408203125
302	18	919.1842041015625
302	19	-1.9672490358352661
302	20	998.8012084960938
302	21	993.2213134765625
302	22	975.3483276367188
303	0	3.217014789581299
303	1	979.2767944335938
303	2	-0.13605083525180817
303	3	999.6845092773438
303	4	8.023382186889648
303	5	2.8899266719818115
303	6	5.94988489151001
303	7	990.283447265625
303	8	273.87139892578125
303	9	-0.5439803004264832
303	10	993.6730346679688
303	11	488.02960205078125
303	12	190.87991333007812
303	13	718.1593627929688
303	14	918.4739379882812
303	15	819.2796630859375
303	16	954.2319946289062
303	17	784.2081909179688
303	18	850.423828125
303	19	881.5509033203125
303	20	193.26666259765625
303	21	952.6647338867188
304	0	5.94988489151001
304	1	-18.392398834228516
304	2	1004.6502685546875
304	3	193.26666259765625
304	4	-0.13605083525180817
304	5	2.610755205154419
304	6	784.2081909179688
304	7	876.0365600585938
304	8	718.1593627929688
304	9	918.4739379882812
304	10	819.2796630859375
304	11	3.217014789581299
304	12	7.0735249519348145
304	13	2.8899266719818115
304	14	954.2319946289062
304	15	979.2767944335938
304	16	881.5509033203125
304	17	273.87139892578125
304	18	850.423828125
304	19	952.6647338867188
304	20	190.87991333007812
304	21	488.02960205078125
304	22	993.6730346679688
305	0	5.94988489151001
305	1	193.26666259765625
305	2	190.87991333007812
305	3	993.6730346679688
305	4	918.4739379882812
305	5	954.2319946289062
305	6	488.02960205078125
305	7	784.2081909179688
305	8	-0.13605083525180817
305	9	3.217014789581299
305	10	-0.5439803004264832
305	11	718.1593627929688
305	12	2.8899266719818115
305	13	952.6647338867188
305	14	881.5509033203125
305	15	273.87139892578125
305	16	979.2767944335938
305	17	819.2796630859375
305	18	850.423828125
306	0	5.94988489151001
306	1	954.2319946289062
306	2	2.8899266719818115
306	3	-0.5439803004264832
306	4	190.87991333007812
306	5	993.6730346679688
306	6	881.5509033203125
306	7	3.217014789581299
306	8	819.2796630859375
306	9	718.1593627929688
306	10	918.4739379882812
306	11	193.26666259765625
306	12	850.423828125
306	13	273.87139892578125
306	14	979.2767944335938
306	15	952.6647338867188
306	16	-0.13605083525180817
306	17	488.02960205078125
306	18	784.2081909179688
306	19	5.702877044677734
307	0	989.7171630859375
307	1	5.94988489151001
307	2	-3.2483811378479004
307	3	-0.13605083525180817
307	4	859.0695190429688
307	5	-18.392398834228516
307	6	193.26666259765625
307	7	784.2081909179688
307	8	9.365738868713379
307	9	819.2796630859375
307	10	2.8899266719818115
307	11	718.1593627929688
307	12	918.4739379882812
307	13	3.217014789581299
307	14	850.423828125
307	15	954.2319946289062
307	16	488.02960205078125
307	17	881.5509033203125
307	18	979.2767944335938
307	19	952.6647338867188
307	20	273.87139892578125
307	21	993.6730346679688
307	22	190.87991333007812
307	23	432.52569580078125
308	0	951.9456176757812
308	1	817.943603515625
308	2	-0.5431231260299683
308	3	271.722412109375
308	4	2.122330904006958
308	5	845.0548706054688
308	6	489.5494689941406
308	7	4.310057163238525
308	8	-0.141817107796669
308	9	922.4878540039062
308	10	873.4878540039062
308	11	-14.640559196472168
308	12	785.2366333007812
308	13	977.2987670898438
308	14	722.8563232421875
308	15	949.575439453125
308	16	181.86367797851562
308	17	989.9882202148438
308	18	184.38450622558594
308	19	897.8488159179688
309	0	-0.5431231260299683
309	1	817.943603515625
309	2	951.9456176757812
309	3	271.722412109375
309	4	2.122330904006958
309	5	785.2366333007812
309	6	-14.640559196472168
309	7	722.8563232421875
309	8	845.0548706054688
309	9	489.5494689941406
309	10	873.4878540039062
309	11	949.575439453125
309	12	181.86367797851562
309	13	989.9882202148438
309	14	184.38450622558594
309	15	922.4878540039062
309	16	4.310057163238525
309	17	-0.141817107796669
309	18	977.2987670898438
310	0	989.9882202148438
310	1	873.4878540039062
310	2	922.4878540039062
310	3	785.2366333007812
310	4	181.86367797851562
310	5	184.38450622558594
310	6	271.722412109375
310	7	951.9456176757812
310	8	-0.141817107796669
310	9	-0.5431231260299683
310	10	722.8563232421875
310	11	2.122330904006958
310	12	489.5494689941406
310	13	4.310057163238525
310	14	977.2987670898438
310	15	817.943603515625
310	16	949.575439453125
310	17	-14.640559196472168
310	18	845.0548706054688
310	19	895.8802490234375
310	20	999.4276733398438
311	0	881.905029296875
311	1	993.2907104492188
311	2	976.9462890625
311	3	3.217014789581299
311	4	2.8899266719818115
311	5	943.478759765625
311	6	10.436690330505371
311	7	202.6776885986328
311	8	3.6031839847564697
311	9	850.3994750976562
311	10	497.7330322265625
311	11	171.66050720214844
311	12	1.413776159286499
311	13	956.7515869140625
311	14	720.602294921875
311	15	273.87139892578125
311	16	925.0204467773438
311	17	-17.338865280151367
311	18	799.2256469726562
311	19	819.565673828125
311	20	1005.086669921875
311	21	1001.5286865234375
312	0	9.365738868713379
312	1	190.87991333007812
312	2	850.423828125
312	3	488.02960205078125
312	4	993.6730346679688
312	5	5.94988489151001
312	6	979.2767944335938
312	7	881.5509033203125
312	8	193.26666259765625
312	9	-0.13605083525180817
312	10	952.6647338867188
312	11	3.217014789581299
312	12	2.8899266719818115
312	13	273.87139892578125
312	14	990.283447265625
312	15	997.936767578125
312	16	784.2081909179688
312	17	918.4739379882812
312	18	954.2319946289062
312	19	-18.392398834228516
312	20	819.2796630859375
312	21	718.1593627929688
313	0	951.9456176757812
313	1	949.575439453125
313	2	271.722412109375
313	3	181.86367797851562
313	4	184.38450622558594
313	5	4.310057163238525
313	6	989.9882202148438
313	7	817.943603515625
313	8	-0.141817107796669
313	9	722.8563232421875
313	10	873.4878540039062
313	11	845.0548706054688
313	12	2.122330904006958
313	13	-0.5431231260299683
313	14	977.2987670898438
313	15	489.5494689941406
313	16	-14.640559196472168
313	17	922.4878540039062
313	18	785.2366333007812
313	19	996.2440795898438
313	20	893.1199340820312
314	0	271.722412109375
314	1	-0.5431231260299683
314	2	2.122330904006958
314	3	951.9456176757812
314	4	184.38450622558594
314	5	845.0548706054688
314	6	873.4878540039062
314	7	949.575439453125
314	8	489.5494689941406
314	9	989.9882202148438
314	10	181.86367797851562
314	11	4.310057163238525
314	12	977.2987670898438
314	13	-0.141817107796669
314	14	817.943603515625
314	15	922.4878540039062
314	16	785.2366333007812
314	17	-14.640559196472168
314	18	722.8563232421875
315	0	873.4878540039062
315	1	949.575439453125
315	2	785.2366333007812
315	3	489.5494689941406
315	4	184.38450622558594
315	5	989.9882202148438
315	6	951.9456176757812
315	7	817.943603515625
315	8	271.722412109375
315	9	922.4878540039062
315	10	722.8563232421875
315	11	4.310057163238525
315	12	845.0548706054688
315	13	977.2987670898438
315	14	2.122330904006958
315	15	-0.5431231260299683
315	16	181.86367797851562
315	17	-14.640559196472168
315	18	-0.141817107796669
316	0	17.720951080322266
316	1	993.6730346679688
316	2	3.217014789581299
316	3	979.2767944335938
316	4	-0.13605083525180817
316	5	193.26666259765625
316	6	952.6647338867188
316	7	881.5509033203125
316	8	5.94988489151001
316	9	488.02960205078125
316	10	190.87991333007812
316	11	850.423828125
316	12	2.8899266719818115
316	13	1002.5882568359375
316	14	273.87139892578125
316	15	1004.0270385742188
316	16	819.2796630859375
316	17	954.2319946289062
316	18	918.4739379882812
316	19	718.1593627929688
316	20	-18.392398834228516
316	21	784.2081909179688
317	0	5.94988489151001
317	1	488.02960205078125
317	2	193.26666259765625
317	3	952.6647338867188
317	4	-0.13605083525180817
317	5	3.217014789581299
317	6	850.423828125
317	7	979.2767944335938
317	8	993.6730346679688
317	9	190.87991333007812
317	10	2.8899266719818115
317	11	9.365738868713379
317	12	881.5509033203125
317	13	273.87139892578125
317	14	990.283447265625
317	15	954.2319946289062
317	16	819.2796630859375
317	17	918.4739379882812
317	18	-18.392398834228516
317	19	718.1593627929688
317	20	784.2081909179688
317	21	997.936767578125
318	0	845.0548706054688
318	1	-14.640559196472168
318	2	785.2366333007812
318	3	489.5494689941406
318	4	949.575439453125
318	5	951.9456176757812
318	6	817.943603515625
318	7	-0.5431231260299683
318	8	184.38450622558594
318	9	4.310057163238525
318	10	922.4878540039062
318	11	873.4878540039062
318	12	989.9882202148438
318	13	-0.141817107796669
318	14	271.722412109375
318	15	2.122330904006958
318	16	977.2987670898438
318	17	181.86367797851562
318	18	722.8563232421875
319	0	5.524114608764648
319	1	6.458090305328369
319	2	-0.7927139401435852
319	3	849.3869018554688
319	4	881.0618896484375
319	5	187.19895935058594
319	6	1.795804738998413
319	7	5.702877044677734
319	8	979.8772583007812
319	9	993.2391357421875
319	10	953.0776977539062
319	11	492.9155578613281
319	12	190.02040100097656
320	0	850.423828125
320	1	881.5509033203125
320	2	-0.13605083525180817
320	3	2.8899266719818115
320	4	9.365738868713379
320	5	993.6730346679688
320	6	488.02960205078125
320	7	193.26666259765625
320	8	190.87991333007812
320	9	5.94988489151001
320	10	3.217014789581299
320	11	952.6647338867188
320	12	979.2767944335938
320	13	279.8830261230469
320	14	1000.6954345703125
320	15	956.2959594726562
320	16	816.7859497070312
320	17	717.8087768554688
320	18	-18.030614852905273
320	19	792.6572875976562
320	20	924.3032836914062
320	21	1004.157470703125
321	0	190.87991333007812
321	1	881.5509033203125
321	2	193.26666259765625
321	3	2.8899266719818115
321	4	850.423828125
321	5	3.217014789581299
321	6	7.0735249519348145
321	7	952.6647338867188
321	8	488.02960205078125
321	9	993.6730346679688
321	10	979.2767944335938
321	11	5.94988489151001
321	12	-0.13605083525180817
321	13	-0.5439803004264832
321	14	954.2319946289062
321	15	918.4739379882812
321	16	784.2081909179688
321	17	819.2796630859375
321	18	718.1593627929688
321	19	273.87139892578125
321	20	990.283447265625
321	21	997.936767578125
322	0	-14.640559196472168
322	1	722.8563232421875
322	2	785.2366333007812
322	3	271.722412109375
322	4	-0.141817107796669
322	5	184.38450622558594
322	6	951.9456176757812
322	7	845.0548706054688
322	8	949.575439453125
322	9	817.943603515625
322	10	977.2987670898438
322	11	181.86367797851562
322	12	489.5494689941406
322	13	-0.5431231260299683
322	14	922.4878540039062
322	15	873.4878540039062
322	16	4.310057163238525
322	17	989.9882202148438
322	18	2.122330904006958
323	0	193.26666259765625
323	1	979.2767944335938
323	2	3.217014789581299
323	3	993.6730346679688
323	4	952.6647338867188
323	5	190.87991333007812
323	6	881.5509033203125
323	7	7.355742454528809
323	8	-0.13605083525180817
323	9	5.94988489151001
323	10	488.02960205078125
323	11	850.423828125
323	12	2.8899266719818115
323	13	273.87139892578125
323	14	1002.0138549804688
323	15	918.4739379882812
323	16	819.2796630859375
323	17	784.2081909179688
323	18	954.2319946289062
323	19	718.1593627929688
323	20	-18.392398834228516
323	21	1006.2593383789062
323	22	897.8488159179688
323	23	986.6378173828125
323	24	1001.3661499023438
323	25	3.094050645828247
323	26	870.9274291992188
323	27	434.8034973144531
324	0	193.26666259765625
324	1	3.217014789581299
324	2	979.2767944335938
324	3	993.6730346679688
324	4	488.02960205078125
324	5	2.8899266719818115
324	6	5.94988489151001
324	7	9.365738868713379
324	8	881.5509033203125
324	9	190.87991333007812
324	10	850.423828125
324	11	952.6647338867188
324	12	-0.13605083525180817
324	13	273.87139892578125
324	14	997.936767578125
324	15	819.2796630859375
324	16	954.2319946289062
324	17	990.283447265625
324	18	918.4739379882812
324	19	-18.392398834228516
324	20	718.1593627929688
324	21	784.2081909179688
325	0	193.26666259765625
325	1	993.6730346679688
325	2	850.423828125
325	3	979.2767944335938
325	4	488.02960205078125
325	5	2.8899266719818115
325	6	190.87991333007812
325	7	952.6647338867188
325	8	-0.13605083525180817
325	9	881.5509033203125
325	10	9.365738868713379
325	11	3.217014789581299
325	12	5.94988489151001
325	13	784.2081909179688
325	14	-18.392398834228516
325	15	954.2319946289062
325	16	273.87139892578125
325	17	918.4739379882812
325	18	819.2796630859375
325	19	718.1593627929688
325	20	997.936767578125
325	21	990.283447265625
325	22	896.078125
326	0	2.8899266719818115
326	1	3.217014789581299
326	2	273.87139892578125
326	3	9.365738868713379
326	4	-0.13605083525180817
326	5	193.26666259765625
326	6	979.2767944335938
326	7	190.87991333007812
326	8	881.5509033203125
326	9	952.6647338867188
326	10	488.02960205078125
326	11	850.423828125
326	12	993.6730346679688
326	13	9.280599594116211
326	14	954.2319946289062
326	15	819.2796630859375
326	16	990.283447265625
326	17	784.2081909179688
326	18	718.1593627929688
326	19	-18.392398834228516
326	20	918.4739379882812
326	21	997.936767578125
326	22	980.1568603515625
327	0	993.6730346679688
327	1	9.280599594116211
327	2	190.87991333007812
327	3	2.8899266719818115
327	4	193.26666259765625
327	5	952.6647338867188
327	6	9.365738868713379
327	7	881.5509033203125
327	8	3.217014789581299
327	9	-0.13605083525180817
327	10	850.423828125
327	11	979.2767944335938
327	12	488.02960205078125
327	13	819.2796630859375
327	14	954.2319946289062
327	15	273.87139892578125
327	16	990.283447265625
327	17	997.936767578125
327	18	-18.392398834228516
327	19	784.2081909179688
327	20	918.4739379882812
327	21	718.1593627929688
328	0	489.2383728027344
328	1	191.1223602294922
328	2	880.1187133789062
328	3	848.8146362304688
328	4	940.0944213867188
328	5	9.280599594116211
328	6	978.4640502929688
328	7	991.7058715820312
328	8	3.217014789581299
328	9	2.8899266719818115
328	10	8.893119812011719
328	11	172.7801055908203
328	12	-0.6467379927635193
328	13	982.252197265625
328	14	273.87139892578125
328	15	993.2213134765625
328	16	953.0597534179688
328	17	817.5118408203125
328	18	786.5598754882812
328	19	-19.815662384033203
328	20	919.1842041015625
328	21	714.0935668945312
328	22	896.35009765625
329	0	3.217014789581299
329	1	190.87991333007812
329	2	979.2767944335938
329	3	952.6647338867188
329	4	9.365738868713379
329	5	850.423828125
329	6	993.6730346679688
329	7	-0.13605083525180817
329	8	9.280599594116211
329	9	2.8899266719818115
329	10	881.5509033203125
329	11	488.02960205078125
329	12	193.26666259765625
329	13	997.936767578125
329	14	273.87139892578125
329	15	819.2796630859375
329	16	784.2081909179688
329	17	-18.392398834228516
329	18	954.2319946289062
329	19	918.4739379882812
329	20	718.1593627929688
329	21	990.283447265625
330	0	993.6730346679688
330	1	3.217014789581299
330	2	850.423828125
330	3	190.87991333007812
330	4	952.6647338867188
330	5	9.365738868713379
330	6	-0.13605083525180817
330	7	979.2767944335938
330	8	488.02960205078125
330	9	9.280599594116211
330	10	2.8899266719818115
330	11	881.5509033203125
330	12	193.26666259765625
330	13	819.2796630859375
330	14	954.2319946289062
330	15	990.283447265625
330	16	273.87139892578125
330	17	-18.392398834228516
330	18	718.1593627929688
330	19	918.4739379882812
330	20	784.2081909179688
330	21	997.936767578125
331	0	952.6647338867188
331	1	488.02960205078125
331	2	993.6730346679688
331	3	9.365738868713379
331	4	193.26666259765625
331	5	9.280599594116211
331	6	979.2767944335938
331	7	190.87991333007812
331	8	2.8899266719818115
331	9	881.5509033203125
331	10	3.217014789581299
331	11	-0.13605083525180817
331	12	850.423828125
331	13	997.936767578125
331	14	954.2319946289062
331	15	819.2796630859375
331	16	273.87139892578125
331	17	995.5419921875
331	18	918.4739379882812
331	19	784.2081909179688
331	20	718.1593627929688
331	21	-18.392398834228516
332	0	722.8563232421875
332	1	-14.640559196472168
332	2	873.4878540039062
332	3	-0.141817107796669
332	4	489.5494689941406
332	5	989.9882202148438
332	6	845.0548706054688
332	7	922.4878540039062
332	8	785.2366333007812
332	9	184.38450622558594
332	10	181.86367797851562
332	11	2.122330904006958
332	12	817.943603515625
332	13	-0.5431231260299683
332	14	7.64078950881958
332	15	977.2987670898438
332	16	951.9456176757812
332	17	271.722412109375
332	18	949.575439453125
333	0	9.280599594116211
333	1	193.26666259765625
333	2	979.2767944335938
333	3	488.02960205078125
333	4	819.2796630859375
333	5	881.5509033203125
333	6	918.4739379882812
333	7	850.423828125
333	8	993.6730346679688
333	9	190.87991333007812
333	10	-0.13605083525180817
333	11	952.6647338867188
333	12	273.87139892578125
333	13	1231.6234130859375
333	14	2.8899266719818115
333	15	718.1593627929688
333	16	1339.86474609375
333	17	784.2081909179688
333	18	954.2319946289062
333	19	1006.0357055664062
333	20	998.7445068359375
333	21	8.64630126953125
333	22	1023.9146728515625
333	23	977.3470458984375
333	24	987.6002807617188
333	25	1003.6337890625
334	0	9.280599594116211
334	1	819.2796630859375
334	2	-0.13605083525180817
334	3	979.2767944335938
334	4	273.87139892578125
334	5	190.87991333007812
334	6	993.6730346679688
334	7	918.4739379882812
334	8	19.019439697265625
334	9	2.1852779388427734
334	10	850.423828125
334	11	2.8899266719818115
334	12	881.5509033203125
334	13	718.1593627929688
334	14	954.2319946289062
334	15	952.6647338867188
334	16	193.26666259765625
334	17	784.2081909179688
334	18	488.02960205078125
334	19	997.936767578125
334	20	997.9449462890625
334	21	974.1134643554688
334	22	999.9728393554688
334	23	1000.5923461914062
334	24	986.0982666015625
334	25	12.309155464172363
335	0	7.390594482421875
335	1	786.5598754882812
335	2	880.1187133789062
335	3	191.1223602294922
335	4	991.7058715820312
335	5	-0.6467379927635193
335	6	714.0935668945312
335	7	-25.77177619934082
335	8	13.916449546813965
335	9	940.0944213867188
335	10	848.8146362304688
335	11	978.4640502929688
335	12	953.0597534179688
335	13	172.7801055908203
335	14	489.2383728027344
335	15	2.0300192832946777
335	16	274.8850402832031
335	17	919.1842041015625
335	18	817.5118408203125
335	19	997.2000732421875
335	20	999.371337890625
335	21	11.836536407470703
335	22	999.7714233398438
335	23	983.5971069335938
335	24	975.3483276367188
335	25	998.8012084960938
336	0	489.5494689941406
336	1	922.4878540039062
336	2	951.9456176757812
336	3	7.64078950881958
336	4	722.8563232421875
336	5	817.943603515625
336	6	-12.357452392578125
336	7	181.86367797851562
336	8	845.0548706054688
336	9	5.696622848510742
336	10	873.4878540039062
336	11	184.38450622558594
336	12	977.2987670898438
336	13	949.575439453125
336	14	271.722412109375
336	15	989.9882202148438
336	16	785.2366333007812
336	17	2.122330904006958
336	18	-0.141817107796669
337	0	722.8563232421875
337	1	785.2366333007812
337	2	949.575439453125
337	3	181.86367797851562
337	4	271.722412109375
337	5	817.943603515625
337	6	922.4878540039062
337	7	2.122330904006958
337	8	5.622220993041992
337	9	-14.555949211120605
337	10	989.9882202148438
337	11	845.0548706054688
337	12	489.5494689941406
337	13	184.38450622558594
337	14	873.4878540039062
337	15	951.9456176757812
337	16	977.2987670898438
337	17	-0.141817107796669
337	18	7.64078950881958
338	0	881.5509033203125
338	1	9.280599594116211
338	2	979.2767944335938
338	3	952.6647338867188
338	4	193.26666259765625
338	5	488.02960205078125
338	6	993.6730346679688
338	7	850.423828125
338	8	2.8899266719818115
338	9	9.382354736328125
338	10	-0.13605083525180817
338	11	190.87991333007812
338	12	14.7963228225708
338	13	1008.7027587890625
338	14	954.2319946289062
338	15	819.2796630859375
338	16	1003.0518188476562
338	17	273.87139892578125
338	18	784.2081909179688
338	19	918.4739379882812
338	20	718.1593627929688
338	21	-18.392398834228516
339	0	-0.6467379927635193
339	1	978.4640502929688
339	2	172.7801055908203
339	3	7.792649745941162
339	4	7.390594482421875
339	5	940.0944213867188
339	6	2.0300192832946777
339	7	848.8146362304688
339	8	8.893119812011719
339	9	191.1223602294922
339	10	880.1187133789062
339	11	489.2383728027344
339	12	991.7058715820312
339	13	998.8012084960938
339	14	274.8850402832031
339	15	993.2213134765625
339	16	817.5118408203125
339	17	953.0597534179688
339	18	714.0935668945312
339	19	-19.815662384033203
339	20	919.1842041015625
339	21	786.5598754882812
339	22	891.7374877929688
340	0	785.2366333007812
340	1	977.2987670898438
340	2	6.826864242553711
340	3	873.4878540039062
340	4	951.9456176757812
340	5	722.8563232421875
340	6	-14.640559196472168
340	7	989.9882202148438
340	8	7.64078950881958
340	9	181.86367797851562
340	10	489.5494689941406
340	11	817.943603515625
340	12	271.722412109375
340	13	-0.141817107796669
340	14	845.0548706054688
340	15	2.122330904006958
340	16	184.38450622558594
340	17	949.575439453125
340	18	922.4878540039062
341	0	9.280599594116211
341	1	881.5509033203125
341	2	488.02960205078125
341	3	273.87139892578125
341	4	-18.392398834228516
341	5	954.2319946289062
341	6	850.423828125
341	7	-0.13605083525180817
341	8	784.2081909179688
341	9	979.2767944335938
341	10	7.792649745941162
341	11	2.8899266719818115
341	12	190.87991333007812
341	13	193.26666259765625
341	14	952.6647338867188
341	15	918.4739379882812
341	16	993.6730346679688
341	17	819.2796630859375
341	18	718.1593627929688
341	19	991.16650390625
341	20	995.6066284179688
341	21	979.6611938476562
341	22	996.8748168945312
341	23	981.2808837890625
341	24	10.299160957336426
341	25	1006.2593383789062
342	0	979.2767944335938
342	1	12.309155464172363
342	2	993.6730346679688
342	3	952.6647338867188
342	4	850.423828125
342	5	2.8899266719818115
342	6	7.792649745941162
342	7	488.02960205078125
342	8	193.26666259765625
342	9	-0.13605083525180817
342	10	9.280599594116211
342	11	190.87991333007812
342	12	881.5509033203125
342	13	997.936767578125
342	14	273.87139892578125
342	15	995.9468994140625
342	16	819.2796630859375
342	17	954.2319946289062
342	18	718.1593627929688
342	19	918.4739379882812
342	20	784.2081909179688
342	21	-18.392398834228516
343	0	817.943603515625
343	1	722.8563232421875
343	2	845.0548706054688
343	3	271.722412109375
343	4	7.64078950881958
343	5	489.5494689941406
343	6	184.38450622558594
343	7	181.86367797851562
343	8	2.122330904006958
343	9	951.9456176757812
343	10	-0.141817107796669
343	11	873.4878540039062
343	12	922.4878540039062
343	13	-14.640559196472168
343	14	977.2987670898438
343	15	949.575439453125
343	16	785.2366333007812
343	17	6.826864242553711
343	18	989.9882202148438
343	19	896.35009765625
343	20	996.2440795898438
344	0	979.2767944335938
344	1	-0.13605083525180817
344	2	193.26666259765625
344	3	2.8899266719818115
344	4	10.299160957336426
344	5	881.5509033203125
344	6	190.87991333007812
344	7	850.423828125
344	8	7.792649745941162
344	9	952.6647338867188
344	10	993.6730346679688
344	11	488.02960205078125
344	12	9.280599594116211
344	13	1006.2593383789062
344	14	819.2796630859375
344	15	954.2319946289062
344	16	273.87139892578125
344	17	990.283447265625
344	18	918.4739379882812
344	19	-18.392398834228516
344	20	718.1593627929688
344	21	784.2081909179688
344	22	994.6762084960938
345	0	873.4878540039062
345	1	949.575439453125
345	2	845.0548706054688
345	3	989.9882202148438
345	4	7.64078950881958
345	5	977.2987670898438
345	6	-0.141817107796669
345	7	184.38450622558594
345	8	271.722412109375
345	9	181.86367797851562
345	10	489.5494689941406
345	11	6.826864242553711
345	12	-14.640559196472168
345	13	785.2366333007812
345	14	922.4878540039062
345	15	951.9456176757812
345	16	817.943603515625
345	17	2.122330904006958
345	18	722.8563232421875
345	19	1000.9619750976562
346	0	951.9456176757812
346	1	845.0548706054688
346	2	-14.640559196472168
346	3	949.575439453125
346	4	785.2366333007812
346	5	873.4878540039062
346	6	-0.141817107796669
346	7	6.826864242553711
346	8	922.4878540039062
346	9	184.38450622558594
346	10	817.943603515625
346	11	2.122330904006958
346	12	722.8563232421875
346	13	7.64078950881958
346	14	181.86367797851562
346	15	489.5494689941406
346	16	271.722412109375
346	17	977.2987670898438
346	18	989.9882202148438
347	0	881.5509033203125
347	1	7.792649745941162
347	2	488.02960205078125
347	3	952.6647338867188
347	4	17.739742279052734
347	5	979.2767944335938
347	6	193.26666259765625
347	7	-0.13605083525180817
347	8	9.280599594116211
347	9	190.87991333007812
347	10	850.423828125
347	11	993.6730346679688
347	12	2.8899266719818115
347	13	1006.0357055664062
347	14	819.2796630859375
347	15	718.1593627929688
347	16	954.2319946289062
347	17	273.87139892578125
347	18	918.4739379882812
347	19	784.2081909179688
347	20	-18.392398834228516
347	21	1004.0270385742188
347	22	999.1019287109375
348	0	12.309155464172363
348	1	488.02960205078125
348	2	952.6647338867188
348	3	979.2767944335938
348	4	993.6730346679688
348	5	190.87991333007812
348	6	2.8899266719818115
348	7	193.26666259765625
348	8	9.280599594116211
348	9	881.5509033203125
348	10	7.792649745941162
348	11	850.423828125
348	12	-0.13605083525180817
348	13	977.42529296875
348	14	273.87139892578125
348	15	990.283447265625
348	16	954.2319946289062
348	17	819.2796630859375
348	18	918.4739379882812
348	19	784.2081909179688
348	20	718.1593627929688
348	21	-18.392398834228516
348	22	997.9449462890625
349	0	921.533447265625
349	1	993.2391357421875
349	2	190.02040100097656
349	3	849.3869018554688
349	4	5.524114608764648
349	5	187.19895935058594
349	6	280.6216125488281
349	7	-14.640559196472168
349	8	820.3339233398438
349	9	881.0618896484375
349	10	9.015316009521484
349	11	492.9155578613281
349	12	9.788804054260254
349	13	722.8563232421875
349	14	953.9730834960938
349	15	979.8772583007812
349	16	785.2366333007812
349	17	953.0776977539062
349	18	-0.7927139401435852
350	0	190.87991333007812
350	1	9.280599594116211
350	2	-0.13605083525180817
350	3	850.423828125
350	4	952.6647338867188
350	5	7.792649745941162
350	6	193.26666259765625
350	7	993.6730346679688
350	8	979.2767944335938
350	9	10.299160957336426
350	10	881.5509033203125
350	11	488.02960205078125
350	12	2.8899266719818115
350	13	1006.2593383789062
350	14	273.87139892578125
350	15	718.1593627929688
350	16	784.2081909179688
350	17	-18.392398834228516
350	18	819.2796630859375
350	19	954.2319946289062
350	20	918.4739379882812
350	21	1002.0138549804688
351	0	993.6730346679688
351	1	2.8899266719818115
351	2	12.309155464172363
351	3	7.792649745941162
351	4	850.423828125
351	5	979.2767944335938
351	6	190.87991333007812
351	7	952.6647338867188
351	8	9.280599594116211
351	9	881.5509033203125
351	10	488.02960205078125
351	11	193.26666259765625
351	12	-0.13605083525180817
351	13	819.2796630859375
351	14	784.2081909179688
351	15	718.1593627929688
351	16	-18.392398834228516
351	17	273.87139892578125
351	18	918.4739379882812
351	19	954.2319946289062
351	20	997.936767578125
351	21	990.283447265625
351	22	994.6762084960938
351	23	438.94964599609375
352	0	979.2767944335938
352	1	2.8899266719818115
352	2	7.792649745941162
352	3	-0.13605083525180817
352	4	12.309155464172363
352	5	987.064453125
352	6	952.6647338867188
352	7	273.87139892578125
352	8	9.280599594116211
352	9	784.2081909179688
352	10	993.6730346679688
352	11	190.87991333007812
352	12	718.1593627929688
352	13	-18.392398834228516
352	14	819.2796630859375
352	15	954.2319946289062
352	16	850.423828125
352	17	488.02960205078125
352	18	881.5509033203125
352	19	193.26666259765625
352	20	918.4739379882812
352	21	990.283447265625
353	0	977.2987670898438
353	1	949.575439453125
353	2	-0.141817107796669
353	3	951.9456176757812
353	4	922.4878540039062
353	5	-14.640559196472168
353	6	271.722412109375
353	7	7.64078950881958
353	8	989.9882202148438
353	9	785.2366333007812
353	10	722.8563232421875
353	11	489.5494689941406
353	12	873.4878540039062
353	13	817.943603515625
353	14	2.122330904006958
353	15	184.38450622558594
353	16	6.826864242553711
353	17	845.0548706054688
353	18	181.86367797851562
353	19	897.8488159179688
353	20	996.2440795898438
354	0	7.792649745941162
354	1	850.423828125
354	2	993.6730346679688
354	3	8.64630126953125
354	4	952.6647338867188
354	5	193.26666259765625
354	6	190.87991333007812
354	7	979.2767944335938
354	8	2.8899266719818115
354	9	-0.13605083525180817
354	10	881.5509033203125
354	11	488.02960205078125
354	12	9.280599594116211
354	13	1002.5882568359375
354	14	718.1593627929688
354	15	-18.392398834228516
354	16	819.2796630859375
354	17	784.2081909179688
354	18	273.87139892578125
354	19	918.4739379882812
354	20	954.2319946289062
354	21	990.283447265625
355	0	6.826864242553711
355	1	989.9882202148438
355	2	489.5494689941406
355	3	-0.141817107796669
355	4	977.2987670898438
355	5	184.38450622558594
355	6	873.4878540039062
355	7	949.575439453125
355	8	922.4878540039062
355	9	845.0548706054688
355	10	951.9456176757812
355	11	-14.640559196472168
355	12	722.8563232421875
355	13	817.943603515625
355	14	181.86367797851562
355	15	2.122330904006958
355	16	785.2366333007812
355	17	271.722412109375
355	18	7.64078950881958
355	19	1000.9619750976562
355	20	897.0189208984375
356	0	995.3359375
356	1	1014.9447631835938
356	2	4.107626438140869
356	3	5.462505340576172
356	4	-18.392398834228516
356	5	21.823471069335938
356	6	171.82955932617188
356	7	29.28557586669922
356	8	850.836181640625
356	9	407.6597900390625
356	10	996.8748168945312
356	11	998.637451171875
356	12	10.612722396850586
356	13	-0.216610386967659
356	14	202.90130615234375
356	15	984.8818969726562
356	16	982.41455078125
356	17	977.4314575195312
356	18	718.1593627929688
356	19	943.9723510742188
356	20	882.3417358398438
356	21	498.4300842285156
356	22	993.7274169921875
356	23	784.2081909179688
356	24	957.2367553710938
356	25	820.55419921875
356	26	925.2440795898438
356	27	282.24932861328125
356	28	1006.2593383789062
357	0	836.0562133789062
357	1	-2.5266706943511963
357	2	190.02040100097656
357	3	996.6491088867188
357	4	998.0304565429688
357	5	11.412081718444824
357	6	985.5497436523438
357	7	-18.83538818359375
357	8	-0.7927139401435852
357	9	5.524114608764648
357	10	980.1290893554688
357	11	9.788804054260254
358	0	496.06378173828125
358	1	190.87991333007812
358	2	849.8953857421875
358	3	161.1720733642578
358	4	992.78662109375
358	5	12.309155464172363
358	6	942.3207397460938
358	7	2.8899266719818115
358	8	974.9119262695312
358	9	881.4009399414062
358	10	9.280599594116211
358	11	-3.7493388652801514
358	12	-0.13605083525180817
358	13	1000.5778198242188
358	14	279.8830261230469
358	15	1004.95458984375
358	16	956.2959594726562
358	17	924.3032836914062
358	18	816.7859497070312
358	19	717.8087768554688
358	20	792.6572875976562
358	21	-18.392398834228516
358	22	963.8475341796875
358	23	837.003662109375
358	24	-9.406734466552734
358	25	422.4508361816406
358	26	986.0982666015625
358	27	997.9449462890625
358	28	974.1134643554688
358	29	998.558349609375
359	0	837.003662109375
359	1	974.1134643554688
359	2	986.0982666015625
359	3	-0.13605083525180817
359	4	12.309155464172363
359	5	9.280599594116211
359	6	-3.7493388652801514
359	7	2.8899266719818115
359	8	190.87991333007812
359	9	998.558349609375
359	10	997.9449462890625
359	11	-18.392398834228516
360	0	5.92525577545166
360	1	7.129642486572266
360	2	274.8850402832031
360	3	-3.0671095848083496
360	4	998.7705078125
360	5	848.8146362304688
360	6	953.0597534179688
360	7	940.0944213867188
360	8	880.1187133789062
361	0	848.8146362304688
361	1	504.35113525390625
361	2	182.1768341064453
361	3	10.299160957336426
361	4	7.390594482421875
361	5	992.000732421875
361	6	981.9466552734375
361	7	2.8899266719818115
361	8	940.0944213867188
361	9	202.90130615234375
361	10	-3.7493388652801514
361	11	4.107626438140869
361	12	880.1187133789062
361	13	821.435302734375
361	14	953.0597534179688
361	15	999.0557861328125
361	16	273.87139892578125
361	17	-16.834423065185547
361	18	718.903076171875
361	19	921.8235473632812
361	20	797.1495361328125
361	21	1002.5882568359375
361	22	999.2338256835938
361	23	982.6301879882812
361	24	999.2327880859375
361	25	985.0883178710938
361	26	805.3169555664062
362	0	998.558349609375
362	1	974.1134643554688
362	2	-0.13605083525180817
362	3	849.4996948242188
362	4	997.9449462890625
362	5	-18.392398834228516
362	6	2.8899266719818115
362	7	986.0982666015625
362	8	-3.7493388652801514
362	9	12.309155464172363
362	10	9.280599594116211
362	11	190.87991333007812
362	12	979.2767944335938
362	13	881.5509033203125
362	14	952.6647338867188
362	15	850.423828125
362	16	997.936767578125
362	17	993.6730346679688
362	18	273.87139892578125
362	19	954.2319946289062
362	20	488.02960205078125
362	21	193.26666259765625
362	22	819.2796630859375
362	23	918.4739379882812
362	24	718.1593627929688
362	25	784.2081909179688
363	0	848.0582885742188
363	1	-3.7493388652801514
363	2	2.8899266719818115
363	3	986.0982666015625
363	4	-18.392398834228516
363	5	998.558349609375
363	6	190.87991333007812
363	7	974.1134643554688
363	8	-0.13605083525180817
363	9	997.9449462890625
363	10	12.309155464172363
363	11	9.280599594116211
364	0	9.788804054260254
364	1	-14.640559196472168
364	2	190.02040100097656
364	3	718.7495727539062
364	4	282.24932861328125
364	5	799.7108154296875
364	6	-0.7927139401435852
364	7	498.4300842285156
364	8	977.4314575195312
364	9	850.836181640625
364	10	820.55419921875
364	11	-2.5266706943511963
364	12	5.524114608764648
364	13	993.7274169921875
364	14	943.9723510742188
364	15	171.82955932617188
364	16	882.3417358398438
364	17	925.2440795898438
364	18	957.2367553710938
365	0	873.4878540039062
365	1	2.122330904006958
365	2	-4.715132236480713
365	3	7.64078950881958
365	4	949.575439453125
365	5	977.2987670898438
365	6	989.9882202148438
365	7	785.2366333007812
365	8	271.722412109375
365	9	184.38450622558594
365	10	181.86367797851562
365	11	817.943603515625
365	12	-0.141817107796669
365	13	951.9456176757812
365	14	489.5494689941406
365	15	922.4878540039062
365	16	722.8563232421875
365	17	-14.640559196472168
365	18	845.0548706054688
366	0	922.4878540039062
366	1	181.86367797851562
366	2	949.575439453125
366	3	-0.141817107796669
366	4	184.38450622558594
366	5	845.0548706054688
366	6	7.64078950881958
366	7	489.5494689941406
366	8	989.9882202148438
366	9	-4.715132236480713
366	10	977.2987670898438
366	11	817.943603515625
366	12	-14.640559196472168
366	13	785.2366333007812
366	14	2.122330904006958
366	15	873.4878540039062
366	16	271.722412109375
366	17	951.9456176757812
366	18	722.8563232421875
367	0	-18.392398834228516
367	1	9.280599594116211
367	2	2.8899266719818115
367	3	-3.7493388652801514
367	4	-0.13605083525180817
367	5	981.7141723632812
367	6	976.859619140625
367	7	994.81591796875
367	8	190.87991333007812
367	9	995.2156372070312
367	10	806.773193359375
367	11	17.098485946655273
367	12	952.6647338867188
367	13	881.5509033203125
367	14	273.87139892578125
367	15	488.02960205078125
367	16	718.1593627929688
367	17	954.2319946289062
367	18	819.2796630859375
367	19	979.2767944335938
367	20	918.4739379882812
367	21	784.2081909179688
367	22	993.6730346679688
367	23	850.423828125
367	24	193.26666259765625
367	25	1005.0648803710938
368	0	819.2796630859375
368	1	-3.7493388652801514
368	2	12.309155464172363
368	3	193.26666259765625
368	4	2.610755205154419
368	5	784.2081909179688
368	6	9.280599594116211
368	7	918.4739379882812
368	8	876.0365600585938
368	9	2.8899266719818115
368	10	-0.13605083525180817
368	11	-18.392398834228516
368	12	718.1593627929688
369	0	2.8899266719818115
369	1	-0.13605083525180817
369	2	974.9119262695312
369	3	983.9951782226562
369	4	-3.7493388652801514
369	5	12.309155464172363
369	6	9.280599594116211
369	7	496.06378173828125
369	8	849.8953857421875
369	9	201.96044921875
369	10	942.3207397460938
369	11	193.26666259765625
369	12	881.4009399414062
369	13	992.78662109375
369	14	784.2081909179688
369	15	279.8830261230469
369	16	718.1593627929688
369	17	918.4739379882812
369	18	-18.392398834228516
369	19	819.2796630859375
369	20	956.2959594726562
369	21	997.1707153320312
370	0	2.8899266719818115
370	1	718.1593627929688
370	2	-18.392398834228516
370	3	12.309155464172363
370	4	784.2081909179688
370	5	-0.13605083525180817
370	6	-9.406734466552734
370	7	884.9940185546875
370	8	193.26666259765625
370	9	-3.7493388652801514
370	10	918.4739379882812
370	11	9.280599594116211
370	12	819.2796630859375
371	0	193.26666259765625
371	1	2.8899266719818115
371	2	12.309155464172363
371	3	-0.13605083525180817
371	4	9.280599594116211
371	5	-18.392398834228516
371	6	918.4739379882812
371	7	819.2796630859375
371	8	-3.7493388652801514
371	9	718.1593627929688
371	10	878.9697875976562
371	11	22.160171508789062
371	12	784.2081909179688
372	0	-4.715132236480713
372	1	286.9768371582031
372	2	2.122330904006958
372	3	7.64078950881958
372	4	992.000732421875
372	5	817.943603515625
372	6	851.9569091796875
372	7	955.6652221679688
372	8	722.8563232421875
372	9	946.8536987304688
372	10	201.33392333984375
372	11	922.4878540039062
372	12	184.38450622558594
372	13	883.8761596679688
372	14	785.2366333007812
372	15	-14.640559196472168
372	16	-0.141817107796669
372	17	504.35113525390625
372	18	981.9466552734375
372	19	999.3485717773438
373	0	8.64630126953125
373	1	985.162841796875
373	2	-0.13605083525180817
373	3	2.8899266719818115
373	4	979.2767944335938
373	5	-3.7493388652801514
373	6	9.280599594116211
373	7	993.6730346679688
373	8	784.2081909179688
373	9	-18.392398834228516
373	10	819.2796630859375
373	11	954.2319946289062
373	12	193.26666259765625
373	13	881.5509033203125
373	14	952.6647338867188
373	15	488.02960205078125
373	16	718.1593627929688
373	17	918.4739379882812
373	18	850.423828125
373	19	190.87991333007812
373	20	273.87139892578125
373	21	1002.4716796875
373	22	885.4981079101562
373	23	-1.4730112552642822
374	0	801.6783447265625
374	1	-18.83538818359375
374	2	5.524114608764648
374	3	190.02040100097656
374	4	979.0912475585938
374	5	977.3470458984375
374	6	-2.5266706943511963
374	7	992.9623413085938
374	8	9.788804054260254
374	9	995.6714477539062
374	10	11.412081718444824
374	11	-0.7927139401435852
375	0	943.478759765625
375	1	181.86367797851562
375	2	925.0204467773438
375	3	819.565673828125
375	4	881.905029296875
375	5	956.7515869140625
375	6	497.7330322265625
375	7	976.9462890625
375	8	799.2256469726562
375	9	-0.141817107796669
375	10	-14.640559196472168
375	11	850.3994750976562
375	12	993.2907104492188
375	13	281.2608642578125
375	14	-4.715132236480713
375	15	2.122330904006958
375	16	720.602294921875
375	17	171.66050720214844
375	18	7.64078950881958
376	0	989.9882202148438
376	1	184.38450622558594
376	2	949.575439453125
376	3	977.2987670898438
376	4	271.722412109375
376	5	489.5494689941406
376	6	7.64078950881958
376	7	-14.640559196472168
376	8	873.4878540039062
376	9	845.0548706054688
376	10	785.2366333007812
376	11	181.86367797851562
376	12	922.4878540039062
376	13	817.943603515625
376	14	2.122330904006958
376	15	722.8563232421875
376	16	-4.715132236480713
376	17	951.9456176757812
376	18	-0.141817107796669
377	0	979.2767944335938
377	1	2.8899266719818115
377	2	17.739742279052734
377	3	-3.7493388652801514
377	4	193.26666259765625
377	5	850.423828125
377	6	190.87991333007812
377	7	952.6647338867188
377	8	881.5509033203125
377	9	9.280599594116211
377	10	488.02960205078125
377	11	993.6730346679688
377	12	-0.13605083525180817
377	13	1005.086669921875
377	14	819.2796630859375
377	15	954.2319946289062
377	16	273.87139892578125
377	17	918.4739379882812
377	18	718.1593627929688
377	19	784.2081909179688
377	20	-18.392398834228516
377	21	987.2504272460938
377	22	978.8944091796875
377	23	806.7048950195312
377	24	978.3676147460938
377	25	432.596435546875
377	26	-3.2483811378479004
377	27	985.6444091796875
377	28	999.8964233398438
377	29	999.2279663085938
377	30	983.624267578125
377	31	859.0695190429688
378	0	7.64078950881958
378	1	489.5494689941406
378	2	949.575439453125
378	3	-14.640559196472168
378	4	922.4878540039062
378	5	271.722412109375
378	6	2.122330904006958
378	7	989.9882202148438
378	8	817.943603515625
378	9	845.0548706054688
378	10	181.86367797851562
378	11	873.4878540039062
378	12	-0.141817107796669
378	13	785.2366333007812
378	14	977.2987670898438
378	15	722.8563232421875
378	16	184.38450622558594
378	17	-4.715132236480713
378	18	951.9456176757812
379	0	873.4878540039062
379	1	989.9882202148438
379	2	949.575439453125
379	3	922.4878540039062
379	4	785.2366333007812
379	5	2.122330904006958
379	6	7.64078950881958
379	7	-14.640559196472168
379	8	-0.141817107796669
379	9	184.38450622558594
379	10	722.8563232421875
379	11	181.86367797851562
379	12	977.2987670898438
379	13	845.0548706054688
379	14	817.943603515625
379	15	-4.715132236480713
379	16	489.5494689941406
379	17	271.722412109375
379	18	951.9456176757812
380	0	7.64078950881958
380	1	873.4878540039062
380	2	184.38450622558594
380	3	-14.640559196472168
380	4	181.86367797851562
380	5	977.2987670898438
380	6	2.122330904006958
380	7	722.8563232421875
380	8	845.0548706054688
380	9	785.2366333007812
380	10	817.943603515625
380	11	489.5494689941406
380	12	922.4878540039062
380	13	949.575439453125
380	14	989.9882202148438
380	15	951.9456176757812
380	16	-4.715132236480713
380	17	271.722412109375
380	18	-0.141817107796669
381	0	9.788804054260254
381	1	-2.5266706943511963
381	2	5.524114608764648
381	3	280.6216125488281
381	4	849.3869018554688
381	5	979.8772583007812
381	6	953.0776977539062
381	7	190.02040100097656
381	8	722.8563232421875
381	9	881.0618896484375
381	10	820.3339233398438
381	11	993.2391357421875
381	12	492.9155578613281
381	13	187.19895935058594
381	14	-0.7927139401435852
381	15	785.2366333007812
381	16	953.9730834960938
381	17	921.533447265625
381	18	-18.83538818359375
382	0	7.64078950881958
382	1	977.2987670898438
382	2	184.38450622558594
382	3	271.722412109375
382	4	-14.640559196472168
382	5	873.4878540039062
382	6	2.122330904006958
382	7	922.4878540039062
382	8	785.2366333007812
382	9	817.943603515625
382	10	845.0548706054688
382	11	-4.715132236480713
382	12	722.8563232421875
382	13	951.9456176757812
382	14	989.9882202148438
382	15	-0.141817107796669
382	16	489.5494689941406
382	17	181.86367797851562
382	18	949.575439453125
383	0	785.2366333007812
383	1	989.9882202148438
383	2	951.9456176757812
383	3	184.38450622558594
383	4	181.86367797851562
383	5	722.8563232421875
383	6	-4.715132236480713
383	7	845.0548706054688
383	8	-0.141817107796669
383	9	-14.640559196472168
383	10	949.575439453125
383	11	7.64078950881958
383	12	977.2987670898438
383	13	489.5494689941406
383	14	922.4878540039062
383	15	817.943603515625
383	16	2.122330904006958
383	17	873.4878540039062
383	18	271.722412109375
383	19	895.59423828125
383	20	997.3424682617188
384	0	722.8563232421875
384	1	977.2987670898438
384	2	845.0548706054688
384	3	951.9456176757812
384	4	873.4878540039062
384	5	949.575439453125
384	6	817.943603515625
384	7	271.722412109375
384	8	7.64078950881958
384	9	2.122330904006958
384	10	-0.141817107796669
384	11	-14.640559196472168
384	12	785.2366333007812
384	13	489.5494689941406
384	14	989.9882202148438
384	15	181.86367797851562
384	16	922.4878540039062
384	17	-4.715132236480713
384	18	184.38450622558594
385	0	949.575439453125
385	1	845.0548706054688
385	2	873.4878540039062
385	3	817.943603515625
385	4	951.9456176757812
385	5	785.2366333007812
385	6	2.122330904006958
385	7	-14.640559196472168
385	8	-4.715132236480713
385	9	-0.141817107796669
385	10	989.9882202148438
385	11	977.2987670898438
385	12	7.64078950881958
385	13	271.722412109375
385	14	722.8563232421875
385	15	489.5494689941406
385	16	181.86367797851562
385	17	184.38450622558594
385	18	922.4878540039062
386	0	7.64078950881958
386	1	271.722412109375
386	2	184.38450622558594
386	3	489.5494689941406
386	4	181.86367797851562
386	5	-0.141817107796669
386	6	845.0548706054688
386	7	949.575439453125
386	8	922.4878540039062
386	9	2.122330904006958
386	10	-4.715132236480713
386	11	977.2987670898438
386	12	989.9882202148438
386	13	951.9456176757812
386	14	-14.640559196472168
386	15	873.4878540039062
386	16	817.943603515625
386	17	785.2366333007812
386	18	722.8563232421875
387	0	7.64078950881958
387	1	-4.715132236480713
387	2	722.8563232421875
387	3	951.9456176757812
387	4	-0.141817107796669
387	5	-14.640559196472168
387	6	489.5494689941406
387	7	977.2987670898438
387	8	817.943603515625
387	9	181.86367797851562
387	10	922.4878540039062
387	11	949.575439453125
387	12	280.6216125488281
387	13	2.122330904006958
387	14	785.2366333007812
387	15	845.0548706054688
387	16	187.19895935058594
387	17	989.9882202148438
387	18	873.4878540039062
387	19	437.09686279296875
387	20	979.81884765625
387	21	1.7338088750839233
387	22	1947.7647705078125
388	0	977.2987670898438
388	1	489.5494689941406
388	2	271.722412109375
388	3	922.4878540039062
388	4	184.38450622558594
388	5	785.2366333007812
388	6	817.943603515625
388	7	7.64078950881958
388	8	845.0548706054688
388	9	-4.715132236480713
388	10	181.86367797851562
388	11	949.575439453125
388	12	-14.640559196472168
388	13	989.9882202148438
388	14	-0.141817107796669
388	15	2.122330904006958
388	16	722.8563232421875
388	17	951.9456176757812
388	18	873.4878540039062
389	0	785.2366333007812
389	1	-14.640559196472168
389	2	922.4878540039062
389	3	-4.715132236480713
389	4	489.5494689941406
389	5	271.722412109375
389	6	817.943603515625
389	7	2.122330904006958
389	8	-0.141817107796669
389	9	977.2987670898438
389	10	951.9456176757812
389	11	7.64078950881958
389	12	873.4878540039062
389	13	181.86367797851562
389	14	845.0548706054688
389	15	949.575439453125
389	16	989.9882202148438
389	17	184.38450622558594
389	18	722.8563232421875
390	0	190.02040100097656
390	1	953.9730834960938
390	2	-18.83538818359375
390	3	492.9155578613281
390	4	921.533447265625
390	5	979.8772583007812
390	6	794.7669067382812
390	7	5.524114608764648
390	8	953.0776977539062
390	9	849.3869018554688
390	10	820.3339233398438
390	11	-2.5266706943511963
390	12	993.2391357421875
390	13	881.0618896484375
390	14	187.19895935058594
390	15	9.788804054260254
390	16	726.028076171875
390	17	-0.7927139401435852
390	18	280.6216125488281
390	19	897.4591674804688
390	20	1004.5614624023438
390	21	420.2738952636719
391	0	9.788804054260254
391	1	489.2383728027344
391	2	786.5598754882812
391	3	817.5118408203125
391	4	5.524114608764648
391	5	-2.5266706943511963
391	6	280.6216125488281
391	7	191.1223602294922
391	8	172.7801055908203
391	9	953.0597534179688
391	10	714.0935668945312
391	11	919.1842041015625
391	12	880.1187133789062
391	13	991.7058715820312
391	14	978.4640502929688
391	15	-0.6467379927635193
391	16	940.0944213867188
391	17	848.8146362304688
391	18	-19.815662384033203
391	19	1.7286155223846436
391	20	978.6939697265625
391	21	406.45501708984375
391	22	0.21066585183143616
392	0	7.64078950881958
392	1	489.5494689941406
392	2	949.575439453125
392	3	845.0548706054688
392	4	785.2366333007812
392	5	922.4878540039062
392	6	-4.715132236480713
392	7	722.8563232421875
392	8	181.86367797851562
392	9	184.38450622558594
392	10	951.9456176757812
392	11	-0.141817107796669
392	12	271.722412109375
392	13	-14.640559196472168
392	14	989.9882202148438
392	15	977.2987670898438
392	16	873.4878540039062
392	17	817.943603515625
392	18	2.122330904006958
393	0	2.122330904006958
393	1	271.722412109375
393	2	-4.715132236480713
393	3	489.5494689941406
393	4	181.86367797851562
393	5	722.8563232421875
393	6	-14.807374954223633
393	7	845.0548706054688
393	8	817.943603515625
393	9	989.9882202148438
393	10	184.38450622558594
393	11	785.2366333007812
393	12	877.619140625
393	13	922.4878540039062
393	14	951.9456176757812
393	15	983.1463012695312
393	16	-0.141817107796669
393	17	949.575439453125
393	18	7.64078950881958
393	19	896.2102661132812
393	20	999.0557861328125
394	0	271.722412109375
394	1	2.122330904006958
394	2	-4.715132236480713
394	3	7.64078950881958
394	4	951.9456176757812
394	5	489.5494689941406
394	6	922.4878540039062
394	7	845.0548706054688
394	8	949.575439453125
394	9	977.2987670898438
394	10	184.38450622558594
394	11	817.943603515625
394	12	-14.640559196472168
394	13	785.2366333007812
394	14	-0.141817107796669
394	15	989.9882202148438
394	16	181.86367797851562
394	17	722.8563232421875
394	18	873.4878540039062
394	19	-9.406734466552734
394	20	420.2738952636719
394	21	963.8475341796875
395	0	993.2907104492188
395	1	497.7330322265625
395	2	-2.5266706943511963
395	3	881.905029296875
395	4	943.478759765625
395	5	202.6776885986328
395	6	850.3994750976562
395	7	3.6031839847564697
395	8	5.524114608764648
395	9	20.371063232421875
395	10	976.9462890625
395	11	171.66050720214844
395	12	9.788804054260254
395	13	1005.3572998046875
395	14	280.6216125488281
395	15	1004.0270385742188
395	16	720.602294921875
395	17	819.565673828125
395	18	925.0204467773438
395	19	956.7515869140625
395	20	-17.338865280151367
395	21	799.2256469726562
396	0	-4.715132236480713
396	1	2.122330904006958
396	2	271.722412109375
396	3	7.64078950881958
396	4	977.2987670898438
396	5	949.575439453125
396	6	-0.141817107796669
396	7	873.4878540039062
396	8	181.86367797851562
396	9	817.943603515625
396	10	184.38450622558594
396	11	845.0548706054688
396	12	785.2366333007812
396	13	-14.640559196472168
396	14	922.4878540039062
396	15	722.8563232421875
396	16	489.5494689941406
396	17	951.9456176757812
396	18	989.9882202148438
396	19	-9.406734466552734
396	20	420.2738952636719
396	21	963.8475341796875
397	0	5.524114608764648
397	1	190.02040100097656
397	2	-2.5266706943511963
397	3	953.0776977539062
397	4	187.19895935058594
397	5	849.3869018554688
397	6	1.440008521080017
397	7	881.0618896484375
397	8	492.9155578613281
397	9	9.788804054260254
397	10	979.8772583007812
397	11	993.2391357421875
397	12	-0.7927139401435852
397	13	992.8568725585938
397	14	953.9730834960938
397	15	820.3339233398438
397	16	280.6216125488281
397	17	1001.5286865234375
397	18	921.533447265625
397	19	794.7669067382812
397	20	-18.83538818359375
397	21	726.028076171875
397	22	999.1019287109375
398	0	976.9462890625
398	1	171.66050720214844
398	2	850.3994750976562
398	3	497.7330322265625
398	4	-2.5266706943511963
398	5	202.6776885986328
398	6	5.524114608764648
398	7	993.2907104492188
398	8	9.788804054260254
398	9	1.6909445524215698
398	10	943.478759765625
398	11	881.905029296875
398	12	3.6031839847564697
398	13	925.0204467773438
398	14	819.565673828125
398	15	720.602294921875
398	16	280.6216125488281
398	17	956.7515869140625
398	18	-17.338865280151367
398	19	799.2256469726562
398	20	1006.0357055664062
398	21	1001.5286865234375
399	0	850.423828125
399	1	-2.5266706943511963
399	2	4.267780780792236
399	3	952.6647338867188
399	4	-0.13605083525180817
399	5	488.02960205078125
399	6	979.2767944335938
399	7	993.6730346679688
399	8	193.26666259765625
399	9	881.5509033203125
399	10	190.87991333007812
399	11	5.524114608764648
399	12	9.788804054260254
399	13	280.6216125488281
399	14	990.283447265625
399	15	997.936767578125
399	16	954.2319946289062
399	17	819.2796630859375
399	18	784.2081909179688
399	19	-18.392398834228516
399	20	718.1593627929688
399	21	918.4739379882812
400	0	-0.141817107796669
400	1	7.64078950881958
400	2	951.9456176757812
400	3	873.4878540039062
400	4	722.8563232421875
400	5	181.86367797851562
400	6	271.722412109375
400	7	489.5494689941406
400	8	977.2987670898438
400	9	989.9882202148438
400	10	785.2366333007812
400	11	817.943603515625
400	12	949.575439453125
400	13	845.0548706054688
400	14	922.4878540039062
400	15	-4.715132236480713
400	16	184.38450622558594
400	17	-14.640559196472168
400	18	2.122330904006958
401	0	9.788804054260254
401	1	993.2391357421875
401	2	187.19895935058594
401	3	-0.7927139401435852
401	4	726.028076171875
401	5	492.9155578613281
401	6	849.3869018554688
401	7	953.0776977539062
401	8	881.0618896484375
401	9	190.02040100097656
401	10	820.3339233398438
401	11	794.7669067382812
401	12	921.533447265625
401	13	979.8772583007812
401	14	5.524114608764648
401	15	280.6216125488281
401	16	-2.5266706943511963
401	17	953.9730834960938
401	18	-14.640559196472168
402	0	989.9882202148438
402	1	184.38450622558594
402	2	181.86367797851562
402	3	489.5494689941406
402	4	845.0548706054688
402	5	2.122330904006958
402	6	-14.640559196472168
402	7	873.4878540039062
402	8	817.943603515625
402	9	722.8563232421875
402	10	951.9456176757812
402	11	-4.715132236480713
402	12	949.575439453125
402	13	785.2366333007812
402	14	7.64078950881958
402	15	-0.141817107796669
402	16	977.2987670898438
402	17	922.4878540039062
402	18	271.722412109375
403	0	977.2987670898438
403	1	181.86367797851562
403	2	2.122330904006958
403	3	-14.640559196472168
403	4	989.9882202148438
403	5	817.943603515625
403	6	271.722412109375
403	7	873.4878540039062
403	8	-4.715132236480713
403	9	949.575439453125
403	10	845.0548706054688
403	11	-0.141817107796669
403	12	722.8563232421875
403	13	951.9456176757812
403	14	7.64078950881958
403	15	489.5494689941406
403	16	922.4878540039062
403	17	785.2366333007812
403	18	184.38450622558594
404	0	2.8899266719818115
404	1	273.87139892578125
404	2	-3.7493388652801514
404	3	954.2319946289062
404	4	819.2796630859375
404	5	918.4739379882812
404	6	952.6647338867188
404	7	-0.13605083525180817
404	8	193.26666259765625
404	9	718.1593627929688
404	10	890.4678955078125
404	11	979.2767944335938
404	12	-18.392398834228516
404	13	488.02960205078125
404	14	784.2081909179688
404	15	9.280599594116211
404	16	993.6730346679688
404	17	850.423828125
404	18	190.87991333007812
404	19	881.5509033203125
404	20	897.8488159179688
405	0	280.6216125488281
405	1	-2.5266706943511963
405	2	5.524114608764648
405	3	881.0618896484375
405	4	190.02040100097656
405	5	-0.7927139401435852
405	6	492.9155578613281
405	7	9.788804054260254
405	8	993.2391357421875
405	9	979.8772583007812
405	10	7.212773323059082
405	11	849.3869018554688
405	12	953.0776977539062
405	13	187.19895935058594
405	14	953.9730834960938
405	15	820.3339233398438
405	16	1000.5778198242188
405	17	726.028076171875
405	18	-18.83538818359375
405	19	921.533447265625
405	20	884.281982421875
405	21	794.7669067382812
405	22	1005.0648803710938
405	23	895.9735717773438
406	0	889.7428588867188
406	1	-0.141817107796669
406	2	-14.640559196472168
406	3	785.2366333007812
406	4	951.9456176757812
406	5	181.86367797851562
406	6	7.64078950881958
406	7	873.4878540039062
406	8	271.722412109375
406	9	922.4878540039062
406	10	2.122330904006958
406	11	977.2987670898438
406	12	845.0548706054688
406	13	489.5494689941406
406	14	-4.715132236480713
406	15	184.38450622558594
406	16	949.575439453125
406	17	989.9882202148438
406	18	722.8563232421875
406	19	817.943603515625
407	0	951.9456176757812
407	1	845.0548706054688
407	2	922.4878540039062
407	3	7.64078950881958
407	4	817.943603515625
407	5	949.575439453125
407	6	489.5494689941406
407	7	181.86367797851562
407	8	873.4878540039062
407	9	722.8563232421875
407	10	-4.715132236480713
407	11	977.2987670898438
407	12	-14.640559196472168
407	13	184.38450622558594
407	14	989.9882202148438
407	15	-0.141817107796669
407	16	271.722412109375
407	17	889.7428588867188
407	18	785.2366333007812
407	19	2.122330904006958
407	20	993.2213134765625
407	21	893.3456420898438
407	22	564.4813232421875
408	0	-0.7927139401435852
408	1	492.9155578613281
408	2	5.524114608764648
408	3	881.0618896484375
408	4	-2.5266706943511963
408	5	979.8772583007812
408	6	1.6786916255950928
408	7	849.3869018554688
408	8	9.788804054260254
408	9	993.2391357421875
408	10	187.19895935058594
408	11	953.0776977539062
408	12	190.02040100097656
408	13	921.533447265625
408	14	953.9730834960938
408	15	280.6216125488281
408	16	820.3339233398438
408	17	891.1011962890625
408	18	-18.83538818359375
408	19	794.7669067382812
408	20	726.028076171875
408	21	1004.95458984375
408	22	998.9096069335938
409	0	889.7428588867188
409	1	977.2987670898438
409	2	-0.141817107796669
409	3	922.4878540039062
409	4	817.943603515625
409	5	-14.640559196472168
409	6	7.64078950881958
409	7	722.8563232421875
409	8	785.2366333007812
409	9	181.86367797851562
409	10	873.4878540039062
409	11	489.5494689941406
409	12	-4.715132236480713
409	13	989.9882202148438
409	14	184.38450622558594
409	15	949.575439453125
409	16	845.0548706054688
409	17	951.9456176757812
409	18	271.722412109375
409	19	2.122330904006958
410	0	889.7428588867188
410	1	722.8563232421875
410	2	951.9456176757812
410	3	873.4878540039062
410	4	785.2366333007812
410	5	845.0548706054688
410	6	-14.640559196472168
410	7	922.4878540039062
410	8	989.9882202148438
410	9	181.86367797851562
410	10	-0.141817107796669
410	11	489.5494689941406
410	12	271.722412109375
410	13	2.122330904006958
410	14	817.943603515625
410	15	184.38450622558594
410	16	949.575439453125
410	17	-4.715132236480713
410	18	7.64078950881958
410	19	977.2987670898438
411	0	5.524114608764648
411	1	280.6216125488281
411	2	-2.5266706943511963
411	3	187.19895935058594
411	4	953.0776977539062
411	5	849.3869018554688
411	6	881.0618896484375
411	7	1.6786916255950928
411	8	492.9155578613281
411	9	9.788804054260254
411	10	-0.7927139401435852
411	11	190.02040100097656
411	12	979.8772583007812
411	13	993.2391357421875
411	14	953.9730834960938
411	15	726.028076171875
411	16	794.7669067382812
411	17	-18.83538818359375
411	18	820.3339233398438
411	19	921.533447265625
411	20	891.1011962890625
411	21	995.3204345703125
411	22	1004.95458984375
412	0	5.524114608764648
412	1	-2.5266706943511963
412	2	280.6216125488281
412	3	161.1720733642578
412	4	974.9119262695312
412	5	496.06378173828125
412	6	849.8953857421875
412	7	4.169549465179443
412	8	201.96044921875
412	9	-6.436240196228027
412	10	1.6786916255950928
412	11	881.4009399414062
412	12	992.78662109375
412	13	942.3207397460938
412	14	956.2959594726562
412	15	894.8469848632812
412	16	717.8087768554688
412	17	-18.030614852905273
412	18	924.3032836914062
412	19	816.7859497070312
412	20	792.6572875976562
412	21	1004.95458984375
412	22	995.3204345703125
413	0	819.2796630859375
413	1	7.64078950881958
413	2	-2.5266706943511963
413	3	5.524114608764648
413	4	850.423828125
413	5	881.5509033203125
413	6	952.6647338867188
413	7	718.1593627929688
413	8	488.02960205078125
413	9	-18.392398834228516
413	10	918.4739379882812
413	11	892.4808349609375
413	12	954.2319946289062
413	13	-0.13605083525180817
413	14	193.26666259765625
413	15	190.87991333007812
413	16	979.2767944335938
413	17	993.6730346679688
413	18	784.2081909179688
413	19	280.6216125488281
413	20	725.6040649414062
414	0	726.028076171875
414	1	953.0776977539062
414	2	7.64078950881958
414	3	849.3869018554688
414	4	993.2391357421875
414	5	492.9155578613281
414	6	979.8772583007812
414	7	280.6216125488281
414	8	794.7669067382812
414	9	-2.5266706943511963
414	10	-18.83538818359375
414	11	891.1011962890625
414	12	921.533447265625
414	13	953.9730834960938
414	14	881.0618896484375
414	15	190.02040100097656
414	16	-0.7927139401435852
414	17	820.3339233398438
414	18	187.19895935058594
414	19	5.524114608764648
415	0	979.8772583007812
415	1	190.02040100097656
415	2	953.0776977539062
415	3	492.9155578613281
415	4	993.2391357421875
415	5	9.788804054260254
415	6	881.0618896484375
415	7	826.7982177734375
415	8	-0.7927139401435852
415	9	187.19895935058594
415	10	849.3869018554688
415	11	5.524114608764648
415	12	-2.5266706943511963
415	13	13.697588920593262
415	14	891.1011962890625
415	15	820.3339233398438
415	16	-18.83538818359375
415	17	726.028076171875
415	18	953.9730834960938
415	19	280.6216125488281
415	20	921.533447265625
415	21	794.7669067382812
415	22	1002.7387084960938
415	23	1002.5882568359375
415	24	897.8488159179688
416	0	-2.5266706943511963
416	1	3.7951598167419434
416	2	191.1223602294922
416	3	172.7801055908203
416	4	7.390594482421875
416	5	978.4640502929688
416	6	991.7058715820312
416	7	822.906005859375
416	8	-0.6467379927635193
416	9	489.2383728027344
416	10	848.8146362304688
416	11	880.1187133789062
416	12	940.0944213867188
416	13	5.524114608764648
416	14	280.6216125488281
416	15	953.0597534179688
416	16	817.5118408203125
416	17	998.8012084960938
416	18	993.2213134765625
416	19	786.5598754882812
416	20	-19.815662384033203
416	21	892.0200805664062
416	22	714.0935668945312
416	23	919.1842041015625
