290	0	-1.7130177021026611
290	1	-2.5585482120513916
290	2	-1.3635731935501099
290	3	-1.68059241771698
290	4	-2.184291362762451
290	5	-2.182964563369751
290	6	-1.2503365278244019
290	7	-1.308671236038208
290	8	-1.8121997117996216
290	9	1.1369704008102417
290	10	-2.622205972671509
290	11	-1.230100393295288
290	12	-1.6791870594024658
290	13	-0.6346302628517151
290	14	-1.8121997117996216
290	15	-1.230100393295288
290	16	-0.31451845169067383
290	17	-1.8121997117996216
290	18	-1.230100393295288
290	19	-1.902661681175232
290	20	-1.2218655347824097
290	21	1.0538277626037598
290	22	-1.230100393295288
290	23	-2.2923097610473633
290	24	-1.179775595664978
290	25	0.5647562146186829
291	0	-1.2503365278244019
291	1	-1.3635731935501099
291	2	-1.7130177021026611
291	3	-2.622205972671509
291	4	-1.230100393295288
291	5	-1.230100393295288
291	6	-1.8121997117996216
291	7	1.0538277626037598
291	8	-1.8121997117996216
291	9	-1.230100393295288
291	10	-1.179775595664978
291	11	-1.902661681175232
291	12	-2.2923097610473633
291	13	-0.6346302628517151
291	14	-2.182964563369751
291	15	-1.2218655347824097
291	16	-2.5585482120513916
291	17	-0.31451845169067383
291	18	-1.6791870594024658
292	0	-1.230100393295288
292	1	-1.179775595664978
292	2	-2.5585482120513916
292	3	-1.3635731935501099
292	4	-1.2503365278244019
292	5	-1.7130177021026611
292	6	-1.230100393295288
292	7	-2.622205972671509
292	8	-1.8121997117996216
292	9	-0.6346302628517151
292	10	-1.6791870594024658
292	11	-2.184291362762451
292	12	-2.2923097610473633
292	13	-1.2218655347824097
292	14	-1.230100393295288
292	15	-1.5784616470336914
292	16	-0.31451845169067383
292	17	0.5647562146186829
292	18	-1.8121997117996216
292	19	1.0538277626037598
292	20	-2.182964563369751
292	21	-1.902661681175232
292	22	0.32611730694770813
292	23	-0.9129226207733154
292	24	-1.5280916690826416
292	25	-1.956069827079773
292	26	-1.8121997117996216
292	27	-1.230100393295288
292	28	-1.230100393295288
292	29	-1.308671236038208
293	0	-2.622205972671509
293	1	-1.230100393295288
293	2	-1.230100393295288
293	3	-1.230100393295288
293	4	-1.6791870594024658
293	5	-1.2503365278244019
293	6	-1.8121997117996216
293	7	-0.6346302628517151
293	8	-2.182964563369751
293	9	-1.179775595664978
293	10	-2.5585482120513916
293	11	-1.902661681175232
293	12	-1.7130177021026611
293	13	-1.2218655347824097
293	14	1.0538277626037598
293	15	-1.8121997117996216
293	16	-2.2923097610473633
293	17	-1.3635731935501099
293	18	-0.31451845169067383
293	19	-0.7995138764381409
293	20	0.5647562146186829
294	0	-1.6791870594024658
294	1	-1.230100393295288
294	2	-1.2218655347824097
294	3	-1.902661681175232
294	4	-1.8121997117996216
294	5	-0.31451845169067383
294	6	-2.2923097610473633
294	7	-1.8121997117996216
294	8	-2.182964563369751
294	9	-0.6346302628517151
294	10	-1.230100393295288
294	11	-2.622205972671509
294	12	-1.179775595664978
294	13	-1.230100393295288
294	14	1.0538277626037598
294	15	-1.3635731935501099
294	16	-1.2503365278244019
294	17	-2.5585482120513916
294	18	-1.7130177021026611
295	0	-1.2503365278244019
295	1	-1.7130177021026611
295	2	-2.5585482120513916
295	3	-0.31451845169067383
295	4	-1.230100393295288
295	5	-1.8121997117996216
295	6	-1.179775595664978
295	7	-2.182964563369751
295	8	-1.2218655347824097
295	9	-1.6791870594024658
295	10	-2.622205972671509
295	11	-2.2923097610473633
295	12	1.0538277626037598
295	13	-1.902661681175232
295	14	-1.230100393295288
295	15	-1.8121997117996216
295	16	-1.230100393295288
295	17	-0.6346302628517151
295	18	-1.3635731935501099
296	0	-1.2503365278244019
296	1	-0.6346302628517151
296	2	-2.2923097610473633
296	3	-2.5585482120513916
296	4	-2.182964563369751
296	5	-1.8121997117996216
296	6	-1.230100393295288
296	7	-1.179775595664978
296	8	-1.230100393295288
296	9	-1.8121997117996216
296	10	-2.622205972671509
296	11	1.0538277626037598
296	12	-1.2218655347824097
296	13	-1.7130177021026611
296	14	-1.6791870594024658
296	15	-1.3635731935501099
296	16	-1.902661681175232
296	17	-0.31451845169067383
296	18	-1.230100393295288
297	0	-0.6346302628517151
297	1	-2.622205972671509
297	2	-1.2218655347824097
297	3	-1.230100393295288
297	4	-1.230100393295288
297	5	-1.902661681175232
297	6	-1.8121997117996216
297	7	-2.182964563369751
297	8	-1.8121997117996216
297	9	-2.5585482120513916
297	10	-1.3635731935501099
297	11	-1.179775595664978
297	12	-1.6791870594024658
297	13	-1.230100393295288
297	14	-0.31451845169067383
297	15	-1.2503365278244019
297	16	1.0538277626037598
297	17	-2.2923097610473633
297	18	-1.7130177021026611
298	0	-0.6346302628517151
298	1	-1.8121997117996216
298	2	1.1505664587020874
298	3	-1.4503147602081299
298	4	-1.3635731935501099
298	5	-1.230100393295288
298	6	-1.7130177021026611
298	7	-1.5818129777908325
298	8	-2.622205972671509
298	9	-0.6519201993942261
298	10	-1.2340195178985596
298	11	-1.2503365278244019
298	12	-2.5585482120513916
298	13	-0.8949252367019653
298	14	-2.182964563369751
298	15	-1.230100393295288
298	16	-1.4449886083602905
298	17	-1.6791870594024658
298	18	-0.31451845169067383
298	19	-1.2218655347824097
298	20	-1.179775595664978
298	21	-2.2923097610473633
298	22	-1.902661681175232
298	23	-1.230100393295288
298	24	1.0538277626037598
298	25	-1.8121997117996216
299	0	-2.2923097610473633
299	1	-1.6791870594024658
299	2	-2.182964563369751
299	3	-1.179775595664978
299	4	-2.622205972671509
299	5	-1.3635731935501099
299	6	-1.230100393295288
299	7	-1.2218655347824097
299	8	1.0538277626037598
299	9	-1.230100393295288
299	10	-0.31451845169067383
299	11	-1.8121997117996216
299	12	-1.230100393295288
299	13	-1.7130177021026611
299	14	-2.5585482120513916
299	15	-1.902661681175232
299	16	-0.6346302628517151
299	17	-1.8121997117996216
299	18	-1.2503365278244019
299	19	-0.7995138764381409
299	20	-1.5784616470336914
300	0	-1.2503365278244019
300	1	-1.230100393295288
300	2	1.0538277626037598
300	3	-2.182964563369751
300	4	-1.8121997117996216
300	5	-2.622205972671509
300	6	-1.902661681175232
300	7	-1.230100393295288
300	8	-1.179775595664978
300	9	-2.2923097610473633
300	10	-2.5585482120513916
300	11	-1.7130177021026611
300	12	-1.230100393295288
300	13	-1.6791870594024658
300	14	-1.8121997117996216
300	15	-1.2218655347824097
300	16	-0.6346302628517151
300	17	-1.3635731935501099
300	18	-0.31451845169067383
301	0	-0.31451845169067383
301	1	-1.7130177021026611
301	2	-2.5585482120513916
301	3	-1.8121997117996216
301	4	-1.179775595664978
301	5	-2.2923097610473633
301	6	-2.622205972671509
301	7	-1.230100393295288
301	8	-1.3635731935501099
301	9	-1.230100393295288
301	10	-1.5818129777908325
301	11	-1.2503365278244019
301	12	-0.6346302628517151
301	13	-1.6791870594024658
301	14	-2.2459681034088135
301	15	-1.230100393295288
301	16	-1.2218655347824097
301	17	0.5783522129058838
301	18	-2.182964563369751
301	19	-1.8121997117996216
301	20	-1.902661681175232
301	21	1.0538277626037598
301	22	-1.2340195178985596
302	0	-1.7130177021026611
302	1	-2.5585482120513916
302	2	-0.31451845169067383
302	3	-1.179775595664978
302	4	-2.184291362762451
302	5	-1.3635731935501099
302	6	-2.622205972671509
302	7	-1.230100393295288
302	8	-1.2503365278244019
302	9	-1.6791870594024658
302	10	-1.8121997117996216
302	11	-2.2923097610473633
302	12	-0.6346302628517151
302	13	-1.230100393295288
302	14	-1.230100393295288
302	15	1.0538277626037598
302	16	-1.902661681175232
302	17	-1.2218655347824097
302	18	-1.8121997117996216
302	19	-2.182964563369751
302	20	0.5647562146186829
302	21	-2.2459681034088135
302	22	-1.8121997117996216
303	0	-2.5585482120513916
303	1	-1.6791870594024658
303	2	-2.622205972671509
303	3	0.31334254145622253
303	4	-2.184291362762451
303	5	-1.7130177021026611
303	6	-1.2503365278244019
303	7	-2.2459681034088135
303	8	-0.31451845169067383
303	9	-2.182964563369751
303	10	-1.230100393295288
303	11	-1.179775595664978
303	12	-1.3635731935501099
303	13	1.0538277626037598
303	14	-1.8121997117996216
303	15	-1.2218655347824097
303	16	-1.230100393295288
303	17	-1.902661681175232
303	18	-1.230100393295288
303	19	-1.8121997117996216
303	20	-2.2923097610473633
303	21	-0.6346302628517151
304	0	-1.2503365278244019
304	1	-2.182964563369751
304	2	1.0029728412628174
304	3	-2.2923097610473633
304	4	-2.622205972671509
304	5	-1.5280916690826416
304	6	-1.902661681175232
304	7	1.174594759941101
304	8	1.0538277626037598
304	9	-1.8121997117996216
304	10	-1.2218655347824097
304	11	-2.5585482120513916
304	12	-2.184291362762451
304	13	-1.7130177021026611
304	14	-1.230100393295288
304	15	-1.6791870594024658
304	16	-1.8121997117996216
304	17	-0.31451845169067383
304	18	-1.230100393295288
304	19	-0.6346302628517151
304	20	-1.3635731935501099
304	21	-1.179775595664978
304	22	-1.230100393295288
305	0	-1.2503365278244019
305	1	-2.2923097610473633
305	2	-1.3635731935501099
305	3	-1.230100393295288
305	4	-1.8121997117996216
305	5	-1.230100393295288
305	6	-1.179775595664978
305	7	-1.902661681175232
305	8	-2.622205972671509
305	9	-2.5585482120513916
305	10	-2.182964563369751
305	11	1.0538277626037598
305	12	-1.7130177021026611
305	13	-0.6346302628517151
305	14	-1.8121997117996216
305	15	-0.31451845169067383
305	16	-1.6791870594024658
305	17	-1.2218655347824097
305	18	-1.230100393295288
306	0	-1.2503365278244019
306	1	-1.230100393295288
306	2	-1.7130177021026611
306	3	-2.182964563369751
306	4	-1.3635731935501099
306	5	-1.230100393295288
306	6	-1.8121997117996216
306	7	-2.5585482120513916
306	8	-1.2218655347824097
306	9	1.0538277626037598
306	10	-1.8121997117996216
306	11	-2.2923097610473633
306	12	-1.230100393295288
306	13	-0.31451845169067383
306	14	-1.6791870594024658
306	15	-0.6346302628517151
306	16	-2.622205972671509
306	17	-1.179775595664978
306	18	-1.902661681175232
306	19	-2.184291362762451
307	0	1.0029728412628174
307	1	-1.2503365278244019
307	2	-1.5280916690826416
307	3	-2.622205972671509
307	4	1.174594759941101
307	5	-2.182964563369751
307	6	-2.2923097610473633
307	7	-1.902661681175232
307	8	-2.184291362762451
307	9	-1.2218655347824097
307	10	-1.7130177021026611
307	11	1.0538277626037598
307	12	-1.8121997117996216
307	13	-2.5585482120513916
307	14	-1.230100393295288
307	15	-1.230100393295288
307	16	-1.179775595664978
307	17	-1.8121997117996216
307	18	-1.6791870594024658
307	19	-0.6346302628517151
307	20	-0.31451845169067383
307	21	-1.230100393295288
307	22	-1.3635731935501099
307	23	-1.956069827079773
308	0	-1.230100393295288
308	1	-1.2218655347824097
308	2	-2.5585482120513916
308	3	-0.31451845169067383
308	4	-1.7130177021026611
308	5	-1.230100393295288
308	6	-1.179775595664978
308	7	-1.2503365278244019
308	8	-2.622205972671509
308	9	-1.8121997117996216
308	10	-1.8121997117996216
308	11	-2.182964563369751
308	12	-1.902661681175232
308	13	-1.6791870594024658
308	14	1.0538277626037598
308	15	-0.6346302628517151
308	16	-1.3635731935501099
308	17	-1.230100393295288
308	18	-2.2923097610473633
308	19	-0.7995138764381409
309	0	-2.5585482120513916
309	1	-1.2218655347824097
309	2	-1.230100393295288
309	3	-0.31451845169067383
309	4	-1.7130177021026611
309	5	-1.902661681175232
309	6	-2.182964563369751
309	7	1.0538277626037598
309	8	-1.230100393295288
309	9	-1.179775595664978
309	10	-1.8121997117996216
309	11	-0.6346302628517151
309	12	-1.3635731935501099
309	13	-1.230100393295288
309	14	-2.2923097610473633
309	15	-1.8121997117996216
309	16	-1.2503365278244019
309	17	-2.622205972671509
309	18	-1.6791870594024658
310	0	-1.230100393295288
310	1	-1.8121997117996216
310	2	-1.8121997117996216
310	3	-1.902661681175232
310	4	-1.3635731935501099
310	5	-2.2923097610473633
310	6	-0.31451845169067383
310	7	-1.230100393295288
310	8	-2.622205972671509
310	9	-2.5585482120513916
310	10	1.0538277626037598
310	11	-1.7130177021026611
310	12	-1.179775595664978
310	13	-1.2503365278244019
310	14	-1.6791870594024658
310	15	-1.2218655347824097
310	16	-0.6346302628517151
310	17	-2.182964563369751
310	18	-1.230100393295288
310	19	-1.3776938915252686
310	20	-1.5784616470336914
311	0	-1.8121997117996216
311	1	-1.230100393295288
311	2	-1.6791870594024658
311	3	-2.5585482120513916
311	4	-1.7130177021026611
311	5	-0.6346302628517151
311	6	-1.5818129777908325
311	7	-1.3635731935501099
311	8	-2.622205972671509
311	9	-1.230100393295288
311	10	-1.179775595664978
311	11	-2.2923097610473633
311	12	-1.2503365278244019
311	13	-1.230100393295288
311	14	1.0538277626037598
311	15	-0.31451845169067383
311	16	-1.8121997117996216
311	17	-2.182964563369751
311	18	-1.902661681175232
311	19	-1.2218655347824097
311	20	0.5783522129058838
311	21	-2.2459681034088135
312	0	-2.184291362762451
312	1	-1.3635731935501099
312	2	-1.230100393295288
312	3	-1.179775595664978
312	4	-1.230100393295288
312	5	-1.2503365278244019
312	6	-1.6791870594024658
312	7	-1.8121997117996216
312	8	-2.2923097610473633
312	9	-2.622205972671509
312	10	-0.6346302628517151
312	11	-2.5585482120513916
312	12	-1.7130177021026611
312	13	-0.31451845169067383
312	14	-2.2459681034088135
312	15	0.5647562146186829
312	16	-1.902661681175232
312	17	-1.8121997117996216
312	18	-1.230100393295288
312	19	-2.182964563369751
312	20	-1.2218655347824097
312	21	1.0538277626037598
313	0	-1.230100393295288
313	1	-0.6346302628517151
313	2	-0.31451845169067383
313	3	-1.3635731935501099
313	4	-2.2923097610473633
313	5	-1.2503365278244019
313	6	-1.230100393295288
313	7	-1.2218655347824097
313	8	-2.622205972671509
313	9	1.0538277626037598
313	10	-1.8121997117996216
313	11	-1.230100393295288
313	12	-1.7130177021026611
313	13	-2.5585482120513916
313	14	-1.6791870594024658
313	15	-1.179775595664978
313	16	-2.182964563369751
313	17	-1.8121997117996216
313	18	-1.902661681175232
313	19	-2.2459681034088135
313	20	-0.7995138764381409
314	0	-0.31451845169067383
314	1	-2.5585482120513916
314	2	-1.7130177021026611
314	3	-1.230100393295288
314	4	-2.2923097610473633
314	5	-1.230100393295288
314	6	-1.8121997117996216
314	7	-0.6346302628517151
314	8	-1.179775595664978
314	9	-1.230100393295288
314	10	-1.3635731935501099
314	11	-1.2503365278244019
314	12	-1.6791870594024658
314	13	-2.622205972671509
314	14	-1.2218655347824097
314	15	-1.8121997117996216
314	16	-1.902661681175232
314	17	-2.182964563369751
314	18	1.0538277626037598
315	0	-1.8121997117996216
315	1	-0.6346302628517151
315	2	-1.902661681175232
315	3	-1.179775595664978
315	4	-2.2923097610473633
315	5	-1.230100393295288
315	6	-1.230100393295288
315	7	-1.2218655347824097
315	8	-0.31451845169067383
315	9	-1.8121997117996216
315	10	1.0538277626037598
315	11	-1.2503365278244019
315	12	-1.230100393295288
315	13	-1.6791870594024658
315	14	-1.7130177021026611
315	15	-2.5585482120513916
315	16	-1.3635731935501099
315	17	-2.182964563369751
315	18	-2.622205972671509
316	0	-1.5818129777908325
316	1	-1.230100393295288
316	2	-2.5585482120513916
316	3	-1.6791870594024658
316	4	-2.622205972671509
316	5	-2.2923097610473633
316	6	-0.6346302628517151
316	7	-1.8121997117996216
316	8	-1.2503365278244019
316	9	-1.179775595664978
316	10	-1.3635731935501099
316	11	-1.230100393295288
316	12	-1.7130177021026611
316	13	0.5783522129058838
316	14	-0.31451845169067383
316	15	-1.5784616470336914
316	16	-1.2218655347824097
316	17	-1.230100393295288
316	18	-1.8121997117996216
316	19	1.0538277626037598
316	20	-2.182964563369751
316	21	-1.902661681175232
317	0	-1.2503365278244019
317	1	-1.179775595664978
317	2	-2.2923097610473633
317	3	-0.6346302628517151
317	4	-2.622205972671509
317	5	-2.5585482120513916
317	6	-1.230100393295288
317	7	-1.6791870594024658
317	8	-1.230100393295288
317	9	-1.3635731935501099
317	10	-1.7130177021026611
317	11	-2.184291362762451
317	12	-1.8121997117996216
317	13	-0.31451845169067383
317	14	-2.2459681034088135
317	15	-1.230100393295288
317	16	-1.2218655347824097
317	17	-1.8121997117996216
317	18	-2.182964563369751
317	19	1.0538277626037598
317	20	-1.902661681175232
317	21	0.5647562146186829
318	0	-1.230100393295288
318	1	-2.182964563369751
318	2	-1.902661681175232
318	3	-1.179775595664978
318	4	-0.6346302628517151
318	5	-1.230100393295288
318	6	-1.2218655347824097
318	7	-2.5585482120513916
318	8	-2.2923097610473633
318	9	-1.2503365278244019
318	10	-1.8121997117996216
318	11	-1.8121997117996216
318	12	-1.230100393295288
318	13	-2.622205972671509
318	14	-0.31451845169067383
318	15	-1.7130177021026611
318	16	-1.6791870594024658
318	17	-1.3635731935501099
318	18	1.0538277626037598
319	0	-1.7130177021026611
319	1	-1.2503365278244019
319	2	-2.622205972671509
319	3	-1.230100393295288
319	4	-1.8121997117996216
319	5	-2.2923097610473633
319	6	-2.5585482120513916
319	7	-2.184291362762451
319	8	-1.6791870594024658
319	9	-1.230100393295288
319	10	-0.6346302628517151
319	11	-1.179775595664978
319	12	-1.3635731935501099
320	0	-1.230100393295288
320	1	-1.8121997117996216
320	2	-2.622205972671509
320	3	-1.7130177021026611
320	4	-2.184291362762451
320	5	-1.230100393295288
320	6	-1.179775595664978
320	7	-2.2923097610473633
320	8	-1.3635731935501099
320	9	-1.2503365278244019
320	10	-2.5585482120513916
320	11	-0.6346302628517151
320	12	-1.6791870594024658
320	13	-0.14734035730361938
320	14	-1.5784616470336914
320	15	-0.6519201993942261
320	16	-0.7686765193939209
320	17	1.6320079565048218
320	18	-1.5804861783981323
320	19	-1.3244813680648804
320	20	-1.2340195178985596
320	21	0.5783522129058838
321	0	-1.3635731935501099
321	1	-1.8121997117996216
321	2	-2.2923097610473633
321	3	-1.7130177021026611
321	4	-1.230100393295288
321	5	-2.5585482120513916
321	6	-2.184291362762451
321	7	-0.6346302628517151
321	8	-1.179775595664978
321	9	-1.230100393295288
321	10	-1.6791870594024658
321	11	-1.2503365278244019
321	12	-2.622205972671509
321	13	-2.182964563369751
321	14	-1.230100393295288
321	15	-1.8121997117996216
321	16	-1.902661681175232
321	17	-1.2218655347824097
321	18	1.0538277626037598
321	19	-0.31451845169067383
321	20	-2.2459681034088135
321	21	0.5647562146186829
322	0	-2.182964563369751
322	1	1.0538277626037598
322	2	-1.902661681175232
322	3	-0.31451845169067383
322	4	-2.622205972671509
322	5	-2.2923097610473633
322	6	-1.230100393295288
322	7	-1.230100393295288
322	8	-0.6346302628517151
322	9	-1.2218655347824097
322	10	-1.6791870594024658
322	11	-1.3635731935501099
322	12	-1.179775595664978
322	13	-2.5585482120513916
322	14	-1.8121997117996216
322	15	-1.8121997117996216
322	16	-1.2503365278244019
322	17	-1.230100393295288
322	18	-1.7130177021026611
323	0	-2.2923097610473633
323	1	-1.6791870594024658
323	2	-2.5585482120513916
323	3	-1.230100393295288
323	4	-0.6346302628517151
323	5	-1.3635731935501099
323	6	-1.8121997117996216
323	7	-2.184291362762451
323	8	-2.622205972671509
323	9	-1.2503365278244019
323	10	-1.179775595664978
323	11	-1.230100393295288
323	12	-1.7130177021026611
323	13	-0.31451845169067383
323	14	-2.2459681034088135
323	15	-1.8121997117996216
323	16	-1.2218655347824097
323	17	-1.902661681175232
323	18	-1.230100393295288
323	19	1.0538277626037598
323	20	-2.182964563369751
323	21	0.5647562146186829
323	22	-0.7995138764381409
323	23	0.31334254145622253
323	24	1.0029728412628174
323	25	-1.5280916690826416
323	26	1.174594759941101
323	27	-1.956069827079773
324	0	-2.2923097610473633
324	1	-2.5585482120513916
324	2	-1.6791870594024658
324	3	-1.230100393295288
324	4	-1.179775595664978
324	5	-1.7130177021026611
324	6	-1.2503365278244019
324	7	-2.184291362762451
324	8	-1.8121997117996216
324	9	-1.3635731935501099
324	10	-1.230100393295288
324	11	-0.6346302628517151
324	12	-2.622205972671509
324	13	-0.31451845169067383
324	14	0.5647562146186829
324	15	-1.2218655347824097
324	16	-1.230100393295288
324	17	-2.2459681034088135
324	18	-1.8121997117996216
324	19	-2.182964563369751
324	20	1.0538277626037598
324	21	-1.902661681175232
325	0	-2.2923097610473633
325	1	-1.230100393295288
325	2	-1.230100393295288
325	3	-1.6791870594024658
325	4	-1.179775595664978
325	5	-1.7130177021026611
325	6	-1.3635731935501099
325	7	-0.6346302628517151
325	8	-2.622205972671509
325	9	-1.8121997117996216
325	10	-2.184291362762451
325	11	-2.5585482120513916
325	12	-1.2503365278244019
325	13	-1.902661681175232
325	14	-2.182964563369751
325	15	-1.230100393295288
325	16	-0.31451845169067383
325	17	-1.8121997117996216
325	18	-1.2218655347824097
325	19	1.0538277626037598
325	20	0.5647562146186829
325	21	-2.2459681034088135
325	22	-0.7995138764381409
326	0	-1.7130177021026611
326	1	-2.5585482120513916
326	2	-0.31451845169067383
326	3	-2.184291362762451
326	4	-2.622205972671509
326	5	-2.2923097610473633
326	6	-1.6791870594024658
326	7	-1.3635731935501099
326	8	-1.8121997117996216
326	9	-0.6346302628517151
326	10	-1.179775595664978
326	11	-1.230100393295288
326	12	-1.230100393295288
326	13	-1.2503365278244019
326	14	-1.230100393295288
326	15	-1.2218655347824097
326	16	-2.2459681034088135
326	17	-1.902661681175232
326	18	1.0538277626037598
326	19	-2.182964563369751
326	20	-1.8121997117996216
326	21	0.5647562146186829
326	22	-1.2340195178985596
327	0	-1.230100393295288
327	1	-1.2503365278244019
327	2	-1.3635731935501099
327	3	-1.7130177021026611
327	4	-2.2923097610473633
327	5	-0.6346302628517151
327	6	-2.184291362762451
327	7	-1.8121997117996216
327	8	-2.5585482120513916
327	9	-2.622205972671509
327	10	-1.230100393295288
327	11	-1.6791870594024658
327	12	-1.179775595664978
327	13	-1.2218655347824097
327	14	-1.230100393295288
327	15	-0.31451845169067383
327	16	-2.2459681034088135
327	17	0.5647562146186829
327	18	-2.182964563369751
327	19	-1.902661681175232
327	20	-1.8121997117996216
327	21	1.0538277626037598
328	0	-1.179775595664978
328	1	-1.3635731935501099
328	2	-1.8121997117996216
328	3	-1.230100393295288
328	4	-0.6346302628517151
328	5	-1.2503365278244019
328	6	-1.6791870594024658
328	7	-1.230100393295288
328	8	-2.5585482120513916
328	9	-1.7130177021026611
328	10	-2.184291362762451
328	11	-2.2923097610473633
328	12	-2.622205972671509
328	13	-2.112494945526123
328	14	-0.31451845169067383
328	15	-2.2459681034088135
328	16	-1.230100393295288
328	17	-1.2218655347824097
328	18	-1.902661681175232
328	19	-2.182964563369751
328	20	-1.8121997117996216
328	21	1.0538277626037598
328	22	-0.7995138764381409
329	0	-2.5585482120513916
329	1	-1.3635731935501099
329	2	-1.6791870594024658
329	3	-0.6346302628517151
329	4	-2.184291362762451
329	5	-1.230100393295288
329	6	-1.230100393295288
329	7	-2.622205972671509
329	8	-1.2503365278244019
329	9	-1.7130177021026611
329	10	-1.8121997117996216
329	11	-1.179775595664978
329	12	-2.2923097610473633
329	13	0.5647562146186829
329	14	-0.31451845169067383
329	15	-1.2218655347824097
329	16	-1.902661681175232
329	17	-2.182964563369751
329	18	-1.230100393295288
329	19	-1.8121997117996216
329	20	1.0538277626037598
329	21	-2.2459681034088135
330	0	-1.230100393295288
330	1	-2.5585482120513916
330	2	-1.230100393295288
330	3	-1.3635731935501099
330	4	-0.6346302628517151
330	5	-2.184291362762451
330	6	-2.622205972671509
330	7	-1.6791870594024658
330	8	-1.179775595664978
330	9	-1.2503365278244019
330	10	-1.7130177021026611
330	11	-1.8121997117996216
330	12	-2.2923097610473633
330	13	-1.2218655347824097
330	14	-1.230100393295288
330	15	-2.2459681034088135
330	16	-0.31451845169067383
330	17	-2.182964563369751
330	18	1.0538277626037598
330	19	-1.8121997117996216
330	20	-1.902661681175232
330	21	0.5647562146186829
331	0	-0.6346302628517151
331	1	-1.179775595664978
331	2	-1.230100393295288
331	3	-2.184291362762451
331	4	-2.2923097610473633
331	5	-1.2503365278244019
331	6	-1.6791870594024658
331	7	-1.3635731935501099
331	8	-1.7130177021026611
331	9	-1.8121997117996216
331	10	-2.5585482120513916
331	11	-2.622205972671509
331	12	-1.230100393295288
331	13	0.5647562146186829
331	14	-1.230100393295288
331	15	-1.2218655347824097
331	16	-0.31451845169067383
331	17	0.5647562146186829
331	18	-1.8121997117996216
331	19	-1.902661681175232
331	20	1.0538277626037598
331	21	-2.182964563369751
332	0	1.0538277626037598
332	1	-2.182964563369751
332	2	-1.8121997117996216
332	3	-2.622205972671509
332	4	-1.179775595664978
332	5	-1.230100393295288
332	6	-1.230100393295288
332	7	-1.8121997117996216
332	8	-1.902661681175232
332	9	-2.2923097610473633
332	10	-1.3635731935501099
332	11	-1.7130177021026611
332	12	-1.2218655347824097
332	13	-2.5585482120513916
332	14	-1.2503365278244019
332	15	-1.6791870594024658
332	16	-1.230100393295288
332	17	-0.31451845169067383
332	18	-0.6346302628517151
333	0	-1.2503365278244019
333	1	-2.2923097610473633
333	2	-1.6791870594024658
333	3	-1.179775595664978
333	4	-1.2218655347824097
333	5	-1.8121997117996216
333	6	-1.8121997117996216
333	7	-1.230100393295288
333	8	-1.230100393295288
333	9	-1.3635731935501099
333	10	-2.622205972671509
333	11	-0.6346302628517151
333	12	-0.31451845169067383
333	13	1.3585513830184937
333	14	-1.7130177021026611
333	15	1.0538277626037598
333	16	0.9829676151275635
333	17	-1.902661681175232
333	18	-1.230100393295288
333	19	0.5647562146186829
333	20	-0.6519201993942261
333	21	-2.184291362762451
333	22	-1.4503147602081299
333	23	-1.2340195178985596
333	24	-0.8949252367019653
333	25	1.1505664587020874
334	0	-1.2503365278244019
334	1	-1.2218655347824097
334	2	-2.622205972671509
334	3	-1.6791870594024658
334	4	-0.31451845169067383
334	5	-1.3635731935501099
334	6	-1.230100393295288
334	7	-1.8121997117996216
334	8	-2.5585482120513916
334	9	-2.182964563369751
334	10	-1.230100393295288
334	11	-1.7130177021026611
334	12	-1.8121997117996216
334	13	1.0538277626037598
334	14	-1.230100393295288
334	15	-0.6346302628517151
334	16	-2.2923097610473633
334	17	-1.902661681175232
334	18	-1.179775595664978
334	19	0.5647562146186829
334	20	-1.230100393295288
334	21	-1.8121997117996216
334	22	-1.68059241771698
334	23	1.1369704008102417
334	24	-1.308671236038208
334	25	-2.184291362762451
335	0	-1.2503365278244019
335	1	-1.902661681175232
335	2	-1.8121997117996216
335	3	-1.3635731935501099
335	4	-1.230100393295288
335	5	-2.622205972671509
335	6	1.0538277626037598
335	7	-2.182964563369751
335	8	-2.5585482120513916
335	9	-0.6346302628517151
335	10	-1.230100393295288
335	11	-1.6791870594024658
335	12	-1.230100393295288
335	13	-2.2923097610473633
335	14	-1.179775595664978
335	15	-1.7130177021026611
335	16	-0.31451845169067383
335	17	-1.8121997117996216
335	18	-1.2218655347824097
335	19	-1.230100393295288
335	20	1.1369704008102417
335	21	-2.184291362762451
335	22	-1.68059241771698
335	23	-1.308671236038208
335	24	-1.8121997117996216
335	25	0.5647562146186829
336	0	-1.179775595664978
336	1	-1.8121997117996216
336	2	-1.230100393295288
336	3	-1.2503365278244019
336	4	1.0538277626037598
336	5	-1.2218655347824097
336	6	-2.182964563369751
336	7	-1.3635731935501099
336	8	-1.230100393295288
336	9	-2.5585482120513916
336	10	-1.8121997117996216
336	11	-2.2923097610473633
336	12	-1.6791870594024658
336	13	-0.6346302628517151
336	14	-0.31451845169067383
336	15	-1.230100393295288
336	16	-1.902661681175232
336	17	-1.7130177021026611
336	18	-2.622205972671509
337	0	1.0538277626037598
337	1	-1.902661681175232
337	2	-0.6346302628517151
337	3	-1.3635731935501099
337	4	-0.31451845169067383
337	5	-1.2218655347824097
337	6	-1.8121997117996216
337	7	-1.7130177021026611
337	8	-2.5585482120513916
337	9	-2.182964563369751
337	10	-1.230100393295288
337	11	-1.230100393295288
337	12	-1.179775595664978
337	13	-2.2923097610473633
337	14	-1.8121997117996216
337	15	-1.230100393295288
337	16	-1.6791870594024658
337	17	-2.622205972671509
337	18	-1.2503365278244019
338	0	-1.8121997117996216
338	1	-1.2503365278244019
338	2	-1.6791870594024658
338	3	-0.6346302628517151
338	4	-2.2923097610473633
338	5	-1.179775595664978
338	6	-1.230100393295288
338	7	-1.230100393295288
338	8	-1.7130177021026611
338	9	-2.5585482120513916
338	10	-2.622205972671509
338	11	-1.3635731935501099
338	12	-1.5818129777908325
338	13	0.5783522129058838
338	14	-1.230100393295288
338	15	-1.2218655347824097
338	16	-1.5784616470336914
338	17	-0.31451845169067383
338	18	-1.902661681175232
338	19	-1.8121997117996216
338	20	1.0538277626037598
338	21	-2.182964563369751
339	0	-2.622205972671509
339	1	-1.6791870594024658
339	2	-2.2923097610473633
339	3	-2.5585482120513916
339	4	-1.2503365278244019
339	5	-0.6346302628517151
339	6	-1.7130177021026611
339	7	-1.230100393295288
339	8	-2.184291362762451
339	9	-1.3635731935501099
339	10	-1.8121997117996216
339	11	-1.179775595664978
339	12	-1.230100393295288
339	13	0.5647562146186829
339	14	-0.31451845169067383
339	15	-2.2459681034088135
339	16	-1.2218655347824097
339	17	-1.230100393295288
339	18	1.0538277626037598
339	19	-2.182964563369751
339	20	-1.8121997117996216
339	21	-1.902661681175232
339	22	-0.7995138764381409
340	0	-1.902661681175232
340	1	-1.6791870594024658
340	2	-2.5585482120513916
340	3	-1.8121997117996216
340	4	-1.230100393295288
340	5	1.0538277626037598
340	6	-2.182964563369751
340	7	-1.230100393295288
340	8	-1.2503365278244019
340	9	-1.3635731935501099
340	10	-1.179775595664978
340	11	-1.2218655347824097
340	12	-0.31451845169067383
340	13	-2.622205972671509
340	14	-1.230100393295288
340	15	-1.7130177021026611
340	16	-2.2923097610473633
340	17	-0.6346302628517151
340	18	-1.8121997117996216
341	0	-1.2503365278244019
341	1	-1.8121997117996216
341	2	-1.179775595664978
341	3	-0.31451845169067383
341	4	-2.182964563369751
341	5	-1.230100393295288
341	6	-1.230100393295288
341	7	-2.622205972671509
341	8	-1.902661681175232
341	9	-1.6791870594024658
341	10	-2.5585482120513916
341	11	-1.7130177021026611
341	12	-1.3635731935501099
341	13	-2.2923097610473633
341	14	-0.6346302628517151
341	15	-1.8121997117996216
341	16	-1.230100393295288
341	17	-1.2218655347824097
341	18	1.0538277626037598
341	19	-1.4503147602081299
341	20	-0.6519201993942261
341	21	-1.2340195178985596
341	22	-0.6519201993942261
341	23	-0.8949252367019653
341	24	-2.184291362762451
341	25	0.5647562146186829
342	0	-1.6791870594024658
342	1	-2.184291362762451
342	2	-1.230100393295288
342	3	-0.6346302628517151
342	4	-1.230100393295288
342	5	-1.7130177021026611
342	6	-2.5585482120513916
342	7	-1.179775595664978
342	8	-2.2923097610473633
342	9	-2.622205972671509
342	10	-1.2503365278244019
342	11	-1.3635731935501099
342	12	-1.8121997117996216
342	13	0.5647562146186829
342	14	-0.31451845169067383
342	15	-1.5784616470336914
342	16	-1.2218655347824097
342	17	-1.230100393295288
342	18	1.0538277626037598
342	19	-1.8121997117996216
342	20	-1.902661681175232
342	21	-2.182964563369751
343	0	-1.2218655347824097
343	1	1.0538277626037598
343	2	-1.230100393295288
343	3	-0.31451845169067383
343	4	-1.2503365278244019
343	5	-1.179775595664978
343	6	-2.2923097610473633
343	7	-1.3635731935501099
343	8	-1.7130177021026611
343	9	-1.230100393295288
343	10	-2.622205972671509
343	11	-1.8121997117996216
343	12	-1.8121997117996216
343	13	-2.182964563369751
343	14	-1.6791870594024658
343	15	-0.6346302628517151
343	16	-1.902661681175232
343	17	-2.5585482120513916
343	18	-1.230100393295288
343	19	-0.7995138764381409
343	20	-2.2459681034088135
344	0	-1.6791870594024658
344	1	-2.622205972671509
344	2	-2.2923097610473633
344	3	-1.7130177021026611
344	4	-2.184291362762451
344	5	-1.8121997117996216
344	6	-1.3635731935501099
344	7	-1.230100393295288
344	8	-2.5585482120513916
344	9	-0.6346302628517151
344	10	-1.230100393295288
344	11	-1.179775595664978
344	12	-1.2503365278244019
344	13	0.5647562146186829
344	14	-1.2218655347824097
344	15	-1.230100393295288
344	16	-0.31451845169067383
344	17	-2.2459681034088135
344	18	-1.8121997117996216
344	19	-2.182964563369751
344	20	1.0538277626037598
344	21	-1.902661681175232
344	22	-0.6519201993942261
345	0	-1.8121997117996216
345	1	-0.6346302628517151
345	2	-1.230100393295288
345	3	-1.230100393295288
345	4	-1.2503365278244019
345	5	-1.6791870594024658
345	6	-2.622205972671509
345	7	-2.2923097610473633
345	8	-0.31451845169067383
345	9	-1.3635731935501099
345	10	-1.179775595664978
345	11	-2.5585482120513916
345	12	-2.182964563369751
345	13	-1.902661681175232
345	14	-1.8121997117996216
345	15	-1.230100393295288
345	16	-1.2218655347824097
345	17	-1.7130177021026611
345	18	1.0538277626037598
345	19	0.5647562146186829
346	0	-1.230100393295288
346	1	-1.230100393295288
346	2	-2.182964563369751
346	3	-0.6346302628517151
346	4	-1.902661681175232
346	5	-1.8121997117996216
346	6	-2.622205972671509
346	7	-2.5585482120513916
346	8	-1.8121997117996216
346	9	-2.2923097610473633
346	10	-1.2218655347824097
346	11	-1.7130177021026611
346	12	1.0538277626037598
346	13	-1.2503365278244019
346	14	-1.3635731935501099
346	15	-1.179775595664978
346	16	-0.31451845169067383
346	17	-1.6791870594024658
346	18	-1.230100393295288
347	0	-1.8121997117996216
347	1	-2.5585482120513916
347	2	-1.179775595664978
347	3	-0.6346302628517151
347	4	-1.5818129777908325
347	5	-1.6791870594024658
347	6	-2.2923097610473633
347	7	-2.622205972671509
347	8	-1.2503365278244019
347	9	-1.3635731935501099
347	10	-1.230100393295288
347	11	-1.230100393295288
347	12	-1.7130177021026611
347	13	0.5647562146186829
347	14	-1.2218655347824097
347	15	1.0538277626037598
347	16	-1.230100393295288
347	17	-0.31451845169067383
347	18	-1.8121997117996216
347	19	-1.902661681175232
347	20	-2.182964563369751
347	21	-1.5784616470336914
347	22	-0.6519201993942261
348	0	-2.184291362762451
348	1	-1.179775595664978
348	2	-0.6346302628517151
348	3	-1.6791870594024658
348	4	-1.230100393295288
348	5	-1.3635731935501099
348	6	-1.7130177021026611
348	7	-2.2923097610473633
348	8	-1.2503365278244019
348	9	-1.8121997117996216
348	10	-2.5585482120513916
348	11	-1.230100393295288
348	12	-2.622205972671509
348	13	-2.112494945526123
348	14	-0.31451845169067383
348	15	-2.2459681034088135
348	16	-1.230100393295288
348	17	-1.2218655347824097
348	18	-1.8121997117996216
348	19	-1.902661681175232
348	20	1.0538277626037598
348	21	-2.182964563369751
348	22	-1.230100393295288
349	0	-1.8121997117996216
349	1	-1.230100393295288
349	2	-1.3635731935501099
349	3	-1.230100393295288
349	4	-1.7130177021026611
349	5	-2.2923097610473633
349	6	-0.31451845169067383
349	7	-2.182964563369751
349	8	-1.2218655347824097
349	9	-1.8121997117996216
349	10	-2.5585482120513916
349	11	-1.179775595664978
349	12	-1.2503365278244019
349	13	1.0538277626037598
349	14	-1.230100393295288
349	15	-1.6791870594024658
349	16	-1.902661681175232
349	17	-0.6346302628517151
349	18	-2.622205972671509
350	0	-1.3635731935501099
350	1	-1.2503365278244019
350	2	-2.622205972671509
350	3	-1.230100393295288
350	4	-0.6346302628517151
350	5	-2.5585482120513916
350	6	-2.2923097610473633
350	7	-1.230100393295288
350	8	-1.6791870594024658
350	9	-2.184291362762451
350	10	-1.8121997117996216
350	11	-1.179775595664978
350	12	-1.7130177021026611
350	13	0.5647562146186829
350	14	-0.31451845169067383
350	15	1.0538277626037598
350	16	-1.902661681175232
350	17	-2.182964563369751
350	18	-1.2218655347824097
350	19	-1.230100393295288
350	20	-1.8121997117996216
350	21	-2.2459681034088135
351	0	-1.230100393295288
351	1	-1.7130177021026611
351	2	-2.184291362762451
351	3	-2.5585482120513916
351	4	-1.230100393295288
351	5	-1.6791870594024658
351	6	-1.3635731935501099
351	7	-0.6346302628517151
351	8	-1.2503365278244019
351	9	-1.8121997117996216
351	10	-1.179775595664978
351	11	-2.2923097610473633
351	12	-2.622205972671509
351	13	-1.2218655347824097
351	14	-1.902661681175232
351	15	1.0538277626037598
351	16	-2.182964563369751
351	17	-0.31451845169067383
351	18	-1.8121997117996216
351	19	-1.230100393295288
351	20	0.5647562146186829
351	21	-2.2459681034088135
351	22	-0.6519201993942261
351	23	-1.956069827079773
352	0	-1.6791870594024658
352	1	-1.7130177021026611
352	2	-2.5585482120513916
352	3	-2.622205972671509
352	4	-2.184291362762451
352	5	0.31334254145622253
352	6	-0.6346302628517151
352	7	-0.31451845169067383
352	8	-1.2503365278244019
352	9	-1.902661681175232
352	10	-1.230100393295288
352	11	-1.3635731935501099
352	12	1.0538277626037598
352	13	-2.182964563369751
352	14	-1.2218655347824097
352	15	-1.230100393295288
352	16	-1.230100393295288
352	17	-1.179775595664978
352	18	-1.8121997117996216
352	19	-2.2923097610473633
352	20	-1.8121997117996216
352	21	-2.2459681034088135
353	0	-1.6791870594024658
353	1	-0.6346302628517151
353	2	-2.622205972671509
353	3	-1.230100393295288
353	4	-1.8121997117996216
353	5	-2.182964563369751
353	6	-0.31451845169067383
353	7	-1.2503365278244019
353	8	-1.230100393295288
353	9	-1.902661681175232
353	10	1.0538277626037598
353	11	-1.179775595664978
353	12	-1.8121997117996216
353	13	-1.2218655347824097
353	14	-1.7130177021026611
353	15	-2.2923097610473633
353	16	-2.5585482120513916
353	17	-1.230100393295288
353	18	-1.3635731935501099
353	19	-0.7995138764381409
353	20	-2.2459681034088135
354	0	-2.5585482120513916
354	1	-1.230100393295288
354	2	-1.230100393295288
354	3	-2.184291362762451
354	4	-0.6346302628517151
354	5	-2.2923097610473633
354	6	-1.3635731935501099
354	7	-1.6791870594024658
354	8	-1.7130177021026611
354	9	-2.622205972671509
354	10	-1.8121997117996216
354	11	-1.179775595664978
354	12	-1.2503365278244019
354	13	0.5783522129058838
354	14	1.0538277626037598
354	15	-2.182964563369751
354	16	-1.2218655347824097
354	17	-1.902661681175232
354	18	-0.31451845169067383
354	19	-1.8121997117996216
354	20	-1.230100393295288
354	21	-2.2459681034088135
355	0	-2.5585482120513916
355	1	-1.230100393295288
355	2	-1.179775595664978
355	3	-2.622205972671509
355	4	-1.6791870594024658
355	5	-2.2923097610473633
355	6	-1.8121997117996216
355	7	-0.6346302628517151
355	8	-1.8121997117996216
355	9	-1.230100393295288
355	10	-1.230100393295288
355	11	-2.182964563369751
355	12	1.0538277626037598
355	13	-1.2218655347824097
355	14	-1.3635731935501099
355	15	-1.7130177021026611
355	16	-1.902661681175232
355	17	-0.31451845169067383
355	18	-1.2503365278244019
355	19	0.5647562146186829
355	20	-1.3776938915252686
356	0	-1.4503147602081299
356	1	-0.9129226207733154
356	2	-2.622205972671509
356	3	-1.2503365278244019
356	4	-2.182964563369751
356	5	-1.5818129777908325
356	6	-2.2923097610473633
356	7	-1.5280916690826416
356	8	-1.230100393295288
356	9	-2.5585482120513916
356	10	-0.6519201993942261
356	11	-0.6519201993942261
356	12	-1.7130177021026611
356	13	-2.5585482120513916
356	14	-1.3635731935501099
356	15	-0.8949252367019653
356	16	-1.2340195178985596
356	17	-1.6791870594024658
356	18	1.0538277626037598
356	19	-0.6346302628517151
356	20	-1.8121997117996216
356	21	-1.179775595664978
356	22	-1.230100393295288
356	23	-1.902661681175232
356	24	-1.230100393295288
356	25	-1.2218655347824097
356	26	-1.8121997117996216
356	27	-0.31451845169067383
356	28	0.5647562146186829
357	0	-2.048344373703003
357	1	-2.5585482120513916
357	2	-1.3635731935501099
357	3	-1.230100393295288
357	4	-1.230100393295288
357	5	-2.184291362762451
357	6	-1.308671236038208
357	7	-2.182964563369751
357	8	-2.622205972671509
357	9	-1.7130177021026611
357	10	-1.8121997117996216
357	11	-1.2503365278244019
358	0	-0.8776137828826904
358	1	-1.3635731935501099
358	2	-0.6519201993942261
358	3	-1.6898314952850342
358	4	-0.6519201993942261
358	5	-2.184291362762451
358	6	-0.3324684500694275
358	7	-1.7130177021026611
358	8	-1.2340195178985596
358	9	-1.2340195178985596
358	10	-1.2503365278244019
358	11	-2.5585482120513916
358	12	-2.622205972671509
358	13	-1.5784616470336914
358	14	-0.14734035730361938
358	15	0.5783522129058838
358	16	-0.6519201993942261
358	17	-1.2340195178985596
358	18	-0.7686765193939209
358	19	1.6320079565048218
358	20	-1.3244813680648804
358	21	-2.182964563369751
358	22	-0.9129226207733154
358	23	-2.048344373703003
358	24	-1.5280916690826416
358	25	-1.956069827079773
358	26	-1.308671236038208
358	27	-1.230100393295288
358	28	-1.8121997117996216
358	29	-1.230100393295288
359	0	-2.048344373703003
359	1	-1.8121997117996216
359	2	-1.308671236038208
359	3	-2.622205972671509
359	4	-2.184291362762451
359	5	-1.2503365278244019
359	6	-2.5585482120513916
359	7	-1.7130177021026611
359	8	-1.3635731935501099
359	9	-1.230100393295288
359	10	-1.230100393295288
359	11	-2.182964563369751
360	0	-1.2503365278244019
360	1	-1.7130177021026611
360	2	-0.31451845169067383
360	3	-2.5585482120513916
360	4	1.1369704008102417
360	5	-1.230100393295288
360	6	-1.230100393295288
360	7	-0.6346302628517151
360	8	-1.8121997117996216
361	0	-1.230100393295288
361	1	-0.8776137828826904
361	2	-1.6898314952850342
361	3	-2.184291362762451
361	4	-1.2503365278244019
361	5	-0.6519201993942261
361	6	-1.2340195178985596
361	7	-1.7130177021026611
361	8	-0.6346302628517151
361	9	-1.3635731935501099
361	10	-2.5585482120513916
361	11	-2.622205972671509
361	12	-1.8121997117996216
361	13	-0.7686765193939209
361	14	-1.230100393295288
361	15	-1.5784616470336914
361	16	-0.31451845169067383
361	17	-2.182964563369751
361	18	1.6320079565048218
361	19	-1.2340195178985596
361	20	-1.3244813680648804
361	21	0.5783522129058838
361	22	-1.230100393295288
361	23	-1.8121997117996216
361	24	1.1369704008102417
361	25	-1.308671236038208
361	26	-2.048344373703003
362	0	-1.230100393295288
362	1	-1.8121997117996216
362	2	-2.622205972671509
362	3	-2.048344373703003
362	4	-1.230100393295288
362	5	-2.182964563369751
362	6	-1.7130177021026611
362	7	-1.308671236038208
362	8	-2.5585482120513916
362	9	-2.184291362762451
362	10	-1.2503365278244019
362	11	-1.3635731935501099
362	12	-1.6791870594024658
362	13	-1.8121997117996216
362	14	-0.6346302628517151
362	15	-1.230100393295288
362	16	0.5647562146186829
362	17	-1.230100393295288
362	18	-0.31451845169067383
362	19	-1.230100393295288
362	20	-1.179775595664978
362	21	-2.2923097610473633
362	22	-1.2218655347824097
362	23	-1.8121997117996216
362	24	1.0538277626037598
362	25	-1.902661681175232
363	0	-2.048344373703003
363	1	-2.5585482120513916
363	2	-1.7130177021026611
363	3	-1.308671236038208
363	4	-2.182964563369751
363	5	-1.230100393295288
363	6	-1.3635731935501099
363	7	-1.8121997117996216
363	8	-2.622205972671509
363	9	-1.230100393295288
363	10	-2.184291362762451
363	11	-1.2503365278244019
364	0	-1.2503365278244019
364	1	-2.182964563369751
364	2	-1.3635731935501099
364	3	1.0538277626037598
364	4	-0.31451845169067383
364	5	-1.902661681175232
364	6	-2.622205972671509
364	7	-1.179775595664978
364	8	-1.6791870594024658
364	9	-1.230100393295288
364	10	-1.2218655347824097
364	11	-2.5585482120513916
364	12	-1.7130177021026611
364	13	-1.230100393295288
364	14	-0.6346302628517151
364	15	-2.2923097610473633
364	16	-1.8121997117996216
364	17	-1.8121997117996216
364	18	-1.230100393295288
365	0	-1.8121997117996216
365	1	-1.7130177021026611
365	2	-2.5585482120513916
365	3	-1.2503365278244019
365	4	-0.6346302628517151
365	5	-1.6791870594024658
365	6	-1.230100393295288
365	7	-1.902661681175232
365	8	-0.31451845169067383
365	9	-2.2923097610473633
365	10	-1.3635731935501099
365	11	-1.2218655347824097
365	12	-2.622205972671509
365	13	-1.230100393295288
365	14	-1.179775595664978
365	15	-1.8121997117996216
365	16	1.0538277626037598
365	17	-2.182964563369751
365	18	-1.230100393295288
366	0	-1.8121997117996216
366	1	-1.3635731935501099
366	2	-0.6346302628517151
366	3	-2.622205972671509
366	4	-2.2923097610473633
366	5	-1.230100393295288
366	6	-1.2503365278244019
366	7	-1.179775595664978
366	8	-1.230100393295288
366	9	-2.5585482120513916
366	10	-1.6791870594024658
366	11	-1.2218655347824097
366	12	-2.182964563369751
366	13	-1.902661681175232
366	14	-1.7130177021026611
366	15	-1.8121997117996216
366	16	-0.31451845169067383
366	17	-1.230100393295288
366	18	1.0538277626037598
367	0	-2.182964563369751
367	1	-1.2503365278244019
367	2	-1.7130177021026611
367	3	-2.5585482120513916
367	4	-2.622205972671509
367	5	-0.8949252367019653
367	6	-1.2340195178985596
367	7	-0.6519201993942261
367	8	-1.3635731935501099
367	9	1.1505664587020874
367	10	-1.8180664777755737
367	11	-1.5818129777908325
367	12	-0.6346302628517151
367	13	-1.8121997117996216
367	14	-0.31451845169067383
367	15	-1.179775595664978
367	16	1.0538277626037598
367	17	-1.230100393295288
367	18	-1.2218655347824097
367	19	-1.6791870594024658
367	20	-1.8121997117996216
367	21	-1.902661681175232
367	22	-1.230100393295288
367	23	-1.230100393295288
367	24	-2.2923097610473633
367	25	0.5783522129058838
368	0	-1.2218655347824097
368	1	-2.5585482120513916
368	2	-2.184291362762451
368	3	-2.2923097610473633
368	4	-1.5280916690826416
368	5	-1.902661681175232
368	6	-1.2503365278244019
368	7	-1.8121997117996216
368	8	1.174594759941101
368	9	-1.7130177021026611
368	10	-2.622205972671509
368	11	-2.182964563369751
368	12	1.0538277626037598
369	0	-1.7130177021026611
369	1	-2.622205972671509
369	2	-1.2340195178985596
369	3	-1.3892563581466675
369	4	-2.5585482120513916
369	5	-2.184291362762451
369	6	-1.2503365278244019
369	7	-0.8776137828826904
369	8	-0.6519201993942261
369	9	-0.7853930592536926
369	10	-0.3324684500694275
369	11	-2.2923097610473633
369	12	-1.2340195178985596
369	13	-0.6519201993942261
369	14	-1.902661681175232
369	15	-0.14734035730361938
369	16	1.0538277626037598
369	17	-1.8121997117996216
369	18	-2.182964563369751
369	19	-1.2218655347824097
369	20	-0.6519201993942261
369	21	-1.5784616470336914
370	0	-1.7130177021026611
370	1	1.0538277626037598
370	2	-2.182964563369751
370	3	-2.184291362762451
370	4	-1.902661681175232
370	5	-2.622205972671509
370	6	-1.5280916690826416
370	7	1.174594759941101
370	8	-2.2923097610473633
370	9	-2.5585482120513916
370	10	-1.8121997117996216
370	11	-1.2503365278244019
370	12	-1.2218655347824097
371	0	-2.2923097610473633
371	1	-1.7130177021026611
371	2	-2.184291362762451
371	3	-2.622205972671509
371	4	-1.2503365278244019
371	5	-2.182964563369751
371	6	-1.8121997117996216
371	7	-1.2218655347824097
371	8	-2.5585482120513916
371	9	1.0538277626037598
371	10	0.5964146256446838
371	11	-2.1305699348449707
371	12	-1.902661681175232
372	0	-2.5585482120513916
372	1	-0.14734035730361938
372	2	-1.7130177021026611
372	3	-1.2503365278244019
372	4	-0.6519201993942261
372	5	-1.2218655347824097
372	6	-0.6519201993942261
372	7	-0.6519201993942261
372	8	1.0538277626037598
372	9	-0.3324684500694275
372	10	-0.7853930592536926
372	11	-1.8121997117996216
372	12	-2.2923097610473633
372	13	-1.2340195178985596
372	14	-1.902661681175232
372	15	-2.182964563369751
372	16	-2.622205972671509
372	17	-0.8776137828826904
372	18	-1.2340195178985596
372	19	-0.7853930592536926
373	0	-2.184291362762451
373	1	-1.3892563581466675
373	2	-2.622205972671509
373	3	-1.7130177021026611
373	4	-1.6791870594024658
373	5	-2.5585482120513916
373	6	-1.2503365278244019
373	7	-1.230100393295288
373	8	-1.902661681175232
373	9	-2.182964563369751
373	10	-1.2218655347824097
373	11	-1.230100393295288
373	12	-2.2923097610473633
373	13	-1.8121997117996216
373	14	-0.6346302628517151
373	15	-1.179775595664978
373	16	1.0538277626037598
373	17	-1.8121997117996216
373	18	-1.230100393295288
373	19	-1.3635731935501099
373	20	-0.31451845169067383
373	21	0.5783522129058838
373	22	0.5964146256446838
373	23	-2.1305699348449707
374	0	-1.8180664777755737
374	1	-2.182964563369751
374	2	-1.7130177021026611
374	3	-1.3635731935501099
374	4	-0.8949252367019653
374	5	-1.2340195178985596
374	6	-2.5585482120513916
374	7	-0.6519201993942261
374	8	-1.2503365278244019
374	9	-0.6519201993942261
374	10	-2.184291362762451
374	11	-2.622205972671509
375	0	-0.6346302628517151
375	1	-1.3635731935501099
375	2	-1.8121997117996216
375	3	-1.2218655347824097
375	4	-1.8121997117996216
375	5	-1.230100393295288
375	6	-1.179775595664978
375	7	-1.6791870594024658
375	8	-1.902661681175232
375	9	-2.622205972671509
375	10	-2.182964563369751
375	11	-1.230100393295288
375	12	-1.230100393295288
375	13	-0.31451845169067383
375	14	-2.5585482120513916
375	15	-1.7130177021026611
375	16	1.0538277626037598
375	17	-2.2923097610473633
375	18	-1.2503365278244019
376	0	-1.230100393295288
376	1	-2.2923097610473633
376	2	-0.6346302628517151
376	3	-1.6791870594024658
376	4	-0.31451845169067383
376	5	-1.179775595664978
376	6	-1.2503365278244019
376	7	-2.182964563369751
376	8	-1.8121997117996216
376	9	-1.230100393295288
376	10	-1.902661681175232
376	11	-1.3635731935501099
376	12	-1.8121997117996216
376	13	-1.2218655347824097
376	14	-1.7130177021026611
376	15	1.0538277626037598
376	16	-2.5585482120513916
376	17	-1.230100393295288
376	18	-2.622205972671509
377	0	-1.6791870594024658
377	1	-1.7130177021026611
377	2	-1.5818129777908325
377	3	-2.5585482120513916
377	4	-2.2923097610473633
377	5	-1.230100393295288
377	6	-1.3635731935501099
377	7	-0.6346302628517151
377	8	-1.8121997117996216
377	9	-1.2503365278244019
377	10	-1.179775595664978
377	11	-1.230100393295288
377	12	-2.622205972671509
377	13	0.5783522129058838
377	14	-1.2218655347824097
377	15	-1.230100393295288
377	16	-0.31451845169067383
377	17	-1.8121997117996216
377	18	1.0538277626037598
377	19	-1.902661681175232
377	20	-2.182964563369751
377	21	-1.5784616470336914
377	22	0.31334254145622253
377	23	-1.8180664777755737
377	24	-0.9129226207733154
377	25	-1.956069827079773
377	26	-1.5280916690826416
377	27	-0.8949252367019653
377	28	-0.6519201993942261
377	29	1.1505664587020874
377	30	-1.2340195178985596
377	31	1.174594759941101
378	0	-1.2503365278244019
378	1	-1.179775595664978
378	2	-0.6346302628517151
378	3	-2.182964563369751
378	4	-1.8121997117996216
378	5	-0.31451845169067383
378	6	-1.7130177021026611
378	7	-1.230100393295288
378	8	-1.2218655347824097
378	9	-1.230100393295288
378	10	-1.3635731935501099
378	11	-1.8121997117996216
378	12	-2.622205972671509
378	13	-1.902661681175232
378	14	-1.6791870594024658
378	15	1.0538277626037598
378	16	-2.2923097610473633
378	17	-2.5585482120513916
378	18	-1.230100393295288
379	0	-1.8121997117996216
379	1	-1.230100393295288
379	2	-0.6346302628517151
379	3	-1.8121997117996216
379	4	-1.902661681175232
379	5	-1.7130177021026611
379	6	-1.2503365278244019
379	7	-2.182964563369751
379	8	-2.622205972671509
379	9	-2.2923097610473633
379	10	1.0538277626037598
379	11	-1.3635731935501099
379	12	-1.6791870594024658
379	13	-1.230100393295288
379	14	-1.2218655347824097
379	15	-2.5585482120513916
379	16	-1.179775595664978
379	17	-0.31451845169067383
379	18	-1.230100393295288
380	0	-1.2503365278244019
380	1	-1.8121997117996216
380	2	-2.2923097610473633
380	3	-2.182964563369751
380	4	-1.3635731935501099
380	5	-1.6791870594024658
380	6	-1.7130177021026611
380	7	1.0538277626037598
380	8	-1.230100393295288
380	9	-1.902661681175232
380	10	-1.2218655347824097
380	11	-1.179775595664978
380	12	-1.8121997117996216
380	13	-0.6346302628517151
380	14	-1.230100393295288
380	15	-1.230100393295288
380	16	-2.5585482120513916
380	17	-0.31451845169067383
380	18	-2.622205972671509
381	0	-1.2503365278244019
381	1	-2.5585482120513916
381	2	-1.7130177021026611
381	3	-0.31451845169067383
381	4	-1.230100393295288
381	5	-1.6791870594024658
381	6	-0.6346302628517151
381	7	-1.3635731935501099
381	8	1.0538277626037598
381	9	-1.8121997117996216
381	10	-1.2218655347824097
381	11	-1.230100393295288
381	12	-1.179775595664978
381	13	-2.2923097610473633
381	14	-2.622205972671509
381	15	-1.902661681175232
381	16	-1.230100393295288
381	17	-1.8121997117996216
381	18	-2.182964563369751
382	0	-1.2503365278244019
382	1	-1.6791870594024658
382	2	-2.2923097610473633
382	3	-0.31451845169067383
382	4	-2.182964563369751
382	5	-1.8121997117996216
382	6	-1.7130177021026611
382	7	-1.8121997117996216
382	8	-1.902661681175232
382	9	-1.2218655347824097
382	10	-1.230100393295288
382	11	-2.5585482120513916
382	12	1.0538277626037598
382	13	-1.230100393295288
382	14	-1.230100393295288
382	15	-2.622205972671509
382	16	-1.179775595664978
382	17	-1.3635731935501099
382	18	-0.6346302628517151
383	0	-1.902661681175232
383	1	-1.230100393295288
383	2	-1.230100393295288
383	3	-2.2923097610473633
383	4	-1.3635731935501099
383	5	1.0538277626037598
383	6	-2.5585482120513916
383	7	-1.230100393295288
383	8	-2.622205972671509
383	9	-2.182964563369751
383	10	-0.6346302628517151
383	11	-1.2503365278244019
383	12	-1.6791870594024658
383	13	-1.179775595664978
383	14	-1.8121997117996216
383	15	-1.2218655347824097
383	16	-1.7130177021026611
383	17	-1.8121997117996216
383	18	-0.31451845169067383
383	19	-0.7995138764381409
383	20	-1.5784616470336914
384	0	1.0538277626037598
384	1	-1.6791870594024658
384	2	-1.230100393295288
384	3	-1.230100393295288
384	4	-1.8121997117996216
384	5	-0.6346302628517151
384	6	-1.2218655347824097
384	7	-0.31451845169067383
384	8	-1.2503365278244019
384	9	-1.7130177021026611
384	10	-2.622205972671509
384	11	-2.182964563369751
384	12	-1.902661681175232
384	13	-1.179775595664978
384	14	-1.230100393295288
384	15	-1.3635731935501099
384	16	-1.8121997117996216
384	17	-2.5585482120513916
384	18	-2.2923097610473633
385	0	-0.6346302628517151
385	1	-1.230100393295288
385	2	-1.8121997117996216
385	3	-1.2218655347824097
385	4	-1.230100393295288
385	5	-1.902661681175232
385	6	-1.7130177021026611
385	7	-2.182964563369751
385	8	-2.5585482120513916
385	9	-2.622205972671509
385	10	-1.230100393295288
385	11	-1.6791870594024658
385	12	-1.2503365278244019
385	13	-0.31451845169067383
385	14	1.0538277626037598
385	15	-1.179775595664978
385	16	-1.3635731935501099
385	17	-2.2923097610473633
385	18	-1.8121997117996216
386	0	-1.2503365278244019
386	1	-0.31451845169067383
386	2	-2.2923097610473633
386	3	-1.179775595664978
386	4	-1.3635731935501099
386	5	-2.622205972671509
386	6	-1.230100393295288
386	7	-0.6346302628517151
386	8	-1.8121997117996216
386	9	-1.7130177021026611
386	10	-2.5585482120513916
386	11	-1.6791870594024658
386	12	-1.230100393295288
386	13	-1.230100393295288
386	14	-2.182964563369751
386	15	-1.8121997117996216
386	16	-1.2218655347824097
386	17	-1.902661681175232
386	18	1.0538277626037598
387	0	-1.2503365278244019
387	1	-2.5585482120513916
387	2	1.0538277626037598
387	3	-1.230100393295288
387	4	-2.622205972671509
387	5	-2.182964563369751
387	6	-1.179775595664978
387	7	-1.6791870594024658
387	8	-1.2218655347824097
387	9	-1.3635731935501099
387	10	-1.8121997117996216
387	11	-0.6346302628517151
387	12	-0.31451845169067383
387	13	-1.7130177021026611
387	14	-1.902661681175232
387	15	-1.230100393295288
387	16	-2.2923097610473633
387	17	-1.230100393295288
387	18	-1.8121997117996216
387	19	-1.956069827079773
387	20	-0.9129226207733154
387	21	-1.5280916690826416
387	22	1.959702968597412
388	0	-1.6791870594024658
388	1	-1.179775595664978
388	2	-0.31451845169067383
388	3	-1.8121997117996216
388	4	-2.2923097610473633
388	5	-1.902661681175232
388	6	-1.2218655347824097
388	7	-1.2503365278244019
388	8	-1.230100393295288
388	9	-2.5585482120513916
388	10	-1.3635731935501099
388	11	-0.6346302628517151
388	12	-2.182964563369751
388	13	-1.230100393295288
388	14	-2.622205972671509
388	15	-1.7130177021026611
388	16	1.0538277626037598
388	17	-1.230100393295288
388	18	-1.8121997117996216
389	0	-1.902661681175232
389	1	-2.182964563369751
389	2	-1.8121997117996216
389	3	-2.5585482120513916
389	4	-1.179775595664978
389	5	-0.31451845169067383
389	6	-1.2218655347824097
389	7	-1.7130177021026611
389	8	-2.622205972671509
389	9	-1.6791870594024658
389	10	-1.230100393295288
389	11	-1.2503365278244019
389	12	-1.8121997117996216
389	13	-1.3635731935501099
389	14	-1.230100393295288
389	15	-0.6346302628517151
389	16	-1.230100393295288
389	17	-2.2923097610473633
389	18	1.0538277626037598
390	0	-1.3635731935501099
390	1	-1.230100393295288
390	2	-2.182964563369751
390	3	-1.179775595664978
390	4	-1.8121997117996216
390	5	-1.6791870594024658
390	6	-1.902661681175232
390	7	-1.7130177021026611
390	8	-0.6346302628517151
390	9	-1.230100393295288
390	10	-1.2218655347824097
390	11	-2.5585482120513916
390	12	-1.230100393295288
390	13	-1.8121997117996216
390	14	-2.2923097610473633
390	15	-1.2503365278244019
390	16	1.0538277626037598
390	17	-2.622205972671509
390	18	-0.31451845169067383
390	19	-0.7995138764381409
390	20	0.5783522129058838
390	21	-1.956069827079773
391	0	-1.2503365278244019
391	1	-1.179775595664978
391	2	-1.902661681175232
391	3	-1.2218655347824097
391	4	-1.7130177021026611
391	5	-2.5585482120513916
391	6	-0.31451845169067383
391	7	-1.3635731935501099
391	8	-2.2923097610473633
391	9	-1.230100393295288
391	10	1.0538277626037598
391	11	-1.8121997117996216
391	12	-1.8121997117996216
391	13	-1.230100393295288
391	14	-1.6791870594024658
391	15	-2.622205972671509
391	16	-0.6346302628517151
391	17	-1.230100393295288
391	18	-2.182964563369751
391	19	-1.5280916690826416
391	20	-0.9129226207733154
391	21	-2.5585482120513916
391	22	-1.5818129777908325
392	0	-1.2503365278244019
392	1	-1.179775595664978
392	2	-0.6346302628517151
392	3	-1.230100393295288
392	4	-1.902661681175232
392	5	-1.8121997117996216
392	6	-2.5585482120513916
392	7	1.0538277626037598
392	8	-1.3635731935501099
392	9	-2.2923097610473633
392	10	-1.230100393295288
392	11	-2.622205972671509
392	12	-0.31451845169067383
392	13	-2.182964563369751
392	14	-1.230100393295288
392	15	-1.6791870594024658
392	16	-1.8121997117996216
392	17	-1.2218655347824097
392	18	-1.7130177021026611
393	0	-1.7130177021026611
393	1	-0.31451845169067383
393	2	-2.5585482120513916
393	3	-1.179775595664978
393	4	-1.3635731935501099
393	5	1.0538277626037598
393	6	-2.182964563369751
393	7	-1.230100393295288
393	8	-1.2218655347824097
393	9	-1.230100393295288
393	10	-2.2923097610473633
393	11	-1.902661681175232
393	12	0.5647562146186829
393	13	-1.8121997117996216
393	14	-1.230100393295288
393	15	0.5647562146186829
393	16	-2.622205972671509
393	17	-0.6346302628517151
393	18	-1.2503365278244019
393	19	-0.7995138764381409
393	20	-1.5784616470336914
394	0	-0.31451845169067383
394	1	-1.7130177021026611
394	2	-2.5585482120513916
394	3	-1.2503365278244019
394	4	-1.230100393295288
394	5	-1.179775595664978
394	6	-1.8121997117996216
394	7	-1.230100393295288
394	8	-0.6346302628517151
394	9	-1.6791870594024658
394	10	-2.2923097610473633
394	11	-1.2218655347824097
394	12	-2.182964563369751
394	13	-1.902661681175232
394	14	-2.622205972671509
394	15	-1.230100393295288
394	16	-1.3635731935501099
394	17	1.0538277626037598
394	18	-1.8121997117996216
394	19	-1.5280916690826416
394	20	-1.956069827079773
394	21	-0.9129226207733154
395	0	-1.230100393295288
395	1	-1.179775595664978
395	2	-2.5585482120513916
395	3	-1.8121997117996216
395	4	-0.6346302628517151
395	5	-1.3635731935501099
395	6	-1.230100393295288
395	7	-2.622205972671509
395	8	-1.7130177021026611
395	9	-1.5818129777908325
395	10	-1.6791870594024658
395	11	-2.2923097610473633
395	12	-1.2503365278244019
395	13	0.5783522129058838
395	14	-0.31451845169067383
395	15	-1.5784616470336914
395	16	1.0538277626037598
395	17	-1.2218655347824097
395	18	-1.8121997117996216
395	19	-1.230100393295288
395	20	-2.182964563369751
395	21	-1.902661681175232
396	0	-2.5585482120513916
396	1	-1.7130177021026611
396	2	-0.31451845169067383
396	3	-1.2503365278244019
396	4	-1.6791870594024658
396	5	-0.6346302628517151
396	6	-2.622205972671509
396	7	-1.8121997117996216
396	8	-1.3635731935501099
396	9	-1.2218655347824097
396	10	-2.2923097610473633
396	11	-1.230100393295288
396	12	-1.902661681175232
396	13	-2.182964563369751
396	14	-1.8121997117996216
396	15	1.0538277626037598
396	16	-1.179775595664978
396	17	-1.230100393295288
396	18	-1.230100393295288
396	19	-1.5280916690826416
396	20	-1.956069827079773
396	21	-0.9129226207733154
397	0	-1.7130177021026611
397	1	-1.3635731935501099
397	2	-2.5585482120513916
397	3	-0.6346302628517151
397	4	-2.2923097610473633
397	5	-1.230100393295288
397	6	-2.184291362762451
397	7	-1.8121997117996216
397	8	-1.179775595664978
397	9	-1.2503365278244019
397	10	-1.6791870594024658
397	11	-1.230100393295288
397	12	-2.622205972671509
397	13	-2.112494945526123
397	14	-1.230100393295288
397	15	-1.2218655347824097
397	16	-0.31451845169067383
397	17	-2.2459681034088135
397	18	-1.8121997117996216
397	19	-1.902661681175232
397	20	-2.182964563369751
397	21	1.0538277626037598
397	22	-0.6519201993942261
398	0	-1.6791870594024658
398	1	-2.2923097610473633
398	2	-1.230100393295288
398	3	-1.179775595664978
398	4	-2.5585482120513916
398	5	-1.3635731935501099
398	6	-1.7130177021026611
398	7	-1.230100393295288
398	8	-1.2503365278244019
398	9	-2.184291362762451
398	10	-0.6346302628517151
398	11	-1.8121997117996216
398	12	-2.622205972671509
398	13	-1.8121997117996216
398	14	-1.2218655347824097
398	15	1.0538277626037598
398	16	-0.31451845169067383
398	17	-1.230100393295288
398	18	-2.182964563369751
398	19	-1.902661681175232
398	20	0.5647562146186829
398	21	-2.2459681034088135
399	0	-1.230100393295288
399	1	-2.5585482120513916
399	2	-2.184291362762451
399	3	-0.6346302628517151
399	4	-2.622205972671509
399	5	-1.179775595664978
399	6	-1.6791870594024658
399	7	-1.230100393295288
399	8	-2.2923097610473633
399	9	-1.8121997117996216
399	10	-1.3635731935501099
399	11	-1.7130177021026611
399	12	-1.2503365278244019
399	13	-0.31451845169067383
399	14	-2.2459681034088135
399	15	0.5647562146186829
399	16	-1.230100393295288
399	17	-1.2218655347824097
399	18	-1.902661681175232
399	19	-2.182964563369751
399	20	1.0538277626037598
399	21	-1.8121997117996216
400	0	-2.622205972671509
400	1	-1.2503365278244019
400	2	-1.230100393295288
400	3	-1.8121997117996216
400	4	1.0538277626037598
400	5	-1.3635731935501099
400	6	-0.31451845169067383
400	7	-1.179775595664978
400	8	-1.6791870594024658
400	9	-1.230100393295288
400	10	-1.902661681175232
400	11	-1.2218655347824097
400	12	-0.6346302628517151
400	13	-1.230100393295288
400	14	-1.8121997117996216
400	15	-2.5585482120513916
400	16	-2.2923097610473633
400	17	-2.182964563369751
400	18	-1.7130177021026611
401	0	-1.2503365278244019
401	1	-1.230100393295288
401	2	-2.2923097610473633
401	3	-2.622205972671509
401	4	1.0538277626037598
401	5	-1.179775595664978
401	6	-1.230100393295288
401	7	-0.6346302628517151
401	8	-1.8121997117996216
401	9	-1.3635731935501099
401	10	-1.2218655347824097
401	11	-1.902661681175232
401	12	-1.8121997117996216
401	13	-1.6791870594024658
401	14	-1.7130177021026611
401	15	-0.31451845169067383
401	16	-2.5585482120513916
401	17	-1.230100393295288
401	18	-2.182964563369751
402	0	-1.230100393295288
402	1	-2.2923097610473633
402	2	-1.3635731935501099
402	3	-1.179775595664978
402	4	-1.230100393295288
402	5	-1.7130177021026611
402	6	-2.182964563369751
402	7	-1.8121997117996216
402	8	-1.2218655347824097
402	9	1.0538277626037598
402	10	-1.230100393295288
402	11	-2.5585482120513916
402	12	-0.6346302628517151
402	13	-1.902661681175232
402	14	-1.2503365278244019
402	15	-2.622205972671509
402	16	-1.6791870594024658
402	17	-1.8121997117996216
402	18	-0.31451845169067383
403	0	-1.6791870594024658
403	1	-1.3635731935501099
403	2	-1.7130177021026611
403	3	-2.182964563369751
403	4	-1.230100393295288
403	5	-1.2218655347824097
403	6	-0.31451845169067383
403	7	-1.8121997117996216
403	8	-2.5585482120513916
403	9	-0.6346302628517151
403	10	-1.230100393295288
403	11	-2.622205972671509
403	12	1.0538277626037598
403	13	-1.230100393295288
403	14	-1.2503365278244019
403	15	-1.179775595664978
403	16	-1.8121997117996216
403	17	-1.902661681175232
403	18	-2.2923097610473633
404	0	-1.7130177021026611
404	1	-0.31451845169067383
404	2	-2.5585482120513916
404	3	-1.230100393295288
404	4	-1.2218655347824097
404	5	-1.8121997117996216
404	6	-0.6346302628517151
404	7	-2.622205972671509
404	8	-2.2923097610473633
404	9	1.0538277626037598
404	10	1.1369704008102417
404	11	-1.6791870594024658
404	12	-2.182964563369751
404	13	-1.179775595664978
404	14	-1.902661681175232
404	15	-1.2503365278244019
404	16	-1.230100393295288
404	17	-1.230100393295288
404	18	-1.3635731935501099
404	19	-1.8121997117996216
404	20	-0.7995138764381409
405	0	-0.31451845169067383
405	1	-2.5585482120513916
405	2	-1.7130177021026611
405	3	-1.8121997117996216
405	4	-1.3635731935501099
405	5	-2.622205972671509
405	6	-1.179775595664978
405	7	-1.2503365278244019
405	8	-1.230100393295288
405	9	-1.6791870594024658
405	10	-1.5818129777908325
405	11	-1.230100393295288
405	12	-0.6346302628517151
405	13	-2.2923097610473633
405	14	-1.230100393295288
405	15	-1.2218655347824097
405	16	-1.5784616470336914
405	17	1.0538277626037598
405	18	-2.182964563369751
405	19	-1.8121997117996216
405	20	-1.230100393295288
405	21	-1.902661681175232
405	22	0.5783522129058838
405	23	-1.3776938915252686
406	0	1.807644009590149
406	1	-2.622205972671509
406	2	-2.182964563369751
406	3	-1.902661681175232
406	4	-1.230100393295288
406	5	-1.3635731935501099
406	6	-1.2503365278244019
406	7	-1.8121997117996216
406	8	-0.31451845169067383
406	9	-1.8121997117996216
406	10	-1.7130177021026611
406	11	-1.6791870594024658
406	12	-1.230100393295288
406	13	-1.179775595664978
406	14	-2.5585482120513916
406	15	-2.2923097610473633
406	16	-0.6346302628517151
406	17	-1.230100393295288
406	18	1.0538277626037598
406	19	-1.2218655347824097
407	0	-1.230100393295288
407	1	-1.230100393295288
407	2	-1.8121997117996216
407	3	-1.2503365278244019
407	4	-1.2218655347824097
407	5	-0.6346302628517151
407	6	-1.179775595664978
407	7	-1.3635731935501099
407	8	-1.8121997117996216
407	9	1.0538277626037598
407	10	-2.5585482120513916
407	11	-1.6791870594024658
407	12	-2.182964563369751
407	13	-2.2923097610473633
407	14	-1.230100393295288
407	15	-2.622205972671509
407	16	-0.31451845169067383
407	17	1.807644009590149
407	18	-1.902661681175232
407	19	-1.7130177021026611
407	20	-2.2459681034088135
407	21	-1.3776938915252686
407	22	2.4469597339630127
408	0	-2.622205972671509
408	1	-1.179775595664978
408	2	-1.7130177021026611
408	3	-1.8121997117996216
408	4	-2.5585482120513916
408	5	-1.6791870594024658
408	6	-1.5818129777908325
408	7	-1.230100393295288
408	8	-1.2503365278244019
408	9	-1.230100393295288
408	10	-2.2923097610473633
408	11	-0.6346302628517151
408	12	-1.3635731935501099
408	13	-1.8121997117996216
408	14	-1.230100393295288
408	15	-0.31451845169067383
408	16	-1.2218655347824097
408	17	1.807644009590149
408	18	-2.182964563369751
408	19	-1.902661681175232
408	20	1.0538277626037598
408	21	0.5783522129058838
408	22	-2.2459681034088135
409	0	1.807644009590149
409	1	-1.6791870594024658
409	2	-2.622205972671509
409	3	-1.8121997117996216
409	4	-1.2218655347824097
409	5	-2.182964563369751
409	6	-1.2503365278244019
409	7	1.0538277626037598
409	8	-1.902661681175232
409	9	-1.3635731935501099
409	10	-1.8121997117996216
409	11	-1.179775595664978
409	12	-2.5585482120513916
409	13	-1.230100393295288
409	14	-2.2923097610473633
409	15	-0.6346302628517151
409	16	-1.230100393295288
409	17	-1.230100393295288
409	18	-0.31451845169067383
409	19	-1.7130177021026611
410	0	1.807644009590149
410	1	1.0538277626037598
410	2	-1.230100393295288
410	3	-1.8121997117996216
410	4	-1.902661681175232
410	5	-1.230100393295288
410	6	-2.182964563369751
410	7	-1.8121997117996216
410	8	-1.230100393295288
410	9	-1.3635731935501099
410	10	-2.622205972671509
410	11	-1.179775595664978
410	12	-0.31451845169067383
410	13	-1.7130177021026611
410	14	-1.2218655347824097
410	15	-2.2923097610473633
410	16	-0.6346302628517151
410	17	-2.5585482120513916
410	18	-1.2503365278244019
410	19	-1.6791870594024658
411	0	-1.7130177021026611
411	1	-0.31451845169067383
411	2	-2.5585482120513916
411	3	-2.2923097610473633
411	4	-0.6346302628517151
411	5	-1.230100393295288
411	6	-1.8121997117996216
411	7	-1.5818129777908325
411	8	-1.179775595664978
411	9	-1.2503365278244019
411	10	-2.622205972671509
411	11	-1.3635731935501099
411	12	-1.6791870594024658
411	13	-1.230100393295288
411	14	-1.230100393295288
411	15	1.0538277626037598
411	16	-1.902661681175232
411	17	-2.182964563369751
411	18	-1.2218655347824097
411	19	-1.8121997117996216
411	20	1.807644009590149
411	21	-1.5784616470336914
411	22	0.5783522129058838
412	0	-1.7130177021026611
412	1	-2.5585482120513916
412	2	-0.31451845169067383
412	3	-1.6898314952850342
412	4	-1.2340195178985596
412	5	-0.8776137828826904
412	6	-0.6519201993942261
412	7	-1.0984646081924438
412	8	-0.7853930592536926
412	9	-2.0197274684906006
412	10	-1.5818129777908325
412	11	-1.2340195178985596
412	12	-0.6519201993942261
412	13	-0.3324684500694275
412	14	-0.6519201993942261
412	15	2.385823965072632
412	16	1.6320079565048218
412	17	-1.5804861783981323
412	18	-1.2340195178985596
412	19	-0.7686765193939209
412	20	-1.3244813680648804
412	21	0.5783522129058838
412	22	-1.5784616470336914
413	0	-1.2218655347824097
413	1	-1.2503365278244019
413	2	-2.5585482120513916
413	3	-1.7130177021026611
413	4	-1.230100393295288
413	5	-1.8121997117996216
413	6	-0.6346302628517151
413	7	1.0538277626037598
413	8	-1.179775595664978
413	9	-2.182964563369751
413	10	-1.8121997117996216
413	11	1.807644009590149
413	12	-1.230100393295288
413	13	-2.622205972671509
413	14	-2.2923097610473633
413	15	-1.3635731935501099
413	16	-1.6791870594024658
413	17	-1.230100393295288
413	18	-1.902661681175232
413	19	-0.31451845169067383
413	20	0.5647562146186829
414	0	1.0538277626037598
414	1	-0.6346302628517151
414	2	-1.2503365278244019
414	3	-1.230100393295288
414	4	-1.230100393295288
414	5	-1.179775595664978
414	6	-1.6791870594024658
414	7	-0.31451845169067383
414	8	-1.902661681175232
414	9	-2.5585482120513916
414	10	-2.182964563369751
414	11	1.807644009590149
414	12	-1.8121997117996216
414	13	-1.230100393295288
414	14	-1.8121997117996216
414	15	-1.3635731935501099
414	16	-2.622205972671509
414	17	-1.2218655347824097
414	18	-2.2923097610473633
414	19	-1.7130177021026611
415	0	-1.6791870594024658
415	1	-1.3635731935501099
415	2	-0.6346302628517151
415	3	-1.179775595664978
415	4	-1.230100393295288
415	5	-1.2503365278244019
415	6	-1.8121997117996216
415	7	-1.9456727504730225
415	8	-2.622205972671509
415	9	-2.2923097610473633
415	10	-1.230100393295288
415	11	-1.7130177021026611
415	12	-2.5585482120513916
415	13	-1.5818129777908325
415	14	1.807644009590149
415	15	-1.2218655347824097
415	16	-2.182964563369751
415	17	1.0538277626037598
415	18	-1.230100393295288
415	19	-0.31451845169067383
415	20	-1.8121997117996216
415	21	-1.902661681175232
415	22	0.5783522129058838
415	23	0.5783522129058838
415	24	-0.7995138764381409
416	0	-2.5585482120513916
416	1	-2.184291362762451
416	2	-1.3635731935501099
416	3	-2.2923097610473633
416	4	-1.2503365278244019
416	5	-1.6791870594024658
416	6	-1.230100393295288
416	7	-1.9456727504730225
416	8	-2.622205972671509
416	9	-1.179775595664978
416	10	-1.230100393295288
416	11	-1.8121997117996216
416	12	-0.6346302628517151
416	13	-1.7130177021026611
416	14	-0.31451845169067383
416	15	-1.230100393295288
416	16	-1.2218655347824097
416	17	0.5647562146186829
416	18	-2.2459681034088135
416	19	-1.902661681175232
416	20	-2.182964563369751
416	21	1.807644009590149
416	22	1.0538277626037598
416	23	-1.8121997117996216
