105	0	-1.6203008890151978
105	1	-0.8525469303131104
105	2	-3.2004647254943848
105	3	-1.922777771949768
105	4	-1.2306889295578003
105	5	-0.876213550567627
105	6	-1.8630765676498413
105	7	-2.7128307819366455
105	8	-2.8193063735961914
105	9	-3.2006351947784424
105	10	-0.698072612285614
105	11	-3.2014434337615967
105	12	-3.2189035415649414
105	13	-3.2000010013580322
105	14	-3.1788814067840576
105	15	-3.2014434337615967
105	16	-2.948869228363037
105	17	-3.116412878036499
105	18	-3.2014434337615967
105	19	-2.948869228363037
105	20	-2.541476249694824
105	21	-2.829470157623291
105	22	-3.204516887664795
105	23	-2.050945281982422
105	24	-1.940839409828186
105	25	-2.938375949859619
106	0	-1.9518072605133057
106	1	-3.2004647254943848
106	2	-1.6203008890151978
106	3	-0.698072612285614
106	4	-3.2014434337615967
106	5	-3.2014434337615967
106	6	-3.0669875144958496
106	7	-2.829470157623291
106	8	-3.1788814067840576
106	9	-3.204516887664795
106	10	-1.940839409828186
106	11	-2.948869228363037
106	12	-2.050945281982422
106	13	-3.2000010013580322
106	14	-0.876213550567627
106	15	-2.541476249694824
106	16	-0.8525469303131104
106	17	-2.948869228363037
106	18	-3.2189035415649414
107	0	-3.203941583633423
107	1	-1.940839409828186
107	2	-0.8525469303131104
107	3	-3.2027435302734375
107	4	-1.8630765676498413
107	5	-1.6203008890151978
107	6	-3.203941583633423
107	7	-0.698072612285614
107	8	-3.1811602115631104
107	9	-3.2024991512298584
107	10	-3.22072696685791
107	11	-1.5963983535766602
107	12	-2.050945281982422
107	13	-2.541598081588745
107	14	-3.207014799118042
107	15	-2.6532087326049805
107	16	-2.948869228363037
107	17	-2.8054447174072266
107	18	-3.116412878036499
107	19	-2.829470157623291
107	20	-0.876213550567627
107	21	-2.948869228363037
107	22	-1.9891424179077148
107	23	-1.9438356161117554
107	24	-1.793481469154358
107	25	-1.7656947374343872
107	26	-2.686375141143799
107	27	-3.085831880569458
107	28	-3.0850234031677246
107	29	-2.6606149673461914
108	0	-0.7868032455444336
108	1	-3.147829294204712
108	2	-3.2510340213775635
108	3	-3.2500572204589844
108	4	-3.2006590366363525
108	5	-1.9518072605133057
108	6	-3.313631296157837
108	7	-3.1691105365753174
108	8	-0.9649441838264465
108	9	-2.0295698642730713
108	10	-0.9412774443626404
108	11	-3.037599802017212
108	12	-1.7090314626693726
108	13	-2.6200456619262695
108	14	-2.9182004928588867
108	15	-3.0669875144958496
108	16	-2.1396758556365967
108	17	-3.2518222332000732
108	18	-3.037599802017212
108	19	-2.8444886207580566
108	20	-2.683553695678711
109	0	-3.2006590366363525
109	1	-3.2500572204589844
109	2	-2.6200456619262695
109	3	-3.037599802017212
109	4	-3.313631296157837
109	5	-3.037599802017212
109	6	-2.1396758556365967
109	7	-3.0669875144958496
109	8	-0.9649441838264465
109	9	-3.1691105365753174
109	10	-3.2510340213775635
109	11	-0.7868032455444336
109	12	-2.0295698642730713
109	13	-3.147829294204712
109	14	-2.9182004928588867
109	15	-3.2518222332000732
109	16	-1.9518072605133057
109	17	-0.9412774443626404
109	18	-1.7090314626693726
110	0	-1.9052141904830933
110	1	-1.6624383926391602
110	2	-0.894684374332428
110	3	-2.991006851196289
110	4	-3.0743167400360107
110	5	-3.126213550567627
110	6	-1.9829769134521484
110	7	-0.9183511137962341
110	8	-2.2101197242736816
110	9	-2.8609325885772705
110	10	-0.7402101755142212
110	11	-2.093082904815674
110	12	-2.754917860031128
110	13	-2.991006851196289
110	14	-3.0743167400360107
110	15	-3.1804351806640625
110	16	-3.0738744735717773
110	17	-2.851407289505005
110	18	-3.109604597091675
111	0	-1.9052141904830933
111	1	-2.851407289505005
111	2	-2.093082904815674
111	3	-0.894684374332428
111	4	-0.9183511137962341
111	5	-3.1804351806640625
111	6	-3.0738744735717773
111	7	-1.9829769134521484
111	8	-3.0743167400360107
111	9	-3.126213550567627
111	10	-0.7402101755142212
111	11	-2.754917860031128
111	12	-2.2101197242736816
111	13	-1.6624383926391602
111	14	-2.8609325885772705
111	15	-3.109604597091675
111	16	-2.991006851196289
111	17	-2.991006851196289
111	18	-3.0743167400360107
112	0	-3.1691105365753174
112	1	-0.7868032455444336
112	2	-2.6200456619262695
112	3	-3.2510340213775635
112	4	-3.2500572204589844
112	5	-3.037599802017212
112	6	-3.313631296157837
112	7	-0.9649441838264465
112	8	-3.0669875144958496
112	9	-0.9412774443626404
112	10	-3.2518222332000732
112	11	-2.0295698642730713
112	12	-3.2006590366363525
112	13	-3.147829294204712
112	14	-3.037599802017212
112	15	-1.9518072605133057
112	16	-2.9182004928588867
112	17	-2.1396758556365967
112	18	-1.7090314626693726
113	0	-3.2024998664855957
113	1	-3.1811602115631104
113	2	-2.781285524368286
113	3	-1.6381080150604248
113	4	-3.2027435302734375
113	5	-3.203941583633423
113	6	-1.6203008890151978
113	7	-1.2202404737472534
113	8	-0.698072612285614
113	9	-2.7820940017700195
113	10	-2.456286668777466
113	11	-1.8629310131072998
113	12	-0.8525469303131104
113	13	-2.341193437576294
113	14	-0.876213550567627
113	15	-3.203941583633423
113	16	-2.5753562450408936
113	17	-3.2207276821136475
113	18	-2.948869228363037
113	19	-2.541598081588745
113	20	-1.940839409828186
113	21	-2.050945281982422
113	22	-2.948869228363037
113	23	-3.2070157527923584
113	24	-2.829470157623291
113	25	-3.116412878036499
114	0	-2.1396758556365967
114	1	-3.2006590366363525
114	2	-0.9649441838264465
114	3	-2.0295698642730713
114	4	-0.7868032455444336
114	5	-3.2518222332000732
114	6	-3.147829294204712
114	7	-2.6200456619262695
114	8	-2.9182004928588867
114	9	-3.2500572204589844
114	10	-3.037599802017212
114	11	-3.0669875144958496
114	12	-3.2510340213775635
114	13	-1.7090314626693726
114	14	-0.9412774443626404
114	15	-3.037599802017212
114	16	-3.1691105365753174
114	17	-3.313631296157837
114	18	-1.9518072605133057
114	19	-2.781285524368286
114	20	-2.5858495235443115
115	0	-1.9518072605133057
115	1	-3.2510340213775635
115	2	-2.9182004928588867
115	3	-0.9649441838264465
115	4	-3.313631296157837
115	5	-0.7868032455444336
115	6	-3.037599802017212
115	7	-3.2500572204589844
115	8	-2.0295698642730713
115	9	-2.1396758556365967
115	10	-0.9412774443626404
115	11	-1.7090314626693726
115	12	-3.147829294204712
115	13	-3.2006590366363525
115	14	-3.0669875144958496
115	15	-2.6200456619262695
115	16	-3.1691105365753174
115	17	-3.2518222332000732
115	18	-3.037599802017212
116	0	-2.948869228363037
116	1	-1.6203008890151978
116	2	-0.8525469303131104
116	3	-3.1811602115631104
116	4	-1.940839409828186
116	5	-2.050945281982422
116	6	-0.698072612285614
116	7	-3.203941583633423
116	8	-3.2027435302734375
116	9	-3.203941583633423
116	10	-1.450037956237793
116	11	-1.8629310131072998
116	12	-3.2024991512298584
116	13	-3.22072696685791
116	14	-2.8159379959106445
116	15	-3.207014799118042
116	16	-2.541598081588745
116	17	-2.6842079162597656
116	18	-0.876213550567627
116	19	-3.116412878036499
116	20	-2.948869228363037
116	21	-2.829470157623291
116	22	-2.565138339996338
117	0	-1.4846205711364746
117	1	-0.8525469303131104
117	2	-2.8131887912750244
117	3	-1.805159091949463
117	4	-1.1098299026489258
117	5	-3.0818846225738525
117	6	-0.5772136449813843
117	7	-3.083082675933838
117	8	-1.8629310131072998
117	9	-3.0998687744140625
117	10	-3.0603013038635254
117	11	-1.9152649641036987
117	12	-3.0816409587860107
117	13	-3.083082675933838
117	14	-3.0861568450927734
117	15	-2.708611249923706
117	16	-2.8131887912750244
117	17	-2.42073917388916
117	18	-2.9807324409484863
117	19	-0.7553545236587524
117	20	-2.8026955127716064
117	21	-2.8131887912750244
117	22	-2.6836259365081787
118	0	-0.9766699075698853
118	1	-3.223670721054077
118	2	-0.7010155916213989
118	3	1.1903079748153687
118	4	-1.3696333169937134
118	5	-1.6084225177764893
118	6	-1.8658740520477295
118	7	-2.936990737915039
118	8	-2.936990737915039
118	9	-0.876213550567627
118	10	-3.2068846225738525
118	11	-1.9289610385894775
118	12	-3.205686569213867
118	13	-2.8324131965637207
118	14	-3.104534387588501
118	15	-2.544541120529175
118	16	-3.209958791732788
118	17	-3.0729920864105225
118	18	-3.2068846225738525
118	19	-3.18410325050354
118	20	-2.039067029953003
118	21	-3.2054429054260254
119	0	-1.8629310131072998
119	1	-0.876213550567627
119	2	-2.84529709815979
119	3	-2.050945281982422
119	4	-0.698072612285614
119	5	-2.128818988800049
119	6	-2.948869228363037
119	7	-2.855790376663208
119	8	-2.829470157623291
119	9	-3.116412878036499
119	10	-2.541598081588745
119	11	-0.8525469303131104
119	12	-1.2306889295578003
119	13	-1.6203008890151978
119	14	-3.2070157527923584
119	15	-3.2207276821136475
119	16	-3.1811602115631104
119	17	-2.948869228363037
119	18	-3.203941583633423
119	19	-3.2024998664855957
119	20	-3.2027435302734375
119	21	-1.940839409828186
119	22	-3.203941583633423
120	0	-1.8629310131072998
120	1	-2.050945281982422
120	2	-3.2027435302734375
120	3	-3.203941583633423
120	4	-3.116412878036499
120	5	-3.2070157527923584
120	6	-1.940839409828186
120	7	-2.948869228363037
120	8	-0.698072612285614
120	9	-0.8525469303131104
120	10	-0.876213550567627
120	11	-2.829470157623291
120	12	-1.6203008890151978
120	13	-3.2024998664855957
120	14	-3.1811602115631104
120	15	-2.948869228363037
120	16	-3.2207276821136475
120	17	-2.541598081588745
120	18	-3.203941583633423
121	0	-1.8629310131072998
121	1	-3.2070157527923584
121	2	-1.6203008890151978
121	3	-0.876213550567627
121	4	-3.2027435302734375
121	5	-3.203941583633423
121	6	-3.1811602115631104
121	7	-0.8525469303131104
121	8	-2.541598081588745
121	9	-2.829470157623291
121	10	-3.116412878036499
121	11	-2.050945281982422
121	12	-3.203941583633423
121	13	-2.948869228363037
121	14	-3.2207276821136475
121	15	-3.2024998664855957
121	16	-0.698072612285614
121	17	-1.940839409828186
121	18	-2.948869228363037
121	19	-1.5963983535766602
122	0	-2.8332760334014893
122	1	-1.8629310131072998
122	2	-1.6898187398910522
122	3	-0.698072612285614
122	4	-2.8437693119049072
122	5	-0.876213550567627
122	6	-2.050945281982422
122	7	-2.948869228363037
122	8	-1.2306889295578003
122	9	-2.541598081588745
122	10	-1.6203008890151978
122	11	-2.829470157623291
122	12	-3.116412878036499
122	13	-0.8525469303131104
122	14	-3.203941583633423
122	15	-3.2070157527923584
122	16	-1.940839409828186
122	17	-3.1811602115631104
122	18	-3.2207276821136475
122	19	-3.2024998664855957
122	20	-2.948869228363037
122	21	-3.203941583633423
122	22	-3.2027435302734375
122	23	-1.7656947374343872
123	0	-3.2500572204589844
123	1	-2.6200456619262695
123	2	-0.9412774443626404
123	3	-3.037599802017212
123	4	-1.7090314626693726
123	5	-3.2510340213775635
123	6	-2.0295698642730713
123	7	-1.9518072605133057
123	8	-0.7868032455444336
123	9	-3.0669875144958496
123	10	-3.313631296157837
123	11	-0.9649441838264465
123	12	-3.037599802017212
123	13	-3.2006590366363525
123	14	-2.9182004928588867
123	15	-3.1691105365753174
123	16	-3.2518222332000732
123	17	-3.147829294204712
123	18	-2.1396758556365967
123	19	-2.8444886207580566
124	0	-0.894684374332428
124	1	-2.2101197242736816
124	2	-3.0738744735717773
124	3	-2.991006851196289
124	4	-1.6624383926391602
124	5	-2.991006851196289
124	6	-0.9183511137962341
124	7	-2.754917860031128
124	8	-3.0743167400360107
124	9	-1.9829769134521484
124	10	-3.126213550567627
124	11	-2.851407289505005
124	12	-3.109604597091675
124	13	-3.0743167400360107
124	14	-2.093082904815674
124	15	-3.1804351806640625
124	16	-1.9052141904830933
124	17	-0.7402101755142212
124	18	-2.8609325885772705
125	0	-3.147829294204712
125	1	-3.313631296157837
125	2	-3.0669875144958496
125	3	-3.037599802017212
125	4	-3.2518222332000732
125	5	-2.1396758556365967
125	6	-3.037599802017212
125	7	-3.2500572204589844
125	8	-0.7868032455444336
125	9	-0.9412774443626404
125	10	-2.9182004928588867
125	11	-1.7090314626693726
125	12	-2.0295698642730713
125	13	-1.9518072605133057
125	14	-3.2006590366363525
125	15	-2.6200456619262695
125	16	-3.1691105365753174
125	17	-0.9649441838264465
125	18	-3.2510340213775635
125	19	-3.206076145172119
125	20	-2.6532087326049805
126	0	-3.0603013038635254
126	1	-3.083082675933838
126	2	-3.0998687744140625
126	3	-0.8525469303131104
126	4	-1.6203008890151978
126	5	-3.0816409587860107
126	6	-1.3173260688781738
126	7	-3.0818846225738525
126	8	-0.5772136449813843
126	9	-3.083082675933838
126	10	-1.805159091949463
126	11	-1.9152649641036987
126	12	-1.7420721054077148
126	13	-3.0861568450927734
126	14	-2.708611249923706
126	15	-2.948869228363037
126	16	-2.9807324409484863
126	17	-0.7553545236587524
126	18	-2.8131887912750244
126	19	-2.42073917388916
126	20	-2.6427154541015625
126	21	-2.8131887912750244
127	0	-1.2306889295578003
127	1	-3.2027435302734375
127	2	-3.203941583633423
127	3	-1.940839409828186
127	4	-3.203941583633423
127	5	-1.8629310131072998
127	6	-3.2207276821136475
127	7	-3.1811602115631104
127	8	-2.050945281982422
127	9	-0.698072612285614
127	10	-3.2024998664855957
127	11	-0.8525469303131104
127	12	-1.6203008890151978
127	13	-2.948869228363037
127	14	-2.948869228363037
127	15	-2.938375949859619
127	16	-2.948869228363037
127	17	-3.116412878036499
127	18	-3.2070157527923584
127	19	-0.876213550567627
127	20	-2.541598081588745
127	21	-2.829470157623291
128	0	-3.2500572204589844
128	1	-3.1691105365753174
128	2	-3.037599802017212
128	3	-3.2518222332000732
128	4	-2.1396758556365967
128	5	-1.9518072605133057
128	6	-3.147829294204712
128	7	-2.6200456619262695
128	8	-0.7868032455444336
128	9	-2.9182004928588867
128	10	-3.313631296157837
128	11	-3.2510340213775635
128	12	-1.7090314626693726
128	13	-0.9412774443626404
128	14	-3.2006590366363525
128	15	-2.0295698642730713
128	16	-0.9649441838264465
128	17	-3.0669875144958496
128	18	-3.037599802017212
128	19	-2.980764150619507
128	20	-2.832467555999756
129	0	-2.991006851196289
129	1	-0.894684374332428
129	2	-1.6624383926391602
129	3	-3.0738744735717773
129	4	-2.093082904815674
129	5	-3.0743167400360107
129	6	-3.126213550567627
129	7	-2.851407289505005
129	8	-1.9829769134521484
129	9	-3.0743167400360107
129	10	-3.109604597091675
129	11	-1.9052141904830933
129	12	-2.8609325885772705
129	13	-0.7402101755142212
129	14	-2.2101197242736816
129	15	-3.1804351806640625
129	16	-2.991006851196289
129	17	-0.9183511137962341
129	18	-2.754917860031128
130	0	-3.126213550567627
130	1	-2.851407289505005
130	2	-2.991006851196289
130	3	-1.9829769134521484
130	4	-2.093082904815674
130	5	-3.0743167400360107
130	6	-3.0738744735717773
130	7	-2.2101197242736816
130	8	-2.991006851196289
130	9	-3.1804351806640625
130	10	-2.754917860031128
130	11	-1.9052141904830933
130	12	-3.0743167400360107
130	13	-2.8609325885772705
130	14	-1.6624383926391602
130	15	-0.894684374332428
130	16	-3.109604597091675
130	17	-0.9183511137962341
130	18	-0.7402101755142212
131	0	-1.3173260688781738
131	1	-3.203941583633423
131	2	-0.8525469303131104
131	3	-3.2207276821136475
131	4	-0.698072612285614
131	5	-2.050945281982422
131	6	-3.2024998664855957
131	7	-3.1811602115631104
131	8	-1.8629310131072998
131	9	-1.940839409828186
131	10	-3.2027435302734375
131	11	-3.203941583633423
131	12	-1.6203008890151978
131	13	-2.5816099643707275
131	14	-2.948869228363037
131	15	-2.6947011947631836
131	16	-2.541598081588745
131	17	-3.2070157527923584
131	18	-3.116412878036499
131	19	-2.829470157623291
131	20	-0.876213550567627
131	21	-2.948869228363037
132	0	-1.8629310131072998
132	1	-1.940839409828186
132	2	-2.050945281982422
132	3	-3.2024998664855957
132	4	-0.698072612285614
132	5	-0.8525469303131104
132	6	-3.203941583633423
132	7	-3.2207276821136475
132	8	-3.203941583633423
132	9	-3.2027435302734375
132	10	-1.6203008890151978
132	11	-1.2306889295578003
132	12	-3.1811602115631104
132	13	-2.948869228363037
132	14	-2.948869228363037
132	15	-3.2070157527923584
132	16	-2.541598081588745
132	17	-3.116412878036499
132	18	-0.876213550567627
132	19	-2.829470157623291
132	20	-2.948869228363037
132	21	-2.938375949859619
133	0	-3.0743167400360107
133	1	-0.9183511137962341
133	2	-2.991006851196289
133	3	-1.9829769134521484
133	4	-2.851407289505005
133	5	-3.0738744735717773
133	6	-2.2101197242736816
133	7	-0.894684374332428
133	8	-2.093082904815674
133	9	-1.9052141904830933
133	10	-3.1804351806640625
133	11	-3.126213550567627
133	12	-3.0743167400360107
133	13	-0.7402101755142212
133	14	-2.991006851196289
133	15	-1.6624383926391602
133	16	-2.8609325885772705
133	17	-3.109604597091675
133	18	-2.754917860031128
134	0	-1.6203008890151978
134	1	-1.8629310131072998
134	2	-0.698072612285614
134	3	-3.203941583633423
134	4	-3.1811602115631104
134	5	-2.050945281982422
134	6	-0.8525469303131104
134	7	-1.1098299026489258
134	8	-3.22072696685791
134	9	-3.203941583633423
134	10	-3.2024991512298584
134	11	-1.940839409828186
134	12	-3.2027435302734375
135	0	-3.203941583633423
135	1	-3.1811602115631104
135	2	-0.698072612285614
135	3	-1.6203008890151978
135	4	-1.2306889295578003
135	5	-3.203941583633423
135	6	-1.940839409828186
135	7	-2.050945281982422
135	8	-3.2027435302734375
135	9	-1.8629310131072998
135	10	-0.8525469303131104
135	11	-3.2024998664855957
135	12	-3.2207276821136475
135	13	-2.6947011947631836
135	14	-2.6947011947631836
135	15	-2.9676692485809326
135	16	-2.300682544708252
135	17	-2.5901236534118652
135	18	-0.700482189655304
135	19	-2.6947011947631836
135	20	-2.8622448444366455
135	21	-2.6842079162597656
136	0	-3.2027435302734375
136	1	-3.1811602115631104
136	2	-2.050945281982422
136	3	-1.6203008890151978
136	4	-3.203941583633423
136	5	-0.8525469303131104
136	6	-1.2306889295578003
136	7	-3.2024998664855957
136	8	-1.940839409828186
136	9	-3.203941583633423
136	10	-3.2207276821136475
136	11	-1.8629310131072998
136	12	-0.698072612285614
136	13	-0.876213550567627
136	14	-3.2070157527923584
136	15	-3.116412878036499
136	16	-2.948869228363037
136	17	-2.541598081588745
136	18	-2.829470157623291
136	19	-2.948869228363037
136	20	-2.948869228363037
136	21	-2.938375949859619
137	0	-0.9183511137962341
137	1	-2.754917860031128
137	2	-2.991006851196289
137	3	-2.991006851196289
137	4	-0.7402101755142212
137	5	-2.093082904815674
137	6	-3.0738744735717773
137	7	-3.0743167400360107
137	8	-2.851407289505005
137	9	-2.2101197242736816
137	10	-2.8609325885772705
137	11	-3.109604597091675
137	12	-1.9829769134521484
137	13	-0.894684374332428
137	14	-3.1804351806640625
137	15	-3.126213550567627
137	16	-1.9052141904830933
137	17	-3.0743167400360107
137	18	-1.6624383926391602
138	0	-2.039067029953003
138	1	-3.223670721054077
138	2	-0.9766699075698853
138	3	-3.2068846225738525
138	4	-3.2054429054260254
138	5	-3.205686569213867
138	6	-3.18410325050354
138	7	-1.054957628250122
138	8	-0.7010155916213989
138	9	-1.8658740520477295
138	10	-1.9289610385894775
138	11	-3.2068846225738525
138	12	-1.6084225177764893
138	13	-2.936990737915039
138	14	-2.6947011947631836
138	15	-3.104534387588501
138	16	-2.544541120529175
138	17	-3.0729920864105225
138	18	-3.209958791732788
138	19	-2.8324131965637207
138	20	-0.8791564702987671
138	21	-2.6842079162597656
138	22	-2.8444886207580566
138	23	1.1903079748153687
138	24	-2.84529709815979
138	25	-2.128818988800049
138	26	-2.855790376663208
138	27	-2.101032018661499
139	0	-2.050945281982422
139	1	-0.8525469303131104
139	2	-3.2207276821136475
139	3	-3.203941583633423
139	4	-1.940839409828186
139	5	-1.6203008890151978
139	6	-1.8629310131072998
139	7	-1.2306889295578003
139	8	-3.1811602115631104
139	9	-3.2027435302734375
139	10	-3.203941583633423
139	11	-3.2024998664855957
139	12	-0.698072612285614
139	13	-2.948869228363037
139	14	-2.938375949859619
139	15	-2.541598081588745
139	16	-3.2070157527923584
139	17	-2.948869228363037
139	18	-3.116412878036499
139	19	-0.876213550567627
139	20	-2.829470157623291
139	21	-2.948869228363037
140	0	-2.050945281982422
140	1	-3.203941583633423
140	2	-3.203941583633423
140	3	-3.2207276821136475
140	4	-1.940839409828186
140	5	-1.6203008890151978
140	6	-3.2027435302734375
140	7	-3.2024998664855957
140	8	-0.698072612285614
140	9	-3.1811602115631104
140	10	-1.2306889295578003
140	11	-0.8525469303131104
140	12	-1.8629310131072998
140	13	-2.948869228363037
140	14	-0.876213550567627
140	15	-3.2070157527923584
140	16	-2.948869228363037
140	17	-3.116412878036499
140	18	-2.541598081588745
140	19	-2.829470157623291
140	20	-2.938375949859619
140	21	-2.948869228363037
140	22	-2.9637866020202637
141	0	-1.6203008890151978
141	1	-0.8525469303131104
141	2	-2.948869228363037
141	3	-1.2306889295578003
141	4	-0.698072612285614
141	5	-2.050945281982422
141	6	-3.2207276821136475
141	7	-3.2027435302734375
141	8	-3.1811602115631104
141	9	-3.2024998664855957
141	10	-1.940839409828186
141	11	-3.203941583633423
141	12	-3.203941583633423
141	13	-1.8629310131072998
141	14	-3.2070157527923584
141	15	-2.541598081588745
141	16	-2.948869228363037
141	17	-2.948869228363037
141	18	-2.829470157623291
141	19	-0.876213550567627
141	20	-3.116412878036499
141	21	-2.938375949859619
141	22	-2.5236458778381348
142	0	-3.203941583633423
142	1	-1.8629310131072998
142	2	-3.2027435302734375
142	3	-1.6203008890151978
142	4	-2.050945281982422
142	5	-3.2024998664855957
142	6	-1.2306889295578003
142	7	-3.1811602115631104
142	8	-0.8525469303131104
142	9	-0.698072612285614
142	10	-3.203941583633423
142	11	-3.2207276821136475
142	12	-1.940839409828186
142	13	-2.541598081588745
142	14	-3.2070157527923584
142	15	-2.948869228363037
142	16	-2.948869228363037
142	17	-2.938375949859619
142	18	-0.876213550567627
142	19	-2.948869228363037
142	20	-3.116412878036499
142	21	-2.829470157623291
143	0	-1.805159091949463
143	1	-3.0818846225738525
143	2	-3.0603013038635254
143	3	-3.083082675933838
143	4	-3.0816409587860107
143	5	-1.8629310131072998
143	6	-3.0998687744140625
143	7	-3.083082675933838
143	8	-0.8525469303131104
143	9	-1.6203008890151978
143	10	-1.1098299026489258
143	11	-1.9152649641036987
143	12	-0.5772136449813843
143	13	-2.8026955127716064
143	14	-2.948869228363037
143	15	-2.8131887912750244
143	16	-3.0861568450927734
143	17	-2.42073917388916
143	18	-2.8131887912750244
143	19	-0.7553545236587524
143	20	-2.9807324409484863
143	21	-2.708611249923706
143	22	-2.781285524368286
144	0	-0.8525469303131104
144	1	-3.2027435302734375
144	2	-3.2207276821136475
144	3	-3.2024998664855957
144	4	-1.2306889295578003
144	5	-3.203941583633423
144	6	-3.203941583633423
144	7	-0.698072612285614
144	8	-1.8629310131072998
144	9	-1.6203008890151978
144	10	-3.1811602115631104
144	11	-1.940839409828186
144	12	-2.050945281982422
144	13	-2.938375949859619
144	14	-2.948869228363037
144	15	-2.541598081588745
144	16	-2.948869228363037
144	17	-0.876213550567627
144	18	-3.2070157527923584
144	19	-3.116412878036499
144	20	-2.829470157623291
144	21	-2.948869228363037
145	0	-3.203941583633423
145	1	-0.8525469303131104
145	2	-3.203941583633423
145	3	-3.2027435302734375
145	4	-3.2024998664855957
145	5	-1.2306889295578003
145	6	-0.698072612285614
145	7	-3.2207276821136475
145	8	-1.940839409828186
145	9	-3.0412991046905518
145	10	-1.6203008890151978
145	11	-3.1811602115631104
145	12	-2.050945281982422
145	13	-2.541598081588745
145	14	-3.2070157527923584
145	15	-2.948869228363037
145	16	-2.948869228363037
145	17	-0.876213550567627
145	18	-2.829470157623291
145	19	-3.116412878036499
145	20	-2.948869228363037
145	21	-2.938375949859619
146	0	-3.2024998664855957
146	1	-1.940839409828186
146	2	-3.203941583633423
146	3	-1.2306889295578003
146	4	-2.050945281982422
146	5	-1.8629310131072998
146	6	-3.2207276821136475
146	7	-3.2027435302734375
146	8	-1.6203008890151978
146	9	-3.1811602115631104
146	10	-0.8525469303131104
146	11	-0.698072612285614
146	12	-3.203941583633423
146	13	-2.938375949859619
146	14	-3.2070157527923584
146	15	-2.541598081588745
146	16	-2.948869228363037
146	17	-2.948869228363037
146	18	-3.116412878036499
146	19	-2.948869228363037
146	20	-2.829470157623291
146	21	-0.876213550567627
147	0	-2.754917860031128
147	1	-0.9183511137962341
147	2	-3.126213550567627
147	3	-0.7402101755142212
147	4	-1.9829769134521484
147	5	-3.0743167400360107
147	6	-3.0743167400360107
147	7	-3.1804351806640625
147	8	-2.991006851196289
147	9	-2.093082904815674
147	10	-3.109604597091675
147	11	-1.6624383926391602
147	12	-2.2101197242736816
147	13	-0.894684374332428
147	14	-1.9052141904830933
147	15	-2.8609325885772705
147	16	-3.0738744735717773
147	17	-2.991006851196289
147	18	-2.851407289505005
148	0	-1.8629310131072998
148	1	-2.050945281982422
148	2	-3.2207276821136475
148	3	-1.940839409828186
148	4	-2.541598081588745
148	5	-3.1811602115631104
148	6	-3.116412878036499
148	7	-3.203941583633423
148	8	-3.203941583633423
148	9	-3.2027435302734375
148	10	-0.698072612285614
148	11	-3.2024998664855957
148	12	-2.948869228363037
148	13	-0.403821736574173
148	14	-1.6203008890151978
148	15	-2.829470157623291
148	16	2.4874489307403564
148	17	-2.948869228363037
148	18	-3.2070157527923584
148	19	-2.8054447174072266
148	20	-2.84529709815979
148	21	-1.74094820022583
148	22	-1.8919297456741333
148	23	-2.5236458778381348
148	24	-2.9238245487213135
148	25	-2.8444886207580566
149	0	-1.8629310131072998
149	1	-2.541598081588745
149	2	-0.698072612285614
149	3	-3.2207276821136475
149	4	-2.948869228363037
149	5	-3.2027435302734375
149	6	-3.203941583633423
149	7	-3.116412878036499
149	8	-0.8525469303131104
149	9	-0.876213550567627
149	10	-3.203941583633423
149	11	-1.6203008890151978
149	12	-3.1811602115631104
149	13	-2.829470157623291
149	14	-3.2070157527923584
149	15	-3.2024998664855957
149	16	-2.050945281982422
149	17	-2.948869228363037
149	18	-1.940839409828186
149	19	-2.938375949859619
149	20	-3.203941583633423
149	21	-2.8193063735961914
149	22	-1.922777771949768
149	23	-3.2031331062316895
149	24	-2.7151095867156982
149	25	-1.3752386569976807
150	0	-1.7420721054077148
150	1	-2.8131887912750244
150	2	-3.0603013038635254
150	3	-3.0818846225738525
150	4	-3.083082675933838
150	5	-0.5772136449813843
150	6	-2.708611249923706
150	7	-0.7553545236587524
150	8	-0.8525469303131104
150	9	-3.0816409587860107
150	10	-3.083082675933838
150	11	-3.0998687744140625
150	12	-3.0861568450927734
150	13	-1.9152649641036987
150	14	-1.805159091949463
150	15	-1.4846205711364746
150	16	-2.8131887912750244
150	17	-2.9807324409484863
150	18	-2.42073917388916
150	19	-3.083082675933838
150	20	-3.0822741985321045
150	21	-1.2543796300888062
150	22	-1.922777771949768
150	23	-2.5942506790161133
150	24	-2.6836259365081787
150	25	-2.8026955127716064
151	0	-2.0295698642730713
151	1	-3.0669875144958496
151	2	-3.2500572204589844
151	3	-1.9518072605133057
151	4	-2.9182004928588867
151	5	-2.6200456619262695
151	6	-0.9649441838264465
151	7	-3.2518222332000732
151	8	-3.2510340213775635
151	9	-0.9412774443626404
151	10	-3.313631296157837
151	11	-2.1396758556365967
151	12	-3.2006590366363525
151	13	-3.1691105365753174
151	14	-3.037599802017212
151	15	-3.147829294204712
151	16	-3.037599802017212
151	17	-1.7090314626693726
151	18	-0.7868032455444336
152	0	-2.9182004928588867
152	1	-3.037599802017212
152	2	-3.1691105365753174
152	3	-3.2518222332000732
152	4	-3.037599802017212
152	5	-2.6200456619262695
152	6	-3.0669875144958496
152	7	-1.7090314626693726
152	8	-0.9412774443626404
152	9	-0.9649441838264465
152	10	-3.147829294204712
152	11	-3.2510340213775635
152	12	-2.0295698642730713
152	13	-2.1396758556365967
152	14	-3.313631296157837
152	15	-3.2500572204589844
152	16	-3.2006590366363525
152	17	-0.7868032455444336
152	18	-1.9518072605133057
153	0	-3.1811602115631104
153	1	-1.8629310131072998
153	2	-3.2207276821136475
153	3	-3.2024998664855957
153	4	-2.050945281982422
153	5	-1.940839409828186
153	6	-3.203941583633423
153	7	-3.203941583633423
153	8	-1.6203008890151978
153	9	-0.8525469303131104
153	10	-0.698072612285614
153	11	-3.2027435302734375
153	12	-1.6125177145004272
153	13	-2.6842079162597656
153	14	-3.2070157527923584
153	15	-2.541598081588745
153	16	-2.6532087326049805
153	17	-2.948869228363037
153	18	-2.948869228363037
153	19	-3.116412878036499
153	20	-2.829470157623291
153	21	-0.876213550567627
154	0	-0.5772136449813843
154	1	-3.0998687744140625
154	2	-1.9152649641036987
154	3	-0.8525469303131104
154	4	-1.7420721054077148
154	5	-3.0816409587860107
154	6	-1.4846205711364746
154	7	-3.083082675933838
154	8	-1.1098299026489258
154	9	-3.0818846225738525
154	10	-3.0603013038635254
154	11	-1.805159091949463
154	12	-3.083082675933838
154	13	-2.8026955127716064
154	14	-2.8131887912750244
154	15	-2.8131887912750244
154	16	-2.42073917388916
154	17	-3.0861568450927734
154	18	-2.708611249923706
154	19	-0.7553545236587524
154	20	-2.9807324409484863
154	21	-2.8131887912750244
154	22	-2.8444886207580566
155	0	-3.037599802017212
155	1	-3.2006590366363525
155	2	-0.9412774443626404
155	3	-3.313631296157837
155	4	-3.2500572204589844
155	5	-2.9182004928588867
155	6	-0.9649441838264465
155	7	-3.147829294204712
155	8	-1.9518072605133057
155	9	-3.2518222332000732
155	10	-2.0295698642730713
155	11	-2.6200456619262695
155	12	-3.037599802017212
155	13	-0.7868032455444336
155	14	-3.2510340213775635
155	15	-1.7090314626693726
155	16	-2.1396758556365967
155	17	-3.1691105365753174
155	18	-3.0669875144958496
156	0	-1.8658740520477295
156	1	-3.18410325050354
156	2	-1.9289610385894775
156	3	-2.936990737915039
156	4	-0.8791564702987671
156	5	-3.209958791732788
156	6	-3.2068846225738525
156	7	-0.7010155916213989
156	8	-2.948869228363037
156	9	-3.223670721054077
156	10	-0.9766699075698853
156	11	-1.6084225177764893
156	12	-3.205686569213867
156	13	-2.039067029953003
156	14	-3.2054429054260254
156	15	-3.104534387588501
156	16	-3.2068846225738525
156	17	-2.544541120529175
156	18	-2.829470157623291
156	19	-1.556592345237732
156	20	-2.8444886207580566
156	21	-2.5236458778381348
156	22	-2.84529709815979
156	23	-2.588487148284912
156	24	-1.199507236480713
156	25	-2.6842079162597656
157	0	-3.223670721054077
157	1	-1.5141829252243042
157	2	-3.2068846225738525
157	3	-3.2054429054260254
157	4	-3.2068846225738525
157	5	-1.6084225177764893
157	6	-0.9766699075698853
157	7	-1.9289610385894775
157	8	-2.039067029953003
157	9	-0.7010155916213989
157	10	-1.8658740520477295
157	11	-3.205686569213867
157	12	-3.18410325050354
157	13	-2.926497459411621
157	14	-2.936990737915039
157	15	-2.5921032428741455
157	16	-2.544541120529175
157	17	-3.209958791732788
157	18	-2.829470157623291
157	19	-3.104534387588501
157	20	-2.948869228363037
157	21	-0.8791564702987671
158	0	-2.6200456619262695
158	1	-2.9182004928588867
158	2	-3.0743167400360107
158	3	-3.037599802017212
158	4	-1.9518072605133057
158	5	-2.0295698642730713
158	6	-2.1396758556365967
158	7	-3.109604597091675
158	8	-1.7090314626693726
158	9	-3.2500572204589844
158	10	-0.7868032455444336
158	11	-3.126213550567627
158	12	-3.0669875144958496
158	13	-0.9649441838264465
158	14	-3.2189035415649414
158	15	-2.851407289505005
158	16	-3.037599802017212
158	17	-0.8525469303131104
158	18	-3.0743167400360107
158	19	-2.781285524368286
158	20	-2.980764150619507
159	0	-3.2207276821136475
159	1	-0.698072612285614
159	2	-2.050945281982422
159	3	-1.6203008890151978
159	4	-1.199507236480713
159	5	-3.1811602115631104
159	6	-3.2027435302734375
159	7	-3.203941583633423
159	8	-0.8525469303131104
159	9	-3.2024998664855957
159	10	-3.203941583633423
159	11	-1.940839409828186
159	12	-1.8629310131072998
159	13	-2.6842079162597656
159	14	-2.541598081588745
159	15	-3.2070157527923584
159	16	-2.948869228363037
159	17	-2.948869228363037
159	18	-3.116412878036499
159	19	-0.876213550567627
159	20	-2.829470157623291
159	21	-2.948869228363037
159	22	-2.8332760334014893
160	0	-3.126213550567627
160	1	-2.851407289505005
160	2	-3.0743167400360107
160	3	-3.0743167400360107
160	4	-1.9052141904830933
160	5	-2.8609325885772705
160	6	-0.7402101755142212
160	7	-2.093082904815674
160	8	-2.991006851196289
160	9	-3.109604597091675
160	10	-1.9829769134521484
160	11	-0.894684374332428
160	12	-0.9183511137962341
160	13	-2.991006851196289
160	14	-3.1804351806640625
160	15	-3.0738744735717773
160	16	-2.2101197242736816
160	17	-1.6624383926391602
160	18	-2.754917860031128
160	19	-3.0023982524871826
161	0	-3.2500572204589844
161	1	-3.2510340213775635
161	2	-0.9649441838264465
161	3	-3.1691105365753174
161	4	-3.037599802017212
161	5	-3.313631296157837
161	6	-0.7868032455444336
161	7	-0.9412774443626404
161	8	-3.0669875144958496
161	9	-2.1396758556365967
161	10	-2.6200456619262695
161	11	-1.7090314626693726
161	12	-2.9182004928588867
161	13	-1.9518072605133057
161	14	-3.2518222332000732
161	15	-2.0295698642730713
161	16	-3.037599802017212
161	17	-3.2006590366363525
161	18	-3.147829294204712
162	0	-3.1811602115631104
162	1	-0.8525469303131104
162	2	-1.940839409828186
162	3	-3.2024998664855957
162	4	-1.5945876836776733
162	5	-3.2207276821136475
162	6	-2.050945281982422
162	7	-0.698072612285614
162	8	-1.8629310131072998
162	9	-3.2027435302734375
162	10	-3.203941583633423
162	11	-3.203941583633423
162	12	-1.6203008890151978
162	13	-2.8054447174072266
162	14	-2.541598081588745
162	15	-2.829470157623291
162	16	-3.2070157527923584
162	17	-2.948869228363037
162	18	-3.116412878036499
162	19	-2.948869228363037
162	20	-0.876213550567627
162	21	-2.6947011947631836
162	22	-2.964595079421997
163	0	-1.3752386569976807
163	1	-1.940839409828186
163	2	-3.2024998664855957
163	3	-3.2207276821136475
163	4	-3.203941583633423
163	5	-3.2027435302734375
163	6	-1.6203008890151978
163	7	-2.050945281982422
163	8	-1.8629310131072998
163	9	-3.1811602115631104
163	10	-0.8525469303131104
163	11	-3.203941583633423
163	12	-0.698072612285614
163	13	-2.938375949859619
163	14	-2.948869228363037
163	15	-2.948869228363037
163	16	-3.2070157527923584
163	17	-2.541598081588745
163	18	-3.116412878036499
163	19	-2.948869228363037
163	20	-2.829470157623291
163	21	-0.876213550567627
163	22	-3.203941583633423
164	0	-3.116412878036499
164	1	-3.203941583633423
164	2	-3.2027435302734375
164	3	-3.203941583633423
164	4	-1.6203008890151978
164	5	-2.050945281982422
164	6	-2.948869228363037
164	7	-0.876213550567627
164	8	-2.541598081588745
164	9	-3.1811602115631104
164	10	-0.8525469303131104
164	11	-1.940839409828186
164	12	-1.8629310131072998
164	13	-2.829470157623291
164	14	-3.207014799118042
164	15	-3.22072696685791
164	16	-2.948869228363037
164	17	-3.2024991512298584
164	18	-0.698072612285614
165	0	-3.2027435302734375
165	1	-1.8629310131072998
165	2	-0.698072612285614
165	3	-3.203941583633423
165	4	-3.2024998664855957
165	5	-0.8525469303131104
165	6	-2.050945281982422
165	7	-3.203941583633423
165	8	-3.2207276821136475
165	9	-1.199507236480713
165	10	-3.1811602115631104
165	11	-1.940839409828186
165	12	-1.6203008890151978
165	13	-2.6842079162597656
165	14	-2.948869228363037
165	15	-2.829470157623291
165	16	-2.948869228363037
165	17	-0.876213550567627
165	18	-2.541598081588745
165	19	-3.2070157527923584
165	20	-3.116412878036499
165	21	-2.6947011947631836
166	0	-3.2068846225738525
166	1	-1.6203008890151978
166	2	-1.5141829252243042
166	3	-0.9766699075698853
166	4	-3.2068846225738525
166	5	-3.223670721054077
166	6	-3.205686569213867
166	7	-3.2054429054260254
166	8	-1.8658740520477295
166	9	-3.18410325050354
166	10	-1.9289610385894775
166	11	-2.039067029953003
166	12	-0.7010155916213989
166	13	-2.544541120529175
166	14	-3.0729920864105225
166	15	-2.8324131965637207
166	16	-0.8791564702987671
166	17	-2.936990737915039
166	18	-3.104534387588501
166	19	-3.209958791732788
166	20	-2.926497459411621
166	21	-2.936990737915039
166	22	-2.8332760334014893
166	23	-1.8747358322143555
167	0	-3.2207276821136475
167	1	-1.6203008890151978
167	2	-0.8525469303131104
167	3	-0.698072612285614
167	4	-1.3752386569976807
167	5	1.1903079748153687
167	6	-3.2024998664855957
167	7	-2.948869228363037
167	8	-1.8629310131072998
167	9	-2.948869228363037
167	10	-3.203941583633423
167	11	-3.2027435302734375
167	12	-2.829470157623291
167	13	-0.876213550567627
167	14	-2.541598081588745
167	15	-3.2070157527923584
167	16	-3.203941583633423
167	17	-1.940839409828186
167	18	-3.1811602115631104
167	19	-2.050945281982422
167	20	-3.116412878036499
167	21	-2.948869228363037
168	0	-3.2006590366363525
168	1	-3.1691105365753174
168	2	-0.7868032455444336
168	3	-3.2500572204589844
168	4	-3.0669875144958496
168	5	-0.9649441838264465
168	6	-3.037599802017212
168	7	-1.9518072605133057
168	8	-3.147829294204712
168	9	-3.037599802017212
168	10	-2.9182004928588867
168	11	-2.0295698642730713
168	12	-3.313631296157837
168	13	-2.6200456619262695
168	14	-1.7090314626693726
168	15	-2.1396758556365967
168	16	-0.9412774443626404
168	17	-3.2510340213775635
168	18	-3.2518222332000732
168	19	-2.8444886207580566
168	20	-2.980764150619507
169	0	-0.8525469303131104
169	1	-3.203941583633423
169	2	-3.203941583633423
169	3	-1.74094820022583
169	4	-3.2024998664855957
169	5	-2.050945281982422
169	6	-3.2027435302734375
169	7	-3.2207276821136475
169	8	-1.6203008890151978
169	9	-0.698072612285614
169	10	-3.1811602115631104
169	11	-1.940839409828186
169	12	-1.8629310131072998
169	13	-2.6842079162597656
169	14	-2.829470157623291
169	15	-0.876213550567627
169	16	-2.541598081588745
169	17	-2.948869228363037
169	18	-2.948869228363037
169	19	-3.116412878036499
169	20	-3.2070157527923584
169	21	-2.948869228363037
170	0	-0.9412774443626404
170	1	-3.147829294204712
170	2	-2.0295698642730713
170	3	-0.7868032455444336
170	4	-3.2006590366363525
170	5	-2.1396758556365967
170	6	-3.313631296157837
170	7	-3.1691105365753174
170	8	-3.0669875144958496
170	9	-3.2510340213775635
170	10	-3.2500572204589844
170	11	-0.9649441838264465
170	12	-2.9182004928588867
170	13	-2.6200456619262695
170	14	-3.2518222332000732
170	15	-1.7090314626693726
170	16	-3.037599802017212
170	17	-3.037599802017212
170	18	-1.9518072605133057
170	19	-2.6949453353881836
170	20	-2.9637866020202637
171	0	-1.8919297456741333
171	1	-2.2791731357574463
171	2	-0.5223413109779358
171	3	-1.6235846281051636
171	4	-0.876213550567627
171	5	-1.7570674419403076
171	6	-1.860392689704895
171	7	-2.128818988800049
171	8	-2.964595079421997
171	9	-2.115025043487549
171	10	-2.84529709815979
171	11	-2.8444886207580566
171	12	-1.3661330938339233
171	13	-0.7168665528297424
171	14	-2.9633970260620117
171	15	-2.9238245487213135
171	16	-2.5236458778381348
171	17	-2.9798123836517334
171	18	-2.829470157623291
171	19	-2.9615845680236816
171	20	-2.9418137073516846
171	21	-1.7502868175506592
171	22	-2.964595079421997
171	23	-2.948869228363037
171	24	-2.9676692485809326
171	25	-2.300682544708252
171	26	-2.8622448444366455
171	27	-2.6947011947631836
171	28	-2.6842079162597656
172	0	-1.6732240915298462
172	1	-0.8525469303131104
172	2	-3.2027435302734375
172	3	-3.203941583633423
172	4	-3.2031331062316895
172	5	-1.3752386569976807
172	6	-2.7151095867156982
172	7	-0.876213550567627
172	8	-0.698072612285614
172	9	-1.6203008890151978
172	10	-2.8193063735961914
172	11	-1.8629310131072998
173	0	-1.7502868175506592
173	1	-3.2027435302734375
173	2	-2.964595079421997
173	3	-1.860392689704895
173	4	-2.964595079421997
173	5	-1.3752386569976807
173	6	-2.9615845680236816
173	7	-1.6203008890151978
173	8	-2.9798123836517334
173	9	-2.9418137073516846
173	10	-1.8629310131072998
173	11	-0.8525469303131104
173	12	-0.698072612285614
173	13	-2.5858495235443115
173	14	-2.6947011947631836
173	15	-2.6842079162597656
173	16	-2.9676692485809326
173	17	-2.8622448444366455
173	18	-2.300682544708252
173	19	-2.5901236534118652
173	20	-2.6947011947631836
173	21	-0.876213550567627
173	22	-2.1174347400665283
173	23	-1.6732240915298462
173	24	-1.822530746459961
173	25	-1.9392937421798706
173	26	-2.7151095867156982
173	27	-3.203941583633423
173	28	-2.8193063735961914
173	29	-3.2031331062316895
174	0	-1.6732240915298462
174	1	-2.8193063735961914
174	2	-2.7151095867156982
174	3	-0.698072612285614
174	4	-1.3752386569976807
174	5	-1.8629310131072998
174	6	-0.8525469303131104
174	7	-1.6203008890151978
174	8	-3.2027435302734375
174	9	-3.2031331062316895
174	10	-3.203941583633423
174	11	-0.876213550567627
175	0	-1.9052141904830933
175	1	-1.6624383926391602
175	2	-2.8131887912750244
175	3	-0.894684374332428
175	4	-3.064168691635132
175	5	-3.083082675933838
175	6	-3.0861568450927734
175	7	-3.0816409587860107
175	8	-3.0603013038635254
176	0	-3.083082675933838
176	1	-1.685728907585144
176	2	-1.7958347797393799
176	3	-1.199507236480713
176	4	-1.7420721054077148
176	5	-2.964595079421997
176	6	-2.9798123836517334
176	7	-1.6203008890151978
176	8	-3.0816409587860107
176	9	-2.9633970260620117
176	10	-0.8525469303131104
176	11	-0.5223413109779358
176	12	-3.0603013038635254
176	13	-2.300682544708252
176	14	-3.0861568450927734
176	15	-2.6947011947631836
176	16	-2.948869228363037
176	17	-0.700482189655304
176	18	-2.5901236534118652
176	19	-2.8622448444366455
176	20	-2.6947011947631836
176	21	-2.6842079162597656
176	22	-2.9637866020202637
176	23	-2.565138339996338
176	24	-2.964595079421997
176	25	-2.5393781661987305
176	26	-1.6183518171310425
177	0	-3.2031331062316895
177	1	-2.8193063735961914
177	2	-0.698072612285614
177	3	-1.6732240915298462
177	4	-3.203941583633423
177	5	-0.876213550567627
177	6	-1.6203008890151978
177	7	-2.7151095867156982
177	8	-0.8525469303131104
177	9	-1.3752386569976807
177	10	-1.8629310131072998
177	11	-3.2027435302734375
177	12	-3.2207276821136475
177	13	-3.1811602115631104
177	14	-3.2024998664855957
177	15	-3.203941583633423
177	16	-2.938375949859619
177	17	-3.203941583633423
177	18	-2.948869228363037
177	19	-3.2070157527923584
177	20	-1.940839409828186
177	21	-2.050945281982422
177	22	-2.541598081588745
177	23	-3.116412878036499
177	24	-2.829470157623291
177	25	-2.948869228363037
178	0	-0.1325836181640625
178	1	-0.8525469303131104
178	2	-1.6203008890151978
178	3	-2.7151095867156982
178	4	-0.876213550567627
178	5	-3.2031331062316895
178	6	-3.2027435302734375
178	7	-2.8193063735961914
178	8	-0.698072612285614
178	9	-3.203941583633423
178	10	-1.3752386569976807
178	11	-1.8629310131072998
179	0	-1.8630765676498413
179	1	-0.9183511137962341
179	2	-3.1998727321624756
179	3	-2.5901236534118652
179	4	-2.6947011947631836
179	5	-2.6947011947631836
179	6	-0.698072612285614
179	7	-1.7502868175506592
179	8	-2.9798123836517334
179	9	-2.964595079421997
179	10	-2.300682544708252
179	11	-0.8525469303131104
179	12	-1.6203008890151978
179	13	-2.964595079421997
179	14	-2.9615845680236816
179	15	-1.860392689704895
179	16	-2.9418137073516846
179	17	-2.8622448444366455
179	18	-2.9676692485809326
180	0	-3.126213550567627
180	1	-1.6624383926391602
180	2	-0.894684374332428
180	3	-3.0891876220703125
180	4	-2.851407289505005
180	5	-2.8609325885772705
180	6	-3.0743167400360107
180	7	-2.991006851196289
180	8	-2.991006851196289
180	9	-2.093082904815674
180	10	-3.109604597091675
180	11	-2.2101197242736816
180	12	-0.7402101755142212
180	13	-3.0738744735717773
180	14	-1.9829769134521484
180	15	-3.1804351806640625
180	16	-2.754917860031128
180	17	-0.9183511137962341
180	18	-3.0743167400360107
181	0	-3.0669875144958496
181	1	-3.2518222332000732
181	2	-3.1691105365753174
181	3	-0.7868032455444336
181	4	-2.1396758556365967
181	5	-3.2510340213775635
181	6	-3.12929368019104
181	7	-2.0295698642730713
181	8	-3.147829294204712
181	9	-0.9412774443626404
181	10	-3.2006590366363525
181	11	-2.6200456619262695
181	12	-0.9649441838264465
181	13	-3.037599802017212
181	14	-1.7090314626693726
181	15	-3.313631296157837
181	16	-3.037599802017212
181	17	-3.2500572204589844
181	18	-2.9182004928588867
182	0	-0.876213550567627
182	1	-3.0412991046905518
182	2	-1.6203008890151978
182	3	-0.8525469303131104
182	4	-0.698072612285614
182	5	-2.3923754692077637
182	6	-2.4625403881073
182	7	-2.832467555999756
182	8	-3.2027435302734375
182	9	-2.8332760334014893
182	10	-0.1325836181640625
182	11	-1.4618757963180542
182	12	-3.2024998664855957
182	13	-3.1811602115631104
182	14	-2.948869228363037
182	15	-1.940839409828186
182	16	-2.829470157623291
182	17	-3.2070157527923584
182	18	-2.541598081588745
182	19	-3.2207276821136475
182	20	-3.116412878036499
182	21	-2.948869228363037
182	22	-3.203941583633423
182	23	-3.203941583633423
182	24	-2.050945281982422
182	25	-2.5753562450408936
183	0	-2.541598081588745
183	1	-0.8525469303131104
183	2	-1.3752386569976807
183	3	-2.050945281982422
183	4	-2.128818988800049
183	5	-2.948869228363037
183	6	-1.8629310131072998
183	7	-3.116412878036499
183	8	-2.855790376663208
183	9	-1.6203008890151978
183	10	-0.698072612285614
183	11	-0.876213550567627
183	12	-2.829470157623291
184	0	-1.6203008890151978
184	1	-0.698072612285614
184	2	-2.9798123836517334
184	3	1.1903079748153687
184	4	-0.8525469303131104
184	5	-1.3752386569976807
184	6	-1.8629310131072998
184	7	-1.7502868175506592
184	8	-2.964595079421997
184	9	-2.9633970260620117
184	10	-2.9615845680236816
184	11	-2.050945281982422
184	12	-2.9418137073516846
184	13	-2.964595079421997
184	14	-2.948869228363037
184	15	-2.6947011947631836
184	16	-2.829470157623291
184	17	-3.116412878036499
184	18	-0.876213550567627
184	19	-2.541598081588745
184	20	-2.9676692485809326
184	21	-2.6532087326049805
185	0	-1.6203008890151978
185	1	-2.829470157623291
185	2	-0.876213550567627
185	3	-1.3752386569976807
185	4	-2.948869228363037
185	5	-0.698072612285614
185	6	-1.822530746459961
185	7	-2.9262139797210693
185	8	-2.050945281982422
185	9	-0.8525469303131104
185	10	-3.116412878036499
185	11	-3.0412991046905518
185	12	-2.541598081588745
186	0	-2.050945281982422
186	1	-1.6203008890151978
186	2	-1.3752386569976807
186	3	-0.698072612285614
186	4	-3.0412991046905518
186	5	-0.876213550567627
186	6	-3.116412878036499
186	7	-2.541598081588745
186	8	-0.8525469303131104
186	9	-2.829470157623291
186	10	-3.165560483932495
186	11	-1.9982619285583496
186	12	-2.948869228363037
187	0	-0.894684374332428
187	1	-2.6947011947631836
187	2	-1.6624383926391602
187	3	-3.0891876220703125
187	4	-2.964595079421997
187	5	-2.2101197242736816
187	6	-2.964595079421997
187	7	-2.9676692485809326
187	8	-2.754917860031128
187	9	-2.9615845680236816
187	10	-2.9633970260620117
187	11	-3.1804351806640625
187	12	-2.093082904815674
187	13	-2.9418137073516846
187	14	-2.991006851196289
187	15	-0.9183511137962341
187	16	-0.7402101755142212
187	17	-1.685728907585144
187	18	-2.9798123836517334
187	19	-2.84529709815979
188	0	-1.74094820022583
188	1	-0.13194049894809723
188	2	-0.698072612285614
188	3	-1.6203008890151978
188	4	-3.2207276821136475
188	5	-0.8525469303131104
188	6	-3.0412991046905518
188	7	-3.203941583633423
188	8	-2.948869228363037
188	9	-0.876213550567627
188	10	-2.541598081588745
188	11	-3.2070157527923584
188	12	-2.050945281982422
188	13	-3.1811602115631104
188	14	-3.2024998664855957
188	15	-1.940839409828186
188	16	-2.829470157623291
188	17	-3.116412878036499
188	18	-3.203941583633423
188	19	-3.2027435302734375
188	20	-2.948869228363037
188	21	-2.5858495235443115
188	22	-3.0474507808685303
188	23	-1.7368228435516357
189	0	1.1959187984466553
189	1	-0.876213550567627
189	2	-1.6203008890151978
189	3	-3.2027435302734375
189	4	-2.588487148284912
189	5	-2.5236458778381348
189	6	-0.8525469303131104
189	7	-2.8444886207580566
189	8	-3.0412991046905518
189	9	-2.84529709815979
189	10	-1.3752386569976807
189	11	-0.698072612285614
190	0	-3.0828213691711426
190	1	-3.109604597091675
190	2	-2.9834816455841064
190	3	-2.421919584274292
190	4	-3.0630505084991455
190	5	-3.0889060497283936
190	6	-1.8715236186981201
190	7	-3.1010491847991943
190	8	-2.8159379959106445
190	9	-0.7402101755142212
190	10	-0.9183511137962341
190	11	-3.085831880569458
190	12	-3.085831880569458
190	13	-2.8159379959106445
190	14	-0.894684374332428
190	15	-1.6624383926391602
190	16	-2.711360454559326
190	17	-1.7746847867965698
190	18	-1.9052141904830933
191	0	-3.0743167400360107
191	1	-2.093082904815674
191	2	-2.851407289505005
191	3	-2.8609325885772705
191	4	-2.991006851196289
191	5	-1.9829769134521484
191	6	-3.0891876220703125
191	7	-0.9183511137962341
191	8	-3.126213550567627
191	9	-3.0743167400360107
191	10	-2.991006851196289
191	11	-3.109604597091675
191	12	-3.1804351806640625
191	13	-2.2101197242736816
191	14	-1.6624383926391602
191	15	-2.754917860031128
191	16	-0.894684374332428
191	17	-3.0738744735717773
191	18	-0.7402101755142212
192	0	-3.223670721054077
192	1	-1.6084225177764893
192	2	-1.5945876836776733
192	3	-0.9766699075698853
192	4	-2.039067029953003
192	5	-3.2068846225738525
192	6	-3.205686569213867
192	7	-3.2054429054260254
192	8	-3.18410325050354
192	9	-3.0442421436309814
192	10	-1.9289610385894775
192	11	-3.2068846225738525
192	12	-0.7010155916213989
192	13	-2.6427154541015625
192	14	-2.544541120529175
192	15	-3.209958791732788
192	16	-2.936990737915039
192	17	-3.104534387588501
192	18	-2.8324131965637207
192	19	-3.0729920864105225
192	20	-0.8791564702987671
192	21	-2.5921032428741455
192	22	-0.1831226348876953
192	23	-0.1325836181640625
192	24	-2.2791731357574463
192	25	-2.101032018661499
192	26	-1.6898187398910522
192	27	-2.5393781661987305
192	28	-2.9637866020202637
192	29	-2.964595079421997
192	30	-2.565138339996338
192	31	-2.8437693119049072
193	0	-3.12929368019104
193	1	-2.0295698642730713
193	2	-3.1691105365753174
193	3	-0.9649441838264465
193	4	-3.0669875144958496
193	5	-3.037599802017212
193	6	-1.7090314626693726
193	7	-3.147829294204712
193	8	-2.6200456619262695
193	9	-3.2510340213775635
193	10	-3.2518222332000732
193	11	-3.313631296157837
193	12	-0.7868032455444336
193	13	-3.037599802017212
193	14	-3.2006590366363525
193	15	-2.9182004928588867
193	16	-2.1396758556365967
193	17	-0.9412774443626404
193	18	-3.2500572204589844
194	0	-3.126213550567627
194	1	-3.0743167400360107
194	2	-2.851407289505005
194	3	-3.1804351806640625
194	4	-2.991006851196289
194	5	-1.6624383926391602
194	6	-3.0891876220703125
194	7	-0.9183511137962341
194	8	-0.7402101755142212
194	9	-2.093082904815674
194	10	-2.754917860031128
194	11	-3.109604597091675
194	12	-2.8609325885772705
194	13	-3.0743167400360107
194	14	-2.2101197242736816
194	15	-0.894684374332428
194	16	-1.9829769134521484
194	17	-2.991006851196289
194	18	-3.0738744735717773
195	0	-3.12929368019104
195	1	-3.313631296157837
195	2	-2.1396758556365967
195	3	-0.9649441838264465
195	4	-3.2518222332000732
195	5	-3.2006590366363525
195	6	-1.7090314626693726
195	7	-2.9182004928588867
195	8	-3.2510340213775635
195	9	-3.037599802017212
195	10	-2.6200456619262695
195	11	-2.0295698642730713
195	12	-3.0669875144958496
195	13	-3.1691105365753174
195	14	-3.147829294204712
195	15	-3.2500572204589844
195	16	-0.9412774443626404
195	17	-3.037599802017212
195	18	-0.7868032455444336
196	0	-3.0384280681610107
196	1	-0.8525469303131104
196	2	-1.6203008890151978
196	3	-2.948869228363037
196	4	-3.200660228729248
196	5	-3.2174456119537354
196	6	-3.1992177963256836
196	7	-3.1998727321624756
196	8	-2.9182004928588867
196	9	-3.1782891750335693
196	10	-2.541476249694824
196	11	-3.200660228729248
196	12	-1.940839409828186
196	13	-2.050945281982422
196	14	-0.698072612285614
196	15	-3.037599802017212
196	16	-3.2037336826324463
196	17	-3.116412878036499
196	18	-0.876213550567627
197	0	-3.12929368019104
197	1	-3.2006590366363525
197	2	-2.1396758556365967
197	3	-3.037599802017212
197	4	-0.9649441838264465
197	5	-3.313631296157837
197	6	-1.7090314626693726
197	7	-3.0669875144958496
197	8	-3.037599802017212
197	9	-2.6200456619262695
197	10	-3.2510340213775635
197	11	-0.9412774443626404
197	12	-2.9182004928588867
197	13	-3.2500572204589844
197	14	-3.147829294204712
197	15	-0.7868032455444336
197	16	-2.0295698642730713
197	17	-3.2518222332000732
197	18	-3.1691105365753174
198	0	-3.037599802017212
198	1	-3.2014434337615967
198	2	-3.204516887664795
198	3	-2.050945281982422
198	4	-3.2004647254943848
198	5	-2.9182004928588867
198	6	-0.8525469303131104
198	7	-3.2014434337615967
198	8	-0.698072612285614
198	9	-0.876213550567627
198	10	-3.2000010013580322
198	11	-3.0393543243408203
198	12	-3.2189035415649414
198	13	-1.940839409828186
198	14	-3.116412878036499
198	15	-2.541476249694824
198	16	-1.6203008890151978
198	17	-3.1788814067840576
198	18	-2.948869228363037
198	19	-2.8444886207580566
198	20	-2.5858495235443115
199	0	-2.754917860031128
199	1	-3.2189035415649414
199	2	-3.2014434337615967
199	3	-3.204516887664795
199	4	-3.1788814067840576
199	5	-3.2000010013580322
199	6	-2.541476249694824
199	7	-2.948869228363037
199	8	-3.0393543243408203
199	9	-1.6203008890151978
199	10	-0.698072612285614
199	11	-0.876213550567627
199	12	-2.991006851196289
199	13	-1.940839409828186
199	14	-3.2014434337615967
199	15	-3.2004647254943848
199	16	-3.116412878036499
199	17	-0.8525469303131104
199	18	-2.050945281982422
200	0	-2.851407289505005
200	1	-3.0743167400360107
200	2	-3.126213550567627
200	3	-2.2101197242736816
200	4	-3.0738744735717773
200	5	-2.991006851196289
200	6	-1.6624383926391602
200	7	-0.9183511137962341
200	8	-0.894684374332428
200	9	-0.7402101755142212
200	10	-3.0743167400360107
200	11	-2.8609325885772705
200	12	-3.0891876220703125
200	13	-2.991006851196289
200	14	-2.754917860031128
200	15	-1.9829769134521484
200	16	-3.109604597091675
200	17	-2.093082904815674
200	18	-3.1804351806640625
201	0	-3.0891876220703125
201	1	-2.991006851196289
201	2	-2.093082904815674
201	3	-1.9829769134521484
201	4	-3.109604597091675
201	5	-0.7402101755142212
201	6	-3.0743167400360107
201	7	-2.851407289505005
201	8	-3.1804351806640625
201	9	-1.6624383926391602
201	10	-0.894684374332428
201	11	-2.8609325885772705
201	12	-3.0743167400360107
201	13	-3.0738744735717773
201	14	-0.9183511137962341
201	15	-3.126213550567627
201	16	-2.2101197242736816
201	17	-2.991006851196289
201	18	-2.754917860031128
202	0	-3.0393543243408203
202	1	-0.8525469303131104
202	2	-2.829470157623291
202	3	-3.204516887664795
202	4	-0.698072612285614
202	5	-0.876213550567627
202	6	-1.940839409828186
202	7	-3.2189035415649414
202	8	-2.541476249694824
202	9	-3.2004647254943848
202	10	-3.116412878036499
202	11	-3.2000010013580322
202	12	-2.948869228363037
202	13	-1.6203008890151978
202	14	-2.948869228363037
202	15	-3.2014434337615967
202	16	-2.050945281982422
202	17	-3.2014434337615967
202	18	-3.1788814067840576
202	19	-2.101773738861084
202	20	-1.9438356161117554
202	21	-1.793481469154358
202	22	-0.40399712324142456
203	0	-3.2189035415649414
203	1	-1.940839409828186
203	2	-2.948869228363037
203	3	-3.116412878036499
203	4	-1.9502168893814087
203	5	-2.948869228363037
203	6	-2.541476249694824
203	7	-1.9052141904830933
203	8	-3.2014434337615967
203	9	-0.8525469303131104
203	10	-3.2004647254943848
203	11	-3.2000010013580322
203	12	-0.876213550567627
203	13	-3.2014434337615967
203	14	-0.698072612285614
203	15	-1.6203008890151978
203	16	-2.829470157623291
203	17	-3.204516887664795
203	18	-3.1788814067840576
204	0	-2.991006851196289
204	1	-0.9183511137962341
204	2	-3.1804351806640625
204	3	-0.894684374332428
204	4	-1.9829769134521484
204	5	-2.991006851196289
204	6	-2.2101197242736816
204	7	-1.6624383926391602
204	8	-0.7402101755142212
204	9	-2.8609325885772705
204	10	-3.0738744735717773
204	11	-3.0891876220703125
204	12	-3.126213550567627
204	13	-3.109604597091675
204	14	-3.0743167400360107
204	15	-2.851407289505005
204	16	-3.0743167400360107
204	17	-2.093082904815674
204	18	-2.754917860031128
205	0	-3.2027435302734375
205	1	-3.207014799118042
205	2	-0.876213550567627
205	3	-1.940839409828186
205	4	-3.116412878036499
205	5	-3.22072696685791
205	6	-2.948869228363037
205	7	-1.6203008890151978
205	8	-3.2024991512298584
205	9	-3.203941583633423
205	10	-2.541598081588745
205	11	-0.8525469303131104
205	12	-3.203941583633423
205	13	-3.1811602115631104
205	14	-2.050945281982422
205	15	-3.0412991046905518
205	16	-2.829470157623291
205	17	-0.698072612285614
205	18	-2.948869228363037
205	19	-2.781285524368286
205	20	-2.5858495235443115
205	21	-1.9392937421798706
206	0	-1.8630765676498413
206	1	-1.805159091949463
206	2	-2.8131887912750244
206	3	-2.42073917388916
206	4	-1.6203008890151978
206	5	-0.8525469303131104
206	6	-2.948869228363037
206	7	-3.0818846225738525
206	8	-1.9152649641036987
206	9	-3.0861568450927734
206	10	-2.708611249923706
206	11	-2.9807324409484863
206	12	-3.0603013038635254
206	13	-3.083082675933838
206	14	-3.0998687744140625
206	15	-0.5772136449813843
206	16	-3.0816409587860107
206	17	-3.083082675933838
206	18	-0.7553545236587524
206	19	-0.3261350393295288
206	20	-1.8876371383666992
206	21	-1.9941660165786743
206	22	-1.5945876836776733
207	0	-3.0393543243408203
207	1	-1.940839409828186
207	2	-3.1691105365753174
207	3	-3.2510340213775635
207	4	-2.948869228363037
207	5	-3.0669875144958496
207	6	-0.8525469303131104
207	7	-2.829470157623291
207	8	-3.2004647254943848
207	9	-2.050945281982422
207	10	-3.204516887664795
207	11	-0.698072612285614
207	12	-2.948869228363037
207	13	-0.876213550567627
207	14	-3.2014434337615967
207	15	-3.2189035415649414
207	16	-3.1788814067840576
207	17	-2.541476249694824
207	18	-1.6203008890151978
208	0	-1.7090314626693726
208	1	-3.037599802017212
208	2	-0.9412774443626404
208	3	-2.0295698642730713
208	4	-3.2518222332000732
208	5	-2.9182004928588867
208	6	-1.426255702972412
208	7	-3.2510340213775635
208	8	-2.6200456619262695
208	9	-3.147829294204712
208	10	-2.1396758556365967
208	11	-3.037599802017212
208	12	-2.935450553894043
208	13	-3.0669875144958496
208	14	-3.2500572204589844
208	15	-2.97279691696167
208	16	-1.4639692306518555
208	17	-3.1691105365753174
208	18	-3.12929368019104
208	19	-2.9637866020202637
208	20	-2.6947011947631836
209	0	-2.948869228363037
209	1	-1.6203008890151978
209	2	-0.8525469303131104
209	3	-3.0393543243408203
209	4	-3.204516887664795
209	5	-1.940839409828186
209	6	-3.116412878036499
209	7	-3.2014434337615967
209	8	-3.2000010013580322
209	9	-3.2189035415649414
209	10	-2.050945281982422
209	11	-2.541476249694824
209	12	-0.876213550567627
209	13	-2.948869228363037
209	14	-0.698072612285614
209	15	-3.2014434337615967
209	16	-3.2004647254943848
209	17	-2.829470157623291
209	18	-3.1788814067840576
209	19	-1.822530746459961
209	20	-1.9392937421798706
209	21	-2.1174347400665283
210	0	-3.083082675933838
210	1	-1.805159091949463
210	2	-0.8525469303131104
210	3	-3.0603013038635254
210	4	-3.0816409587860107
210	5	-3.0818846225738525
210	6	-3.083082675933838
210	7	-0.5772136449813843
210	8	-1.6203008890151978
210	9	-1.3647902011871338
210	10	-3.0998687744140625
210	11	-1.9152649641036987
210	12	-1.8629310131072998
210	13	-2.6427154541015625
210	14	-2.948869228363037
210	15	-2.6947011947631836
210	16	-2.708611249923706
210	17	-2.42073917388916
210	18	-2.9807324409484863
210	19	-3.0861568450927734
210	20	-0.7553545236587524
210	21	-2.8131887912750244
211	0	-0.9412774443626404
211	1	-1.7090314626693726
211	2	-3.037599802017212
211	3	-3.12929368019104
211	4	-3.2006590366363525
211	5	-3.1691105365753174
211	6	-0.7868032455444336
211	7	-3.313631296157837
211	8	-3.2518222332000732
211	9	-2.6200456619262695
211	10	-2.1396758556365967
211	11	-3.2510340213775635
211	12	-3.037599802017212
211	13	-0.9649441838264465
211	14	-3.0669875144958496
211	15	-2.9182004928588867
211	16	-2.0295698642730713
211	17	-3.2500572204589844
211	18	-3.147829294204712
211	19	-1.822530746459961
211	20	-1.9392937421798706
211	21	-2.1174347400665283
212	0	-1.6203008890151978
212	1	-3.2027435302734375
212	2	-0.8525469303131104
212	3	-3.2024991512298584
212	4	-2.050945281982422
212	5	-3.203941583633423
212	6	-1.2543796300888062
212	7	-3.1811602115631104
212	8	-1.940839409828186
212	9	-3.0412991046905518
212	10	-3.22072696685791
212	11	-3.203941583633423
212	12	-0.698072612285614
212	13	-2.8026955127716064
212	14	-3.207014799118042
212	15	-2.541598081588745
212	16	-2.948869228363037
212	17	-2.8131887912750244
212	18	-3.116412878036499
212	19	-2.948869228363037
212	20	-0.876213550567627
212	21	-2.829470157623291
212	22	-2.964595079421997
213	0	-3.0998687744140625
213	1	-1.9152649641036987
213	2	-3.083082675933838
213	3	-1.805159091949463
213	4	-0.8525469303131104
213	5	-3.0818846225738525
213	6	-1.6203008890151978
213	7	-3.083082675933838
213	8	-3.0393543243408203
213	9	-1.2543796300888062
213	10	-3.0816409587860107
213	11	-3.0603013038635254
213	12	-0.5772136449813843
213	13	-2.9807324409484863
213	14	-2.42073917388916
213	15	-2.708611249923706
213	16	-2.948869228363037
213	17	-3.0861568450927734
213	18	-0.7553545236587524
213	19	-2.8131887912750244
213	20	-2.8026955127716064
213	21	-2.8131887912750244
214	0	-3.203941583633423
214	1	-0.8525469303131104
214	2	-1.3752386569976807
214	3	-3.2024998664855957
214	4	-0.698072612285614
214	5	-1.940839409828186
214	6	-3.2207276821136475
214	7	-3.203941583633423
214	8	-2.050945281982422
214	9	-3.1811602115631104
214	10	-3.2027435302734375
214	11	-1.6203008890151978
214	12	-3.0393543243408203
214	13	-2.948869228363037
214	14	-2.948869228363037
214	15	-2.938375949859619
214	16	-3.2070157527923584
214	17	-2.541598081588745
214	18	-2.948869228363037
214	19	-0.876213550567627
214	20	-2.829470157623291
214	21	-3.116412878036499
215	0	-0.7402101755142212
215	1	-3.0891876220703125
215	2	-3.0738744735717773
215	3	-3.126213550567627
215	4	-2.754917860031128
215	5	-3.109604597091675
215	6	-2.991006851196289
215	7	-1.9829769134521484
215	8	-2.8609325885772705
215	9	-3.0743167400360107
215	10	-2.991006851196289
215	11	-2.2101197242736816
215	12	-2.851407289505005
215	13	-3.0743167400360107
215	14	-3.1804351806640625
215	15	-0.894684374332428
215	16	-2.093082904815674
215	17	-0.9183511137962341
215	18	-1.6624383926391602
216	0	-3.0384280681610107
216	1	-3.200660228729248
216	2	-2.050945281982422
216	3	-0.698072612285614
216	4	-2.829470157623291
216	5	-1.940839409828186
216	6	-3.200660228729248
216	7	-3.1992177963256836
216	8	-3.1782891750335693
216	9	-3.1998727321624756
216	10	-2.541476249694824
216	11	-2.948869228363037
216	12	-3.116412878036499
216	13	-3.2174456119537354
216	14	-1.6203008890151978
216	15	-2.948869228363037
216	16	-0.8525469303131104
216	17	-3.2037336826324463
216	18	-0.9649441838264465
217	0	-3.147829294204712
217	1	-2.1396758556365967
217	2	-3.2518222332000732
217	3	-2.0295698642730713
217	4	-3.2510340213775635
217	5	-1.7090314626693726
217	6	-0.9649441838264465
217	7	-3.313631296157837
217	8	-2.6200456619262695
217	9	-2.9182004928588867
217	10	-3.2500572204589844
217	11	-0.9412774443626404
217	12	-3.1691105365753174
217	13	-3.037599802017212
217	14	-3.12929368019104
217	15	-0.7868032455444336
217	16	-3.2006590366363525
217	17	-3.0669875144958496
217	18	-3.037599802017212
218	0	-3.2006590366363525
218	1	-3.2518222332000732
218	2	-1.7090314626693726
218	3	-0.9649441838264465
218	4	-3.147829294204712
218	5	-2.6200456619262695
218	6	-3.037599802017212
218	7	-3.313631296157837
218	8	-0.9412774443626404
218	9	-3.1691105365753174
218	10	-3.2510340213775635
218	11	-0.7868032455444336
218	12	-2.9182004928588867
218	13	-3.2500572204589844
218	14	-3.12929368019104
218	15	-2.0295698642730713
218	16	-3.0669875144958496
218	17	-3.037599802017212
218	18	-2.1396758556365967
219	0	-1.6084225177764893
219	1	-2.936990737915039
219	2	-0.9766699075698853
219	3	-3.209958791732788
219	4	-2.544541120529175
219	5	-3.104534387588501
219	6	-3.2024991512298584
219	7	-0.7010155916213989
219	8	-2.039067029953003
219	9	-2.8324131965637207
219	10	-3.0514352321624756
219	11	-3.223670721054077
219	12	-0.8791564702987671
219	13	-1.9289610385894775
219	14	-3.0729920864105225
219	15	-3.0442421436309814
219	16	-3.203941583633423
219	17	-3.203941583633423
219	18	-3.2027435302734375
219	19	-3.1811602115631104
219	20	-2.8444886207580566
220	0	-2.948869228363037
220	1	-0.8525469303131104
220	2	-1.6203008890151978
220	3	-3.1811602115631104
220	4	-3.2027435302734375
220	5	-0.698072612285614
220	6	-1.940839409828186
220	7	-3.0412991046905518
220	8	-3.203941583633423
220	9	-3.22072696685791
220	10	-1.3647902011871338
220	11	-3.203941583633423
220	12	-3.2024991512298584
220	13	-2.050945281982422
220	14	-3.207014799118042
220	15	-2.541598081588745
220	16	-2.5858495235443115
220	17	-2.829470157623291
220	18	-0.876213550567627
220	19	-3.116412878036499
220	20	-3.0111165046691895
220	21	-2.948869228363037
220	22	-2.5753562450408936
220	23	-3.2031331062316895
221	0	-3.122997760772705
221	1	-0.7868032455444336
221	2	-0.9649441838264465
221	3	-3.037599802017212
221	4	-3.2500572204589844
221	5	-3.2518222332000732
221	6	-3.12929368019104
221	7	-3.313631296157837
221	8	-3.037599802017212
221	9	-3.0669875144958496
221	10	-1.7090314626693726
221	11	-3.2006590366363525
221	12	-3.2510340213775635
221	13	-2.0295698642730713
221	14	-0.9412774443626404
221	15	-2.1396758556365967
221	16	-3.1691105365753174
221	17	-3.147829294204712
221	18	-2.9182004928588867
221	19	-2.6200456619262695
222	0	-3.2500572204589844
222	1	-3.2510340213775635
222	2	-3.0669875144958496
222	3	-3.12929368019104
222	4	-2.6200456619262695
222	5	-3.1691105365753174
222	6	-2.0295698642730713
222	7	-3.2518222332000732
222	8	-3.313631296157837
222	9	-2.9182004928588867
222	10	-0.9412774443626404
222	11	-3.2006590366363525
222	12	-0.9649441838264465
222	13	-2.1396758556365967
222	14	-3.147829294204712
222	15	-0.7868032455444336
222	16	-3.037599802017212
222	17	-3.122997760772705
222	18	-3.037599802017212
222	19	-1.7090314626693726
222	20	-2.8131887912750244
222	21	-3.0822741985321045
222	22	-3.096479654312134
223	0	-0.698072612285614
223	1	-1.940839409828186
223	2	-1.6203008890151978
223	3	-3.1782891750335693
223	4	-0.8525469303131104
223	5	-3.2174456119537354
223	6	-1.5945876836776733
223	7	-3.200660228729248
223	8	-3.0384280681610107
223	9	-3.200660228729248
223	10	-2.050945281982422
223	11	-3.1992177963256836
223	12	-3.1998727321624756
223	13	-3.116412878036499
223	14	-3.2037336826324463
223	15	-2.948869228363037
223	16	-2.541476249694824
223	17	-3.0111165046691895
223	18	-0.876213550567627
223	19	-2.948869228363037
223	20	-2.829470157623291
223	21	-2.6842079162597656
223	22	-2.948869228363037
224	0	-3.122997760772705
224	1	-3.2006590366363525
224	2	-0.7868032455444336
224	3	-3.0669875144958496
224	4	-2.6200456619262695
224	5	-0.9649441838264465
224	6	-1.9518072605133057
224	7	-2.9182004928588867
224	8	-3.037599802017212
224	9	-3.2518222332000732
224	10	-3.313631296157837
224	11	-2.0295698642730713
224	12	-0.9412774443626404
224	13	-3.147829294204712
224	14	-2.1396758556365967
224	15	-3.1691105365753174
224	16	-3.2510340213775635
224	17	-3.2500572204589844
224	18	-3.037599802017212
224	19	-1.7090314626693726
225	0	-3.122997760772705
225	1	-2.9182004928588867
225	2	-3.2500572204589844
225	3	-3.313631296157837
225	4	-3.037599802017212
225	5	-3.2510340213775635
225	6	-0.9649441838264465
225	7	-3.0669875144958496
225	8	-3.147829294204712
225	9	-3.2518222332000732
225	10	-0.7868032455444336
225	11	-2.0295698642730713
225	12	-3.037599802017212
225	13	-1.7090314626693726
225	14	-2.6200456619262695
225	15	-2.1396758556365967
225	16	-3.1691105365753174
225	17	-0.9412774443626404
225	18	-3.12929368019104
225	19	-3.2006590366363525
226	0	-1.6203008890151978
226	1	-2.948869228363037
226	2	-0.8525469303131104
226	3	-2.050945281982422
226	4	-3.2024991512298584
226	5	-3.203941583633423
226	6	-3.1811602115631104
226	7	-1.5945876836776733
226	8	-1.940839409828186
226	9	-3.0412991046905518
226	10	-0.698072612285614
226	11	-3.2027435302734375
226	12	-3.22072696685791
226	13	-3.203941583633423
226	14	-3.207014799118042
226	15	-2.829470157623291
226	16	-2.948869228363037
226	17	-0.876213550567627
226	18	-2.541598081588745
226	19	-3.116412878036499
226	20	-3.014397621154785
226	21	-2.6947011947631836
226	22	-2.6842079162597656
227	0	-1.6203008890151978
227	1	-0.8525469303131104
227	2	-2.948869228363037
227	3	-1.860392689704895
227	4	-2.9798123836517334
227	5	-1.7502868175506592
227	6	-2.964595079421997
227	7	-2.801952600479126
227	8	-2.9633970260620117
227	9	-0.5223413109779358
227	10	-1.5945876836776733
227	11	-2.9418137073516846
227	12	-2.964595079421997
227	13	-2.9615845680236816
227	14	-2.9676692485809326
227	15	-2.7750511169433594
227	16	-2.5901236534118652
227	17	-0.700482189655304
227	18	-2.8622448444366455
227	19	-2.300682544708252
227	20	-2.6947011947631836
227	21	-2.6842079162597656
227	22	-2.6947011947631836
228	0	-2.42073917388916
228	1	-1.8630765676498413
228	2	-0.8525469303131104
228	3	-1.6203008890151978
228	4	-3.083082675933838
228	5	-3.0603013038635254
228	6	-3.0816409587860107
228	7	-2.708611249923706
228	8	-1.805159091949463
228	9	-0.7553545236587524
228	10	-2.9807324409484863
228	11	-2.8935387134552
228	12	-3.0861568450927734
228	13	-0.5772136449813843
228	14	-1.9152649641036987
228	15	-3.0818846225738525
228	16	-3.0998687744140625
228	17	-3.083082675933838
228	18	-2.8131887912750244
228	19	-2.948869228363037
228	20	-3.17999267578125
229	0	-2.829470157623291
229	1	-3.1992177963256836
229	2	-1.8630765676498413
229	3	-3.200660228729248
229	4	-3.200660228729248
229	5	-1.940839409828186
229	6	-3.2174456119537354
229	7	-2.948869228363037
229	8	-2.948869228363037
229	9	-0.8525469303131104
229	10	-0.876213550567627
229	11	-3.0111165046691895
229	12	-3.116412878036499
229	13	-3.2037336826324463
229	14	-3.1782891750335693
229	15	-3.1998727321624756
229	16	-0.698072612285614
229	17	-2.541476249694824
229	18	-2.050945281982422
229	19	-1.6203008890151978
230	0	-3.22072696685791
230	1	-3.2027435302734375
230	2	-3.2024991512298584
230	3	-1.940839409828186
230	4	-3.203941583633423
230	5	-3.0412991046905518
230	6	-3.1811602115631104
230	7	-2.986555814743042
230	8	-0.698072612285614
230	9	-2.050945281982422
230	10	-3.203941583633423
230	11	-1.6203008890151978
230	12	-0.8525469303131104
230	13	-1.4618757963180542
230	14	-3.014397621154785
230	15	-2.541598081588745
230	16	-0.876213550567627
230	17	-2.829470157623291
230	18	-3.207014799118042
230	19	-2.948869228363037
230	20	-3.116412878036499
230	21	-2.948869228363037
230	22	-2.5921032428741455
230	23	-2.5816099643707275
230	24	-2.8444886207580566
231	0	-0.8525469303131104
231	1	-1.2543796300888062
231	2	-3.0818846225738525
231	3	-1.9152649641036987
231	4	-2.920440196990967
231	5	-3.0998687744140625
231	6	-3.083082675933838
231	7	-2.983806610107422
231	8	-0.5772136449813843
231	9	-1.805159091949463
231	10	-3.083082675933838
231	11	-3.0603013038635254
231	12	-3.0816409587860107
231	13	-1.6203008890151978
231	14	-2.948869228363037
231	15	-3.0861568450927734
231	16	-2.42073917388916
231	17	-2.8026955127716064
231	18	-2.8131887912750244
231	19	-2.8131887912750244
231	20	-0.7553545236587524
231	21	-2.8935387134552
231	22	-2.708611249923706
231	23	-2.9807324409484863
